"i","asc1","desc1","pol1","p"
1,0.03852050775841,0.00917105086522794,0.00130135484928506,-1376.81792170358
2,0.0388569078343781,0.0219060245481715,0.000975820850530847,-1375.61920441614
3,0.0338117817518861,0.0181005671049631,0.000798910719008393,-1373.68830576074
4,0.0316182813672675,0.0197672749083885,0.00117760690258742,-1372.97163294554
5,0.0253220631661686,0.0243469135763985,0.00121579634200941,-1372.49841021736
6,0.0255423129536936,0.0218580846244632,0.000909007680857749,-1371.921676135
7,0.0393399010323479,0.0170570610234444,0.000871120610504767,-1375.01400046677
8,0.0306484594093131,0.024571528697746,0.00110426117338937,-1373.54603155248
9,0.0252848916318053,0.0214168239581735,0.00107933597647962,-1371.70991795134
10,0.02604607498303,0.0166704060909907,0.0019945932924686,-1373.30974914945
11,0.0173272814417986,0.017780783103929,0.00173378826014781,-1371.34897030362
12,0.020439855186877,0.0165968483810397,0.00218420920532513,-1371.7878683354
13,0.0215771283001472,0.0159352845679619,0.0011456162230489,-1372.95460386232
14,0.0284439131184189,0.0145610332997365,0.00131721792188288,-1372.55713962389
15,0.0195894935225543,0.0214970820172073,0.000970454502884151,-1373.04180748614
16,0.031611466555931,0.0212951272944768,0.00103410571161482,-1372.76251607594
17,0.0223276751721561,0.0191554050122132,0.00241721683651244,-1376.27261308211
18,0.0124697318366529,0.0167903713892311,0.00157581410753569,-1375.70184747857
19,0.0209729206329307,0.0161378937265933,0.00253023301207256,-1373.96455345315
20,0.0150863207123643,0.0120206771708349,0.00244206026573389,-1372.76151798308
21,0.0133968476497476,0.015510259090925,0.00230416097842899,-1373.64225234552
22,0.0221178011166771,0.0153458775447676,0.00202240745649308,-1370.90133964049
23,0.0199809881879623,0.0118558291768794,0.00182513165538998,-1370.22167936717
24,0.0237241727414216,0.0124434191929001,0.00162306244081156,-1370.69232317718
25,0.0171941641532534,0.0114527653647877,0.00295467115951274,-1375.73300435756
26,0.0180974235834272,0.0127530327410148,0.00250581288052294,-1371.82986804199
27,0.013669639830856,0.0152758367521418,0.00193401093868809,-1372.76547169124
28,0.020983291027631,0.0120374104230668,0.00217145635342436,-1370.69365129229
29,0.0203792398570412,0.0140278747760323,0.00160195093075722,-1370.16544035023
30,0.0187870071818893,0.0129060256210136,0.0015217582738262,-1371.08163244792
31,0.0300682733740062,0.0128672313030312,0.00162947739847469,-1372.86286108166
32,0.0302221527866182,0.0130474152103501,0.00161411509014385,-1372.93329932131
33,0.02132970740557,0.01300746347978,0.00155130067079089,-1370.49653458046
34,0.0243857878938252,0.018762187159939,0.000948662227601678,-1372.52080664468
35,0.0232728762507284,0.0190074049016773,0.00169791632060951,-1372.36311047851
36,0.0147203926431094,0.0156862685385261,0.0019768882163061,-1371.82168377303
37,0.0181926010405665,0.0119643117203944,0.00187217851276334,-1370.37418485429
38,0.0214805431298466,0.0107923869387385,0.00164023259488225,-1371.37350987047
39,0.0212678267118205,0.0170145532193851,0.00131232528679614,-1371.75868069507
40,0.0232293685604897,0.021398131351039,0.00130310960081947,-1372.056876526
41,0.0238619898498603,0.0137435747899173,0.00127836563908062,-1372.09927273859
42,0.0216593462749737,0.0200681810040373,0.00130240606624129,-1371.99100984765
43,0.0218078033841102,0.0154287377967073,0.00165433461898906,-1370.31869046751
44,0.0216863123263282,0.0156435374578501,0.00185995262510287,-1370.44908125628
45,0.0214272232009767,0.0128399968248813,0.00229302933765486,-1371.25579620384
46,0.0208656449051899,0.0118362950220054,0.00210893767129308,-1370.53425942936
47,0.0161319676891558,0.0152353626073735,0.00226587737239109,-1371.49715918827
48,0.0147674199021312,0.0115490231525071,0.00217656725242179,-1372.60925330041
49,0.0171425050059112,0.0161831879586504,0.0017721167316209,-1370.67482827867
50,0.0222083768920286,0.0114438623430273,0.00189824521604165,-1370.58590987587
51,0.0250060040834746,0.0129218820686518,0.00199773215132238,-1371.40904110542
52,0.0252229626198685,0.0111971726195719,0.00185358287078732,-1371.41575120699
53,0.0156791245517843,0.0143709895280721,0.00210956465712824,-1371.03160254328
54,0.0200325583771626,0.0136554346342601,0.00197821044590166,-1369.8862387656
55,0.0206569660075153,0.0131326524323813,0.00201375624511908,-1370.02571459393
56,0.0219386344772675,0.0146790905150695,0.00185643683270603,-1370.18866702492
57,0.0166835639846755,0.0140957464463923,0.00192377388261039,-1370.36391457229
58,0.0165933020577079,0.0191620037776565,0.00164644855560819,-1372.47691772365
59,0.0180175956135805,0.0207055632537145,0.00102178589151591,-1373.97162423001
60,0.0348699808007994,0.0184881961903449,0.000899207880585087,-1373.52915277593
61,0.0260198251706271,0.0184642544714648,0.00116608808265264,-1371.96821446019
62,0.0321424619321882,0.0197391005835327,0.000769991599767857,-1373.33553435013
63,0.0324349470107521,0.0210707686254261,0.00074231816898977,-1373.53090419008
64,0.0321043043902727,0.023260941601728,0.000830281548986133,-1373.32294095019
65,0.0310138654061045,0.0231718902168765,0.000788489167307866,-1373.15027596571
66,0.0304110758853909,0.021371473890268,0.000719763811132302,-1373.33693035178
67,0.0330672167793169,0.0273019102050268,0.000736036452554995,-1374.84727688901
68,0.0233334167999701,0.031368518281453,0.000783950698102558,-1373.35038690767
69,0.0245871311528628,0.0309349818478746,0.000688553141600372,-1373.41828292125
70,0.0225129557511556,0.0297289410732163,0.000656911940451631,-1373.3060508853
71,0.0231628459634456,0.0315039373627573,0.000628131852218876,-1373.57016336965
72,0.0232821738189674,0.0362692183032341,0.000568060691260261,-1374.81138311942
73,0.0261660604030058,0.0429154458185969,0.000767307743731069,-1378.67283103949
74,0.0199808993523648,0.0339578952358261,0.000639765516362851,-1374.05123128246
75,0.0235265284486572,0.0230462705581605,0.000680183491678056,-1373.58187270111
76,0.0238930051840135,0.0282740978219933,0.000846572334463403,-1372.76335957137
77,0.0199943331627555,0.0302739165264157,0.00100245813524462,-1373.48506722611
78,0.0202080145166602,0.0185179577445121,0.00142565872752219,-1371.72324182292
79,0.021581059675279,0.0197000642498401,0.00117706970033074,-1372.10204069406
80,0.0231520432492305,0.0250472952467301,0.00106474441194416,-1372.04604172524
81,0.025620122239656,0.0252877033902942,0.00080179443345044,-1372.4934412202
82,0.0245568572062405,0.0245196657652878,0.000716803720871941,-1372.93423975931
83,0.0279944064005848,0.02564413660829,0.00115275301670798,-1373.29161735615
84,0.0250403333620001,0.023389182709327,0.00084593664095208,-1372.14922963618
85,0.0346002254441918,0.0192384608719331,0.000869729183859924,-1373.49008367461
86,0.0360560525262334,0.0186671638193145,0.000721279754904019,-1374.59297475108
87,0.021900650824339,0.0280626105024317,0.0013072047312976,-1373.99790764462
88,0.0221808952229201,0.0196381766038552,0.0014014616682832,-1371.94521313751
89,0.0195746482875378,0.0167671603557896,0.0021393992547444,-1371.49375802962
90,0.0209062794504413,0.0116499914306923,0.00235619967295648,-1371.60511406447
91,0.0204968971949987,0.0121385767370006,0.0020931794755007,-1370.33644925494
92,0.0199854131802651,0.0148048982473798,0.00174055720733316,-1369.9267379375
93,0.0209805430754079,0.0152783811434532,0.00165552019922259,-1370.17755048632
94,0.0228735396473427,0.015343450567395,0.00194938323588274,-1370.91411121136
95,0.0158313287045565,0.0148365638199698,0.00217172534726025,-1371.18335337059
96,0.0211952800104454,0.0150568479462116,0.00179902134940192,-1370.07871081201
97,0.019006604359594,0.0120957988006351,0.00197949938057852,-1370.12351501239
98,0.0159151211360091,0.0161863262975043,0.0021552346609783,-1371.61626274472
99,0.0128233129863254,0.0157058058169823,0.00220319126631772,-1374.07540300956
100,0.0186495369867281,0.0154125947254894,0.00155387751636984,-1370.64213292787
101,0.0203813732298118,0.0137366982208514,0.00236662327855421,-1371.44193835727
102,0.018637411440579,0.0126494345291987,0.00224261504567028,-1370.55424332158
103,0.0207549966492191,0.0137284676846696,0.001418836676873,-1371.10137741774
104,0.0258039883295041,0.0134974459993038,0.00156875668204372,-1371.21896007242
105,0.015461922637044,0.0128386924034301,0.00163131775464971,-1372.38315795932
106,0.0281991345290594,0.0124601872908035,0.00177607101994675,-1372.21340320857
107,0.0192639743273788,0.0130537410715445,0.0017188557771545,-1370.05287755484
108,0.0186251927720249,0.0140116636116553,0.00174971249791776,-1369.96485948073
109,0.0223804258655903,0.0131820095113883,0.00170083310743544,-1370.14996525881
110,0.0198303662655789,0.0138223593580708,0.00190079225455161,-1369.79229976941
111,0.0194545308340487,0.0128167925403272,0.00231517049470201,-1370.88800309098
112,0.0206102299292718,0.0114548535217116,0.00179729339787621,-1370.47129004312
113,0.0220747916328073,0.0107956218164931,0.00189487781823676,-1370.95042859167
114,0.0199748689442238,0.0104840564509823,0.00178818054074701,-1371.32767685647
115,0.0241811378557978,0.0111723593427914,0.00186297768705905,-1371.1440282482
116,0.0239223320914074,0.0103598151627809,0.00183725457846153,-1371.54200884527
117,0.0231057179788235,0.0166821427513494,0.00147045941084822,-1371.20542407414
118,0.0222787862055344,0.0150273412171632,0.0018965409436912,-1370.45563964778
119,0.0216663276503507,0.0133722507255033,0.00161367187459993,-1370.21137563969
120,0.0248745025583267,0.0152783051489451,0.00176584578148485,-1371.21438816468
121,0.0165858291640602,0.0161167757415721,0.00195590254319363,-1370.87240346685
122,0.0189121995512562,0.0157189864824138,0.00156981576105443,-1370.57640151064
123,0.0189584149455817,0.0157792222803208,0.00149263149275308,-1370.91555769934
124,0.0207867330983447,0.0126321663316089,0.00201605287329158,-1370.09980208491
125,0.018758441524783,0.0141158461378262,0.00224137195216588,-1370.63296154059
126,0.0174971834058949,0.0131665350199051,0.00158474914449815,-1371.11137255414
127,0.0225578413963394,0.0132945879585831,0.00218039088393876,-1371.14820799464
128,0.0183061868323988,0.0160792836250246,0.00197258662702155,-1370.50695427138
129,0.0186168847179391,0.0153302010049151,0.00181336369236412,-1370.06355280227
130,0.0128764365673416,0.0170819992624986,0.00169780602979859,-1374.55283944711
131,0.0175768331141329,0.0132301811462934,0.00151827805231112,-1371.46869910455
132,0.0254774689640878,0.0120023888168447,0.00183334454651243,-1371.25201051987
133,0.0187393963912297,0.0149225919667222,0.00183800738950881,-1369.95073748256
134,0.0232601733049055,0.0146253904668504,0.00200638828678637,-1370.9946770353
135,0.0204134547563622,0.0144461862680858,0.00168736469446489,-1369.95821283395
136,0.0226872715535587,0.0156295623324236,0.00203124959693578,-1371.27278816155
137,0.0168954588026287,0.0125970639055244,0.0019790336445026,-1370.46722980847
138,0.0222146798599989,0.0198981059525084,0.00152466044142637,-1372.18519811421
139,0.0231270143784129,0.0115410395058958,0.00160982085774016,-1371.00968054437
140,0.0267448092576128,0.0169154483979722,0.00116014735794879,-1372.26732963965
141,0.0360958182916756,0.0243098548559295,0.000484694874560548,-1376.73850304349
142,0.033259063626501,0.0288074339217845,0.00103148694265686,-1376.33147841385
143,0.0213384575566056,0.0181160770340955,0.000808782493902271,-1375.10317030803
144,0.0282783489507072,0.0331428829016896,0.000530892777392425,-1374.88543960312
145,0.0249477165007575,0.0325495243710965,0.000620894208810068,-1373.88997491082
146,0.0180909077967361,0.0476400071029818,0.000592642758048128,-1378.86632241095
147,0.02598081397366,0.0355978797839001,0.000619747379498748,-1374.86669191989
148,0.0172668339489757,0.034377256200437,0.000829885627789635,-1374.39164057235
149,0.0168435515830556,0.0332655395060522,0.000915085643478994,-1374.46334553501
150,0.0282576718478729,0.0127670251693554,0.00192926062933667,-1372.70502247381
151,0.0293752364939577,0.0146915619540704,0.00210945702981236,-1374.96338352782
152,0.0223365352377824,0.0114814575978167,0.00215392206529142,-1371.16335299179
153,0.0200558862828041,0.0143212213689772,0.00153683204504758,-1370.43584972867
154,0.0190344643852065,0.012002950699868,0.00231512224455564,-1370.99926481546
155,0.0188068294726915,0.014864422117029,0.00207487512089887,-1370.26553287708
156,0.020277966510134,0.0134288328358891,0.00179720967172754,-1369.81082382187
157,0.0240254995094314,0.0129519251536099,0.00152025665823247,-1370.92061475057
158,0.0253431447818577,0.0174448610972332,0.00162727430074042,-1372.0685466087
159,0.0204589695241004,0.0195086915207979,0.00136965677695614,-1372.03268342435
160,0.0147222380251921,0.017263787542465,0.00183667083005919,-1372.39657573017
161,0.0234125989655675,0.0146608406750378,0.00139588604074935,-1371.21006154208
162,0.02468980508076,0.0146869370978326,0.00196376744126256,-1371.48280919702
163,0.0244542812500798,0.0111087867487688,0.00196506740642066,-1371.4035715357
164,0.0202524269397281,0.0133609144932528,0.00159190173949427,-1370.28814681089
165,0.0203827783992657,0.0116787478542592,0.00164403213596517,-1370.75603837764
166,0.0218708409395678,0.0124059854132834,0.00184500295026826,-1370.14004587217
167,0.0172085126342746,0.0106168251877015,0.00221928992894611,-1371.93827157115
168,0.0154563849345302,0.0111108442510031,0.00189629674046774,-1372.54230171159
169,0.0271118434222923,0.0152450356240403,0.00107427241054372,-1373.11901437705
170,0.0374092140520034,0.0223313584973589,0.000553666611290617,-1376.55675717324
171,0.039179869185531,0.0185558064226921,0.00133871855311644,-1376.70249579927
172,0.0167048552511303,0.022351147672294,0.00110584785420473,-1374.20897685953
173,0.0361636212101249,0.0178184635866362,0.00084528717024973,-1374.0654893321
174,0.0315201747844526,0.0145911651052696,0.0010689007967408,-1373.69572129073
175,0.0291006169423209,0.0186766138262976,0.000987771898784427,-1372.26930508096
176,0.0260734253912458,0.0178421028271014,0.00143481600772052,-1372.12379550618
177,0.0159013748321269,0.0166163882214039,0.00238002856800261,-1372.84775365739
178,0.019679311510837,0.0126079899381958,0.00152870064372824,-1370.92788329445
179,0.0198067242348662,0.0187760299240174,0.00157645366973638,-1371.62214672576
180,0.0211020984654876,0.0106257828934519,0.00224067153163416,-1371.64642218962
181,0.0165458291375407,0.0157061054530023,0.00151382815941971,-1371.71358484144
182,0.0175191293739767,0.0186478538152929,0.00133387476626039,-1372.90351131169
183,0.0299229232039123,0.024066448126168,0.00116177251295606,-1373.36553171465
184,0.0185480821366242,0.0261810998122013,0.000949851750029493,-1373.15728119535
185,0.0168274012680653,0.0223615764979079,0.00190448313133908,-1375.07463325098
186,0.0186289082556905,0.0184529170967677,0.00194606323266053,-1371.84488314464
187,0.0188939883320959,0.0122853856929383,0.00190727554498521,-1370.0586992386
188,0.0228714618905713,0.0145682439000806,0.00168361905342249,-1370.31481229247
189,0.0180122365915974,0.0124285902523896,0.00166558075532091,-1370.79466062528
190,0.0229997930585698,0.0121184729949134,0.00247381837601865,-1373.02687519653
191,0.0211045242731972,0.0136799686356792,0.00139157027363173,-1371.26959030686
192,0.0271350213598507,0.013023081320708,0.00178560022804747,-1371.78809425406
193,0.0292232467564031,0.0112906471340904,0.00163409002338397,-1372.58268324387
194,0.0222781858540348,0.0122547132588677,0.00203901648302691,-1370.56377584346
195,0.0205583383958903,0.0122269389128532,0.00237818101743776,-1371.49039191267
196,0.020777367552726,0.0110490525888965,0.00211912229886819,-1370.92616573505
197,0.0173908497471665,0.0144517387949849,0.00206590377703151,-1370.29025377887
198,0.0160987265500742,0.0134472732387637,0.00241426157632855,-1371.72030836751
199,0.0202378042178835,0.0119925218707266,0.00166048878522835,-1370.52349008326
200,0.0239020299449648,0.0121623081382913,0.00175356522783415,-1370.66411616383
201,0.0237970570605799,0.013044246420808,0.00183014974119385,-1370.526287315
202,0.0212275374589806,0.0141744597983542,0.00169127325822377,-1369.97901059761
203,0.0189498229596616,0.0132983892884334,0.00196120536436442,-1369.84776395416
204,0.020265620548733,0.0134486396718783,0.00147933134418561,-1370.83093481046
205,0.0250857095296331,0.0153585401569506,0.00106085292495104,-1373.27708459127
206,0.0277983313096286,0.0201665780925205,0.00111654496086311,-1371.97693261258
207,0.0223493832306544,0.0215810188561806,0.00101263378395093,-1371.95823737368
208,0.0227144997952507,0.0218633337322896,0.000945768945018939,-1372.04315903941
209,0.0284687685302748,0.0267470871317474,0.00109542875148535,-1373.64449028731
210,0.0180864528554989,0.0235209269182718,0.00106149913791087,-1373.22144302818
211,0.0201458770445347,0.025293300906458,0.000995737198372124,-1372.47596304605
212,0.0197648209530426,0.0233910684848731,0.000992223031578804,-1372.581352065
213,0.0327272674085138,0.0190433820087173,0.000911767390256034,-1372.94062119254
214,0.0331287897292404,0.0189402295767739,0.0013681066178365,-1374.31643372882
215,0.0328527000427081,0.0116099157598049,0.00134236274738543,-1374.24471368425
216,0.0247663606533821,0.0117525544992795,0.00225275014349239,-1372.49628255603
217,0.0198295961390523,0.011563526378121,0.0017215689236145,-1370.62423680338
218,0.0229652938051145,0.0135084596521601,0.00210589491971948,-1371.00654180675
219,0.0158265243748946,0.0146412371541396,0.00178436250804549,-1371.02081769974
220,0.0220768124349693,0.0156048758066049,0.00190436509565993,-1370.63278265753
221,0.0169625437806974,0.0134490117446171,0.00193139148337844,-1370.26826294235
222,0.0227072965750385,0.0133448278193223,0.0019701399610496,-1370.43504039956
223,0.0195057740028354,0.0135114245657515,0.00201658284519088,-1369.91072044731
224,0.0167196787199599,0.0135557974463034,0.00190935909517387,-1370.37420456311
225,0.0205593767323659,0.013420113844806,0.00197294860834428,-1369.93024024735
226,0.0180100273855628,0.0132606343773283,0.00187758763093907,-1369.98978330854
227,0.0192063024937074,0.0100286956334069,0.00216399902276169,-1371.92899026293
228,0.0164099929925419,0.0116093017151627,0.00211055071206148,-1371.25764404188
229,0.0183368480497102,0.0191718758354356,0.00199975227765356,-1372.57702764264
230,0.0190272143084418,0.0128980948250665,0.00183708485068977,-1369.91045777718
231,0.0198261890854239,0.00937463506689006,0.00188784418191752,-1372.56044712507
232,0.021500736456599,0.0184669810541544,0.00170384780469089,-1371.63694586198
233,0.0243861474540801,0.0122693207759544,0.00187236951680299,-1370.87438780835
234,0.0210872421853082,0.0156429622133862,0.00169088852349812,-1370.24655440703
235,0.0208244704063354,0.0152407186392332,0.00157535391413051,-1370.3396911447
236,0.0190594446017245,0.0117748461838556,0.00170295383582733,-1370.68827218795
237,0.024869386335337,0.0162956233751098,0.001529414368055,-1371.41664281134
238,0.0264368314267043,0.00848598047330939,0.00216677452906936,-1373.67033400549
239,0.0229675450989884,0.0171615390305311,0.00211909757999465,-1372.74425955099
240,0.0142008189927927,0.0184927963239742,0.00139534461582633,-1375.03496196822
241,0.0174190205523884,0.0163338787486447,0.00166085732343236,-1370.82342564402
242,0.022875112127061,0.0148628485538393,0.00177930048865409,-1370.39656182227
243,0.0167710042660698,0.0146630347657083,0.0018836503594184,-1370.38450179343
244,0.0194953215520005,0.0172183797991668,0.00161096124907953,-1370.87360605529
245,0.0214198504266204,0.00939873758048919,0.0020949622999886,-1372.42135671232
246,0.0305769405109683,0.0108515097619358,0.00170095879210616,-1373.12282177163
247,0.0172826320186132,0.0107523251437715,0.00169622562061754,-1372.34187150292
248,0.0317273588410919,0.0191204737691821,0.00131977765366427,-1373.56089720984
249,0.0208086647190494,0.0160880937626499,0.00192268841062431,-1370.58015035035
250,0.0190445812741169,0.0147591510198005,0.00173924795121877,-1369.96476208425
251,0.0172519112091884,0.0137941279478812,0.00188515452896469,-1370.15902763916
252,0.0247295133370114,0.0138882445721302,0.00184129493419566,-1370.93913284793
253,0.0216103438827304,0.0135284612501975,0.00199898009687867,-1370.19984185313
254,0.0165661724638246,0.0127483559151618,0.0021268288890574,-1370.67239494362
255,0.0209475844959315,0.0121664181785805,0.00205285532674107,-1370.30537097353
256,0.0204486820864549,0.0131511590109819,0.00166403467875879,-1370.07642713817
257,0.0211334568877777,0.0155353052569001,0.00165199829424332,-1370.26203481907
258,0.0240472072536897,0.0126467634231747,0.00154042892274603,-1370.92827999831
259,0.0249972706451619,0.014812685562337,0.00157694122869898,-1371.05290466216
260,0.0187670810279742,0.0163299443871501,0.00157436529347119,-1370.73418420329
261,0.0237161846588881,0.0124588277077322,0.00153628174577285,-1370.9373335674
262,0.020003105410479,0.0187147266465026,0.00200557912767543,-1372.37994926501
263,0.0194919723299676,0.0181239285111447,0.00174321608523749,-1371.26475948596
264,0.0192938839238481,0.0146691634819698,0.00194465739320361,-1369.94426017118
265,0.0188769221918303,0.0159226580027579,0.00226489673003883,-1371.50011044886
266,0.0169330700502876,0.0157739037868508,0.00235447685306988,-1371.93792570187
267,0.0165479809578536,0.0148522652041784,0.00232139611227068,-1371.44409142697
268,0.0183569670222961,0.0159566194468795,0.00196191136477611,-1370.42846348927
269,0.0213682340352605,0.013543728259184,0.00181423741107437,-1369.90069733835
270,0.0181481198635535,0.0122231697344166,0.00211113581664194,-1370.34080486516
271,0.0179060833269149,0.0138946870945339,0.00211477361820438,-1370.21243559689
272,0.0168156063081384,0.0134832761287671,0.00244400287611675,-1371.63867996683
273,0.0162057297650545,0.0129860428642147,0.00211046419882441,-1370.76692359836
274,0.0170894645848364,0.0158530446077006,0.00169550485111959,-1370.72848707156
275,0.0186727329523377,0.0149057180425392,0.00202052121106408,-1370.14592440636
276,0.0174798187258261,0.0142954514404063,0.00180561536047347,-1370.16377258032
277,0.0251014788369721,0.0146459029461234,0.00149669470479044,-1371.19057097641
278,0.0223306617450356,0.0130878004025836,0.00232589222309179,-1371.80081686373
279,0.0187763107741406,0.0133528587603814,0.00180341609189053,-1369.90387893872
280,0.0303596511228817,0.00949183382430378,0.0018681982122143,-1373.43568440438
281,0.0333405504871734,0.00976771297833956,0.00153976003930654,-1374.35354770596
282,0.0233660348485864,0.0166256944018812,0.00164694901154481,-1371.0941703788
283,0.0250968561763651,0.0161055513930312,0.0017251759367471,-1371.55604412278
284,0.0232735659505483,0.0144029826707011,0.00167096687563489,-1370.39747364528
285,0.0242061183416294,0.0140923889793094,0.0020253820873916,-1371.32299580783
286,0.0184858560579395,0.0127567057890254,0.00158250805476008,-1370.88474061153
287,0.0269733519986762,0.0147854357399787,0.00120974196163524,-1372.61007382213
288,0.0327125654888561,0.0125635724289385,0.00185700062095176,-1374.68469243879
289,0.027827050729607,0.0128923614898505,0.00157626702339842,-1371.95393174095
290,0.0193631523771899,0.0165337197720939,0.0015997970753948,-1370.64610960701
291,0.0283741439024674,0.0118289023469602,0.00198032965594137,-1372.85226155553
292,0.0215311569014786,0.0121744837130121,0.00198914828535335,-1370.28554228219
293,0.0186141963116627,0.0134928365108369,0.00206319071458777,-1370.0039056573
294,0.0161490962071529,0.0154243588210536,0.00197233991228401,-1370.83665911086
295,0.0153699565895785,0.0124713540191286,0.00180694770689712,-1371.81910112186
296,0.0227943213650931,0.00910901041689694,0.00207981219983551,-1372.74858704641
297,0.0215056569397564,0.0122724193961135,0.00200083896032896,-1370.27713312916
298,0.0183084698744233,0.0135230599787095,0.00199504778679843,-1369.93131144781
299,0.0133860878979203,0.0158581800207504,0.00170181532737483,-1373.70574367021
300,0.0206449440541093,0.0114963273583975,0.00169165596577722,-1370.68655691887
301,0.0256924996976389,0.0136237544623267,0.0020982800306665,-1372.28790883339
302,0.0190723850019068,0.0130237127106235,0.00232931483414781,-1370.9081527152
303,0.0191888782361532,0.0131406207760241,0.00164859080412018,-1370.26337872676
304,0.0235955615183348,0.0146747604660102,0.00171988091510321,-1370.530174897
305,0.0203706033690961,0.0131997494546742,0.00146483476147354,-1370.97475940931
306,0.0213991153982169,0.0141642321851382,0.0014043111855357,-1371.08798350521
307,0.0230768180394944,0.0154055381850923,0.001763175709725,-1370.60715537233
308,0.0162480942801506,0.0148319987543912,0.00177301154042475,-1370.79664164958
309,0.0228168729457938,0.0160508356552246,0.00143641362934744,-1371.11407681664
310,0.0225780112373343,0.0183957233583063,0.00134426665393784,-1371.75115734799
311,0.0221718381911683,0.0252424167668188,0.0011688933961085,-1372.33720499122
312,0.0173955869477979,0.0223819728574923,0.00114780604342328,-1373.61439941157
313,0.0338999018280805,0.015675428176529,0.00126707352311463,-1373.95184436613
314,0.0279306180867638,0.0207851237279398,0.000801299435897927,-1372.56977659082
315,0.0237037383046274,0.0304637857442524,0.000950967205669582,-1373.50748803131
316,0.0174801633055986,0.0430643953057972,0.000486213032260854,-1377.70922570157
317,0.0178181756864035,0.0378579476784019,0.000831957320513046,-1375.26128331983
318,0.0168471372578492,0.0332817022473412,0.000509572424731082,-1376.02048803068
319,0.0193840342536466,0.0365379728666367,0.000818809892386994,-1374.69639450236
320,0.015504094283645,0.0389603382379452,0.000635399789421215,-1376.12845078786
321,0.0173575093728015,0.0242427077994282,0.000923967376556821,-1374.02786651172
322,0.0320236654902086,0.0200857762819745,0.00101327271531051,-1372.71980971167
323,0.0282193366124736,0.0204299266062088,0.00102944569197897,-1371.96381406617
324,0.0244210794751508,0.0208850148877015,0.00114975217397093,-1371.74899329548
325,0.0285168078878602,0.0230831976362856,0.00100208055709828,-1372.23817941261
326,0.0218099029104909,0.020797470766993,0.00106567840950204,-1372.07908625046
327,0.0295715805204091,0.0212058657486576,0.000909849983119535,-1372.28288382464
328,0.0235184288841876,0.0233163046463029,0.00121363137934088,-1372.0637455046
329,0.0252153992673901,0.0203505059492391,0.000879498696387488,-1372.26746662869
330,0.0257095346213372,0.0220525454070734,0.00106781840017075,-1371.74575195607
331,0.021359816780516,0.0265493334443158,0.000992808573835613,-1372.42044961291
332,0.0218561214004569,0.0204226456201484,0.00106949710013812,-1372.12807226549
333,0.0278867324920996,0.0221637138266745,0.0010946406845403,-1372.09573323777
334,0.025303674609067,0.0237554994887451,0.000924563637471362,-1371.93244795296
335,0.0242354910549984,0.0257563213540951,0.000893412312567539,-1372.2322018945
336,0.0278388739674035,0.0220452214664766,0.000885611963803254,-1372.12311163248
337,0.0262556312297461,0.0235067430530011,0.00090744070114734,-1372.00892604095
338,0.0260558937117681,0.0278795851354057,0.000718047291747747,-1373.12466319544
339,0.0214850392981654,0.0269611194925962,0.00097984104966928,-1372.48836279184
340,0.0272741459382318,0.018924625184375,0.000965244192384785,-1372.17046963124
341,0.0272246899489676,0.0222357738902673,0.00096138658833666,-1371.91349678586
342,0.0247178599671358,0.0290849262150744,0.000849555702542079,-1373.03502899918
343,0.0171304708870956,0.0271965052341605,0.000925159493356347,-1373.88471102202
344,0.0255301070181596,0.0300961431728843,0.000887882962080549,-1373.52854398755
345,0.018728974723298,0.0271184007242721,0.000786167436399552,-1373.5728088373
346,0.0260035578628665,0.0297498548350962,0.00111943322940255,-1374.4360215561
347,0.0172329573640788,0.0214709627530008,0.00179691260524082,-1373.91242063922
348,0.0210879830584584,0.019465520491142,0.00104958694565357,-1372.65661169719
349,0.0332341610365908,0.0212013061705773,0.000908837410040169,-1373.16478287979
350,0.0307459076719337,0.0221555974063007,0.000809475778467923,-1372.87695804878
351,0.0220880328276406,0.0306530809316419,0.000610113378717503,-1373.61358931431
352,0.0217697471307093,0.0297340907402558,0.00139422623869521,-1375.45531412836
353,0.0197119844394937,0.0285939358542341,0.00124859345797094,-1373.94359557182
354,0.0220086901688451,0.0187982931211025,0.00152526933819841,-1371.72798452279
355,0.0181055401704958,0.0116522441553069,0.00162751152023993,-1371.43696307468
356,0.0318392057814621,0.0135122436536313,0.00116184906066948,-1373.96171652269
357,0.02240436078247,0.0176187211746263,0.00198404131902469,-1372.1562727913
358,0.0187408859917181,0.0177251096735335,0.0023630976351555,-1373.33008937616
359,0.0179695318279934,0.0177950833843903,0.00163680959481462,-1371.30217473521
360,0.022015414892341,0.0131489244963436,0.00135980489237416,-1371.59196350586
361,0.0195016216087098,0.0200936772857678,0.00108697305503483,-1372.97413140119
362,0.0289039466696036,0.0234407034365693,0.00102386828242534,-1372.43024187613
363,0.0260877993385166,0.0222033934824891,0.000954984157759617,-1371.81990237949
364,0.0198168757496028,0.0264392600075623,0.000901913861753511,-1372.81932632994
365,0.0259781013029486,0.0209356693135504,0.00130509049176149,-1372.26528905249
366,0.0300051021083815,0.0138141740641719,0.000977497730601149,-1374.47713823167
367,0.0251451290828733,0.0278944724436135,0.000655390254125576,-1373.27159302241
368,0.0256649855648492,0.0344788965937666,0.000375382278173862,-1376.30800413847
369,0.0228188403543875,0.031434314059519,0.000960739282896159,-1373.76186615144
370,0.0258502107697251,0.0215775684155404,0.000887074078968044,-1372.01717669538
371,0.0261138068576854,0.0217763676251683,0.00108412901070832,-1371.77951683518
372,0.0251612355955223,0.0258782462402063,0.000940710318523243,-1372.2778217493
373,0.0247623753509011,0.0259529688117337,0.00116902453852695,-1372.72202239786
374,0.0202429221177931,0.0224214690872793,0.00124461661307561,-1372.35250143193
375,0.0290885732326717,0.0165002311906869,0.000981919230019678,-1372.93532873307
376,0.0334454587264377,0.0156105297101986,0.000713294901262788,-1375.24670882623
377,0.0310215672880801,0.0310626618696139,0.000629482679731963,-1374.96240063492
378,0.0163058162199935,0.0348162895027352,0.000825251870229867,-1374.7376039662
379,0.0162079197058878,0.0321373062682375,0.00103853291841523,-1374.87951574564
380,0.0151717299949043,0.0435710328283291,0.000966661506243289,-1378.36645345897
381,0.0305782070680572,0.0396696808809143,0.000343026208808863,-1378.70816872976
382,0.0278225507820076,0.0337226393321025,0.000386396937095362,-1376.15345829366
383,0.025701292781022,0.0350405660304435,0.00101998798982056,-1376.34761596992
384,0.0183345406979736,0.0265449651070366,0.00103824740536241,-1373.19016122166
385,0.0267781366102122,0.0254849574246192,0.00116533319424142,-1372.95183639806
386,0.0267719700642819,0.0249727272524759,0.00101218380094276,-1372.32758233308
387,0.028169817425244,0.024933671645497,0.000936797801568199,-1372.55897973403
388,0.0254443917844058,0.0248161129946696,0.000990566721521344,-1372.06690031991
389,0.0211165558148468,0.0196523313851347,0.00147769726795147,-1371.98475570268
390,0.0235206927776866,0.0133818150537205,0.00181086660581507,-1370.41023131202
391,0.0243000468625983,0.0153902566140923,0.00172544703451044,-1370.97279637544
392,0.0275925567665434,0.00992577288564628,0.0016027649179037,-1372.68132567671
393,0.0236262901071988,0.025977137035373,0.000631353504148711,-1373.54738832021
394,0.0204670283088279,0.032722992024044,0.000502586595786425,-1374.8602841651
395,0.0196835237173647,0.0298757193012483,0.000640866932036515,-1373.80765229007
396,0.0232117955556656,0.0339123712754197,0.000868536116409046,-1374.29276927363
397,0.017058267453285,0.0359896770872962,0.000488268226569629,-1376.31681487425
398,0.0182714940618628,0.0314941587661713,0.000757013728877179,-1373.74363746373
399,0.0293084639204614,0.018213604303119,0.0014719360087275,-1373.29644713634
400,0.0220758878537495,0.0128870181988707,0.002230609439127,-1371.17381557261
401,0.0182171664703912,0.014243028917671,0.0025260951748908,-1372.17438772027
402,0.0199348651774074,0.0151586914665455,0.00164886492934063,-1370.13394412045
403,0.0249574357909929,0.0113571143692101,0.00193002243608454,-1371.40189058745
404,0.0179189511874305,0.0124745232565085,0.00193643222313712,-1370.16974681347
405,0.0193901668023525,0.0116054612554061,0.00215449821405947,-1370.60559208632
406,0.0151599860148478,0.0125592405253288,0.00173034626323633,-1372.28127057489
407,0.0145475180702025,0.014308750896455,0.00198229853631756,-1371.76703257101
408,0.0157922799041934,0.0138958634162965,0.00182892890894613,-1370.98151553779
409,0.0188669265937965,0.012777099953726,0.00177354143249397,-1370.06478069217
410,0.0198765220356381,0.0137070566193668,0.0018545260604103,-1369.77348493694
411,0.0247815885194009,0.0157896693378743,0.0013750593480682,-1371.57008101367
412,0.0313473974899053,0.0121155626008483,0.00160524287352882,-1373.34492772177
413,0.0268424446915406,0.0130131220561183,0.00139342982593536,-1372.07835740743
414,0.0226319227103274,0.0109514299757811,0.0020329572979811,-1371.12690721423
415,0.021976826058248,0.0148947884522882,0.00166102956399632,-1370.21268133809
416,0.0250044229341801,0.0112379316783726,0.00192707597167542,-1371.44927432807
417,0.0211062280549439,0.00950413003363478,0.00190670214108269,-1372.17337688379
418,0.0193558923363698,0.020648573649496,0.00163438089699448,-1372.68017839027
419,0.0236435653473495,0.00916299276734527,0.00225169161102465,-1373.27596635811
420,0.0235600075022795,0.0099596880113241,0.00169452777075034,-1372.01014007683
421,0.0232615053003666,0.0163877681649951,0.00175325230949709,-1371.05389551965
422,0.0192602401711059,0.0170980425661348,0.00157472803120452,-1370.92138167022
423,0.0242903300302115,0.016761558195964,0.00168678708166533,-1371.47993498553
424,0.0176317478869355,0.0144461896805579,0.00196056354657465,-1370.08954192969
425,0.0193807412943169,0.013098976108364,0.00198701162931446,-1369.8758579458
426,0.0199603731629105,0.0135568378353883,0.00220281943753044,-1370.50974939687
427,0.0169170421055522,0.00986583435541679,0.00186501360860198,-1373.11551258183
428,0.0299426530310655,0.0120005869451023,0.00119871702151968,-1374.11940010872
429,0.0247953918978809,0.0168385912041297,0.00198151009254869,-1372.68099926894
430,0.0148784091953765,0.0184626951260377,0.00167086187247432,-1373.07346602009
431,0.0272740858503961,0.0241785245840228,0.00100523060177535,-1372.21692750593
432,0.0212817334823654,0.0250174040192063,0.000845959814045288,-1372.58544522186
433,0.0212174352707917,0.0318220921082502,0.000998980549714763,-1373.92220281115
434,0.0212413750098183,0.0227063841061437,0.0011730146914852,-1372.05712873643
435,0.0259508304281679,0.0197343714518704,0.00093649444082239,-1372.10318464844
436,0.0225361058433826,0.0195364416113122,0.00137401174956919,-1371.91347478795
437,0.0233209240437603,0.0181425273179774,0.00142698804059004,-1371.67515098615
438,0.0202463847600973,0.0138810406226156,0.00150244216622155,-1370.62120693388
439,0.0196126037862281,0.0146144126922778,0.0022227132244227,-1370.78996846716
440,0.0226567985960412,0.0149563013673947,0.00138434379616914,-1371.20534160542
441,0.0189169293985133,0.0137444325273873,0.00199980791445684,-1369.89140956111
442,0.017070759689425,0.0164775844174454,0.00159546770367401,-1371.19990988619
443,0.0212816122062102,0.0160358167773362,0.00200381508582266,-1370.90474352118
444,0.01992245779704,0.0124831772118434,0.00198461360103512,-1369.98767998286
445,0.0190224317497665,0.0156098253723793,0.00198177021023003,-1370.30407438447
446,0.0175241171973215,0.0151167665044066,0.00230261201896356,-1371.27451900722
447,0.015627316063299,0.0129520736874593,0.00241009275850404,-1371.95399391211
448,0.0197969783146691,0.0122673715630359,0.00188091791306487,-1370.00720696078
449,0.0229495545741694,0.0145345381653748,0.00136495102685042,-1371.33797108487
450,0.0279649656730296,0.0165076639704729,0.00122562201187236,-1372.37829633135
451,0.0228761762808833,0.0144902880148963,0.00156251942730507,-1370.49203307437
452,0.0189292155962841,0.0175594286380068,0.00154529332219848,-1371.22043703814
453,0.0186459707023114,0.0128949364296357,0.00161319710054698,-1370.62110236218
454,0.0186955157764581,0.0151454491509051,0.00175022031591867,-1370.05692850158
455,0.0242622390220724,0.0107377654850083,0.00187225342547085,-1371.3880483035
456,0.0222196072662493,0.0173846417468913,0.00153144642971291,-1371.20201069027
457,0.0229155847269201,0.0180801117641334,0.0010674181618199,-1372.52104260094
458,0.030974306504624,0.0186209768283595,0.000992689995457045,-1372.52911235422
459,0.0292616145413928,0.0220366738460685,0.00113436332669955,-1372.49698690259
460,0.0185942324239854,0.0245416893765506,0.000912030527412478,-1373.30225879221
461,0.0185866234306713,0.030646375482353,0.000884490217853513,-1373.54595622233
462,0.0218514463238807,0.0266234922854078,0.00090503398006833,-1372.43492741704
463,0.0190787791166844,0.0274628793458971,0.000947688239420745,-1373.05477432683
464,0.0218649498613528,0.0243537472482241,0.00111101792761728,-1372.05144227459
465,0.0221930295475934,0.0194462378211721,0.00152627955760246,-1372.0070552367
466,0.0225786465382845,0.0178841014451581,0.0021977966579506,-1373.59397969128
467,0.0228662593217138,0.00852615034251945,0.001689507484165,-1373.79960749308
468,0.0299463278872222,0.0101674171678683,0.001805912967392,-1373.08477098346
469,0.0224659149233118,0.0114453108941828,0.00183211327800082,-1370.61448146787
470,0.0229203840180468,0.0122573793337838,0.00173155582871081,-1370.41759622991
471,0.0164355894004163,0.0166682137139696,0.00220890272376418,-1371.88606325093
472,0.017196656225753,0.012514734460725,0.00234160698512136,-1371.14118867606
473,0.0199939303060909,0.0133805778540313,0.00146508106982982,-1370.98182218147
474,0.0223869490978469,0.0152090641697977,0.00147702626672526,-1370.77713932118
475,0.0189688156620799,0.0143698550807709,0.0019588403843813,-1369.90595094131
476,0.0184667581077871,0.0125564855837345,0.0018968295919373,-1370.03950478731
477,0.019138471629115,0.0147241024456417,0.00204375617428217,-1370.14854583262
478,0.0222866893204099,0.0150518255493568,0.00193970540682319,-1370.57358922266
479,0.0171849241223914,0.0188798028816027,0.00187670126784776,-1372.15780402435
480,0.0185980057268407,0.0170871980487626,0.00199635133979399,-1371.08343867577
481,0.0225696336090568,0.0127371946404013,0.00153340017787203,-1370.70878136876
482,0.0228392067186793,0.0142040802120441,0.00199192759564717,-1370.66589536662
483,0.0158658594758275,0.0130307971619595,0.00184334815956097,-1371.08011217817
484,0.0225225715041419,0.0160517055389948,0.00184836130633119,-1370.83594287582
485,0.0169608137245698,0.0195384129738028,0.00139088529271959,-1373.14673100904
486,0.0235729843757909,0.0164329811961914,0.00157894277274607,-1371.08195884356
487,0.0181615693161825,0.0184352343414443,0.00163069218675837,-1371.59153701124
488,0.01717607042159,0.0147806233750189,0.00211581400877868,-1370.53271189786
489,0.0196251624365621,0.0137781873490705,0.00149512917991015,-1370.77191248602
490,0.0223853878732589,0.0158769531249346,0.00167072076872578,-1370.55706121875
491,0.0245972157431193,0.0110200662123316,0.00219432364529353,-1372.26433432713
492,0.0273027600797339,0.0110228717526637,0.00231548452687275,-1374.03850236182
493,0.0188207661538365,0.0153679168581014,0.00207450758168998,-1370.44519605986
494,0.0197911705671425,0.011773787832255,0.00178271164041536,-1370.3464714986
495,0.0226905082782054,0.0148266523085616,0.00229418095659141,-1372.27891623733
496,0.0190355516581932,0.0106828521506405,0.00257143405716077,-1373.13078458916
497,0.0191067203707559,0.0129160349914072,0.00194751238109877,-1369.87293807627
498,0.021374548130439,0.0133912932047587,0.00211497672148848,-1370.48260716315
499,0.0169560445597144,0.0172029821559493,0.00155164921141895,-1371.64724817718
500,0.0276838141826657,0.0108568915792404,0.00174903479796801,-1372.1726731961
501,0.0175829667825591,0.0172974091664427,0.00192348886711021,-1371.13175825288
502,0.0167827561386192,0.0148568376066638,0.00196527766083581,-1370.42343187754
503,0.0215709483751125,0.0145768095020802,0.00165537280895917,-1370.1101583144
504,0.0212467170331127,0.0145470055720185,0.00149879675510881,-1370.55917138267
505,0.023003627478209,0.0135837700133205,0.00155781144176019,-1370.51838146205
506,0.0217082946837339,0.0142243780417645,0.00176769272806617,-1369.99329536131
507,0.0237701975177612,0.0135616198992714,0.00167100666450241,-1370.47189363332
508,0.027691216162623,0.0110999002519205,0.00153524388676931,-1372.34182566711
509,0.0171731230986147,0.0142324092140097,0.00223896761754251,-1370.77286428667
510,0.019025197768312,0.0158413033322572,0.00198591723479752,-1370.41027619748
511,0.0205956883461954,0.0145777026893013,0.00175425223949895,-1369.9053053738
512,0.0186926361950634,0.0162702651104069,0.00172404121411239,-1370.40590028125
513,0.0212244669035993,0.0107066967381099,0.00191075803816252,-1370.93442146762
514,0.0185695625434148,0.0140492253041295,0.0024262279936266,-1371.52334018244
515,0.0189750589681197,0.0138901832213447,0.0022580543319715,-1370.66797113335
516,0.0226850727948932,0.0163353217788561,0.00125875836874707,-1371.93687909572
517,0.0292010765832955,0.0216701770221272,0.00110038740275666,-1372.3211046739
518,0.0258810144786829,0.0176971394191419,0.00130141228172218,-1371.98369394103
519,0.0287362451945304,0.0217159407919196,0.000689520949914466,-1373.4165886035
520,0.0276871147522154,0.03121616965776,0.000811394867039737,-1374.23309126264
521,0.0276917953131316,0.0292973188194631,0.00100332203880742,-1374.16743880284
522,0.0210302512198981,0.0298032340130023,0.000706603043712718,-1373.24139684031
523,0.0263409501754978,0.0263675896096461,0.000781443625356594,-1372.78107742273
524,0.0218341673029653,0.0261730673525077,0.00100508672991122,-1372.29692969722
525,0.0230137738798232,0.0175683125859108,0.00134490906633429,-1371.65672749469
526,0.0271120600744802,0.0133856740377592,0.00144477964496698,-1371.91932133258
527,0.017264178838972,0.0149920152831804,0.00209541814620832,-1370.52335545953
528,0.0169385384397069,0.0150977220820491,0.00147481271907913,-1371.72561748342
529,0.0241999385486543,0.0126659342012422,0.00164159422549179,-1370.71537240636
530,0.0251475296793792,0.0150269626921846,0.00133464419072268,-1371.75402130533
531,0.0212269901556452,0.0143237821761871,0.00211271823017632,-1370.60335601373
532,0.0146768969381518,0.0166991800013727,0.00197983589145399,-1372.22233072282
533,0.0196114633609133,0.0126715645915152,0.0018089051611819,-1369.94418425731
534,0.0282352548582888,0.01189600882092,0.0018425465001205,-1372.36099484274
535,0.0279516827574264,0.0185777752828269,0.00125411099323484,-1372.26791006375
536,0.0269868535080873,0.0187412571683178,0.0018051518572978,-1374.14133430156
537,0.0271769787674951,0.0111016585140607,0.00190881228002525,-1372.17365096552
538,0.0190195805114682,0.0131975801391217,0.00197486886328767,-1369.86305684777
539,0.0214090425585534,0.0167711706318106,0.00183955725974746,-1370.87489952398
540,0.020281252662299,0.0149859037328656,0.00142350535579478,-1371.02238256869
541,0.0230266644994698,0.0161607269849337,0.0019638999550602,-1371.41116577372
542,0.0155203085991058,0.0126258722105005,0.0022401577885401,-1371.50571033965
543,0.01927627491648,0.0143003321543006,0.00147630410796094,-1370.88482462623
544,0.0209371858783269,0.0182066374543026,0.00191829264035511,-1371.86618921801
545,0.014350521806179,0.0156454225600487,0.00179920280022842,-1372.28198177419
546,0.0305932956846238,0.011682021083309,0.00185987962903393,-1373.43946196091
547,0.0182441774865885,0.0168635548223031,0.00174809935483554,-1370.68869348621
548,0.0176422904509159,0.0131547120275114,0.00224896143375136,-1370.61475442763
549,0.0190115450594829,0.0120407715432739,0.00192303269996904,-1370.13811492899
550,0.0206121837135735,0.0160151328594909,0.00158379673874995,-1370.49134000924
551,0.0221594588427669,0.0134931249101006,0.00164837874637442,-1370.16800254127
552,0.0196811068375227,0.0139299050829126,0.00167609470328063,-1369.99230561894
553,0.0212654103949555,0.01313724714571,0.00176741691565155,-1369.93087700058
554,0.0210976396839383,0.0110798194191021,0.00178339579637987,-1370.74992732192
555,0.0224769448122957,0.0167643949150017,0.000987130138538552,-1373.73486036618
556,0.0228098624860884,0.0358547047180989,0.000553347953813825,-1374.74379331621
557,0.0216311419629974,0.0276416720308996,0.000735749302242169,-1373.01347898065
558,0.022675211758027,0.0284686339340107,0.00125605198696392,-1373.93170032313
559,0.018203802419199,0.0256642163659195,0.00136998673525687,-1373.92155029169
560,0.019840735150528,0.0276584793792775,0.00137630579882141,-1374.30089331064
561,0.0238417526076508,0.0240807277926913,0.00106840805295284,-1371.8758161031
562,0.0237371688638793,0.0189961974968639,0.00126496854250975,-1371.85528116844
563,0.0177645077383823,0.0141252892743053,0.00158427421899986,-1370.76163199299
564,0.0196516401636767,0.0157318570972634,0.00171139697977709,-1370.17690355578
565,0.0175723880616101,0.0150681983902305,0.00205062528758452,-1370.37942278464
566,0.0183480157369833,0.0161785544448004,0.00196643660610906,-1370.53664300328
567,0.0176686779195363,0.0137339765714357,0.00171366731352192,-1370.33318751637
568,0.0159869596903824,0.0140400487302294,0.00195389571412132,-1370.70974017935
569,0.0241654803421217,0.0121592954203312,0.00164781253853997,-1370.83109027139
570,0.0206052177238904,0.0145391313659276,0.00191479045136411,-1369.97930591011
571,0.0167351393069637,0.0146200222012841,0.00195447570003427,-1370.39313001553
572,0.0165393604242159,0.0151117824905573,0.00126900984364187,-1373.91346677408
573,0.0179819808261618,0.0240328439021052,0.00120813000939639,-1373.2452318702
574,0.0251138256576993,0.0148607896955668,0.00144940235205779,-1371.33383956146
575,0.0251535139607299,0.0115351287893714,0.00228077126724841,-1372.84967617082
576,0.0203887484293465,0.01377173500351,0.00224736160340449,-1370.82781141717
577,0.0218365109538444,0.0145887754806269,0.002118001451138,-1370.89695242394
578,0.015324990202207,0.0127362167001421,0.00219090285701822,-1371.49868798843
579,0.0159797717260116,0.0157072997551359,0.00152164438409643,-1372.03042967352
580,0.0305670288596087,0.0110485893149285,0.00167454920686567,-1373.08819525202
581,0.0163115048781521,0.0169536572021556,0.00183643329931009,-1371.27516999786
582,0.0193949338009064,0.0132491482291436,0.00201633663668116,-1369.90806809427
583,0.0236638174839266,0.0125700597861381,0.00182357063626689,-1370.52713768935
584,0.0263064648329229,0.0162940805075479,0.00203245505169186,-1373.43787932146
585,0.0163638342608181,0.0132363703000626,0.00165168391667607,-1371.37361113362
586,0.0231806417641201,0.0127440851054021,0.0017673698851862,-1370.34235523814
587,0.0231464198409085,0.0123892064107949,0.00202225325038225,-1370.76896670293
588,0.0200270315176545,0.0124456337451137,0.00197620224416638,-1369.99305306469
589,0.0248922924768616,0.0143963225460465,0.00213139918998266,-1372.26309964186
590,0.0176521669061517,0.0146413292816535,0.00175429973941912,-1370.21205483356
591,0.0183457721593399,0.0134619878522979,0.00201086496769416,-1369.94535367992
592,0.0184382681279137,0.0108224393375611,0.00214570754589478,-1371.19860516815
593,0.0180882140174434,0.0135011323954837,0.00191764931409114,-1369.93082231723
594,0.020186257823967,0.0133790718174917,0.00176280540306044,-1369.8474587321
595,0.0201844667836202,0.0133861836035665,0.00174509393306139,-1369.87122926456
596,0.0187486712886072,0.0164813170954662,0.00197442530613781,-1370.68650100104
597,0.0183445558740952,0.0142507113344946,0.00188029891012789,-1369.89799644645
598,0.0179096156231125,0.0123227594703648,0.00190781375330542,-1370.24657821497
599,0.0202443305992333,0.0140719680252697,0.00228703787665483,-1371.05809504996
600,0.0203599295041715,0.0109415074580561,0.0016255005967807,-1371.40992806731
601,0.0246784754129974,0.0182277640443547,0.00121970323141763,-1371.91971422755
602,0.0290808334280885,0.0167485137372331,0.00125293458528644,-1372.55142676371
603,0.0321363694965522,0.0180455419258966,0.00118596978859244,-1373.07227452235
604,0.0199778886777336,0.0191247976085225,0.00152335292249851,-1371.80994509932
605,0.0198833874500642,0.0212343737480983,0.00155441397528493,-1372.7795268493
606,0.0202839816242741,0.0149199378092128,0.0014623750115475,-1370.79316948223
607,0.0224402729952324,0.0176901726188196,0.00152179193643329,-1371.35524684623
608,0.0243574491209795,0.0185350603584956,0.00092121148789622,-1372.76595237254
609,0.0352562567290334,0.0201549247917413,0.00104077265642574,-1373.81307375815
610,0.0333273499074342,0.0209972718753302,0.000853279325673261,-1373.2571776287
611,0.0292057340034932,0.017332439299059,0.00157229378183402,-1373.40881920429
612,0.0302693989455343,0.0124094659051308,0.00166165311740076,-1372.94616962294
613,0.0199258211621596,0.0127465151067068,0.00171190399943109,-1370.08005283577
614,0.025029262017608,0.0131384844029964,0.00131493749520698,-1372.10769882371
615,0.0223492793992372,0.0217158521658175,0.00135939783442429,-1372.26883451789
616,0.0233123440253141,0.0220871938173326,0.00125048813903601,-1371.99252177746
617,0.0264947484507516,0.0228595388761621,0.00154096606675091,-1374.31723763337
618,0.0196713919246384,0.0221637826719846,0.00111550259271658,-1372.49489047343
619,0.0308261226017355,0.0217457093369275,0.000753252529606904,-1373.16176034579
620,0.0320572926427509,0.0207404531639129,0.000747495949110983,-1373.41807322623
621,0.0247220390246055,0.0282241137345381,0.000808922010741947,-1372.85122635319
622,0.0190296081603078,0.0300455965559732,0.00128779823282339,-1374.83943610415
623,0.0187352536628993,0.0328992240213592,0.00103245292922501,-1374.48774556727
624,0.0223313158027787,0.0312203464288766,0.001080224127172,-1374.17320870064
625,0.0205843041162169,0.0177024690970814,0.00142051152932193,-1371.48057261359
626,0.022425851942033,0.0167736171496835,0.0016838504268571,-1370.93009089705
627,0.019376631184637,0.0150106853520999,0.00237838094909438,-1371.7239666623
628,0.0188835029187076,0.0121047097354062,0.0018793716528354,-1370.15183155226
629,0.0178456017400301,0.0143360884860595,0.00219447920496145,-1370.53362558884
630,0.0222023208035855,0.0120073838754394,0.00184278520254517,-1370.32306019845
631,0.0247399559621932,0.0143446768269245,0.00178401689479275,-1370.92466384573
632,0.0234360422850181,0.0131531704749938,0.00148873226115162,-1370.89986793584
633,0.0246136930276455,0.0148353506031354,0.00115973606228595,-1372.77311778773
634,0.0281467793451204,0.0145905367855822,0.00131027443290688,-1372.49774661646
635,0.0278451073137279,0.0164148993306701,0.00129175634991843,-1372.32620036335
636,0.0273576243318546,0.0183792243323788,0.00124046541621389,-1372.14702255904
637,0.0190580968312772,0.0241489781317567,0.00147358952557317,-1373.73155446876
638,0.0186980282075551,0.0140083150040201,0.00179266118971279,-1369.88658611281
639,0.0225856352719564,0.0113290865216685,0.00160795844841397,-1371.09519305216
640,0.0192777022090128,0.0143648906647056,0.00206701968426698,-1370.12322181446
641,0.022254649428473,0.0122617503434946,0.0016278789506059,-1370.51311766289
642,0.020057093448431,0.0118681554573348,0.00204041944161749,-1370.27091233505
643,0.0207736830260545,0.0115589365456711,0.00180162404979572,-1370.40388051947
644,0.0213938356802433,0.0132478515002403,0.00187466889287654,-1369.94176347274
645,0.0211775665300976,0.0130921713644446,0.00191431510993177,-1369.95280939007
646,0.0171359433041963,0.0139224903843272,0.00186172275458059,-1370.21748904069
647,0.0221887791129097,0.0127673824001765,0.00151739701747726,-1370.74208000328
648,0.0260103150449851,0.0155915144145684,0.00123663283134177,-1372.23341458015
649,0.0234312703189831,0.0201997813342539,0.0010003162892915,-1372.04549209001
650,0.0274496397299385,0.0244565180991613,0.000875944121643766,-1372.36695477151
651,0.0212266957104364,0.023955676407519,0.00133336350937634,-1372.70245495062
652,0.0198642409948527,0.0272466255033977,0.00130674278623914,-1373.72866917961
653,0.0220830679693595,0.0220858854618512,0.000950997309966904,-1372.12401152211
654,0.0259763798066285,0.0211566679032176,0.00124481923079738,-1372.07991708888
655,0.0279943990549874,0.0204922283877463,0.00107314719835415,-1371.95374216692
656,0.0239602553924183,0.0240394367556864,0.000802736788630738,-1372.41372171242
657,0.0290069320545635,0.0216924829227462,0.00111385383501534,-1372.31354860424
658,0.0252929639786608,0.0204271469085934,0.00125743565419109,-1371.96982060834
659,0.0233969972477303,0.0162073949519203,0.0020690131922241,-1372.05374210442
660,0.0141043885134157,0.0118338311601969,0.00263779811834425,-1374.72861915991
661,0.0204156172835264,0.0125677483411346,0.00186353948828907,-1369.92892335159
662,0.0198443673710326,0.0145392803735405,0.00150248906409278,-1370.62281337694
663,0.0204196831175561,0.0146237541677367,0.00165721134491411,-1370.03421259005
664,0.026227380598799,0.0105686109757645,0.00217096312509183,-1372.84877886242
665,0.0172737682698868,0.0128604902500881,0.00218491637161342,-1370.52586900113
666,0.0164471171195051,0.0127828854618722,0.00181609976365926,-1370.85608987752
667,0.0193951109727431,0.012614405278432,0.00170262273312943,-1370.21031672167
668,0.0251497897856385,0.0156986893879145,0.00179227563369526,-1371.54892026494
669,0.021806275135207,0.0168261036081767,0.00124577389677493,-1372.05935084765
670,0.0207336066891199,0.025357207137236,0.00160841314817382,-1374.90615853884
671,0.0189994301483743,0.0249031560324194,0.00160733841720796,-1374.79361585358
672,0.0253705513554073,0.0197821962049356,0.00118741132246496,-1371.84158398528
673,0.0290412321866476,0.020056810850034,0.00140564281094685,-1373.31270049578
674,0.0228098620804338,0.0188988032994255,0.00159825462770811,-1371.96779288441
675,0.017362743424469,0.0118876802129957,0.00177668946578719,-1370.945954158
676,0.0228560723350311,0.0166239149218944,0.00182405676818539,-1371.17232560581
677,0.0217852669579156,0.0157989696872849,0.00188278146900473,-1370.58463704566
678,0.0239204598137201,0.0103466117923535,0.00149542713344799,-1372.46081004438
679,0.0243046613628766,0.0113329854338894,0.00150097197416902,-1371.70313277851
680,0.0246317490763255,0.0153943232786977,0.00197370457599747,-1371.77595639681
681,0.0259028105608412,0.0124486721269849,0.00134316434975307,-1372.29206646318
682,0.0202184355074522,0.0205516802392264,0.00147082738524138,-1372.33797266644
683,0.0272637508103403,0.00925245423024216,0.00165965787828385,-1372.90645650055
684,0.0265748559589432,0.0168400804651583,0.00161595710423796,-1372.26129346521
685,0.0182314490847457,0.0146170183231969,0.00167795917148335,-1370.22712699805
686,0.0172133694068696,0.0143719156312903,0.00168247562009372,-1370.55926209199
687,0.0152750081976112,0.0163339182595404,0.00207670635800107,-1371.80570359689
688,0.0164889723802146,0.0168409214843212,0.00199091083051168,-1371.29715546085
689,0.0238877053348043,0.0131422383508327,0.00201205171961101,-1370.98677942355
690,0.0165369735688967,0.0146077968806408,0.00196204238229327,-1370.47673271675
691,0.0209670482231316,0.0119168369350171,0.00166335847857956,-1370.5131113796
692,0.0189637166509417,0.0187672225808128,0.00173682341026968,-1371.65984375286
693,0.0185248560395872,0.018324190035914,0.00225423873413947,-1373.11965978136
694,0.0251805538101284,0.0116150809235683,0.00182618622550635,-1371.23632915025
695,0.0265532483052946,0.0108469264255416,0.00184394544142658,-1371.91458933838
696,0.0262111910573397,0.0145598244741982,0.00115920602441892,-1372.88663875321
697,0.0197279956385683,0.0203666934149297,0.00133474195927424,-1372.35303501438
698,0.0222393681990638,0.0169215534951634,0.00196521552991398,-1371.56376875142
699,0.020115249879002,0.0168180628953829,0.00169357755640564,-1370.6054005398
700,0.0214899643635367,0.0113675491830483,0.00186145861636191,-1370.51388346822
701,0.0197820460089705,0.0157287351511889,0.00236160432502903,-1372.09479106995
702,0.0184954115932877,0.0153036306066332,0.00180004593945849,-1370.07728213317
703,0.0180729641494644,0.0135140412238792,0.00205003054016674,-1370.03632729795
704,0.0193304838719615,0.0153176176909024,0.00160160891099067,-1370.33242278307
705,0.0247134757091594,0.0163501500762779,0.00163115786341055,-1371.3939335175
706,0.0201894653835638,0.0159494884107507,0.00168536209537684,-1370.27894475585
707,0.0195168674907951,0.0114257674924214,0.0017770789521261,-1370.60977169545
708,0.0246650733708476,0.0111871796524602,0.00173294518853307,-1371.24544007711
709,0.0263623075133727,0.0119743621293905,0.00205497484035094,-1372.24592813661
710,0.019646958110349,0.0111028553636368,0.00183833175577814,-1370.70989559092
711,0.0236833676327115,0.0109492348053349,0.0018540346293583,-1371.13042330554
712,0.0171650460132568,0.0131125142002567,0.00187716928430493,-1370.28600373981
713,0.0190720269590495,0.012237716783918,0.0017127884337082,-1370.39473774821
714,0.0152226678849454,0.0119853890871704,0.00216704032496404,-1371.87498637768
715,0.0239546052880143,0.0193678688384758,0.001478859803745,-1372.15377264576
716,0.0254381179342014,0.012846646747539,0.00163235039675029,-1371.06090317903
717,0.0231010589986076,0.0133193308343186,0.00195180391467377,-1370.51875226996
718,0.01520087912691,0.0155607322433271,0.00196165889549684,-1371.41974803239
719,0.0274670729644565,0.0176528208202236,0.00245556923621886,-1378.5452193545
720,0.0236719542369555,0.0118168867105897,0.00194324586402762,-1370.87066654917
721,0.0220780926689815,0.0125654360933275,0.00181314029827963,-1370.13470649121
722,0.022471673232831,0.01899904914557,0.00105364358206099,-1372.38487790461
723,0.0350228876883712,0.0234216146801877,0.00111367124482183,-1374.93955734369
724,0.021060470590283,0.0191923866585964,0.00138783197935796,-1371.8831346972
725,0.0191817369999434,0.0132806560311602,0.00153150453735572,-1370.77588389871
726,0.0197882745966982,0.0149923110606626,0.00189680053538839,-1369.98280670266
727,0.019529392198098,0.0113676681935566,0.00173197724051487,-1370.77431726776
728,0.0186812626548783,0.0161174027890703,0.00137190424035017,-1371.7732206217
729,0.0186771217763309,0.0159012361961774,0.00221152720487157,-1371.21312962253
730,0.0180025492772112,0.011529908878081,0.00202294349692475,-1370.61002637304
731,0.0239344196376741,0.0125209506153608,0.00181911269317552,-1370.61471022746
732,0.0179144620731199,0.0155260032732053,0.00136488202511503,-1372.08473286988
733,0.0210538734299377,0.0149709586206837,0.0021388857798397,-1370.88195748851
734,0.018661517686957,0.0130046715857707,0.00212621080345263,-1370.1562129691
735,0.0174878303034216,0.0154292587668059,0.00202108705762219,-1370.45616134283
736,0.0172742773826219,0.0155363475487568,0.00137923732441613,-1372.27170147101
737,0.0217638040851332,0.0155127234944143,0.00128440209700023,-1371.84660078697
738,0.0266977997516744,0.0154679313836364,0.00113124404431782,-1372.75042360972
739,0.0239384427174922,0.0258442058758788,0.000871272953351343,-1372.28396876203
740,0.022965755968977,0.0243194342185488,0.00120725820628771,-1372.23244527481
741,0.0221692201470427,0.015727178742129,0.00200933562025273,-1371.04464164049
742,0.0152890574250266,0.0140796769784276,0.00223891689558824,-1371.52494989173
743,0.019874522594984,0.0134132752732817,0.00247961139503945,-1371.93031259195
744,0.0209722632054168,0.0144502365864661,0.00217776816860152,-1370.84189787867
745,0.0212176325016007,0.0157452292362308,0.00168452465393426,-1370.29977512603
746,0.0186676557053362,0.0142521869198214,0.00166994353101667,-1370.14441928721
747,0.019475868876862,0.0144902477088645,0.00187694891084064,-1369.84457537922
748,0.0225511954267292,0.0132355902418624,0.00174979364147022,-1370.139551879
749,0.0210422946082211,0.0158576784089105,0.00146980369754912,-1370.83712730999
750,0.0214268230474098,0.0137408214808106,0.00212419122344194,-1370.5760474238
751,0.0209566417536469,0.0137379912817647,0.00148840354278995,-1370.65979141781
752,0.0244014791213212,0.0135314070531245,0.00205387551888918,-1371.4140586755
753,0.0234519432647205,0.014733352510279,0.00163128635088775,-1370.53110159797
754,0.021014541311658,0.0131886847742106,0.0022596513985124,-1370.97393757499
755,0.0219798680716222,0.012502893037259,0.0014016797110252,-1371.5295963008
756,0.0292254788293285,0.0194448387358835,0.000696433689507788,-1373.75130616549
757,0.0313047086491031,0.0206188926324916,0.00139900006364463,-1374.21113759004
758,0.0278250315267743,0.0194948017445595,0.00117683911635053,-1372.08713949891
759,0.0235082080901285,0.0178044775852141,0.00121930201870135,-1371.97191155713
760,0.0253427072462871,0.0253392728756786,0.000743486000788184,-1372.75617203733
761,0.0220802224777651,0.0243350958681995,0.000816426190917789,-1372.57882307148
762,0.0231985210477412,0.0243847308635343,0.00107487580811605,-1371.93157890882
763,0.0224929704957446,0.0261848925860246,0.000818636873064857,-1372.53954751538
764,0.0293745368798321,0.0220463347497276,0.00087319612862014,-1372.38201601771
765,0.0225743676523736,0.024324040535632,0.000849707191812418,-1372.32304527641
766,0.0222269871130643,0.0265016195555593,0.000967283105157549,-1372.33184864635
767,0.0221140308502316,0.0128674345699747,0.0012934954072573,-1372.26437940367
768,0.0194270988372253,0.0177474185139084,0.00162582380199256,-1371.09257259021
769,0.0194505073452883,0.0132019111031496,0.00200495694631957,-1369.89356408214
770,0.0167075117409744,0.013264321575657,0.00198707564018072,-1370.39098810722
771,0.022216594562242,0.0120181688427865,0.00181534900951536,-1370.32178230226
772,0.0208349440082293,0.0207264487646925,0.00173677432934625,-1373.0347055119
773,0.0176026357630119,0.0117751919772431,0.00281105802701658,-1374.27470225884
774,0.0190659800901161,0.012309159184499,0.00253638713231182,-1372.13159408051
775,0.0194619519090279,0.0132280009090605,0.00279466030070088,-1374.19461779026
776,0.0168491572166327,0.00847118523689417,0.00200362950377085,-1375.79394747522
777,0.0191232948600334,0.0146937476386359,0.00162806393153108,-1370.20324285722
778,0.0248695780276626,0.0169296248844475,0.00121510306123951,-1372.06156535976
779,0.0234641471979048,0.0189022435828866,0.00110878420856157,-1372.0635916147
780,0.0192091804558717,0.0149302901957379,0.00101104273396851,-1375.99202685992
781,0.0332216244992918,0.0172460340554887,0.000929715469825769,-1373.27239188909
782,0.0287167720367086,0.0240070177808286,0.000834666575697828,-1372.61877125389
783,0.0243455989337644,0.023288566684576,0.000975704867179774,-1371.78914280432
784,0.0176623413839233,0.0298030375898476,0.00076825597770632,-1373.88137038743
785,0.0282996142482474,0.0255228122225623,0.000924057828240375,-1372.7515902409
786,0.0303224622020733,0.0174939829869462,0.00121256648552322,-1372.70520747954
787,0.0238679661708188,0.0218587991218116,0.00156583007372965,-1373.3847537292
788,0.0190559547222866,0.0223779077317555,0.00139587599668933,-1372.96036419066
789,0.0295229596217809,0.0131371886766221,0.00172748044876136,-1372.79088526318
790,0.0225179232530243,0.0118650872184834,0.0015871445155026,-1370.84970488116
791,0.0214117525805168,0.0147664351277923,0.00228746641319236,-1371.66962372285
792,0.0170962379765961,0.0141965821787044,0.00201777910976429,-1370.25690954377
793,0.021091249554091,0.0158074308930691,0.001859508066648,-1370.38419100537
794,0.016151913215262,0.0143530301431222,0.00183531989541635,-1370.71922856799
795,0.020403747654638,0.0149938749573693,0.00142315860515967,-1371.0114259181
796,0.0218386281419561,0.01370041971829,0.00134164397219333,-1371.59335124495
797,0.0311901018833758,0.011497007453903,0.0016352442054284,-1373.28959676191
798,0.0324660865925036,0.0155546586134246,0.00150510944072864,-1374.13048753889
799,0.0221057800336058,0.0134788326159127,0.001892147055599,-1370.10987019468
800,0.0251032322633591,0.0148727138011467,0.0018335090191234,-1371.32114498779
801,0.0234995663802961,0.0083870772856029,0.00201550300127053,-1373.44410837362
802,0.0285102726491304,0.010053269536651,0.00179283166445042,-1372.65662692457
803,0.0169405262588659,0.0122935008162607,0.00217628792858513,-1370.75882535441
804,0.0159586140933274,0.0161977751767004,0.00178992025787165,-1371.1918817419
805,0.0237592163503695,0.0156023347504247,0.00180013830252146,-1370.96385912328
806,0.0190730586705789,0.0216065699439771,0.00114615378422026,-1372.76012099203
807,0.0240973283845259,0.0253113712783946,0.000789720951467111,-1372.50961367213
808,0.0251486916945387,0.0239620213919595,0.000954169956669353,-1371.90455702352
809,0.0241750175101977,0.0242485609114446,0.000755249029388262,-1372.6912495971
810,0.0212075210582126,0.0288680767276833,0.000948812077797481,-1372.92024978293
811,0.0241532931287434,0.0280082154101502,0.00089463612358783,-1372.71838512166
812,0.018447784154807,0.0291256646123059,0.000928823480778361,-1373.42774918237
813,0.0171409498321713,0.0376079090236263,0.000926380917690655,-1375.6330521202
814,0.0176713577337553,0.0383331141468413,0.000507025932052859,-1376.24367617803
815,0.0163996091899784,0.0345364138602494,0.000575342952800204,-1375.51671353062
816,0.0255921716574547,0.0260798890164104,0.00111235346253052,-1372.69306543744
817,0.0214389762693735,0.0247174910526896,0.000947451442813179,-1372.20528197775
818,0.0192060315612888,0.024293979242078,0.00113812390049322,-1372.67725441629
819,0.020346452199218,0.0219874135741331,0.00114184698848398,-1372.25494987953
820,0.0194605733680573,0.0205837829023058,0.00121351131846602,-1372.57827861851
821,0.0193417881325154,0.0151097181823262,0.00264259855041686,-1373.61902831998
822,0.0177274449373397,0.0128457145059173,0.00220084550445168,-1370.47375474596
823,0.0203383225715099,0.0122235300187179,0.00230241912181857,-1371.05197297843
824,0.0195746921959655,0.0117321276670827,0.00233648489125441,-1371.23068324379
825,0.0160252429451106,0.0138189368165138,0.00216368501968515,-1370.89871474886
826,0.0198676999428075,0.013569336240721,0.00193095272706238,-1369.81027806794
827,0.0163505458631113,0.0146831751054166,0.00195512361752579,-1370.56959346759
828,0.0241107747827683,0.0159626915558697,0.00123773565616175,-1372.06164892691
829,0.0258621598151976,0.0115622816625972,0.00187022433726765,-1371.53899669086
830,0.0199574625177074,0.0126817931684655,0.00188694466381841,-1369.88478525644
831,0.0185864993884742,0.0146764668971326,0.0018976503116977,-1369.93072124913
832,0.0255137644679,0.0138799296992987,0.00150516680258462,-1371.24980095859
833,0.0220871890256415,0.0158248980391228,0.00167072907610466,-1370.47710629115
834,0.0186119746810758,0.0143466194178698,0.00185172618438735,-1369.87346844652
835,0.0165177890643404,0.0150532015088269,0.00176302582997724,-1370.69391987077
836,0.0238125591562572,0.0143086769334339,0.00186898859703806,-1370.71546573762
837,0.0219524480502174,0.0128818373973547,0.0017540532970249,-1370.07164279568
838,0.0192981729227456,0.015102979614474,0.00176444743196315,-1369.97758204529
839,0.0225065853395592,0.0132536214897521,0.00154628633376128,-1370.52935117892
840,0.0203047883668771,0.0127089938775363,0.00183751675166339,-1369.89759903884
841,0.0178723984428462,0.011059384950915,0.00209352146182168,-1371.05041411685
842,0.0214879585120607,0.0135760814835821,0.00124561417189618,-1372.54658909349
843,0.0363228471223278,0.0162543618563368,0.000919502217757568,-1374.1911786056
844,0.0330824539381533,0.0153000542131523,0.00149027925747876,-1374.30397278984
845,0.0213862160925975,0.0135062583884174,0.00211318752633243,-1370.49054088849
846,0.017525564492699,0.0139208040572921,0.00189216627274956,-1370.06368598174
847,0.0230155288655779,0.0139606709458837,0.00199454681693305,-1370.68714609707
848,0.0163333175713858,0.0152415648804753,0.00191956569875552,-1370.67538618067
849,0.0214400173444902,0.0114445243284114,0.00205226887506666,-1370.66022708377
850,0.0199786349299908,0.0110326423930012,0.00187681246274558,-1370.68850621777
851,0.0293723618524529,0.0142468722963393,0.00120462010566767,-1373.13795900386
852,0.0270064925725021,0.0157082657972038,0.00104472422156512,-1373.06035561885
853,0.0305176844610444,0.0194429780994229,0.00117454356764353,-1372.63173712173
854,0.020173032413398,0.0252368745935809,0.000964685975953331,-1372.50880303807
855,0.0306173809046904,0.0249999747865587,0.000853014339452935,-1373.26778111832
856,0.0268798894510575,0.0194257096317744,0.000854690687062544,-1372.51604028054
857,0.0244591365548986,0.0224517267132891,0.00116337302052169,-1371.84435588725
858,0.025873251019555,0.0231013162409763,0.000953045676613552,-1371.85975661136
859,0.0226112414133265,0.0213833827727584,0.00133393996684067,-1372.13538636402
860,0.0216595705961571,0.013186455337168,0.00191967394997087,-1370.04720547766
861,0.0183516349789899,0.0163474240820767,0.00168075330208538,-1370.54460681415
862,0.0217737508040253,0.0123513067728519,0.00249733128278067,-1372.6326082109
863,0.0207761866210324,0.0145244634840316,0.00222972033994988,-1371.05568543495
864,0.0214433101156557,0.0109727224283764,0.00190097592977125,-1370.75507548833
865,0.0183225638237331,0.020172491603256,0.00196219907640962,-1373.26372208438
866,0.015932104559016,0.0206011837034216,0.00166032808264048,-1373.62830678027
867,0.021862633849966,0.0190856519968211,0.00136379862222849,-1371.8418834475
868,0.0263332293655086,0.0182261816956762,0.00139834162184622,-1372.20294766914
869,0.0274691221374376,0.0176453857153149,0.00178615421057099,-1373.6344708455
870,0.0241686204359734,0.0125428415388761,0.0016451283178111,-1370.72895997265
871,0.0265292005235895,0.0115088119413038,0.00165118912070574,-1371.6757652432
872,0.0193218117047667,0.0127984914624398,0.00226652065716738,-1370.65847766302
873,0.0200136636475234,0.0144638248010191,0.00218154294471042,-1370.63307223706
874,0.016235112372857,0.0174971607539835,0.0017605495437689,-1371.60471221361
875,0.0190336093410164,0.01344722367104,0.00206404824621397,-1369.99224667548
876,0.0192518848008024,0.0156700833701561,0.00169220806758949,-1370.20265919151
877,0.0225803299651048,0.0137464746878278,0.00230754410968959,-1371.92454827888
878,0.0166542924178612,0.0144583217447431,0.00149727059903715,-1371.799625776
879,0.0209760779166014,0.015882263649613,0.00203933460975743,-1370.87319359593
880,0.0193241194696356,0.0137328825042133,0.00166720405146459,-1370.07124981541
881,0.0203059132723794,0.00973095289427011,0.00161196259342507,-1372.89574220754
882,0.0255384682154008,0.010757668589975,0.00171882628724894,-1371.66523463302
883,0.0231668795394835,0.012336350306554,0.00159360562793894,-1370.70011664861
884,0.0290866149905029,0.0114123432872671,0.00174427398846841,-1372.55318903471
885,0.0158626106646734,0.01104016439386,0.00247698754904682,-1373.1445176145
886,0.0186274088329218,0.0101323960368915,0.00218487938200945,-1371.95776330882
887,0.0156655343548675,0.0122436208973101,0.00194839721147112,-1371.36601053858
888,0.0192097460503272,0.012419767847813,0.00185663437409002,-1370.00630244353
889,0.0201478295484839,0.0172021809068204,0.00193976919756529,-1371.11401444819
890,0.0202627754965268,0.0177112031886922,0.00203370860794125,-1371.79888766712
891,0.0217554943392223,0.0116566138794833,0.00174767168684462,-1370.4810106049
892,0.0237193278072625,0.0140454588657898,0.00168447153552508,-1370.47012318102
893,0.0218753613860937,0.0133109858384078,0.00195472453003502,-1370.15742263816
894,0.0188527668205343,0.0154564576719661,0.00167171526639386,-1370.23230393757
895,0.0162612711263098,0.0167691022500848,0.00160998350088204,-1371.63222244496
896,0.0148680225969784,0.0171760409543336,0.00191500387416586,-1372.24521285155
897,0.0149789609338416,0.0147679927544015,0.00194856947985776,-1371.43475121769
898,0.0244640856814471,0.0113605693535925,0.00175232996332525,-1371.10570653141
899,0.023042657990278,0.01123367253865,0.00177180254272229,-1370.85776929813
900,0.0302804538195417,0.0112926272960911,0.00120672155948541,-1374.46557504975
901,0.0293930288243846,0.0254081919999137,0.00127061227186719,-1374.35222999659
902,0.0250238282687122,0.0252707171148618,0.000602878306217112,-1373.81914594577
903,0.0264473479755739,0.0322903605914206,0.000539243718113649,-1374.36327879835
904,0.0279617858146368,0.030060542636411,0.000670588165413417,-1373.87718608638
905,0.017216685595741,0.037072141624009,0.00080061280925499,-1375.02021371232
906,0.0136809675901481,0.0288706135374315,0.0013208473627699,-1376.91335481405
907,0.0141978519299476,0.0192506454084821,0.00243946945111439,-1375.9620704834
908,0.0155193968696552,0.0102604227986964,0.00145418712695533,-1376.64792842708
909,0.0208066326549076,0.0108481084965248,0.00248125933372176,-1372.66259813135
910,0.0187701786395654,0.0125720920151411,0.00172497736859513,-1370.27813028638
911,0.0203789004715185,0.0123811975474851,0.00191022648382474,-1369.98344889471
912,0.017824471927391,0.0158314889287026,0.00175320356086498,-1370.38714025041
913,0.0203696561484536,0.0143724045400966,0.00188943716143161,-1369.88421758986
914,0.027059827408817,0.0142698786976353,0.00123876792037516,-1372.60661827704
915,0.0265733974107626,0.0220742983281218,0.00119171350796949,-1372.11476970495
916,0.0249278457461757,0.0211123592069706,0.00103913114499077,-1371.71960590293
917,0.0238164607245842,0.0245344948795957,0.00114287537600842,-1372.1111060923
918,0.0190430055956025,0.0201825239146501,0.00164209965519372,-1372.44830567439
919,0.0177175767148979,0.014020671348103,0.0017988086861553,-1370.09753489542
920,0.0188645008151321,0.0139992477839233,0.00196893602552771,-1369.87274145194
921,0.0170026460912615,0.0131856417308923,0.00191687675936323,-1370.29860060616
922,0.0237433247880712,0.013857460516639,0.00186111755580639,-1370.59260882444
923,0.020736414952354,0.0125933299210739,0.00197045977102056,-1370.0221735996
924,0.0210166127707013,0.0114476937716926,0.00198619576756185,-1370.47950565465
925,0.0189205080537921,0.0152849033386779,0.00159334534333935,-1370.41490135431
926,0.0173858271042498,0.0163358057820071,0.00207158712658947,-1370.99245918694
927,0.0206321993034817,0.0136054629616737,0.00229019190848362,-1371.06984505122
928,0.0157698299509078,0.0191699762279699,0.00212534771500178,-1373.54219593671
929,0.0236780414371133,0.0195354145766653,0.00191405382711194,-1373.74925522665
930,0.0177769310229233,0.0103607129084131,0.0022133529538357,-1371.99241121991
931,0.0182522885897417,0.0162096724626784,0.00213738473542877,-1371.06138485928
932,0.0211290056230721,0.0113653530210433,0.00167457158140483,-1370.81043816795
933,0.0247946648436864,0.0116518033386538,0.00137305224907148,-1372.30492117935
934,0.0243888804064598,0.0220695374806043,0.00120340148767485,-1371.89831317517
935,0.0221963855564572,0.0163323705541067,0.00197503294054913,-1371.24125871051
936,0.0252219017827516,0.0135159050487469,0.0018636067316684,-1371.14739700547
937,0.0161510528391791,0.0150741647663606,0.00189633756725347,-1370.7322837324
938,0.0227086422817861,0.0130898346972993,0.00203139721914925,-1370.60326209413
939,0.0191492826581461,0.0156399854312527,0.00208153726749627,-1370.5980260722
940,0.0204940803702846,0.0124890317139697,0.00196853533139467,-1370.0120593544
941,0.0188567934501672,0.0114878009329333,0.00167160328007387,-1371.06907436448
942,0.0227913860025901,0.0164653181385245,0.00185775133019571,-1371.14990263575
943,0.0186429752557623,0.0128290956040419,0.00180550221505833,-1370.03156343786
944,0.0183591998249271,0.0164283782271427,0.00145914093795402,-1371.36038820303
945,0.0203985619333891,0.0173893430346871,0.00164902956839692,-1370.90738914714
946,0.0185898965925762,0.0125989483015736,0.00201418648727268,-1370.03144709903
947,0.0215430714918386,0.0121979656134675,0.00172258478009857,-1370.25637062619
948,0.0205938492031388,0.0118894031310306,0.00189835634197125,-1370.1716640202
949,0.0245247139505429,0.0101895726569547,0.00220365598327588,-1372.58674185544
950,0.0186311870633236,0.0122682131602746,0.00215549132086547,-1370.3685181181
951,0.0250567763630743,0.00784405754956254,0.00166049794110126,-1374.37195886179
952,0.0196940696582175,0.0217060328893394,0.00168522712900425,-1373.42386330265
953,0.019369230264289,0.0222658662048459,0.00154620722480004,-1373.27189293058
954,0.0230106675816036,0.0205081790805852,0.00118067401139267,-1371.8329462655
955,0.0236727541876525,0.0205036141865842,0.00134550080591899,-1372.06587235672
956,0.0180980827284545,0.025359334250279,0.00113168575061106,-1373.21384245771
957,0.0251884099252772,0.0201294676357375,0.00137654891548765,-1372.26408710555
958,0.0209020591471148,0.0144833145828225,0.00229475482430163,-1371.42085559524
959,0.0168127710037435,0.0133034940168681,0.00182197615713168,-1370.49215759136
960,0.0222765677274873,0.011320692310501,0.00177678901159673,-1370.6869132128
961,0.0203581707608956,0.0102634684395687,0.00221523694123597,-1371.77193160295
962,0.0196205091917021,0.0155204605969591,0.00139114062703205,-1371.35634412663
963,0.0225888012889372,0.0136862686352097,0.00180963429550566,-1370.15184430773
964,0.022692278404098,0.0156742557416428,0.00193227019671033,-1370.93873969871
965,0.0164612758565304,0.014539117414874,0.00189879989217792,-1370.50268001708
966,0.0198596537388937,0.0143502516153918,0.00199710286034457,-1369.99817186198
967,0.0190701839172323,0.0128115294414413,0.00184111754106066,-1369.92160864457
968,0.0194665766792747,0.0119951385507291,0.00178549326059349,-1370.25841037531
969,0.0190555944245606,0.0117486050163094,0.00183558269268774,-1370.35955850157
970,0.0270432721414496,0.0131663862338919,0.00154434087111788,-1371.69372800607
971,0.0307093909958845,0.0230144766921574,0.000455798395078421,-1376.41947186148
972,0.0304627369419266,0.0332973460460246,0.000493778329086431,-1375.6056674241
973,0.0205343521373096,0.0298835404126901,0.00108608280620765,-1373.61460505298
974,0.020921743867448,0.03007954422289,0.00114026492340108,-1373.91943635749
975,0.0195620047872108,0.0294631436535153,0.000927938063073345,-1373.21422820302
976,0.0209631808990167,0.0264598092939468,0.0012855883815805,-1373.234282041
977,0.0222938233911009,0.0113422647308554,0.00134521162079317,-1372.71440947085
978,0.0258228677716754,0.0156485712344288,0.00175725772452448,-1371.74582254946
979,0.0216142715750869,0.0131680177135622,0.00153513892591139,-1370.53033679797
980,0.0218964739888285,0.0156093160890844,0.00173401193485936,-1370.35617498512
981,0.0177877768430732,0.0150032015744143,0.00216420468722345,-1370.63995774773
982,0.0187763388654091,0.0147092861543421,0.00223460192247357,-1370.78191883679
983,0.0201153067623372,0.011679148125852,0.00237209289003449,-1371.50342039156
984,0.0231618416603859,0.0117788220546381,0.00189969386801608,-1370.66367871623
985,0.0190961951429927,0.0163549489253041,0.00186867583605818,-1370.43272270073
986,0.0181209358425581,0.015237384720585,0.00165918308323603,-1370.3699800477
987,0.0240345994055042,0.0176150594074635,0.00139312224212616,-1371.67730159174
988,0.0207117625966189,0.0181934217185828,0.00139844898046507,-1371.66140489762
989,0.0209993319170072,0.0149408895770067,0.00199947448728886,-1370.35216703587
990,0.0201283334420675,0.0192213128099663,0.000910052566626583,-1374.04701031941
991,0.0341796494945332,0.0186590524571811,0.000764806814086006,-1373.87257051496
992,0.0308319153200051,0.0284622408091885,0.000600359019034052,-1374.53680409369
993,0.0231514755239159,0.0307288410677831,0.00115965186954048,-1374.51182271814
994,0.0200554729884731,0.0206300357711118,0.00144051340803076,-1372.35595283526
995,0.0225783760516129,0.0156969920356374,0.00161325961443401,-1370.58171248539
996,0.0187591889455139,0.0112656131304417,0.00228744105984728,-1371.23853340878
997,0.0250969971137976,0.0148762878263451,0.00151193412092283,-1371.18608523617
998,0.0210716428713098,0.0154697756219495,0.00181735895927064,-1370.19907307945
999,0.0193665370333962,0.0133065454998451,0.00213168994020743,-1370.17151165458
1000,0.0189191369788751,0.014351303462268,0.0018484416251765,-1369.8422163012
