"i","asc1","desc1","pol1","p"
1,0.0277510128330067,0.016195542998972,0.0303845485371436,-1940.43365942361
2,0.0271858000716127,0.0182906306303817,0.0166544200421979,-1745.06243214565
3,0.0184053032209438,0.00733852953820824,0.00714738446848167,-1531.32828862362
4,0.0139093624067532,0.0073171388956505,0.0017568277197156,-1439.35191677868
5,0.0176099838135774,0.0115250386074459,0.00153284624037646,-1433.34741637949
6,0.0290534660694432,0.00461143442741848,0.00160207007906224,-1431.06710722377
7,0.0320516087841485,0.00675142838722348,0.00147965852128208,-1431.93738664559
8,0.0305876581426021,0.00327280226817806,0.00141882278043411,-1431.96585223278
9,0.0363675181769077,0.00333526809199315,0.00114769689682923,-1433.62119495512
10,0.036641580713713,0.00316380203530175,0.0017896552153846,-1433.09928775857
11,0.0276339115819061,0.00761990439060099,0.00190098519908271,-1432.64903876642
12,0.0224771350480383,0.00700434883610769,0.00139984166779795,-1431.82791476521
13,0.0280385434384275,0.0113136037245886,0.00152776475041646,-1433.38639954055
14,0.018004609857621,0.0146738083425193,0.00134995247146499,-1434.38654278244
15,0.0202331516112484,0.0129917300139203,0.00146363234152237,-1432.96581341405
16,0.0246884087593872,0.00739217210566837,0.00182783559425415,-1431.59132167493
17,0.0272493955338718,0.00936113012113401,0.00133546167221765,-1432.03580886495
18,0.0341504272760697,0.00549765479360521,0.00173401395991349,-1432.65057659622
19,0.0323356066080615,0.00617434779063624,0.00119184360100306,-1432.57842544936
20,0.0383581463032742,0.00672808308043053,0.00123895865127328,-1434.06636998798
21,0.0277949139891198,0.00836691230989115,0.00122494407652631,-1432.28166580999
22,0.0240020616215498,0.0150349164290933,0.000596748884885211,-1433.31668914731
23,0.0353616584847143,0.0142907883857956,0.000859872606447071,-1432.85546930026
24,0.0307068513331629,0.0164679233015029,0.000811235048308795,-1431.39384313063
25,0.0302350468011428,0.0128633274433618,0.000994258229987046,-1432.31204952325
26,0.030256607873863,0.0142855276979455,0.000502479606734834,-1433.29001280929
27,0.0291716337067496,0.0145523648427981,0.000513226251602893,-1433.06238584062
28,0.0285680077453915,0.0203961095903716,0.000557056044312915,-1430.96042009702
29,0.0229317693204226,0.0217122367356412,0.000656064142346192,-1430.51030874419
30,0.0216545684842465,0.031625961097645,0.000978823325741996,-1435.73138539934
31,0.0243204917973678,0.00995500263443841,0.00110232893827693,-1433.05094648853
32,0.0333069939482577,0.0044067316658711,0.00198216480371292,-1433.32559677831
33,0.0242962432113249,0.0098548675396531,0.00140965953460701,-1431.56944572419
34,0.0241123842816573,0.0189923816601212,0.00138623857232315,-1434.84940240767
35,0.0268765013354939,0.00458697207690223,0.00139485107104974,-1431.98658325365
36,0.030334579103594,0.00388958002589848,0.00169928098094804,-1431.41834246989
37,0.0324987773723112,0.00438497004024651,0.00163496657038495,-1431.42706565223
38,0.0297917489213485,0.0049958174833756,0.00149321839209263,-1431.03614476243
39,0.0315972526988794,0.00651543399205829,0.00169270432885347,-1432.13235505348
40,0.030361058540045,0.00851078064612233,0.00148841905774818,-1432.41776323031
41,0.024783162635944,0.00873105564331024,0.00179976049025085,-1431.88790849771
42,0.0211091160050786,0.00598208062797552,0.00169613030093086,-1432.49962632757
43,0.0222721411735755,0.00593019616947304,0.00151409253365311,-1432.26297514245
44,0.0296664665344287,0.00503993449533619,0.00129014542013358,-1431.77575282243
45,0.0355088337937531,0.00347310508118548,0.00145112903252586,-1432.03545077658
46,0.0367159971346722,0.0020058363692709,0.00138760104232602,-1433.14339462896
47,0.034287495707747,0.00605706453707614,0.00129798554491657,-1432.48755653541
48,0.0311984220026559,0.00410068783403958,0.001852402781783,-1431.98397556289
49,0.0307091336871762,0.00425810439379538,0.00161614943378573,-1431.16577007605
50,0.0269827114391173,0.00644596572802175,0.00165726100895997,-1431.08011391676
51,0.0315515338341289,0.00435281486239453,0.00135576177888835,-1431.55948331539
52,0.030173341001838,0.00469827391225237,0.00209947465614998,-1433.46409182398
53,0.0264265039292048,0.00612295532530971,0.00131408215920439,-1431.80001282871
54,0.0254561455546458,0.00530256578140335,0.0013307676638826,-1432.36694634046
55,0.028160155741875,0.00357826695610212,0.0019595543495845,-1432.91315438119
56,0.0267162535540445,0.00761836293616213,0.00192030356142612,-1432.52449797065
57,0.0258416922984563,0.00808176843508629,0.00160230718556733,-1431.26522953379
58,0.0206732185396849,0.0101335968567153,0.00138873027922993,-1431.87038650737
59,0.0236865328916858,0.00675398974249631,0.00169980221689352,-1431.23481436615
60,0.0324358532342172,0.00513337935214749,0.00184480341347688,-1432.40241021187
61,0.0262165358931801,0.00674588601373489,0.00189570218903999,-1431.96068997871
62,0.0221847351074961,0.00819454161046219,0.00188719221593402,-1431.72863667617
63,0.0207699198974448,0.0109588244050123,0.00188455874289885,-1432.84334229522
64,0.0222244732645725,0.00840126639246814,0.00216024397325503,-1433.58157784982
65,0.0254194571578849,0.00470623589602392,0.00154527603201602,-1431.96019922195
66,0.0343343197058395,0.0051260430285927,0.0013679523873198,-1432.03192339337
67,0.0312177163113814,0.00222685565773404,0.00189886115056471,-1433.74707404006
68,0.0308355062429902,0.00714948344158528,0.00138445553369143,-1431.84804924982
69,0.0254333748184487,0.00837826152750389,0.00132375519301531,-1431.65755239562
70,0.0233446366997826,0.00731017143339332,0.00182751095979845,-1431.50192871319
71,0.0205815439393436,0.0105129287788897,0.00187827718960482,-1432.52257470839
72,0.0193879556461628,0.0065087254241733,0.00189481232444561,-1433.08025650051
73,0.0160737113082241,0.0105681689058159,0.00139668123885836,-1435.04000219687
74,0.0233224971168999,0.00981807575022882,0.00161336050852514,-1431.43259683617
75,0.0179059545750588,0.00900408712125717,0.00160598530853812,-1432.57432379405
76,0.0289130649646137,0.00779442106218466,0.00116653938442182,-1432.63128516662
77,0.0287389380636037,0.0149292750396282,0.00105711627431466,-1432.0134553202
78,0.0283924150650902,0.0148685509358515,0.000945980436937033,-1431.59318999772
79,0.0221527864844373,0.018318648727765,0.000864232516945399,-1431.3421286101
80,0.0212303589240309,0.0193554063223584,0.00112991491553845,-1432.7091964791
81,0.0236211594710623,0.0229895854427528,0.00108337927731414,-1432.99850553567
82,0.0234018774397106,0.0147954764929882,0.00135543276826813,-1433.17083117139
83,0.0264192553734773,0.0132988348746648,0.000891955938228476,-1432.22733384752
84,0.0286532258645435,0.00843887861235511,0.00114211978469144,-1432.81482871126
85,0.0249158715771663,0.0140128336654462,0.00115407918931552,-1432.30909449683
86,0.0265413479328343,0.0193068524847831,0.0007507911744205,-1430.58140344389
87,0.0294599922728424,0.0223021165963355,0.000520404585434983,-1431.52390779628
88,0.0307355777146754,0.0176038712490675,0.000757982068449055,-1431.22736343136
89,0.0274970518991343,0.0172771417165095,0.000798503557991501,-1430.87450851133
90,0.0278965192952895,0.0183362170038199,0.000980355097365317,-1431.65973568888
91,0.0287317340582224,0.0100529274647417,0.001751859487158,-1433.94461238307
92,0.0157347300456452,0.00796285121135422,0.00188214968774685,-1435.26729627475
93,0.0158046448471803,0.00859143505260921,0.00148294452927758,-1435.52281919423
94,0.0378390147556398,0.00389449858182579,0.00136913286098558,-1432.79743686371
95,0.033308607596826,0.00553261498926677,0.00156346788405452,-1431.82451060009
96,0.0374539831237925,0.00567092848651709,0.00147190592212346,-1433.29641409768
97,0.0247970290976205,0.00967955673081186,0.00163627827089256,-1431.74512612305
98,0.0191650003175113,0.0107516111065848,0.00140439147991718,-1432.52741552134
99,0.0229495390544831,0.00876791480329818,0.00154344823427334,-1431.05813465576
100,0.0232869820526564,0.00763843374476917,0.00130736444746213,-1431.93422730153
101,0.0315637184421528,0.00555138524568795,0.00163328354848977,-1431.46242546208
102,0.0274610138554122,0.00596139700822234,0.0014995888703918,-1431.02193318677
103,0.0310204895154717,0.00489642048520419,0.00160326551846107,-1431.14605133496
104,0.0298290978548261,0.00552026411286733,0.00114911601312242,-1432.81349155198
105,0.0326357002549633,0.00613160767329121,0.00139004417118176,-1431.86597631549
106,0.029319354726357,0.0034223319555241,0.00136316194583238,-1432.36938030726
107,0.0310157531185309,0.0054388128786287,0.00172737237092848,-1431.57006806163
108,0.0302587588910292,0.0054668459501879,0.00186427533929511,-1432.03630094353
109,0.0322435942279297,0.00598771358182945,0.00169597121229072,-1432.05750516198
110,0.0318655403416493,0.00307014948313052,0.00140471123776541,-1432.04900516822
111,0.0367106106576166,0.00411917695628529,0.00132071433952919,-1432.60225875167
112,0.037693311439561,0.00311182789658166,0.00133322247240835,-1432.87427184636
113,0.031758869886365,0.00361698772113274,0.00146736156892542,-1431.48889203642
114,0.030062169638819,0.00354157766160035,0.00149924227047989,-1431.5932121447
115,0.0323620131474528,0.00297100936165491,0.00150859218631822,-1431.86938578124
116,0.0312254624737617,0.0076186155579872,0.0014907174995696,-1432.17144505043
117,0.0347318173277854,0.0083630250469019,0.00138894729267953,-1433.67919752371
118,0.0245026472234597,0.00845459531712038,0.00195708589598218,-1432.57713097555
119,0.0252864643335015,0.00838757132581589,0.00146300224795932,-1431.25462024895
120,0.0235347416985452,0.0101681192438297,0.00122458977204368,-1432.23628260148
121,0.0241406966348782,0.00830997881747608,0.00168898276397254,-1431.2266211929
122,0.0227127659326476,0.00625800079610962,0.00178629832708734,-1431.79303790981
123,0.0275486247214313,0.00680030004890048,0.00125989232131689,-1431.94127013187
124,0.0289827968915672,0.0137258615221364,0.00104400132715412,-1432.13025515211
125,0.0281317644523204,0.020163645590886,0.00107578449913296,-1432.92042321101
126,0.0273791330122667,0.0127694229505421,0.00103726131783833,-1432.28792378898
127,0.0320709880322824,0.0143086816817957,0.000782788385732374,-1431.98976890317
128,0.0292437074236367,0.0147396637450146,0.000662334342068748,-1431.85742354204
129,0.027667646700915,0.026668370618271,0.000628323526392243,-1432.29854763893
130,0.0283461231540504,0.015096732655722,0.000657506057064292,-1431.726729264
131,0.0299702660257014,0.0136654993623684,0.000761648487164763,-1432.07182552214
132,0.0371935760330892,0.0181221668008994,0.000846272955786543,-1434.11137834456
133,0.0268933065750654,0.0241594722769968,0.000811657468573192,-1431.78154789462
134,0.0240651787444501,0.016666498804583,0.000763881247627618,-1431.38933968478
135,0.0315424879513918,0.014880305978734,0.000526993983990582,-1432.66376325996
136,0.035041550805816,0.0156584764929885,0.000837133664842849,-1432.71399577484
137,0.0239048677067832,0.0256504579040386,0.000824677455304345,-1431.6968267428
138,0.0232712585956651,0.0143617554513436,0.000876527776166544,-1432.58069759759
139,0.0302897072752268,0.017678715469012,0.00074278472402178,-1431.09959483987
140,0.0239541000180618,0.024461336329299,0.000613270236497324,-1430.84554210136
141,0.0250364182156869,0.0220838184975776,0.000513338100749164,-1431.12943661313
142,0.0219643122654534,0.0260647996656721,0.000608475107561893,-1431.20546757324
143,0.0230911161629259,0.0255437309632435,0.000780947512138051,-1431.29569518621
144,0.0207471569647028,0.0272800117790873,0.000530832970664184,-1432.03637784662
145,0.0237392246761012,0.0277265229227661,0.000683041717812254,-1431.88803296988
146,0.0208659436168035,0.0244019367536937,0.000631125749418124,-1430.93604303378
147,0.0245911928513672,0.0177402060462802,0.000690468683728095,-1430.99061673028
148,0.0273832853952884,0.0189194855442308,0.000665729652303017,-1430.60925004835
149,0.0265188524424007,0.0213784720640202,0.000475080281860627,-1431.48443120238
150,0.0276465213132613,0.0229877841201898,0.000980563949601978,-1432.95708128307
151,0.0200347163879602,0.0225292099502457,0.000768746631217917,-1430.9623823006
152,0.025688330204092,0.0237616676792556,0.000775743420539748,-1431.15009040143
153,0.0224564743969455,0.0196331501017917,0.000810728416367292,-1430.86296825284
154,0.0251900329207987,0.0155657853522171,0.00100209611714947,-1431.65964248607
155,0.0246799335384033,0.0146083790833662,0.00130907827388115,-1432.92723621882
156,0.0256502989764548,0.00678953937132039,0.0018929143512211,-1431.90366422681
157,0.0247817198339838,0.00501079945681903,0.00152559920278464,-1432.00792816421
158,0.0302855803272412,0.00503652323430227,0.0015779354712655,-1431.04048228922
159,0.0297638877544234,0.00748007565875877,0.00148387036188338,-1431.69167846316
160,0.0303513392559633,0.0027779835563534,0.00137624375068648,-1432.81393040408
161,0.0357770913123069,0.00195693210382948,0.00156603322565846,-1432.92397364323
162,0.0299249503600993,0.00758705832062613,0.00155305189860344,-1431.85964025519
163,0.0210391941943227,0.00756964828857079,0.00175692901104048,-1431.41662670696
164,0.0200138158556561,0.00589547170498399,0.00162070490010141,-1433.32220643396
165,0.0324779094511199,0.00382291558281997,0.001508114816669,-1431.39921553843
166,0.03587611923845,0.00420102935531597,0.00162853583675302,-1432.34270079422
167,0.0275579291554725,0.00704929447563827,0.00143443665770675,-1431.23419664752
168,0.0333296171095081,0.00703048120802908,0.00118800199343451,-1432.93806492808
169,0.0267300265030069,0.00498901656788985,0.0012227009403932,-1432.9904477041
170,0.031146195499522,0.00359607030029165,0.00149064952904061,-1431.46675576055
171,0.0308066516526903,0.00686486184954144,0.001979118177104,-1433.76382493372
172,0.0193150630986847,0.00604180233368024,0.00203799186938597,-1434.31854438085
173,0.0211698031662005,0.00939693681405497,0.00195202089647685,-1432.31221780692
174,0.0244443243166601,0.0085220058549265,0.00150109154120708,-1431.15149059416
175,0.0284066003131786,0.00428071889912424,0.0017687310546233,-1431.54851544048
176,0.0333587200556245,0.00629512272732537,0.00115787258583509,-1432.97324977623
177,0.0312692522348432,0.00470479797317386,0.00139114178950406,-1431.36009763655
178,0.0286320237598676,0.00740247078083169,0.00119441651526364,-1432.40253226022
179,0.0253461566865506,0.00663924834362189,0.00120813369413829,-1432.69148586964
180,0.0287935583350077,0.0139393547339398,0.000486367017328649,-1433.95644846723
181,0.0296638537149472,0.0182442013632006,0.000830241216511011,-1431.23437024167
182,0.0286891225822797,0.0180547386690418,0.000627017977396251,-1430.85857085147
183,0.0239585222084088,0.0176716250295194,0.000701522754461895,-1431.12172350767
184,0.0291631824892959,0.0162827644110413,0.000582203902267159,-1431.5296405298
185,0.0303434442901587,0.0162324767037003,0.00113615865763101,-1432.94396395605
186,0.0398167863238671,0.0117739386150963,0.00119722007407166,-1435.81673989501
187,0.0340009633600082,0.0115346705617857,0.00110922325893102,-1433.42540368099
188,0.0223820797504057,0.0233991474794296,0.000844241935795134,-1431.02593044138
189,0.0202662015112906,0.0265952431363359,0.000563535015259364,-1431.71155143965
190,0.0239897171788241,0.0256480729624701,0.000526833222278143,-1431.52482240922
191,0.0221718699942434,0.0269338378965592,0.000663175787872397,-1431.38754987397
192,0.0182191614774982,0.0252175204828119,0.000611352825020668,-1431.83283358868
193,0.021003418513387,0.019664402815324,0.000862307034099516,-1431.30587000885
194,0.0275682356451572,0.0145995283177803,0.000812214891607202,-1431.59535733901
195,0.020047311767149,0.0155695328980899,0.000816936916809611,-1433.79696557231
196,0.0356919032816359,0.0118793769954918,0.000730628181875672,-1433.47756650915
197,0.0313351866490937,0.0127094782644166,0.00106375059563892,-1432.66440188978
198,0.0295590463972361,0.0103135718114423,0.00118683971854143,-1432.82623603367
199,0.0298084989853147,0.0202081920718041,0.00100496077252037,-1432.83020060171
200,0.033231781946117,0.00667361890506936,0.00096171678437829,-1434.61639029426
201,0.0348349613538188,0.0180088265527387,0.000860923637041182,-1433.08355643157
202,0.0297170820700647,0.0136316865626558,0.000556004544439765,-1433.28775595604
203,0.0370691022574821,0.019507978869865,0.000700799217439418,-1433.62405931073
204,0.0368359388331802,0.0155809962550246,0.000606840806263762,-1433.13273150151
205,0.035689753440994,0.0210973512878175,0.000607753228211436,-1433.14404532861
206,0.0297996581796959,0.0167712829327707,0.0012079364849719,-1433.50605621896
207,0.0277862158867376,0.0190807815671464,0.000715540893363684,-1430.63788542441
208,0.0244589361275625,0.0192438800641366,0.000912756396458625,-1431.08169806794
209,0.0246073441745167,0.0169888725159234,0.000967128850905413,-1431.42204793213
210,0.0254980832176499,0.0109857849510396,0.00150194425644376,-1432.29077985946
211,0.0257161592117727,0.0110457757571024,0.00138150790116074,-1432.22661918176
212,0.019808868850114,0.0121352558960203,0.00139273580500045,-1432.750742976
213,0.0279270991955634,0.0161128665722204,0.000642867054113924,-1431.33778790906
214,0.0280242717867697,0.0231760450009397,0.000652784235818583,-1431.1466496572
215,0.0274439843147003,0.0213212108215136,0.000816457594240821,-1431.13360481877
216,0.0203200482026615,0.0234436053092411,0.000633091725920092,-1430.99420817108
217,0.0209940486193813,0.0247825407035991,0.000634540124812821,-1430.95295427142
218,0.0267047739567879,0.0252475549033487,0.000479412943141261,-1432.05458108694
219,0.0232656924690463,0.0260694064853179,0.000553218818772591,-1431.44451873275
220,0.0231395423708718,0.023363884313837,0.000713850455063217,-1430.57483889631
221,0.0253289584363114,0.0232254200600454,0.000652705114688549,-1430.66855730621
222,0.0228013800667833,0.0259355059543591,0.000586285450680848,-1431.24292949395
223,0.0218729003715365,0.0259366806621084,0.000845993777311744,-1431.67783393718
224,0.019371441718414,0.0207994387611401,0.00102627403430313,-1432.4508388719
225,0.0271459349710312,0.0263104349454751,0.000595204463618898,-1431.99012978549
226,0.0266622169607867,0.028408862124279,0.000592720790584153,-1432.80857770468
227,0.0179168560125482,0.0250318980299619,0.00074079670284936,-1431.6616770623
228,0.0274585096198915,0.0152463290948937,0.000882376407653998,-1431.37502489727
229,0.0318753567201244,0.0149625446555721,0.00072042734323443,-1431.82336061358
230,0.0253314049252235,0.0229696496189389,0.000669383978332923,-1430.62391587626
231,0.0193011562890765,0.0252156335673014,0.0009138063476732,-1432.03800962149
232,0.0265855834005272,0.0234552262801097,0.000590283847910116,-1430.97109460229
233,0.0180040462327547,0.0206227667346948,0.000759721117742341,-1432.19843400282
234,0.0181658565208937,0.0249181467523917,0.000575444387228309,-1432.08965945252
235,0.0284381627914419,0.0171899845788141,0.000786492482080999,-1430.93292949896
236,0.019879124640526,0.0169905922683773,0.000994029855694252,-1432.87592262045
237,0.0281710735799716,0.0211432881676132,0.000579330790968242,-1430.87001073922
238,0.0227243878436253,0.0251683744589571,0.000804741372060473,-1431.25802560268
239,0.0242841339257127,0.0202069342448189,0.000885458442216326,-1430.96337796101
240,0.0251822896010664,0.0240929570608585,0.000507306697962823,-1431.39170686985
241,0.0256393573546808,0.0234156381947628,0.000836872215493534,-1431.38158786352
242,0.018833506208847,0.0239815102648406,0.000751156279318088,-1431.29202943332
243,0.0332409100300973,0.021703623148868,0.000568389703202115,-1432.31341265958
244,0.0279115956597371,0.0219216646301823,0.000639537821187074,-1430.8342643949
245,0.0245730548430342,0.0184377665141888,0.00108712709804128,-1432.05410824176
246,0.0275947644613368,0.0162558477427403,0.000622271440548988,-1431.38783198956
247,0.0266042302202755,0.0234298127046587,0.000549469469588097,-1431.11883579417
248,0.0277617495615943,0.0191538622295052,0.000639860643592323,-1430.64765945495
249,0.0260476995478128,0.0157647230698699,0.000566504783749551,-1432.28110173394
250,0.0345510347920707,0.0193635628278106,0.000720733180106371,-1432.53809634283
251,0.0226963600360327,0.0236611629286287,0.000767200239617965,-1430.73785727971
252,0.024680124592688,0.017161182530555,0.000763943848337457,-1431.06759125573
253,0.0238585763953627,0.0164409583807504,0.000755428001165504,-1431.56407682757
254,0.0254759934224735,0.0153091062028335,0.00112829797387919,-1432.12203276708
255,0.0258256420307224,0.0136116440051047,0.00101086323164174,-1432.09339246415
256,0.0314290889616254,0.0139911071179712,0.0010650397842715,-1432.58686692955
257,0.0243395030495427,0.0172726862243069,0.000943810899652522,-1431.34197753215
258,0.0240612511515381,0.0222475770952803,0.000594803243105112,-1430.6307588391
259,0.017936038071592,0.0225226259001682,0.000875808642752697,-1432.03748175822
260,0.0276608917970906,0.0247187657426357,0.000582906505553412,-1431.54645418038
261,0.0277387946333026,0.0230182498261113,0.000659751689975251,-1431.04573377004
262,0.0262555854949623,0.0229119288820454,0.000860922902717389,-1431.53363279211
263,0.0274527736154687,0.0235312972259621,0.000920638078120205,-1432.55735138015
264,0.0265613196274567,0.0216887221960652,0.000480654243143483,-1431.42989304626
265,0.0251954843684169,0.0235846909305847,0.000561467351184066,-1430.94691383448
266,0.0229008818723796,0.0236448917079705,0.00101391715891159,-1432.41933502501
267,0.0274842035080841,0.00920990757439169,0.00105439021924024,-1433.36866683598
268,0.021590025378682,0.0219073743284954,0.000782249732677756,-1430.70086116466
269,0.0280184139003549,0.0258773708584759,0.000982115569067119,-1434.51378504718
270,0.0266543054862451,0.030881434384268,0.000918203196594411,-1436.31422390765
271,0.0133659743489918,0.0335024805276168,0.000684384062369427,-1435.99654209813
272,0.0255679548167638,0.0296451583109711,0.000480676968399692,-1433.54958802126
273,0.0294578465043582,0.023721770424439,0.000709453343055196,-1431.88655471815
274,0.0217037013142249,0.0235922160469428,0.000502473906166837,-1431.63854422178
275,0.0239924171526097,0.0222639878510376,0.000526195194023128,-1431.07296605719
276,0.0233319942307724,0.0236688179244719,0.000914478182277644,-1431.61216199717
277,0.0234632224075561,0.0149375597574574,0.00113856180033945,-1432.38132041915
278,0.0188471282539852,0.0169792156116349,0.000938150872737841,-1433.40783150422
279,0.0342766654251339,0.00709595555622467,0.00157925182178852,-1433.17192709184
280,0.0211484621519953,0.0102659659841252,0.00169452687981161,-1431.6625475102
281,0.0226604999965047,0.00869540701172454,0.00162103620967809,-1431.04961855696
282,0.0232810037723266,0.00660053024414897,0.00163805487781273,-1431.28683449268
283,0.0244171208380478,0.00629507903186175,0.00139517831212,-1431.73426207598
284,0.0308854873307342,0.00568489712026514,0.00168372968172512,-1431.47977638309
285,0.0292510853308066,0.00979371085062454,0.0010398618905721,-1433.23432685076
286,0.0305231343248674,0.0152050984655854,0.00105630634739474,-1432.34119135694
287,0.0260295305373661,0.01812573768798,0.00103993698609006,-1431.76649924316
288,0.0255528785696127,0.0173216763608144,0.00106620123385051,-1431.83031261928
289,0.023191751310184,0.0185019062573077,0.000941194780858491,-1431.34070847092
290,0.0340026279850177,0.0125192918912472,0.00108385692537014,-1433.30325283692
291,0.0337632588208618,0.00347277781959639,0.00144183243439199,-1431.75034772521
292,0.0351785080605794,0.00791761311489445,0.00101498942983934,-1434.0525235074
293,0.0399778264404103,0.0049806135136146,0.00142055039979932,-1433.9736483709
294,0.0231192138096725,0.0171137606426569,0.00107141062863152,-1432.03649626001
295,0.0190358767897866,0.0178771148336562,0.000963252664078173,-1432.9138516239
296,0.0287779219381788,0.0116841225000319,0.00130432909673107,-1432.99772697385
297,0.0261908066560092,0.00806151652577163,0.00162864311381503,-1431.36498497435
298,0.0238262530015606,0.0073904584081132,0.00166950484380928,-1431.07619317862
299,0.0213481253053713,0.00823821549098808,0.00168178998649922,-1431.11983385128
300,0.0209299912493507,0.00893319660064961,0.00170115369288323,-1431.23071322501
301,0.0196000795841944,0.0083522756023147,0.00138232902219126,-1432.40375421027
302,0.0196095020062981,0.0163615990079724,0.00110962919895332,-1433.40009872515
303,0.0322915419177144,0.00871344242353061,0.00134832854409208,-1432.97125102202
304,0.026725375834712,0.00479926869098762,0.00151004003524223,-1431.48014740457
305,0.0282941503442815,0.00528640082583496,0.00145924643305201,-1431.11491149577
306,0.028440306800603,0.0040098467474516,0.00148992013055436,-1431.57327908959
307,0.0308015577101807,0.00595081974316783,0.00187952550161002,-1432.47763801813
308,0.0187183145227765,0.00790039127893163,0.00186829321653187,-1432.44810516066
309,0.0238552194592,0.00552485964419308,0.00133362520237524,-1432.88744863771
310,0.0308532459605804,0.00384046378694225,0.00163689830332133,-1431.32860273938
311,0.0325577377278863,0.00418197933656427,0.0011112769577182,-1433.445606212
312,0.0395950250292145,0.00514877483370707,0.000974654528649536,-1435.36731631236
313,0.0283193833006494,0.00924441879320417,0.000961506032975868,-1434.02047013642
314,0.0408255313916167,0.00604587286540435,0.00155557563604043,-1435.37405939849
315,0.0263306974655984,0.00585456767402937,0.0018235895490759,-1431.54326401127
316,0.0281009792270888,0.00924217828288091,0.00126337700533876,-1432.3129902112
317,0.0337103603801275,0.0103674439161725,0.0013208190087149,-1434.03288991198
318,0.0336462613219256,0.00142188603056434,0.00178638702107958,-1434.41712596553
319,0.0337953337879945,0.00208456318113378,0.00181553396360847,-1433.33733646772
320,0.0368040670680751,0.00385299867141122,0.00213382638491356,-1435.78525794505
321,0.0368019009310923,0.00356417456712346,0.00161180081302891,-1432.50402372579
322,0.0287942935737947,0.00866515036764245,0.00107327240660679,-1433.27658156675
323,0.0331707733387992,0.0101345543039645,0.000803917642723695,-1433.88074596475
324,0.030766489940506,0.0185462419669991,0.000834441998433773,-1431.5636106307
325,0.0289090806143035,0.0173361042872228,0.000761065902013832,-1430.9302378227
326,0.0270943779637298,0.0151890104064176,0.00100509049928583,-1431.64913117992
327,0.0317016790831231,0.0144299852710611,0.00120564184829429,-1433.58081106068
328,0.0203632117036732,0.0241066239505702,0.000883060851499695,-1431.47302886279
329,0.0201583093678367,0.0235918945247701,0.000743293910803894,-1430.90871644175
330,0.0267255239979702,0.0164286893420576,0.000803521618651945,-1431.03941747439
331,0.0299546431129671,0.0153756195698559,0.000880173200145819,-1431.52916596201
332,0.0336647927142086,0.0169399936426358,0.000933329918010141,-1432.80962653093
333,0.0283317121923541,0.0121262700848208,0.00115847293280014,-1432.61767890568
334,0.0280778954425233,0.0129125879931345,0.00115095299289511,-1432.50027851846
335,0.0305189012070524,0.0132463818459288,0.00130311487399956,-1433.75353628965
336,0.0254909179754284,0.0210266584089011,0.000343902689392973,-1433.98857642797
337,0.0228387752416971,0.0324333610390376,0.000304642932471453,-1437.37857487094
338,0.0247541967324641,0.0212991762618597,0.000328216086217159,-1434.55123559389
339,0.0313112278145234,0.0214395944763999,0.000448544988813437,-1432.31361152211
340,0.0264648008191454,0.0221910147999084,0.00090263551735066,-1431.6773985551
341,0.0210908199746822,0.0223930394048473,0.000883717348786163,-1431.18775976236
342,0.0187846779672623,0.0213983080063721,0.000720986007469333,-1431.57723127786
343,0.0214627193810613,0.0200853580035043,0.000670096842339384,-1431.01296498157
344,0.0245278264367915,0.0191795778474984,0.00102084818625044,-1431.69204943335
345,0.0234803131259745,0.0211389884947081,0.00108446141224212,-1432.46880480955
346,0.0229596962137477,0.0100999266083566,0.00126777433639336,-1432.02381754654
347,0.0253300042204406,0.0109503863006125,0.00167121962323496,-1432.76816073978
348,0.0285044322834896,0.0101226365496643,0.00163452658789023,-1433.26721169754
349,0.0255205308044306,0.00624829836477194,0.00144960315584228,-1431.29916655902
350,0.0287994687248002,0.0101878373678414,0.00176502451295373,-1434.16905214723
351,0.0247200054441651,0.00633427144241611,0.00178233221344291,-1431.4456453201
352,0.0231416323586731,0.00631119237783564,0.00171194411275317,-1431.52061030326
353,0.0314522656157219,0.00468370054892915,0.00120401156941651,-1432.41661799916
354,0.0294138063454606,0.00858191312454262,0.00193986207762647,-1434.3039411024
355,0.0199668759843872,0.00773168999681324,0.00152667651364296,-1431.76465130962
356,0.0255592785114475,0.0061897891626688,0.00154478186034436,-1431.11017050793
357,0.0262772787900694,0.0107845299268991,0.00104292326245691,-1433.04945846167
358,0.0263003348792731,0.013406504928103,0.00100646255150672,-1432.11183227376
359,0.0288914745196296,0.0159504875893581,0.00105089277192513,-1432.00178551069
360,0.0284835322268639,0.014894425783095,0.000644878379789759,-1431.88511729956
361,0.0277629901835918,0.0164339447868236,0.000641749904489722,-1431.22334904262
362,0.0222314677947772,0.0225009964026923,0.000648076807801777,-1430.58826168931
363,0.0236954415031116,0.0223261617707867,0.000673373724688357,-1430.45595686086
364,0.0187908717628674,0.0200749858434625,0.000869813852494065,-1432.05400595191
365,0.025167319061641,0.0206404446853658,0.000705328763946994,-1430.43742442197
366,0.0190659769139105,0.0211723262388863,0.000729198630070417,-1431.48798203458
367,0.0214747314344944,0.0240451276897297,0.000767164331753993,-1430.82801636393
368,0.0277821525640404,0.0122313839435654,0.00130997397595779,-1432.90584890117
369,0.0268912626183958,0.0125626453199432,0.00095940223129129,-1432.43057824361
370,0.0298091737919853,0.0189823554137576,0.000546116656164919,-1431.18460958747
371,0.0288296588339044,0.0212403009604517,0.000838879604771481,-1431.59200426488
372,0.0235149062304192,0.0226134183478861,0.000475612368193668,-1431.65923157609
373,0.0214645919352159,0.0207975249328415,0.00101999817620227,-1431.95091652805
374,0.022264581597622,0.0249200882355447,0.000870169245111383,-1431.54171809098
375,0.0233704864086503,0.0218205681778268,0.000710769574919041,-1430.44414199917
376,0.0177857287336061,0.0305217356109071,0.000889896855015325,-1433.95721094752
377,0.0195599664233191,0.0265724809287855,0.000894658924128725,-1432.23291974822
378,0.0216119700027897,0.0144419891693943,0.00128869707730771,-1433.06622178348
379,0.0217878872317763,0.0121280005806433,0.0014330307817438,-1432.29129792713
380,0.0203498091029288,0.0120575603617989,0.00168178351912436,-1432.75235065858
381,0.0224668095944269,0.00661230985582861,0.0018287035668615,-1431.76559961123
382,0.0209439275425445,0.00896885246210698,0.00164723000535918,-1431.17120385916
383,0.0226127354753623,0.0116738616670413,0.00151641536845317,-1432.1191014693
384,0.0238257906926284,0.00795418144715252,0.00120343959711062,-1432.57982402607
385,0.0283660255438637,0.00561207199737531,0.0016254712001563,-1431.00315812191
386,0.026633249357577,0.00604753058245565,0.00163987861051591,-1431.0353188143
387,0.0181528093121223,0.00813825014250024,0.00170013930123023,-1432.52981800915
388,0.0248011940858303,0.00770018159450753,0.00160136719910618,-1431.05276099263
389,0.0221394639568612,0.00816708835461959,0.0015725114346594,-1431.03340149146
390,0.0241078346148598,0.0070377087458494,0.00160576033073955,-1431.05807520057
391,0.0311297836397541,0.00989209874772145,0.00182647434595363,-1435.47756508014
392,0.0218909398277755,0.0131047334859147,0.000837202137825207,-1434.40905328921
393,0.0403859255563774,0.0131890999897707,0.000963560704903851,-1434.93402332978
394,0.0256400382998772,0.0172349613457078,0.000501618797721515,-1432.21897855177
395,0.0316068860114933,0.0185391186334516,0.000851846501769655,-1431.90773404635
396,0.0254449515204466,0.0173025012733252,0.000724842557025458,-1430.93895043677
397,0.0255263250859729,0.02289123835576,0.000597638159786617,-1430.72080138447
398,0.0257112408250066,0.0207950538596534,0.000692692076576674,-1430.45409477334
399,0.0277638246579269,0.0182905735769655,0.00108905102309865,-1432.38340167836
400,0.0209383927654159,0.0198319571969421,0.000599340115183822,-1431.63828248514
401,0.029140995409378,0.0170696699811701,0.00098322164262223,-1431.75527316234
402,0.0384675868684343,0.0083249757783263,0.00104423692798984,-1434.47249727431
403,0.0287934059365104,0.0112897898881472,0.000988894622601948,-1432.8460131212
404,0.0366603958419732,0.0146418192490058,0.000568429881496153,-1433.42172103515
405,0.0362794199101881,0.0131299113984506,0.00107022719176249,-1433.93887475311
406,0.0342653587535899,0.00823828780390487,0.00152456721389072,-1433.80452130754
407,0.0289073936114032,0.00350200577420776,0.00154644509466935,-1431.80180665058
408,0.0317637471394558,0.00646789053590122,0.00153168776905502,-1431.74998704058
409,0.029026395753767,0.00527062076952113,0.00150590618115818,-1430.99884991577
410,0.0277803966379147,0.00693496036223595,0.00133320566054418,-1431.5477893064
411,0.0243182739277957,0.00742084129199658,0.00152143986179932,-1431.05097167287
412,0.0278382486876579,0.00576346524797113,0.00173089505028974,-1431.21896269462
413,0.0275842785742958,0.00488565829735896,0.00186099575898297,-1431.77636152266
414,0.0312281429845966,0.00480549074482026,0.00146753696892098,-1431.17587647701
415,0.0270632680389495,0.00661998081616396,0.00174830919689885,-1431.35800409346
416,0.0210201121339308,0.00872825102726311,0.00146672238315997,-1431.34494245087
417,0.0249736067011685,0.008313245671834,0.00143328945812146,-1431.26394968657
418,0.0214856994508968,0.00950729211973047,0.00141283063558006,-1431.47318127493
419,0.0200466118035154,0.0111072475369502,0.00175889540905596,-1432.41882429946
420,0.0196259849835382,0.0114160009034393,0.00155491502844443,-1432.31413987712
421,0.0239043256370108,0.0108823452853779,0.00138802239744612,-1431.85803266415
422,0.0279255307546341,0.00387585323887181,0.00143847712244759,-1432.01412083519
423,0.0267008629547888,0.00669815112414802,0.00170727650812447,-1431.21675020088
424,0.0245693281754609,0.00609695290509316,0.00152283591032114,-1431.36125530475
425,0.0301618563183454,0.00493330451631734,0.00171945335640492,-1431.28566032531
426,0.0297389406197807,0.00762588039262435,0.00133328056275169,-1431.91474672719
427,0.0246826045775656,0.00702715271027475,0.00156587813645753,-1431.040452032
428,0.0267037558578739,0.00577086324310276,0.00171819829989547,-1431.19133695406
429,0.023878190643087,0.0106710801437817,0.00162827810363214,-1431.99764100013
430,0.0244278390229885,0.005248487037015,0.00144645793896935,-1432.22196604738
431,0.0286508132234887,0.00514635975181797,0.00146724154491522,-1431.09101520504
432,0.0269270509880242,0.0053165812204773,0.00177948714196062,-1431.41906688196
433,0.0231260542543234,0.00851651685789214,0.00183390466625193,-1431.63744231201
434,0.0243566273047983,0.0104164742984723,0.00133813273953455,-1431.85898130676
435,0.0219961917533077,0.00665778005811458,0.00196193208133727,-1432.38843930488
436,0.0272925392995127,0.00856396528374777,0.000988836043760389,-1434.20849163845
437,0.0270095468261463,0.0068546768401294,0.0020912282377125,-1433.47386532221
438,0.0202314909383372,0.00831299274482401,0.00171949937994054,-1431.37468373293
439,0.021110313794431,0.00795852765496922,0.00126821045559813,-1432.66128325029
440,0.0230603437914505,0.010213210182964,0.00153370501230453,-1431.46407626284
441,0.0234056584109943,0.00994024619871331,0.00153313035991258,-1431.40426233795
442,0.0281765901789227,0.00975636856723704,0.00142440702964446,-1432.35488527056
443,0.0278167474427759,0.00841134220308657,0.00167904099304036,-1432.06940845827
444,0.0226671840852392,0.00718247440920128,0.00174963347820438,-1431.30898719862
445,0.0230287979072412,0.00763581778418189,0.00194562576202406,-1432.0491548635
446,0.0227774277364858,0.00766018619681159,0.00192623651744439,-1431.93011040348
447,0.022461685584452,0.0105652724619151,0.00187770577262636,-1432.7058259796
448,0.0218749862760669,0.00722182396951256,0.00148664784378697,-1431.51447436987
449,0.0266888993972898,0.00922298732522523,0.00170342637336905,-1432.29515553539
450,0.0222720633221999,0.00514033601765169,0.00142394762164152,-1433.71527769138
451,0.0361847354031404,0.00292381287138169,0.00143995978798868,-1432.33327311858
452,0.0352126235356334,0.0039588433281406,0.00158722299497725,-1431.99533036752
453,0.027214046002041,0.00477797383287728,0.00155387785778053,-1431.29167348898
454,0.0327287369778858,0.00290681678762791,0.00199976052803358,-1433.52239556325
455,0.0382640650048865,0.00259243737259969,0.00163712549323819,-1433.21769317044
456,0.0376602963823838,0.00258254262105089,0.0012795225026044,-1433.27385237936
457,0.0327573912760023,0.0108268486856639,0.00100921592524806,-1433.1014234954
458,0.0237216985880695,0.00923478748891345,0.000951059279907666,-1435.16792766336
459,0.0363758159329015,0.0204970585728539,0.000973484566037248,-1435.67240884105
460,0.0322294869750271,0.00888885346604606,0.00143682816227962,-1433.17030478905
461,0.0311657187520977,0.00742890082774019,0.00133199341578617,-1432.12816647313
462,0.034836894299135,0.00638757509861909,0.00193343138277506,-1434.86630518284
463,0.0358396107172643,0.00274585716930292,0.00144957287987204,-1432.34007873269
464,0.0339985224693364,0.00386560931903327,0.00155467531343929,-1431.6466650783
465,0.037437040623679,0.00333894176023918,0.00159404706666723,-1432.67922685479
466,0.0312379034124929,0.00529090916800278,0.00192881510325599,-1432.61091237744
467,0.0261583623161282,0.00723325448809432,0.00186047154569657,-1431.90395833225
468,0.0216320645263731,0.0126240802369322,0.00182892874717371,-1433.90377627443
469,0.0232253891765311,0.0080996223850363,0.0014327423458908,-1431.23961769906
470,0.0263062650346686,0.00867038799097771,0.00165466552736101,-1431.71017571188
471,0.0245421230455884,0.00901447170639785,0.00148559505032238,-1431.28651332722
472,0.022855636553166,0.0118237431417375,0.00152399683648076,-1432.23317033698
473,0.0236036117588892,0.00670441299927164,0.00189874195778695,-1431.89649501611
474,0.0190571773977508,0.00800888244653107,0.00156787676274248,-1432.07490345005
475,0.0256276545644063,0.00960307670391367,0.00139134673209625,-1431.72668902561
476,0.0168065398098201,0.0109713913948714,0.00238163806382223,-1437.42146223997
477,0.0228654413434081,0.00771430891570839,0.00205288846863616,-1432.72072927754
478,0.0228428937667877,0.00841989747174417,0.00134668712871329,-1431.59864802075
479,0.026498013141834,0.00572936668855005,0.00170896630662915,-1431.18850614475
480,0.0310091039242352,0.00370724534426505,0.00129585591103372,-1432.17122140863
481,0.0324893371586351,0.00526119357379121,0.00146827783693981,-1431.45463780963
482,0.0283698227578545,0.00589724819280042,0.00165699810632926,-1431.08286628308
483,0.0237376644116633,0.00738059545461389,0.00156782324989515,-1431.03194450236
484,0.0295303736699551,0.00340213121166407,0.00139754911062729,-1432.15795598047
485,0.0374027641518081,0.00315229295643685,0.00111040801563489,-1434.15818851241
486,0.0317872451211349,0.0144837084362301,0.000848103632865964,-1431.92664821147
487,0.0324850706890438,0.0188623808204912,0.000687616942475825,-1431.60170430323
488,0.0246967480740257,0.0239036595723418,0.000677088817366682,-1430.74097723705
489,0.0241092130740257,0.0243061638161691,0.000800078691319681,-1431.14550297123
490,0.0235968144136839,0.0225096352034399,0.000701473767036544,-1430.47094001177
491,0.0223320282029579,0.022735977739134,0.000611150561767066,-1430.69901739427
492,0.0241244971674759,0.0186356954879291,0.00134316148456369,-1434.26788816106
493,0.0213114926876122,0.00842877720145993,0.00161073643870601,-1431.07601760292
494,0.0265797675402872,0.0118130262406178,0.000921130741307941,-1433.00363495118
495,0.0282054569888366,0.0147177966084568,0.000905338471556052,-1431.54478866733
496,0.0260966584438429,0.0178341317925475,0.00107120035219383,-1431.93657013726
497,0.0243177124624262,0.0199448661611528,0.00058313210158753,-1430.84756559095
498,0.0222347780649393,0.0172759716866382,0.000872953029279442,-1431.65641992891
499,0.0310247790399709,0.018642865362756,0.000632299124158298,-1431.16005468749
500,0.0236331001313406,0.0258635409351364,0.0004812813889532,-1431.96882888658
501,0.0270298737205335,0.0206045319181264,0.000801133446102609,-1430.85918527823
502,0.0314372599777192,0.020974528239768,0.000473728974850468,-1432.04579261352
503,0.0295095411599619,0.0240301438254045,0.000853699924901679,-1432.94198831468
504,0.018802855863858,0.0230290481180698,0.000584323596066994,-1431.85880400433
505,0.0263571490521352,0.019859709452578,0.000700281853445746,-1430.49496477306
506,0.023248589553028,0.0271003529603757,0.000655936413983492,-1431.5302041077
507,0.0240399755360064,0.023049075477196,0.000946476365412728,-1431.79296435649
508,0.0233023257144119,0.0188242689182528,0.000677157843775259,-1430.92019228476
509,0.0208430779703285,0.0253378737983236,0.000590913317209101,-1431.22762053367
510,0.0277440906700769,0.0230025608833821,0.000645208119866806,-1431.03082754945
511,0.0304590590894529,0.0269427018066112,0.000575707708992143,-1433.36651119946
512,0.0334910006815642,0.0191794855210006,0.000617530831823675,-1431.88876328325
513,0.029823033334136,0.0197437826699119,0.000765062208113585,-1431.17504904897
514,0.0235108657517312,0.0218427120643969,0.000623218535614135,-1430.54639406718
515,0.0245791059701254,0.0232594545726799,0.000759176020677346,-1430.77200818328
516,0.0215813915903411,0.0224302978808193,0.000738467695025073,-1430.61884195194
517,0.0243582448113176,0.0175392913359583,0.00104202852777159,-1431.73482144397
518,0.0239966545513845,0.0201800630393983,0.000506009243709432,-1431.49759073381
519,0.0255192287156139,0.0249078505832082,0.000793984558962964,-1431.58208738014
520,0.0198601492235684,0.0184304067769375,0.000749297717656201,-1432.14916461203
521,0.0289921969924601,0.0184172547109014,0.000710777190598236,-1430.80200122862
522,0.0227908302787649,0.0227821677654582,0.000810820440769588,-1430.77389764165
523,0.0253848540156295,0.0212683908564414,0.000548395999386879,-1430.85033038747
524,0.0279261507026207,0.0167831230489447,0.000661784319323059,-1431.03699821268
525,0.0304556292185847,0.0208474326667534,0.000555381547023092,-1431.33645541592
526,0.0285702709422501,0.016561370824526,0.000802375765833966,-1431.0527316309
527,0.0324696923039994,0.0196126823271972,0.000720817177892164,-1431.79202009553
528,0.0206890961141473,0.0261546919804414,0.00064522430676855,-1431.22271628546
529,0.0217194142563908,0.026145301582307,0.000784943036602265,-1431.40439612326
530,0.0211358710407735,0.0259365024552939,0.000710390914743395,-1431.12355413266
531,0.028342621885891,0.0189657404032561,0.000761773036841476,-1430.79483744558
532,0.0293419621343157,0.0167517207023026,0.000727679635190208,-1431.03903236505
533,0.0301464801525384,0.0239326252217864,0.000639991192860385,-1431.99102919905
534,0.0209190043399495,0.0159424209527432,0.00163068986904305,-1435.34942516714
535,0.0234655063101288,0.0121015160330131,0.00156160607874658,-1432.56921299913
536,0.0244645911086315,0.00661349555212332,0.00147306395662684,-1431.29588454515
537,0.0241485186093347,0.00699721908973665,0.00149793799754958,-1431.16503351417
538,0.0262764129441297,0.00753398378287795,0.00161394156797617,-1431.18543695443
539,0.0190010272257983,0.0102894936285025,0.00181432081310605,-1432.40936483908
540,0.0201336240486497,0.0103963297094216,0.00153638140796611,-1431.75080977963
541,0.021129783285132,0.00718024129306583,0.00165009101886365,-1431.46817400547
542,0.0207765654717501,0.00921215166707271,0.00185490378367311,-1431.77027928775
543,0.0201894616598157,0.00906668022314688,0.00183815784242765,-1431.75336216989
544,0.0209287022946231,0.00926591611461785,0.00161909221902189,-1431.21571327699
545,0.0238249283284476,0.0087790351763069,0.0014098878074876,-1431.31623039776
546,0.0246064049603664,0.0080043155367135,0.00182400630866605,-1431.69285804905
547,0.0214257946360172,0.00720847069310757,0.00159666606459841,-1431.40620184581
548,0.0293476981501836,0.00655151875399632,0.00153912260568354,-1431.23358212362
549,0.0241655516239158,0.00986231377744066,0.00170955289333905,-1431.90497747571
550,0.0241459824163276,0.00544392221009597,0.00137244739949672,-1432.56257935174
551,0.0346992073364298,0.00966274875208153,0.000802998195472964,-1434.15519214577
552,0.0419523240426298,0.0100126412557295,0.000702073636093399,-1435.39290347154
553,0.0369499104336578,0.0129980420687436,0.000901590917425918,-1433.44929046609
554,0.0303907337130653,0.0155895362911003,0.000856306543817693,-1431.51960384411
555,0.0300676207099849,0.0216334702701112,0.000522758614935748,-1431.51467646371
556,0.0295038408381981,0.0197803455224569,0.00103543326011734,-1432.84109238421
557,0.033534354204603,0.00735100245567332,0.00104709370469301,-1433.77310379913
558,0.0336872251283261,0.0102575592866956,0.000914103531146883,-1433.4302828316
559,0.0292298842055711,0.0279104660344326,0.000773473829907361,-1434.19946245734
560,0.0313446775286009,0.0241558690181642,0.000755752832185893,-1433.03420640168
561,0.0192979613958919,0.0250016133781331,0.000552844093925736,-1431.83044457317
562,0.0266192488104632,0.0201278004526901,0.000721015912341901,-1430.53392049774
563,0.0213190988408463,0.0192036584641826,0.00106440891576393,-1432.24803106142
564,0.0227278050666038,0.0155759617965506,0.00101004218412158,-1432.19555726433
565,0.0270805962845279,0.0153881604312327,0.00110929908768415,-1432.07611529948
566,0.025062432953452,0.0166253426541448,0.000863969363993311,-1431.19152892223
567,0.0250757093465536,0.0223438608392015,0.000943625200776661,-1431.74991490395
568,0.0263746583790929,0.0214111775483886,0.000944260765886745,-1431.76423850741
569,0.0341208842192587,0.00526784018707066,0.00145962219037148,-1431.9033090495
570,0.0287382279737663,0.00515816280111597,0.00173072462251496,-1431.22007232158
571,0.0270398993559225,0.00563223737316462,0.0016037276894778,-1431.02443821966
572,0.024084483667745,0.0103780326666746,0.00172353229094928,-1432.22601426379
573,0.0213805839262453,0.00665089431188116,0.00187593671439614,-1432.14562787868
574,0.0206024869626532,0.00856427067260906,0.00189322678251902,-1431.80686403246
575,0.0221186828492754,0.00669835163605815,0.00208883127720107,-1433.11799865916
576,0.0241197402878976,0.00701309150516449,0.00197278227221589,-1432.27104662362
577,0.0241718601446715,0.0036211950970477,0.00137753595616146,-1435.29687748042
578,0.0362060224367422,0.00791150627550571,0.000966376638836326,-1434.3765755496
579,0.0291283759519446,0.0227884929784516,0.000435422994680581,-1432.28231049792
580,0.0221006523834983,0.0257183630637302,0.000770255349993118,-1431.22495339391
581,0.0214519213248405,0.0324496043852926,0.000662652047180252,-1433.89151496647
582,0.0203326553200396,0.0204618131305952,0.000844821836142193,-1431.28990477289
583,0.0269832820119335,0.017211458797879,0.0011938488675741,-1432.83341089973
584,0.0286502789496369,0.0111347699568051,0.00166834719215064,-1434.24666425078
585,0.0239987608351669,0.00671570629170672,0.00150333619987769,-1431.25583399822
586,0.0231138288266161,0.00738355620324653,0.00173437453616294,-1431.20883613523
587,0.0239562404291607,0.00743245787344566,0.00190009176326566,-1431.86530995004
588,0.0221370342166531,0.00900433281300283,0.00163739820024826,-1431.09443350385
589,0.0211837298936057,0.00822121223690554,0.0016328230331051,-1431.11069723009
590,0.0328995201440725,0.00664504699967973,0.00173229031389577,-1432.88685632266
591,0.0294400335730018,0.0037105516020213,0.00164701620938021,-1431.50008518002
592,0.0296177421713445,0.00629434446843851,0.00115808403473345,-1432.66555062593
593,0.0262784531659178,0.0166106423702675,0.000882677956652254,-1431.12005692548
594,0.0265921758436791,0.0157449302699768,0.000720380336849305,-1431.37014700486
595,0.0298609361121198,0.0176420061423794,0.000881028633254982,-1431.45096125666
596,0.0247587962424849,0.022614814389439,0.000548155782287199,-1430.89010642581
597,0.0199480852097972,0.0189033379664941,0.000796574833273153,-1431.83113025887
598,0.034565556739231,0.0166594878794274,0.000428100078172193,-1433.42883132557
599,0.0266477233186424,0.0225349451160965,0.000805510451649666,-1431.17888023167
600,0.0228747122340662,0.0237628557827475,0.000761466694357139,-1430.74225333891
601,0.021405405093809,0.0204590299719281,0.000661724666730015,-1430.95647145915
602,0.026146606827211,0.0212642368996318,0.00075695083671294,-1430.6455006973
603,0.022415973942853,0.0188714936659455,0.00113788926338119,-1432.56408394044
604,0.0259564241328039,0.0129624332067457,0.00101003149698585,-1432.30841148775
605,0.0346050918656862,0.0227772720052601,0.0010302973242684,-1436.55060989161
606,0.021927305852218,0.0210356559161322,0.000697892639599531,-1430.64692595816
607,0.0314492668860118,0.016189644589158,0.000746801963790809,-1431.47627754757
608,0.0285344216472002,0.0167872241082128,0.000720514838657413,-1430.96614098852
609,0.0291151300491298,0.0199078528325025,0.00053555319001918,-1431.13028297526
610,0.0299519288563168,0.0176256562338395,0.000860644807762199,-1431.38276427319
611,0.0316121778224838,0.0194250512112815,0.000543235046842259,-1431.52290421172
612,0.0280110718467301,0.0184493348028548,0.000582702729010147,-1430.9175701884
613,0.0253510423261524,0.0197682023148788,0.000615920279350335,-1430.626144308
614,0.0243103604467766,0.0208862419769904,0.000971855696281219,-1431.5625305729
615,0.0267637606339962,0.0142145010934482,0.000768271140275985,-1431.98065022201
616,0.0357644621041803,0.0196862782189319,0.000720967202717306,-1433.14606630037
617,0.0316750419178497,0.0137778716142495,0.00082951232895009,-1432.06394052201
618,0.0282731706493752,0.0255769706960741,0.000739564250991547,-1432.38054887787
619,0.0185579600155647,0.0259148659672125,0.000624255864326836,-1431.70116992193
620,0.0185642625731752,0.0292329154038884,0.000768273405440916,-1432.58384190427
621,0.0213145487731659,0.0302926056668244,0.00054099523188672,-1432.98106436107
622,0.0188493426565293,0.0264272941148224,0.000941450622857509,-1432.63076712421
623,0.0209065557737129,0.0123144370832795,0.00197269017136032,-1434.51220921068
624,0.0195378733161068,0.0116358703019079,0.00125337697233847,-1433.28187050253
625,0.0194421072864835,0.0109973489934076,0.00155291393299573,-1432.18108939277
626,0.0226070002086876,0.00982231551699631,0.00148778304560611,-1431.30343361028
627,0.0232559902052602,0.0103927928581351,0.00149100133433446,-1431.54748996811
628,0.0200049577752801,0.00889605956076921,0.00179963925177341,-1431.63934083724
629,0.0167853306909998,0.0110873093539816,0.00154765465941642,-1433.78752790187
630,0.0173983898058013,0.00849373584264475,0.00189579668295489,-1433.29078170532
631,0.0202767163320855,0.00869069998657934,0.00191027266265638,-1431.95149636324
632,0.0242573412731811,0.00467610374661314,0.00143575742605887,-1433.00067356705
633,0.0369679324960624,0.005191007177141,0.00160097558929864,-1433.11977704396
634,0.0253628032034784,0.00621606509931859,0.00155184941323135,-1431.1257683119
635,0.0296390106944801,0.0100626218238498,0.00118237651311422,-1432.82618937058
636,0.0275456661148087,0.0110265265288935,0.00112978583328124,-1432.67929872438
637,0.0263058421020548,0.0110501267949581,0.00137929829501943,-1432.35776764144
638,0.0228952321434817,0.00781610080210287,0.00147397727993596,-1431.17830604676
639,0.0238579326641354,0.00998317741190619,0.00155961522224871,-1431.51895070049
640,0.0196413666852358,0.010003050810461,0.0016588297724595,-1431.76711335245
641,0.0196958451085798,0.0102267477152827,0.00193581135203239,-1432.74567544937
642,0.0187054459946537,0.00875432334150678,0.00185997211954898,-1432.31917842983
643,0.0212166025040375,0.0103269538123958,0.0016379111334825,-1431.57588829454
644,0.019907809355624,0.0108260684261977,0.002018971019986,-1433.59315815456
645,0.0229714013785141,0.00648233236485731,0.00146803711411125,-1431.69821494385
646,0.0198076665383548,0.00719242830736667,0.00169335148113362,-1431.91741213961
647,0.0259626309687755,0.00724402068013665,0.00158900528375263,-1431.0679264041
648,0.0259902356805763,0.00553045566959505,0.00172804259173603,-1431.33364324403
649,0.0283552347715259,0.00616221426679172,0.00155942855637318,-1431.01786589064
650,0.0318845343211912,0.00432742869495928,0.00130828682381579,-1431.80510670059
651,0.0315919138123111,0.00468610149505148,0.00130536069820438,-1431.74443668864
652,0.0302924023540986,0.00542347081870905,0.00209289734353899,-1433.63091131678
653,0.0197852520969977,0.00983804206419656,0.00239050774296633,-1436.14758623444
654,0.0201835766340072,0.00653544530370193,0.00179497597463564,-1432.4230995084
655,0.020406985995148,0.0117736252925648,0.00149661870501372,-1432.295449282
656,0.0203480720408311,0.0111459603716772,0.00166089036214911,-1432.12791901491
657,0.0220246195973565,0.0105345021274326,0.00171902960802941,-1431.88736762631
658,0.0211322868420036,0.00843287743499331,0.001444817504748,-1431.41913270238
659,0.0258172986252226,0.0106406477057271,0.0012177676839248,-1432.3661038073
660,0.0265820581624743,0.014307760964794,0.000899309676203079,-1431.73382071756
661,0.0312108777384033,0.0160990471791885,0.000928086076207099,-1431.90337542331
662,0.02936874080419,0.0166021875132666,0.000526515041382872,-1431.79432029645
663,0.0264756373299977,0.0187127249335729,0.000669435487645735,-1430.61064883677
664,0.026195675503829,0.0182765366584091,0.000696888589013884,-1430.66149289815
665,0.0196943556216035,0.0263069860503105,0.000793443372455401,-1431.56502707544
666,0.0230940282430222,0.0198614191367785,0.000835817151391538,-1430.81420700503
667,0.0227740264487476,0.0192076154493988,0.000896037669367451,-1431.13969537081
668,0.0207354398354252,0.0239421267216756,0.000918331729750551,-1431.64242637289
669,0.0173977066168602,0.0251540491724628,0.000922332593178342,-1432.58033671177
670,0.0176941814997112,0.0262810283692435,0.000538352803396399,-1432.68535139874
671,0.0202330902908528,0.0287399808261975,0.00084669606997868,-1432.70895722476
672,0.0194719400180102,0.0250389843365587,0.000648410235408496,-1431.24804779459
673,0.0266397101737121,0.0229057900885297,0.000572777206568556,-1430.92563764691
674,0.0272958399351209,0.0193089067248804,0.000937828508901998,-1431.4488775523
675,0.0249529891403613,0.0223307795526404,0.000982510749581392,-1432.04836440982
676,0.0267847337558848,0.0143320926967486,0.000584584840180009,-1432.97290139285
677,0.0327659187302531,0.0168185332326162,0.000537517638210156,-1432.02372423594
678,0.0305641939588146,0.0180743804027774,0.00088000264863866,-1431.66842438047
679,0.0319461364688103,0.0127024713443108,0.00104317349629466,-1432.69630815749
680,0.0265802861880931,0.0199002011453482,0.000481432449479947,-1431.50496981584
681,0.0315047228234706,0.0161887804568727,0.000534647091321283,-1432.01631188773
682,0.0287521329611892,0.0217670965426816,0.000898151452517239,-1432.14128848728
683,0.0318359019551058,0.0108916116422489,0.000964529019808748,-1433.0283982199
684,0.0281956277064949,0.0208240760204597,0.000691397871408258,-1430.76064648213
685,0.0196752781077746,0.0278941414609999,0.000883766383675351,-1432.61721096175
686,0.0193304299016941,0.0278345066695241,0.00076546293056923,-1431.9645883209
687,0.0214674207726951,0.0192037409926299,0.00074747088452098,-1431.15462964662
688,0.0243982567974126,0.0179334099530962,0.000702303882718305,-1430.93601089598
689,0.0255952259800747,0.0312047374006615,0.00085256701120363,-1435.39922795135
690,0.0191768328800843,0.0244425606245196,0.000597440333503312,-1431.52658816205
691,0.0291902571647939,0.020045770971549,0.000571433298789988,-1430.9717711453
692,0.0270159738122997,0.0257168598892868,0.000689238639350198,-1431.82436055825
693,0.0241302735597147,0.0228346622042593,0.000551631917053794,-1430.89126740098
694,0.0299800525285283,0.0229669469767769,0.000578112825547303,-1431.61164132152
695,0.0197952434274533,0.0248984380359116,0.000674226483907092,-1431.10116772808
696,0.0198766352867175,0.0274414350999437,0.000598176138482064,-1431.79166359034
697,0.0214758711778776,0.0213945136196692,0.00061772114563474,-1430.92611877529
698,0.0284960836754864,0.0214061727725227,0.000512008727560444,-1431.28087086694
699,0.0233396970875999,0.019163172675695,0.0010710573587875,-1432.04537452256
700,0.0286771820405237,0.0106100731456592,0.00153154214891551,-1433.22334436175
701,0.0305003930918146,0.0118984118538773,0.000816972945772996,-1432.85192419641
702,0.0333582381315268,0.0196232908021523,0.00079712692962549,-1432.4822045046
703,0.0293303684876272,0.0199652814557936,0.000467736611979641,-1431.70174050368
704,0.0245715740304165,0.0213576811903782,0.000604629468643648,-1430.57281546174
705,0.0322643273181007,0.0126905509232566,0.000599019979364523,-1433.54104227731
706,0.0297586251855885,0.0211559875682179,0.000881394359896567,-1432.14279703618
707,0.0282943057989735,0.015798474829313,0.000618918852256303,-1431.56191748344
708,0.0261628862751873,0.0177498645411521,0.000651361529079361,-1430.87437088408
709,0.034860998485516,0.0118577156665917,0.000638059227085722,-1433.91915252818
710,0.0386496082560617,0.012580414710531,0.000918014287268378,-1434.03203991645
711,0.037589063092623,0.0122854473230144,0.000681588428098256,-1433.92329876152
712,0.0271278604237355,0.0282634738730215,0.00089159636518311,-1434.5401690191
713,0.0141999715324017,0.0238741367955789,0.000646894656069296,-1434.69608352461
714,0.0195017786051434,0.0233149814250743,0.000760743106751421,-1431.08747755249
715,0.0279088552802534,0.0188886565784089,0.000801988445072378,-1430.8492072085
716,0.0279532672883483,0.0156240195830915,0.000818165364270162,-1431.23278854047
717,0.0316101807820617,0.0178418817090194,0.000576832998220248,-1431.44342184677
718,0.0361956307393753,0.0206762773288326,0.000761693187278664,-1433.88688395618
719,0.0339490657015286,0.017126049136219,0.000899291931790734,-1432.75864358478
720,0.0258629044880672,0.0239102268041405,0.000619748747264597,-1430.90984753757
721,0.0203002884225741,0.0206278246830511,0.000853807446034256,-1431.29862792423
722,0.0281163263054386,0.0197306117600822,0.000889102318483423,-1431.38347926388
723,0.0253304699933443,0.0179808071145383,0.000998206333744823,-1431.48515010075
724,0.0242428257416755,0.0192803729400333,0.000852052392835242,-1430.83613367564
725,0.0246154823053413,0.0163295169014857,0.000823159199341289,-1431.33682846055
726,0.0274466895349293,0.0203220311403415,0.000520191046072259,-1431.09627865706
727,0.0292946177697083,0.0212479457020667,0.000773836582077362,-1431.36549495008
728,0.0166422202699626,0.0271862783985604,0.000815826394166058,-1432.64682826275
729,0.0290257433677833,0.0278672514947247,0.000535196624157222,-1433.35949770286
730,0.0196439624715197,0.0249924601767328,0.000515716872960169,-1432.08224784428
731,0.0245569189527371,0.0226765638652373,0.000768266987158497,-1430.69277098809
732,0.0162794673486679,0.0231785894386586,0.00101736050398373,-1433.68859311881
733,0.0249982176226863,0.0157244494131184,0.0010842408115569,-1431.93599631101
734,0.026607521890157,0.0129399172770619,0.000979543361928173,-1432.265569501
735,0.0402352478578055,0.00233801598983654,0.00184260807844761,-1435.38205852865
736,0.0280678581874951,0.00847775914146807,0.00153467285482396,-1431.8115248928
737,0.0198966124673222,0.00911726310698268,0.00188452217632176,-1432.01505454778
738,0.0224859056571812,0.0104847389767235,0.00191668500115063,-1432.89290795993
739,0.0206392288690048,0.0103080477615208,0.00163084964002731,-1431.6249249479
740,0.0206060181226197,0.0116946807053902,0.0013906055409393,-1432.337784632
741,0.0246113837696755,0.0114388645683079,0.00178617817465328,-1433.45298482377
742,0.0254670718420166,0.00332008711247946,0.001711492765159,-1433.78937738946
743,0.0323201820972012,0.0055518616723981,0.00150836997949315,-1431.49287123179
744,0.0250410086773424,0.0116128296642567,0.00160993398661878,-1432.83515743557
745,0.0248073209679075,0.00569828695453034,0.00176164888557956,-1431.57390687511
746,0.0229627207604008,0.00898253239827027,0.00161191194589693,-1431.11528631338
747,0.0251647177163361,0.00671934737589952,0.00154241273184263,-1431.06591469656
748,0.0285903557288112,0.00349229706534664,0.00151217993296173,-1431.96489771499
749,0.0349007893715171,0.00381899430385458,0.00151451892123989,-1431.83802538921
750,0.0393190681176682,0.00549282607170801,0.00159062208202334,-1434.35665026645
751,0.0201839250384321,0.0048627516338613,0.00189533786075554,-1435.30085533751
752,0.022827655050816,0.00893094658085865,0.00162771071168959,-1431.10907795451
753,0.0198273725003991,0.00774318183717815,0.00151947833054248,-1431.85125902894
754,0.030439357673558,0.00563089265077006,0.00151760525276295,-1431.12944617732
755,0.0305644258331457,0.00617849657687192,0.00149631008396733,-1431.31276988804
756,0.0269409246967166,0.00543634655064468,0.00161504833668491,-1431.0772749756
757,0.0274969991559694,0.00753592341950659,0.00133936408824286,-1431.59934628132
758,0.0258017441075637,0.0070851776250023,0.00161151567380211,-1431.05520393264
759,0.0222712401118826,0.0073777047983795,0.00168328531370998,-1431.18794113343
760,0.0229097335177938,0.00655000004700436,0.00192068560374521,-1432.1028589256
761,0.0209755635906708,0.0102923307590673,0.00185259502884498,-1432.25346230597
762,0.0207573094246145,0.0103797868522807,0.00181684377132823,-1432.15108060006
763,0.0220996733672852,0.00890857878972177,0.00150298867253375,-1431.11058719865
764,0.0292642204316966,0.00591877627117388,0.00161362460963637,-1431.10055237371
765,0.0267115854043099,0.00463591828158669,0.00144575309141458,-1431.78691236237
766,0.0324086846335143,0.00517699456716374,0.001691543007869,-1431.72138879099
767,0.0275450946814072,0.0054374835766856,0.00152887355338296,-1431.03744527352
768,0.0321873808351968,0.00498714388721802,0.00161520523637746,-1431.40710496538
769,0.0326609861396178,0.0064174166168463,0.00134933720934354,-1432.05652649955
770,0.0327846908805178,0.00593180742738313,0.0017827719578016,-1432.61092123114
771,0.0321885766530113,0.00325128567737822,0.00134870734159521,-1432.11025964176
772,0.0340135452486977,0.00398914686879598,0.00183933551680173,-1432.55673096723
773,0.0266016875589436,0.00759413956656922,0.00144152367819896,-1431.26337911432
774,0.0282098737130141,0.00794699503297977,0.00169458958133713,-1431.96624905982
775,0.0171409873608467,0.0115295711609738,0.00202611311652889,-1434.86315216283
776,0.0180169989922978,0.00810705425324122,0.0021241696532928,-1434.02861099437
777,0.0245527591699464,0.00839175007959544,0.00114874730933832,-1432.89545037125
778,0.0287090979728577,0.0131857451242076,0.000754163989114126,-1432.41504889824
779,0.030869753228317,0.021399883727418,0.000768238505543226,-1431.87552039059
780,0.0324958189292839,0.0111693013712678,0.00126117593901525,-1433.65576754512
781,0.0317071723847911,0.00859238566210673,0.00152239391958335,-1433.01157320066
782,0.0308495524034864,0.00611612115133777,0.0014660228766477,-1431.36059397121
783,0.0259777330582757,0.00531616126485584,0.00114850425588549,-1433.86846652407
784,0.0411004753678134,0.0050043089109517,0.0013240780775737,-1434.485109066
785,0.0294529439890552,0.00541581807486575,0.00147019674685858,-1431.05299845671
786,0.0321400828497392,0.00397637246990362,0.00179397528101037,-1431.87789844909
787,0.0266189975236997,0.00845203230150805,0.0014440619830489,-1431.48196694421
788,0.0234271001210477,0.00889386926094314,0.00181992370819368,-1431.74439273437
789,0.0215759290218394,0.00835954087085461,0.00136879548403576,-1431.67701381544
790,0.0272017257296055,0.00677044260757833,0.00125669727264048,-1431.98366767852
791,0.029309894197252,0.013369554888433,0.00148512691802498,-1434.7062633598
792,0.0258148473487822,0.0129249932747793,0.000757554560382053,-1433.178056072
793,0.0365096237107225,0.0183802589693926,0.000532887955498185,-1433.05340058928
794,0.0272196448588324,0.0182281524121008,0.00089375547522938,-1431.09747818011
795,0.0206047064425236,0.0250081585832628,0.00107251914367757,-1433.32619497146
796,0.0205203081998398,0.0244312003225543,0.000962403183640505,-1432.10412460399
797,0.0200729918667216,0.0263140283286794,0.000523129057232192,-1432.0230179613
798,0.0256392858348655,0.0248754649120561,0.000691370300159281,-1431.18124216225
799,0.0257959885489995,0.0251076628353857,0.000788277979228445,-1431.69227956589
800,0.0214413589773335,0.0259430304761687,0.000869225165303507,-1431.8117002855
801,0.0183241935274512,0.0219067695453474,0.000595840101603741,-1432.25997568214
802,0.0304094580751326,0.0197608052588245,0.000634229158852602,-1431.06548307337
803,0.0226901096035907,0.0208411338973967,0.000748017419535088,-1430.55974923908
804,0.024383322407952,0.0218251612674156,0.000595621397246553,-1430.61022199254
805,0.0280217352629103,0.0205026157436933,0.000591182977848187,-1430.76883325005
806,0.0240084112099534,0.0254865833641337,0.000801550228696551,-1431.51635424543
807,0.0212592598284291,0.0190706043979807,0.00110552282671491,-1432.52480955557
808,0.0200756793500319,0.0211706307113236,0.000646895478754777,-1431.28014761074
809,0.0277207139961816,0.020499945937087,0.000702314219373902,-1430.66155778709
810,0.0259128946998868,0.0189375000218724,0.000676204814388574,-1430.57952456333
811,0.0235994417568014,0.0205698163767418,0.000719951116666483,-1430.48069664427
812,0.0341508476924894,0.0152162484925472,0.000998600654785563,-1433.07657414481
813,0.0215480549493849,0.0261993016008287,0.0010222969560051,-1433.2767727891
814,0.0189448574350612,0.0249312620672283,0.000717962340766651,-1431.29611436796
815,0.0197954387405507,0.0228738653563081,0.000724217627868742,-1430.98047655454
816,0.0258612823486181,0.0217910598170829,0.000659202194485446,-1430.52095140957
817,0.0204618390996328,0.0251504134025598,0.000672108900170443,-1431.01492549891
818,0.0221020512668447,0.0245846589594088,0.00072005242896448,-1430.79421674717
819,0.0256390795194342,0.0270307427664693,0.000541816242851272,-1432.07675570851
820,0.0275762353809116,0.0317554451756205,0.00071118847455367,-1435.46760450997
821,0.021004507830675,0.0322198537618878,0.000585876664131516,-1433.72447839218
822,0.0179333065452044,0.0270972070046633,0.000899846308578155,-1432.67865400414
823,0.019644660219875,0.0265100859889926,0.000834339924967547,-1431.82194392738
824,0.0186443408120646,0.0212864857510829,0.000820347296692416,-1431.70749516083
825,0.0168143216468448,0.0195481207735405,0.00098297801063387,-1433.76664721727
826,0.0349435206678285,0.0168592648054973,0.000618170860893721,-1432.33416817567
827,0.0245910531675032,0.0264171506333904,0.000710963170235536,-1431.57638042368
828,0.0239291812068911,0.0244635965368732,0.000584230128619987,-1430.93727223972
829,0.0242229571205486,0.0233108798251687,0.000777276809175418,-1430.81015216735
830,0.018934293194899,0.0261733285182938,0.000793887226853439,-1431.65545237377
831,0.0229310788319834,0.019528452145513,0.000527884270136228,-1431.70101007791
832,0.0246214625222549,0.0247517027895966,0.000572984261139162,-1431.08853002916
833,0.0219077048794954,0.0203594146193016,0.000943273672529508,-1431.39311357322
834,0.0243239609332877,0.0148833264239842,0.00103006404374325,-1431.98675818545
835,0.0285161772085941,0.0160453135352326,0.00105268824975304,-1431.95266085547
836,0.0259589509920571,0.0153322066149377,0.00133727338921757,-1433.3909202913
837,0.0181277037565718,0.0109138682877526,0.00151912631213791,-1432.83750191636
838,0.028673217550956,0.0100872748516774,0.00152752002378353,-1432.89324224579
839,0.0201245599658103,0.0140021567533998,0.0014638630495123,-1433.51085691563
840,0.0231741162692071,0.00887097323150787,0.00153096618355172,-1431.09162343546
841,0.021574140912538,0.00850041103918537,0.00165727346212523,-1431.06895017197
842,0.027914960268756,0.0091393780621748,0.00182948369194241,-1433.35195227412
843,0.0248641677026569,0.00896830041395732,0.00114895169938009,-1432.77395128257
844,0.0199412711479866,0.0155148340449161,0.00118304033703312,-1433.49677210858
845,0.0260411555764669,0.00892727818038117,0.00136385896058895,-1431.66405175998
846,0.0212224585704035,0.0107049308444447,0.00186276180309694,-1432.56635192175
847,0.0227989150040313,0.00509689344802523,0.00121187942885187,-1435.27260634169
848,0.0251212151799437,0.0190133371233859,0.00108888112486432,-1432.17515293078
849,0.0237565900501163,0.0166676960297546,0.00079539281466279,-1431.433189139
850,0.0241437589212853,0.0212884209750328,0.000802928757527239,-1430.63698247991
851,0.0208748715130071,0.0236553319706857,0.000583760681431113,-1431.10919790383
852,0.0378829961782013,0.0142669986538865,0.000777361549248051,-1433.56845542053
853,0.0337948726474819,0.0123945933795746,0.000693556824256065,-1433.1833194803
854,0.0351966262318472,0.0193021699457874,0.000803187730404405,-1433.22636230928
855,0.0366963965083052,0.0150458728671194,0.000764538457804178,-1433.11729619941
856,0.0339695335469021,0.0175964186175846,0.000724246435825217,-1432.08870218698
857,0.0266548821389022,0.0199212519442317,0.000902307319044725,-1431.22794231976
858,0.0289740992778725,0.017193539943956,0.000936432976158139,-1431.49321668069
859,0.0265658868849042,0.0257336543974155,0.000995464169194012,-1434.00934424026
860,0.0190002813362048,0.0159109405900739,0.00147502368572124,-1434.70198691892
861,0.0207124946310648,0.00693260662820336,0.00175792628465642,-1431.82603798991
862,0.0273516425888517,0.0075910650097386,0.00117852630928813,-1432.53417975999
863,0.0304695781228362,0.016413746903495,0.00126167854321291,-1434.11952883078
864,0.0315125663153459,0.00231042943559105,0.00156639641290865,-1432.74633756583
865,0.0375665807042834,0.00423393124276975,0.00157106576322503,-1432.84339454377
866,0.0358668748997017,0.00357801519698886,0.00148296780625749,-1432.08678133443
867,0.0333918206048761,0.00473479805418756,0.00135819735626554,-1431.76359405149
868,0.0277052132225524,0.00748755131030373,0.00166266517974067,-1431.50240208276
869,0.0221355589589125,0.00888170565535616,0.00163233068036012,-1431.0677340268
870,0.0210828818026718,0.0101289984383387,0.00160922262048364,-1431.46802170569
871,0.0207170631195313,0.00981907641279971,0.00179440257352316,-1431.78190927382
872,0.0210244389554712,0.00767608726308413,0.00199221723824136,-1432.30598795486
873,0.0207594614784401,0.00886297021476257,0.00194923205602369,-1432.12025701785
874,0.0234130637270566,0.0059936163107581,0.00166587466025849,-1431.61061950571
875,0.0224166156955338,0.00816718567818724,0.00127574844630094,-1432.16335532169
876,0.0287445145359523,0.00868071541442207,0.00130181796467168,-1432.16367663889
877,0.0237119222530651,0.00873143492160929,0.00146269772081497,-1431.1824144748
878,0.0212858547053485,0.0102186900429577,0.00145901994218212,-1431.55035584997
879,0.0219287893550786,0.00935024540823345,0.00177121755186795,-1431.48884458076
880,0.0251165978181026,0.00832117092213015,0.00126671895915503,-1431.94620068523
881,0.033054590779365,0.00516091542055057,0.00138850676490817,-1431.67529058444
882,0.0269670049527957,0.00861600563036902,0.0015166533914671,-1431.59773095159
883,0.0199741188057371,0.00824194251263673,0.00167088508269013,-1431.43016787693
884,0.0196753270335587,0.00847672244573419,0.0017540148241296,-1431.61396467162
885,0.0213214821278908,0.00895813951423191,0.00187138515016665,-1431.74303229138
886,0.0194536996595261,0.00957095626171443,0.00192803215671579,-1432.46591406114
887,0.0222587772577933,0.00685368826881978,0.00135372494052878,-1432.26159824501
888,0.0223149355135558,0.0092125707773133,0.00185700745116236,-1431.83758832156
889,0.0212361691486796,0.00915081031922667,0.00147068250547339,-1431.30055060146
890,0.0250929894251612,0.00495157859478446,0.00134429459220964,-1432.74306125601
891,0.0364452944585684,0.00329717280627997,0.00160902314976402,-1432.38219152656
892,0.0304067132598299,0.00458365934192422,0.00132928000320992,-1431.62259457906
893,0.0305776013659908,0.00540259126419604,0.00168950065333751,-1431.34089603042
894,0.0216041892314226,0.0112477682542447,0.0016357553917317,-1432.05442895641
895,0.0243773982901158,0.00482009775537716,0.0017096460655949,-1432.26501090918
896,0.0326475182276019,0.00457228459943361,0.00144360240607266,-1431.41134710592
897,0.0352154127743465,0.00244401771206885,0.0015293067814128,-1432.40079567117
898,0.031175767851524,0.00587457240928386,0.00140876770483052,-1431.42635270462
899,0.0256950273765213,0.00730963925300411,0.00171508871713994,-1431.27874626324
900,0.0229367830573311,0.00670979280550378,0.0018791161554684,-1431.85120478742
901,0.0178433175996304,0.00967679317664682,0.00172938522794237,-1432.59436832679
902,0.024127256183634,0.00453990147409256,0.00173016071400286,-1432.74591193849
903,0.0313098206018186,0.00307062753943807,0.00156082203200579,-1431.79283240649
904,0.0332114695017198,0.00720267367699388,0.0014530635016321,-1432.5478505135
905,0.0202674829385681,0.0106842401435429,0.00138225274120251,-1432.14189272285
906,0.0234529878778627,0.00497584951266971,0.0017047676395311,-1432.56366544133
907,0.0320551867454324,0.00388727792241538,0.00198314554063477,-1432.94173722907
908,0.0300683777074368,0.00408833259392251,0.0013471612601086,-1431.75438646712
909,0.0291192948155856,0.00617346963643604,0.00150165729581115,-1431.09595500332
910,0.0321152639953261,0.00248809942735942,0.00168681081445468,-1432.48355747648
911,0.0378240406191534,0.00317380687736614,0.00116144850363535,-1433.79092188819
912,0.0376276785579664,0.0107211375337243,0.000776847161883945,-1434.03340780524
913,0.0281811339093798,0.0190666660154387,0.000695991262716747,-1430.66513742509
914,0.0241994350346953,0.0241207147320415,0.000490895537159674,-1431.53149415861
915,0.0231508985323434,0.0235394656653762,0.00114453044205215,-1433.8011965491
916,0.0254864297018592,0.0231129715349204,0.00113075237918608,-1433.95087021743
917,0.0210652718858097,0.00663662574012401,0.0012899472315047,-1433.4820471431
918,0.0385074609308803,0.00138168375383727,0.00169998084046375,-1434.4108077022
919,0.0324959650160302,0.00317257540112065,0.00172809847780957,-1431.95768079137
920,0.0342168156970352,0.00660408391267386,0.0017545564858883,-1433.55144884822
921,0.0263175649098864,0.00547008134151968,0.00158713785060331,-1431.15788315079
922,0.0269047726618462,0.00741319824962594,0.00161030176129075,-1431.22538525048
923,0.0261298562057163,0.00843498369427087,0.00152761433924114,-1431.36476958045
924,0.0266508084609308,0.00867870267023953,0.00152587357267336,-1431.56050047372
925,0.0208970029730885,0.00711112861460695,0.001571781409288,-1431.65258664362
926,0.0230500690140494,0.00713030202915703,0.00147744767568609,-1431.32461946773
927,0.0218888761196964,0.00938082217886221,0.00162512434355408,-1431.16757143049
928,0.0222462891823318,0.00692508109751554,0.00180228715176421,-1431.58144523715
929,0.0219358955519529,0.00833288159694091,0.00165070985061076,-1431.04489639947
930,0.0207829689819854,0.00909091028504866,0.00172234984553718,-1431.32264330584
931,0.0219278924874984,0.0107546501172134,0.00152902258819501,-1431.645225909
932,0.024442539242053,0.0060630555449926,0.00159252384103166,-1431.31933614353
933,0.026170080869299,0.00427324417379882,0.00187913270410413,-1432.49388473756
934,0.0294341884767671,0.0056895868762955,0.00165509128285662,-1431.14187763182
935,0.0276786925608508,0.00613542317944777,0.00167433370252348,-1431.10862207072
936,0.0290878224551613,0.00916904928270933,0.00106119908554455,-1433.27208107533
937,0.0258344269046496,0.0113457377634591,0.00103943215633355,-1432.89822128255
938,0.0289107922896911,0.0118223800432041,0.000906552035027033,-1432.73902686115
939,0.0308115297501144,0.0212062467793624,0.000843699558440912,-1432.25861161852
940,0.0282506193292844,0.0145876646783824,0.000852222149004482,-1431.55210013255
941,0.0246023219548535,0.0152264441770114,0.00108117096529546,-1432.00886337638
942,0.0240261859977556,0.0147664933619168,0.0008714969613738,-1432.09859792633
943,0.0267270265952622,0.0229218193175282,0.000804776715345534,-1431.29611617362
944,0.0260782349179669,0.0177641087411498,0.00107949549183304,-1431.98069977028
945,0.0263046629285293,0.0165063175118589,0.00113455568718452,-1432.21328748004
946,0.0229225925480567,0.0178759701221078,0.000692700376411139,-1431.33785739398
947,0.0279176730982114,0.0249995856794822,0.000643001023935939,-1431.69943440993
948,0.019756871327324,0.0168173667239551,0.000682670297582953,-1433.61751203791
949,0.0291892062327529,0.0171991075806613,0.000873075651985205,-1431.26545413447
950,0.0280916354546708,0.0189481828700849,0.00084546465686165,-1431.04923795162
951,0.0258507101831367,0.0214026469592335,0.000846572543479552,-1431.01661196681
952,0.0191872359826076,0.02315802750791,0.000804023259950875,-1431.27520514988
953,0.0207614798104245,0.0222224358950141,0.000892616414740259,-1431.27378054686
954,0.0262184230878338,0.0165850528602353,0.000727313399567525,-1431.07311254273
955,0.0295227575366015,0.020029538207036,0.000552188554463336,-1431.10117043088
956,0.0248992740473155,0.0241537306228016,0.000640517728151593,-1430.8189911364
957,0.0255140670970046,0.0208242243328659,0.000870506645414093,-1431.01879246225
958,0.0205086780411388,0.0181748858338516,0.000753083527822747,-1431.96041898993
959,0.0202661554643087,0.0254887728404864,0.000673635063092754,-1431.10143514991
960,0.0262396789937123,0.0231207117655879,0.000700238119779147,-1430.8285978507
961,0.0233429566108465,0.0219443583894154,0.000689627901227101,-1430.44302077314
962,0.0333726337306629,0.0202254012047977,0.000587017586561643,-1432.00802797705
963,0.0284980874488325,0.0136554299238802,0.000842383654200635,-1431.92772977955
964,0.0274026078812034,0.0145377708596374,0.00123918945145251,-1432.81421978461
965,0.021438082687189,0.0107083710182767,0.00159147651083691,-1431.68516090543
966,0.0361716864096049,0.00407118279737413,0.00164405275818542,-1432.45570670935
967,0.0349521186340416,0.0044201327841117,0.0012615105458803,-1432.45765030579
968,0.0292785193252891,0.00639643890844593,0.00158955732897971,-1431.21248124976
969,0.024231557171658,0.0085011529658519,0.00166594265510211,-1431.2363680375
970,0.0185155296196056,0.00924431986806381,0.00158889168728091,-1432.16923615145
971,0.0245001166963776,0.00942913703642527,0.00154384733944148,-1431.41243197298
972,0.0265152637488904,0.00280907835664376,0.00188034612085153,-1434.44392890384
973,0.031309173131501,0.00369447212187037,0.00127306651092372,-1432.30127232901
974,0.0281538559070221,0.00741651202058584,0.00180983461200031,-1432.15531808751
975,0.0232031991458725,0.00807359072520056,0.00183599436288329,-1431.56404858446
976,0.022215539653064,0.00882747741358218,0.00179151848272516,-1431.43084249777
977,0.0206292823587799,0.00856968689497142,0.00187465958863359,-1431.72482333276
978,0.0184651531536609,0.0109030811770524,0.00174587258827497,-1432.71292474645
979,0.0188567063493665,0.0101445022679245,0.00182106863986791,-1432.42031555474
980,0.0254403595174865,0.00947416184612865,0.00129300876042663,-1431.92493023108
981,0.0244753136302081,0.0104689748241993,0.00140161365195668,-1431.79031482905
982,0.0200018589841604,0.0113659274441152,0.00150591266315921,-1432.19505531994
983,0.0141477372875373,0.00904873437184922,0.00144094676898584,-1438.18083757907
984,0.0386660811234667,0.000862329522045907,0.00102609191367195,-1437.7003690559
985,0.0382356376203385,0.0162767660731581,0.000798657545147247,-1433.93491054729
986,0.0321179165529695,0.0143749098989258,0.00073972006811388,-1432.01590441039
987,0.032687372155851,0.0166587279939594,0.00085627978150866,-1432.05293683934
988,0.0318460950536463,0.0137351778487012,0.000831297042443352,-1432.09910855727
989,0.0321483532196824,0.020472250566541,0.000491962789424963,-1432.0186235569
990,0.0235368190477779,0.0258439659182805,0.000538843888712097,-1431.47819731917
991,0.0186728289955451,0.0248955047342623,0.000935881938481338,-1432.25541754999
992,0.0196364558024953,0.017050648232915,0.000913363780834346,-1432.90508078816
993,0.0247216368641522,0.0262381585029932,0.000448015793844431,-1432.46977667628
994,0.0276849102995011,0.0215323007603677,0.000792612796615077,-1431.11056901589
995,0.0282283976471765,0.0196674658242416,0.000604093925263756,-1430.74389944467
996,0.0268707334181588,0.023826880954013,0.000821625128155317,-1431.72119234907
997,0.0235528923605829,0.0224645810022908,0.000880163185439218,-1431.12850346905
998,0.0243454228761401,0.0166963878369147,0.000721977398337731,-1431.38759381277
999,0.0268161308965622,0.023019460634569,0.000482417091130478,-1431.54684483155
1000,0.0203779902199725,0.0280020841511742,0.000591497265283421,-1431.91819420713
