"i","asc1","desc1","pol1","p"
1,0.0212053201750154,0.011030991956157,0.0262766538762463,-1853.12232624119
2,0.0205854175595567,0.00841750201825704,0.0061003510933464,-1491.29910108993
3,0.0195534098590724,0.00917035092160548,0.0050264866768557,-1467.59189813113
4,0.0118827467106516,0.0141534363079997,0.00318415936473944,-1434.46385130539
5,0.0143252903805813,0.00934060008134178,0.00113050283376047,-1430.70079748076
6,0.0254203610573811,0.015139277506731,0.00172963365912812,-1427.5002765777
7,0.0208500658883164,0.00895742276595479,0.00194105176602099,-1422.80424034618
8,0.0221447716243671,0.00809835801062735,0.00185198185856431,-1423.28697134584
9,0.0222166377918816,0.00860867329072083,0.00176896998333023,-1422.94638729228
10,0.0169407982277297,0.0132205447045365,0.00174321371143428,-1422.74039535039
11,0.0195200521873642,0.0117711950680171,0.00180648248613656,-1422.54086336488
12,0.0160954769218369,0.0109427565562236,0.00156513608348647,-1422.9179218246
13,0.0165485006343652,0.0111387878682394,0.00212047845733676,-1422.95037776568
14,0.0163105403467496,0.0117759799741882,0.0020573622151203,-1422.80946901928
15,0.0166441393433554,0.0127596215422394,0.00151087330084529,-1423.03039919825
16,0.0240085119460268,0.0102006260787754,0.000987857750544304,-1428.02525794002
17,0.0216955283125253,0.0302041086210343,0.000356830266377821,-1427.99017114865
18,0.020814932825984,0.0389540730835809,0.000534813292855237,-1428.71141272141
19,0.0136066165556444,0.0386430436791043,0.000922724707923112,-1429.62981135348
20,0.0103043336290298,0.0373265921872362,0.000855665271585089,-1429.86283376357
21,0.0166337050980471,0.04122372682302,0.000764386551706334,-1429.85065793471
22,0.0170594434420864,0.0316877551608739,0.000818284573927615,-1426.01817499037
23,0.01734054398389,0.0314002534171287,0.000846630775851714,-1426.03695858504
24,0.0177741991654869,0.0294134617281333,0.000832399705111106,-1425.42074673223
25,0.0204904266657556,0.0217054106301116,0.000896814726742973,-1424.5867913872
26,0.0253927686909816,0.0210915063450998,0.000802330581957501,-1425.08512980752
27,0.0211696852669024,0.0231951995287277,0.00103527203838313,-1425.15905633478
28,0.021629651798662,0.017899694084014,0.00108671615341027,-1425.12036826887
29,0.0217674717749306,0.0174962947678069,0.00111457308620877,-1425.14868502979
30,0.018375333418285,0.0188453686912792,0.00103000821048024,-1425.22559628586
31,0.0187011918428104,0.017719216497081,0.00129145408164672,-1424.93111817142
32,0.0147143461455807,0.0145476524876912,0.00144555234673776,-1424.19842159787
33,0.0172490637234168,0.0146736582010521,0.00129128827492118,-1424.39070436468
34,0.0186054995177303,0.0125305711647636,0.00164356983559549,-1422.63385439338
35,0.0204995378277876,0.0113485398323184,0.00200476457156096,-1423.30603404845
36,0.0172041427377582,0.0116577536607851,0.00163302311088329,-1422.38623462386
37,0.0227798023737938,0.01018771623868,0.00164872527133067,-1422.99425889466
38,0.0211947243018745,0.00927275153327427,0.00163576534485846,-1422.53411619056
39,0.0182196999678462,0.00995832403638976,0.00210286438371223,-1422.89306783087
40,0.0155651006548212,0.0120682264565106,0.00187902667440809,-1422.48960147186
41,0.0186553847094774,0.0102084758320206,0.00190372711906237,-1422.23105253987
42,0.017750118236012,0.00965937678062704,0.00218973423257963,-1423.36018302304
43,0.0164344300615379,0.0101906921082649,0.00157295352202402,-1422.97573147901
44,0.0168414369082788,0.012311012419896,0.00159707546278862,-1422.61810731385
45,0.0121960827837942,0.0158334489533412,0.00166839086552429,-1425.68222361598
46,0.0128897182481607,0.0123204236822131,0.00166338066700425,-1424.18926455595
47,0.0242460915654443,0.0135760584495484,0.00106457112552008,-1425.96735484912
48,0.019297625949165,0.0130696518116805,0.00124395957002292,-1424.42870114602
49,0.0190891326567635,0.021274610056047,0.00115137212650345,-1425.3941652968
50,0.0188809301478048,0.0138283573353169,0.00185950053422439,-1423.70834639562
51,0.0154104702998954,0.0105509551221946,0.00192307626409323,-1422.64188729134
52,0.0168038584029837,0.0107753671674367,0.00210371789588226,-1422.83581409863
53,0.0174537478609398,0.0105448294792269,0.00216768277718319,-1423.13296175588
54,0.0183433657082275,0.00920655904052554,0.00167271109581585,-1422.5046849723
55,0.0200951022969587,0.00954361652732873,0.00146055063758882,-1423.02808171352
56,0.0182600954999155,0.0130024928547265,0.00162575486769383,-1422.80784330338
57,0.0164730687012136,0.0095183086606852,0.00160684905481283,-1423.13904913254
58,0.0166790503041009,0.0091926489203738,0.00188430682126658,-1422.76804476546
59,0.0204284330210035,0.00955841646693069,0.00181135410468668,-1422.32204008817
60,0.0195166764590508,0.00993516480725015,0.0017947661363107,-1422.16393218095
61,0.0178427488408309,0.0139427891108482,0.00136418095894221,-1423.85233123285
62,0.0187161371344921,0.00919778022418783,0.00209719029310223,-1423.06623150425
63,0.019673541969828,0.00957868906701732,0.0012857394849036,-1424.47969135425
64,0.0197873985816211,0.0103836769900468,0.00231391295637929,-1424.59530249784
65,0.0166667353973211,0.0110019666179003,0.00144679812120391,-1423.40347612585
66,0.0189531226865406,0.0159267454211162,0.00140708771389549,-1424.3961170467
67,0.0183498459937907,0.0103939893683446,0.00184072765133176,-1422.10356601828
68,0.0175583675585379,0.0104915524118215,0.0018369485657816,-1422.10811842374
69,0.0252819737386582,0.0118525998200701,0.00178845718313616,-1425.32649336651
70,0.0271015393128078,0.00594912723993745,0.00155800023433152,-1426.53545130358
71,0.0225559518882429,0.00952951272525221,0.00176925671198844,-1422.91155634383
72,0.0207291757508773,0.00870784505761503,0.00201874942338998,-1423.14141418044
73,0.0171200152171158,0.0132879399050008,0.00200584275714327,-1423.3891404261
74,0.0154474095871288,0.0123399379853013,0.00147449722611993,-1423.49672638687
75,0.0169309240595976,0.013257920742791,0.00162387930961992,-1422.83038329831
76,0.0126535069201448,0.0153386522264097,0.00166469969687754,-1425.03932947238
77,0.0183925053405482,0.014934746373488,0.00180015528743385,-1424.18978006798
78,0.0211940103828872,0.0118997714242018,0.00162308791415763,-1422.96549147058
79,0.0158535506986566,0.0125344980832474,0.00215066281486299,-1423.46612535346
80,0.0168599902917648,0.00873317647856651,0.00217842232476684,-1423.89661899174
81,0.0204661684075142,0.0132749494867706,0.000915719338064701,-1427.60459150887
82,0.0321647450305992,0.0249356742013553,0.000443374813573042,-1428.6280577148
83,0.0216748458781983,0.0269776661375605,0.000813861996054854,-1424.90598321573
84,0.0227939697210216,0.0287868391656169,0.00063033608511146,-1425.30099105132
85,0.0195181309924895,0.0274861262018644,0.00063070795505784,-1424.98559242685
86,0.0222779812808007,0.0295438725039215,0.00086639097547645,-1426.06004249319
87,0.017343000549222,0.0256387437878558,0.000928575000031019,-1425.2685001593
88,0.0178455243997889,0.0266313864106461,0.000692314112510589,-1425.02756427144
89,0.023836913779854,0.0348255298055508,0.000907440128757608,-1429.49718935274
90,0.0240195740943878,0.0248771808622205,0.000744600065800633,-1424.8166514654
91,0.0238649877382557,0.0267983333359738,0.000541527359515347,-1425.52307306679
92,0.0269333785160555,0.0304180625193435,0.000698970429281578,-1427.14857167796
93,0.0254581128925937,0.0275910918193785,0.000628333080736747,-1425.65090877853
94,0.0136997561940378,0.0287657704476692,0.000680019851883968,-1426.8840098439
95,0.0260080229453198,0.0224865858299617,0.000508403822588173,-1426.39610346522
96,0.0260929068845814,0.0249838024118409,0.000526757954326299,-1425.96661574992
97,0.026526068632608,0.0268712327216823,0.000758105193168369,-1426.01764136667
98,0.0220998668328167,0.0205817751429246,0.00100008987980936,-1424.89779693066
99,0.0201768034165899,0.0167621141104422,0.00169080469529082,-1425.82003468424
100,0.020407758592234,0.0158267782648857,0.00143417393407439,-1424.64155666071
101,0.0195456829414256,0.0184377844995651,0.000899876951157398,-1425.39935073527
102,0.0287324111288336,0.0194927529492183,0.000478415385504062,-1428.23849001779
103,0.0226267969864128,0.0294529815294931,0.000870664597760659,-1426.14544894232
104,0.0228753457860263,0.0290948679355823,0.000935313691624421,-1426.54065599055
105,0.0199381212559935,0.0302651038373413,0.000882660608639904,-1425.97138452204
106,0.0226138515483831,0.0261096772188843,0.000611981295991187,-1424.94422828014
107,0.0201750077591904,0.0282173044409517,0.000457653707561925,-1426.4370687073
108,0.0221849894606902,0.0252862946234558,0.0011517446461966,-1426.78225202916
109,0.0269967871426533,0.0225510284568539,0.000779571608343886,-1425.52608996209
110,0.0203094705388111,0.0246960552743058,0.000756915568461036,-1424.47723048821
111,0.0192215843914988,0.0238410271233853,0.0010431132220455,-1425.27093893732
112,0.0202387369645041,0.0193824456278907,0.000697323911812204,-1425.86328745547
113,0.0262885210676565,0.0238198179402035,0.000896569984001269,-1425.81273156202
114,0.0224223866634284,0.0212357151182596,0.000891779063491423,-1424.64238458744
115,0.0232414942528004,0.019373001670441,0.00091422429096726,-1424.98274928731
116,0.0224171654189512,0.0222794831449856,0.000862120931896803,-1424.55370408493
117,0.0193706889580085,0.0240733869636503,0.000823560209570175,-1424.5620532365
118,0.021342875648298,0.0282816302974341,0.000879602249243751,-1425.50118563534
119,0.015278655448963,0.0294456650045799,0.000717627507671702,-1425.89785515997
120,0.0121885513293176,0.0384283426966077,0.000940606278958282,-1429.92590755264
121,0.0203667285722299,0.0229719297734346,0.000943917547146999,-1424.69091922491
122,0.0242683664846837,0.0238717213781575,0.000888886579128923,-1425.11295922562
123,0.0170066526132773,0.0282258743612542,0.000509905806405247,-1426.59691247843
124,0.0251592907310937,0.0205188136333813,0.00080521569810937,-1425.09115511807
125,0.020067419171462,0.0277594756863992,0.000698448986121334,-1424.80678756656
126,0.0204346624452571,0.0222776328748196,0.000894218277320363,-1424.55740280203
127,0.0240524226599661,0.0272561136526392,0.000624378482227901,-1425.24675536692
128,0.0228192103445569,0.0279204380563564,0.00057497250969115,-1425.32234023722
129,0.01891278381647,0.0310671498832629,0.000533733178723486,-1426.00909887928
130,0.0259179200431705,0.0243040583278138,0.000614342566798495,-1425.4232432252
131,0.0268956751892018,0.0184091347317064,0.000530508344091156,-1427.7747536021
132,0.0229203724171408,0.0325675262671981,0.000656537211274976,-1426.48079142034
133,0.0110183460280289,0.0305461378645238,0.000996119048441972,-1429.25606161144
134,0.0259509539527094,0.0228785039128589,0.00107421015000878,-1426.64452608563
135,0.0142211576502977,0.022599030133342,0.000744624643972833,-1427.81025058123
136,0.0241416513061823,0.017065435139421,0.00132800932170193,-1426.06381527135
137,0.0163919553769729,0.0125697274724772,0.00173157889466103,-1422.48996813212
138,0.0173552168295519,0.00988293182321446,0.00184334902760175,-1422.23993213679
139,0.019854143790904,0.0105989815862959,0.00166352306179771,-1422.25143624606
140,0.0221240150006273,0.00901257522694756,0.00168963352860485,-1422.77338728613
141,0.0239635380293493,0.00932255156754265,0.00205611454430104,-1424.69493383086
142,0.0211905347276962,0.00681744186011634,0.00180367354332538,-1424.33373200719
143,0.0232011197517411,0.00715471180769471,0.00164785076862968,-1424.21239419863
144,0.0219684127518478,0.00966028847789779,0.0015534101939408,-1422.83725061663
145,0.0226998130844777,0.00927988886779528,0.00165595329921664,-1422.93751638147
146,0.0227865313502133,0.010060654292208,0.00192596908563486,-1423.5090494462
147,0.01705799081639,0.0100236067075514,0.0021324319886064,-1422.99600293852
148,0.0181569243886423,0.0127385802214498,0.00124917432347096,-1424.49557471778
149,0.0217273177501211,0.0123708049315026,0.0017146140962445,-1423.45478383186
150,0.0161735607137161,0.0111082172936572,0.00183908731134766,-1422.28960966534
151,0.0148042378849896,0.0113629334254796,0.00180868408361416,-1422.6647227918
152,0.0133674689345443,0.0109705710852132,0.00190500164188515,-1423.59187508955
153,0.0169546597040552,0.0114274024466561,0.00173779997655255,-1422.21366840256
154,0.0185783275208264,0.0105868905234887,0.00181722088996759,-1422.09667599974
155,0.0167424422453591,0.0156105124597294,0.00140549969285001,-1424.19798908319
156,0.0191064088299605,0.00819091201164595,0.00206262318254887,-1423.44738276446
157,0.0191255767752849,0.00989535321254119,0.00190118439363987,-1422.28576359336
158,0.0193467646662296,0.0101824650529606,0.00172538370050554,-1422.13006392556
159,0.0174816213523474,0.0121549370306616,0.00171983875369717,-1422.35912465565
160,0.0133345575392916,0.0115777414239244,0.0018000219598256,-1423.56313078334
161,0.0175151744918577,0.00960104460898955,0.00169134081453494,-1422.43582469347
162,0.0213444831207123,0.0108047775747532,0.00134803662633932,-1423.67884212366
163,0.019868253559261,0.015152563635404,0.00165586721827386,-1424.43848621718
164,0.017785099716045,0.0136214765910529,0.00174370887215215,-1423.04579983077
165,0.0205220237578854,0.0110425194335241,0.00215875251191409,-1424.02529306513
166,0.0183228471967732,0.00846918615749534,0.00178234233105529,-1422.84123170527
167,0.0178203618636139,0.0105164965760378,0.00154385455405528,-1422.60148693326
168,0.0195720421608641,0.0118004417441269,0.00186907102052078,-1422.70210172737
169,0.017286031349368,0.0104760266346722,0.00224518909022401,-1423.55937623847
170,0.0177163580646137,0.0101180549543389,0.00208736574276304,-1422.77378161655
171,0.0194616550152753,0.00978035838329616,0.00206718768208241,-1422.90640098036
172,0.018014431435863,0.00611912218473207,0.00169755222561257,-1426.97559056078
173,0.0211823063162076,0.00967063791399898,0.001472030078004,-1422.98937992493
174,0.0172675854775945,0.0106319475566464,0.00189536969146587,-1422.1923087988
175,0.016843825406735,0.0123679746778097,0.00172053687220801,-1422.41828986463
176,0.0106976213247191,0.013043756153848,0.002188106571073,-1426.3975299248
177,0.0209459209965218,0.00772303474400753,0.0018563902824794,-1423.32639556772
178,0.0208682078592621,0.0132134435263731,0.00144472116083401,-1423.66242766222
179,0.0168240463585715,0.01299145991442,0.00158782907166081,-1422.81428356281
180,0.0185735817620886,0.0102436076151908,0.00155777873333076,-1422.48780611666
181,0.0224083679901093,0.0106463951872452,0.00172133006099527,-1422.9678646229
182,0.018925263585155,0.00545337926934675,0.00159830660794261,-1428.67331670604
183,0.0301610640593852,0.00642975007822663,0.00171992417985438,-1427.54778816002
184,0.0259539965208496,0.00646918771566096,0.0015717630846133,-1425.67368285232
185,0.0202344257892218,0.0119839603188568,0.00164131139574859,-1422.71446986416
186,0.0223614037116808,0.0129272600080116,0.0014071875666483,-1424.0540224116
187,0.023099870619346,0.00921683158483319,0.00156351007571264,-1423.22481506069
188,0.0219481746314669,0.012240596871036,0.00158449953596621,-1423.39176933538
189,0.0216706298562808,0.00947741960052394,0.00180295479376848,-1422.63131444524
190,0.0178382840550279,0.0118099004739941,0.00201324445891201,-1422.78459056081
191,0.018678681506066,0.00795223475915864,0.00185011090687017,-1423.21710070178
192,0.0208682024464833,0.0130057555495065,0.00225390398468478,-1426.22472421535
193,0.012385814674356,0.0154766959002607,0.00167786220240063,-1425.3132422175
194,0.0224947771970692,0.0103994319621503,0.00192923175106413,-1423.46572282365
195,0.0198456403242358,0.00916088202954564,0.00192975159554828,-1422.53902172273
196,0.0208422596870622,0.0102588674930279,0.00175907850030525,-1422.38142713082
197,0.0126483992375734,0.0142974055138073,0.00214574199208014,-1425.13979307419
198,0.0149950184519514,0.00982498705769742,0.00214729312838709,-1423.68262570045
199,0.0164397799959514,0.0101077976425169,0.00171676632677409,-1422.50619764908
200,0.0141039818338227,0.0130974609728272,0.00151439544536665,-1423.97551317346
201,0.0185890395334404,0.0120104707768158,0.00184139017376125,-1422.50359608474
202,0.0234559900734982,0.0126270257685524,0.00195254592253324,-1425.42662158903
203,0.0109298319288909,0.0137823446585816,0.00230853312332379,-1426.91329193502
204,0.0131006684415779,0.00967940849345679,0.00243356756630084,-1426.35878550894
205,0.019979620702605,0.00957064088811056,0.00135187597587604,-1423.80581624491
206,0.016909476654068,0.0113245345350111,0.00151721063450907,-1422.85871011321
207,0.0193582987331275,0.0104551089640114,0.00179913299479969,-1422.15649619469
208,0.0230039163599444,0.0118498679427884,0.00176859060230625,-1423.86954672423
209,0.0189579812385885,0.0116016167085606,0.00118916182618316,-1425.07751982555
210,0.0146101074961722,0.0161637750126135,0.00122525110459148,-1425.65409274303
211,0.0166202708350038,0.0189242459940531,0.00139063894211275,-1425.50152260467
212,0.0140147219568305,0.0148304884524357,0.00185453316774878,-1424.06609416335
213,0.0166723651755182,0.0104782401385138,0.00188810047921896,-1422.27522226071
214,0.0182657566401628,0.0107753000364454,0.00192378016272467,-1422.26799937384
215,0.0167839829409016,0.0102826967646372,0.00199102457326977,-1422.47345391287
216,0.0160240071868743,0.00956347787620684,0.00168211839064165,-1423.0591273418
217,0.0153111315040603,0.0117208915687387,0.00190831530033609,-1422.52144939702
218,0.014997368181797,0.00997643325625801,0.00194298076485438,-1423.09640168312
219,0.0211946804434501,0.0104099329088224,0.0018512316979134,-1422.66474046782
220,0.0180135995922585,0.00928825053550451,0.00150573486379234,-1423.21509207864
221,0.0190612164369854,0.00792253722685887,0.00137211737682643,-1425.03231776438
222,0.0218762013150648,0.0102320901887932,0.00174213078005586,-1422.67882484822
223,0.0200413264181501,0.00875123205743477,0.00179580048477921,-1422.47970426591
224,0.0202778919062859,0.0102352318684662,0.00214154918321138,-1423.55145116736
225,0.0172949540952677,0.0120046683360148,0.00162271467348291,-1422.46005053748
226,0.0222216972134998,0.00744349526879432,0.0016484180878539,-1423.74664608086
227,0.0220041386734219,0.0118563641202316,0.00184755260586084,-1423.60898057436
228,0.0198473234151982,0.00950170913880281,0.00149866436003793,-1422.84373389185
229,0.0197693872031258,0.0125209918030916,0.00166781296563886,-1422.83116516899
230,0.0190505474228014,0.00834675064377783,0.00162442953279094,-1423.04643538705
231,0.018485824360342,0.00746146055443821,0.00161597754176485,-1424.25856656733
232,0.0221429820997336,0.0121274294468433,0.00145106626032968,-1423.61363305175
233,0.0188956888769419,0.0118913142020905,0.0020183878648479,-1423.07639845675
234,0.0146948330436033,0.00918749191261344,0.00187245627755516,-1423.92012690518
235,0.0205845887861113,0.00924370707994467,0.00135244202940371,-1423.87712700177
236,0.0201268760452388,0.0129409073964008,0.00123490962861916,-1424.47503900907
237,0.0232885162762508,0.013269738258213,0.00153845460168959,-1424.44889352521
238,0.0196679689783279,0.0141536878270161,0.00152499515571583,-1423.68926281089
239,0.0172835544262456,0.0124720570855373,0.00169856662164627,-1422.46675353709
240,0.0148214336907137,0.0123736900415336,0.00203115571566343,-1423.03142271855
241,0.0174159222759848,0.0124194961734792,0.00135008908349704,-1423.80570845472
242,0.0171269101188722,0.0158862846724166,0.00160416176338523,-1424.20154475453
243,0.0162086226214542,0.0114472243404657,0.00187807421345137,-1422.31871135833
244,0.0175248952010396,0.00950844997641892,0.00197527476900365,-1422.55422184221
245,0.0167010710771178,0.0113462482945694,0.00145773736024623,-1423.25867777874
246,0.0182179970326737,0.0137593140021598,0.00183484546737627,-1423.39090427166
247,0.015800031628333,0.0115685726576454,0.00144412100598796,-1423.62386285162
248,0.0208535566881747,0.0112045296627997,0.00210522040516087,-1423.91609736179
249,0.0219107685020977,0.00936583445328137,0.00167831683780567,-1422.64893218952
250,0.022953512552895,0.0147360050230179,0.00101567925751943,-1425.85398026992
251,0.0263624388447053,0.0210990077012475,0.00114374042095573,-1426.92671917065
252,0.0215447101875018,0.0178066276243213,0.00108150140955854,-1425.11654268562
253,0.0181180303517971,0.0196109355809827,0.00107114614526864,-1425.20586238291
254,0.0208796021210737,0.0209726221151696,0.0009979312056957,-1424.80969353124
255,0.02117216380064,0.0222055163393688,0.000972845169269716,-1424.76239369345
256,0.0205586325266408,0.0204301530689014,0.00079961492433316,-1424.86230753712
257,0.0263852384059986,0.0192002084035207,0.000826135225981755,-1425.58361006893
258,0.021538693408232,0.0289961046930881,0.000468923155261485,-1426.20358900867
259,0.0220871069983524,0.026732362657973,0.00075063633694243,-1424.76744115633
260,0.01930444134494,0.0294989800814215,0.000771710871615674,-1425.20698948602
261,0.0181840981405851,0.0265827857773607,0.000901908148377966,-1425.11331570851
262,0.0157582483210292,0.0301510492485339,0.000847257721637471,-1425.96956649787
263,0.0148929969531742,0.0273655413651695,0.000777364015535956,-1426.00322064566
264,0.0193198038861181,0.0222005851533819,0.000934910081622944,-1424.74489825611
265,0.0250849678381139,0.0186826425910085,0.00100774736975878,-1425.5592676421
266,0.0216037968655841,0.0209906252262272,0.000901396958541724,-1424.62752608336
267,0.0209636646419091,0.0258011778916068,0.000771902571232938,-1424.55164760395
268,0.0165862068396196,0.026506278359247,0.0010201472813613,-1426.00683560422
269,0.0206535695834971,0.0235429939887576,0.000937859833448819,-1424.71143641619
270,0.0223471964865051,0.0214089440853639,0.000777893557824651,-1424.60871582154
271,0.0221405963123625,0.0250445207862021,0.000646071134702485,-1424.72604482046
272,0.0185095154431736,0.026642526293583,0.000896276406355375,-1425.06175619361
273,0.019904212053314,0.0209938590858502,0.00125345190834841,-1425.82425477222
274,0.0201230167161682,0.00673750384338517,0.00238569148493354,-1427.07793309138
275,0.0184673877976431,0.0136867634296661,0.00189343562949803,-1423.58836549198
276,0.0176111123448341,0.0123711241086361,0.00153200768693472,-1422.79060911486
277,0.0151544418932973,0.0175277197564208,0.00172103336437922,-1425.54916425725
278,0.0148503225032521,0.0140309318302567,0.00181511954681512,-1423.36752027288
279,0.0133168284471814,0.0124679438970048,0.00171276433767864,-1423.68783858621
280,0.0191120238794624,0.00976841251033941,0.00194914720679117,-1422.41766053197
281,0.0181713132660962,0.0096457727130196,0.00162097015161113,-1422.47510838291
282,0.0220648117007675,0.00915120238761993,0.0020029278322906,-1423.42260933209
283,0.0153239788173415,0.0112921973874803,0.0020154873491589,-1422.7112135021
284,0.0183056353799654,0.0115019872228315,0.00155066561909539,-1422.53130426977
285,0.0183813476254476,0.01146623643585,0.00168315505617677,-1422.22517039354
286,0.0174561390536567,0.0116062689275424,0.00211543120761398,-1423.09742419608
287,0.0229921254417562,0.00693710650680021,0.00236075967100895,-1427.21792021913
288,0.0226149163410164,0.00686878722195293,0.00130814384153562,-1426.33107233459
289,0.0251530559457572,0.0222962521757673,0.00112609347003107,-1426.59102484868
290,0.0161254513529737,0.0177124054508904,0.00143137812853169,-1425.0327830006
291,0.0183929552828622,0.0169168550879151,0.00118480470932324,-1424.92307823868
292,0.0186057777484213,0.0160470333588237,0.00114547136621674,-1425.04333363341
293,0.0182478523575966,0.0183510961121574,0.00101962150531893,-1425.33845822076
294,0.0203568335489402,0.0178740076947856,0.00107716158111885,-1425.06341307196
295,0.0270174879598542,0.016065461561516,0.000880903533728817,-1426.49191768312
296,0.0236077265544873,0.0300239153385061,0.00104606290593737,-1428.24922426396
297,0.0188087307200754,0.0149221187796156,0.00186628483752794,-1424.55377529017
298,0.018616423305961,0.00845816883241513,0.00176025815094197,-1422.79105900457
299,0.0214027210222015,0.0093296461871987,0.00169960773473093,-1422.50507444428
300,0.0194959446900447,0.0102991497930691,0.00181565715567258,-1422.18210891349
301,0.0202128555297095,0.00929352546065104,0.00202956393813065,-1422.91967483515
302,0.0147091929395392,0.0135629925723865,0.00177275118493508,-1423.16575151745
303,0.0203933568090608,0.00782861841351108,0.00177216803464062,-1423.12317899565
304,0.0257644861630732,0.0077739757317631,0.0015087533368704,-1424.90805316563
305,0.0178018341398503,0.0145581333057144,0.00188278582905867,-1424.00339451085
306,0.0141800404968,0.0122250471637448,0.00165462862187746,-1423.2890153445
307,0.0200038527539493,0.0123866719031731,0.00183539001805457,-1423.05612673617
308,0.0144817454172791,0.0114897649556716,0.00173571074221352,-1422.911754598
309,0.0197560679076281,0.00852163418039338,0.00190809092311136,-1422.7391538016
310,0.0224903009310406,0.00821006521464056,0.00194297693145176,-1423.60236105571
311,0.0183099501665001,0.0147661803549008,0.0018590574855302,-1424.23022233173
312,0.0152517184691056,0.0151852595259228,0.00141717768530826,-1424.28071471453
313,0.0190512007378397,0.00772070536075526,0.00147857138633727,-1424.41029020972
314,0.0231648972555187,0.0147965432777341,0.0015591126488091,-1425.2797870192
315,0.0161607359034054,0.0102207738174063,0.0020419000487923,-1422.75264432236
316,0.0177260296809927,0.00824125398227778,0.00164356817270716,-1423.54739711657
317,0.0164084727767597,0.0108850678791092,0.00157493729585403,-1422.776042414
318,0.0248216231303497,0.00780175221030364,0.00178847180583529,-1424.35284438104
319,0.0225927876153237,0.0116530405403697,0.00155596445577597,-1423.40515634445
320,0.0167701653105181,0.0128370275212801,0.0015928683818897,-1422.75950134939
321,0.0171925558625928,0.00977698880325767,0.00194915018118655,-1422.4356722447
322,0.0158125322785458,0.0134376144633745,0.001978633481485,-1423.25558456952
323,0.01601169138045,0.00981948666640363,0.00193515352132113,-1422.70801135875
324,0.021639455174586,0.0104108069988302,0.00156999870046066,-1422.73087607919
325,0.0149033244097151,0.013794310477761,0.0017760207738947,-1423.21753683857
326,0.0166945960278183,0.0175893584143728,0.00181465446981935,-1426.010005225
327,0.0136436581148792,0.0157031534608738,0.00181943815930237,-1424.74125102784
328,0.0148204870655483,0.0161415289344023,0.00134381562425711,-1424.94544468685
329,0.018877348078353,0.0154184727763746,0.00144634134116851,-1424.1615268104
330,0.0173359759444684,0.0164289200681812,0.0012042356010693,-1424.92736113742
331,0.0178850647662041,0.0125085546214933,0.00112417081129079,-1425.89612365547
332,0.0278135711529994,0.0129598373261471,0.00139715364622924,-1426.55114577484
333,0.0266788778716701,0.0126760707878087,0.00151233875901479,-1425.93937733602
334,0.0217207365817626,0.0102071549598639,0.00152331346163959,-1422.8569880545
335,0.0207799571038627,0.0107426178363193,0.0018495796665063,-1422.61832525673
336,0.0164673684871968,0.00981294398758347,0.00184815189394894,-1422.48443416479
337,0.0183105855777528,0.0125245081466153,0.00175428313512149,-1422.57948241553
338,0.0184698997999296,0.00784882888437679,0.00175418076774835,-1423.41558564601
339,0.018024557869018,0.0150653639040418,0.0013463503304995,-1424.17494005157
340,0.0120376056441624,0.0161566018160861,0.00158033871435191,-1426.13194466893
341,0.0160484770777402,0.00914663156313999,0.00173009467526668,-1423.21897418601
342,0.0155291129685006,0.0137422153892135,0.00208570865287076,-1423.87216772888
343,0.0140336165564567,0.0102113129847801,0.0018630533621894,-1423.50091364002
344,0.0165501130264187,0.0114509373070653,0.0019517398240234,-1422.41780296609
345,0.016659798572834,0.0110878580948784,0.00189510356538028,-1422.26550615098
346,0.0165555518013938,0.00840137353172885,0.00219410001567828,-1424.38314244027
347,0.0199793759538556,0.011354378078033,0.00147587137510099,-1422.86932207281
348,0.0217184083502271,0.0155043324579418,0.00133610163529633,-1424.8206224083
349,0.0189583870763477,0.00864994397684144,0.00151716393726315,-1423.30655021416
350,0.0207054094480635,0.0133618736713345,0.00186285947518955,-1424.07301229005
351,0.0225575150333297,0.00993596565890246,0.00155564415220467,-1423.00507556793
352,0.0203865202987961,0.0102059761597021,0.00169790518497878,-1422.26982357723
353,0.0151097457811691,0.00912533382069482,0.00232645966213026,-1424.98973834232
354,0.0152267230923135,0.0098498659393086,0.00174763267074277,-1423.16185553128
355,0.0224729654931597,0.0125979854256867,0.00133196345008363,-1424.23279185006
356,0.0229876830856473,0.0110445854972143,0.00122879856666033,-1424.84509469828
357,0.0262678876483661,0.0103002438735852,0.00149942807413835,-1424.92130027525
358,0.0163806653032042,0.0112165295211404,0.00154160335518617,-1422.88787102907
359,0.0168083966724105,0.0123962184853339,0.0018510852420353,-1422.47800770379
360,0.0147220642125112,0.011734691798278,0.00222283583466332,-1423.66502685475
361,0.0170289136419126,0.0112316699497883,0.00116258092803318,-1426.16967239597
362,0.021790321656578,0.0236078048576384,0.000908972745864675,-1424.68041411609
363,0.020622653440275,0.019594668125862,0.00106974209913135,-1424.99082208018
364,0.0221464878917969,0.0179102620532855,0.00102078059536749,-1425.16044760752
365,0.0174179916360667,0.0232618964526091,0.000960324669509381,-1425.24671678477
366,0.0189802843203931,0.0272601958345787,0.000627647068974358,-1425.06032604737
367,0.0179531956607872,0.0395352850504385,0.000538668494435505,-1428.66748462831
368,0.0171557316924754,0.037264280486808,0.00057660811541741,-1427.65508253683
369,0.0157084277656198,0.0301438715417078,0.000930947612973993,-1426.37119841306
370,0.0202792871270132,0.0197130843302841,0.0012789916007554,-1425.61529884209
371,0.0283674983278651,0.00813508585581782,0.00178790392018901,-1426.29593263387
372,0.0247411383012702,0.0096008513710602,0.00128690163628012,-1425.07954114814
373,0.0179969278825111,0.0240032995689134,0.000555472058428681,-1426.35524910497
374,0.0150473242810597,0.0392986158230747,0.000626832418852419,-1428.57002017608
375,0.0138912207019271,0.0323477907201448,0.000912809023983936,-1427.31651155133
376,0.0194856507492179,0.0198457563018725,0.000998409435616842,-1424.95286880319
377,0.0230672878247613,0.0185414183987371,0.000805002226387652,-1425.33133339736
378,0.0256868384351649,0.017192249449093,0.0010932059070462,-1425.95652734378
379,0.0154675269656277,0.0174158622369935,0.00137091549754447,-1425.07292714803
380,0.0213573056452993,0.010141314948869,0.00226589157163377,-1424.81308761418
381,0.0212031805612232,0.00955639818541372,0.00149731130517432,-1422.89417961248
382,0.0217290571303192,0.00972768848885196,0.0015456001410109,-1422.79398181968
383,0.0173225896572885,0.0131397058001286,0.00171361850200044,-1422.72460033029
384,0.0212581408436193,0.006654058755239,0.00220100822861551,-1425.96864484072
385,0.0220908049229083,0.0113812068994649,0.00184980468038534,-1423.39598472709
386,0.0208171244741178,0.0131425029140697,0.00167476075419592,-1423.49314580815
387,0.0214595460636948,0.0123493617830383,0.00180385807913609,-1423.52325813415
388,0.0176718252209149,0.011950120797153,0.00140042168551005,-1423.40004538534
389,0.018033947263723,0.0181530995868896,0.00111469261046075,-1425.15901670219
390,0.0165838654080357,0.0197554938507084,0.00132659148011817,-1425.74988687033
391,0.0234529159211738,0.0185321084138581,0.000868500484039668,-1425.21082499018
392,0.0223647664748549,0.018257644602062,0.000750132472303357,-1425.72204886157
393,0.026148814235227,0.0321907327831982,0.000754595608455789,-1427.85829920241
394,0.0139373672625234,0.0310962668536025,0.000683175150794448,-1426.70168177598
395,0.024960983747707,0.0216806110478964,0.00072997130630585,-1424.98495755001
396,0.0257804355217118,0.0186910637816952,0.00100498838112504,-1425.73932872554
397,0.020841143269229,0.0186542462811412,0.00113688723229865,-1425.09851385826
398,0.0195338495410362,0.0115589730076123,0.00147487639233611,-1422.8639340034
399,0.0176720719653545,0.00822030680648553,0.00177643110887639,-1423.29572127934
400,0.0191983243804789,0.0111139276684337,0.00189636348243525,-1422.41945666939
401,0.0214687510298937,0.0110542955058078,0.0015129507880907,-1422.94866054486
402,0.0244026618287395,0.00937466174991498,0.00138814108481364,-1424.35361102551
403,0.022920240353376,0.0103820225377677,0.00149892627203333,-1423.31520449301
404,0.0201618519904036,0.011554418611541,0.00173842835797424,-1422.5402079413
405,0.0177255036603371,0.00915608533726295,0.00222106169076522,-1423.72424310581
406,0.0167693333415269,0.00905838404452184,0.00181759948069814,-1422.82663875545
407,0.0158216683475488,0.011325491866815,0.00151292053695654,-1423.21367712013
408,0.0223439118022985,0.0116606418414101,0.00178483284899385,-1423.47751535967
409,0.0239844278105489,0.00772329217238074,0.00197921520691293,-1424.60891452406
410,0.0222218771767059,0.0122473163473718,0.00124135160268761,-1424.60419372513
411,0.0178234899082408,0.011369141597653,0.00155798663788951,-1422.52201688534
412,0.0189287079971704,0.00941839933835231,0.00185656916389718,-1422.28423765316
413,0.0185474954480958,0.0112096205112135,0.00162572975901432,-1422.27325992312
414,0.0208474783653947,0.00904237939741756,0.00166406644767129,-1422.49595439118
415,0.0219104861378164,0.0121442656667421,0.00140836588612503,-1423.68540334861
416,0.0184267852122157,0.0133869582942446,0.00184996453354812,-1423.24287473482
417,0.014912414267934,0.0136445371591733,0.00186664871148717,-1423.21650502587
418,0.0158017321526414,0.00884151305969875,0.00160114392928731,-1424.1655956842
419,0.0195616438646211,0.00879611466731418,0.00185017884808236,-1422.49635652487
420,0.0193560331929584,0.0119138027598667,0.00172101332273624,-1422.47642595355
421,0.0153735164859906,0.00891938914873701,0.0026465207863524,-1427.46075266707
422,0.0182563494526191,0.00878235533266471,0.00239935385689058,-1425.11027673643
423,0.0177218198637121,0.0120134851046384,0.00164446031357874,-1422.40459088951
424,0.0200696146716705,0.0119230124195398,0.00161692750874815,-1422.6703582279
425,0.0183370054493534,0.0122988655353257,0.00184741116614749,-1422.60280036728
426,0.0159465854567351,0.0108466126652732,0.00173360502437425,-1422.44632995951
427,0.02157703228193,0.0132264136914974,0.00143806697238217,-1423.86271663434
428,0.0171995778341834,0.0129755558052096,0.00187685617468988,-1422.81540952576
429,0.0158515577716576,0.0113499351696797,0.00143260147722515,-1423.73717164863
430,0.0176090947790382,0.0109449344793506,0.002197532572141,-1423.36509399711
431,0.020032916871702,0.0118729226076215,0.00223490560102052,-1424.77576713183
432,0.0163986582896781,0.0116211596581543,0.00172643205760986,-1422.31167803057
433,0.0167112307013819,0.0130161114321362,0.00182982061646706,-1422.70339645508
434,0.0189794402109567,0.00906302989598284,0.00192498532649262,-1422.52359435841
435,0.0170999023379673,0.0119217973749417,0.00141689588508236,-1423.39218233838
436,0.0177098145521161,0.01004877864686,0.00214580504794505,-1423.05260925831
437,0.0189396706077822,0.0119188759284222,0.00194771973341782,-1422.82410953469
438,0.0179269232814985,0.0128648180794331,0.00194060068238372,-1423.06937419561
439,0.0146243975433607,0.0106509490557545,0.00217162285793058,-1423.53801699094
440,0.0189755616737647,0.0105247140305181,0.00156426532474483,-1422.41581782261
441,0.01521887302947,0.011037775457567,0.00208998479010207,-1422.97800991137
442,0.0162316138033609,0.0144956057042312,0.00234004573845207,-1426.16393747338
443,0.0167542612295685,0.0139970000501645,0.00156200056260365,-1423.24883946311
444,0.018845205887114,0.0116698465800407,0.00152371498365334,-1422.65509670235
445,0.0212713591696159,0.00992102299791576,0.00227740723800447,-1424.8065525639
446,0.0211875408491714,0.00949758776874117,0.00177188256987438,-1422.44971022868
447,0.0195458116284235,0.0105191998600906,0.0015326315043594,-1422.54291858367
448,0.0236082550928333,0.00866989201575518,0.00172060998903061,-1423.41362964357
449,0.0240383142211883,0.0092947446667403,0.00180915151394482,-1423.69523742166
450,0.0167868739019789,0.0122246320827708,0.00182406887968813,-1422.3894415392
451,0.0234816389545391,0.0151496715319111,0.00132226423176748,-1425.21202235926
452,0.0242448951539826,0.0111751739050975,0.00182042165723906,-1424.38411936664
453,0.0205111122605807,0.0103855209645196,0.0021955880630984,-1424.01325011742
454,0.0154683627929741,0.0113738584203488,0.00179064184326853,-1422.44550688215
455,0.0174211717915403,0.0094198999042465,0.00185865362270185,-1422.42219258336
456,0.0187335820805348,0.00952438149100079,0.00163055146922025,-1422.41490419631
457,0.0194903171213643,0.0101116542044273,0.00190838400747411,-1422.34447208488
458,0.019676754517229,0.00918114941946301,0.00197457997814586,-1422.64994596779
459,0.0199760860687865,0.00914452308941197,0.00167908169322016,-1422.37324524554
460,0.0210584754343326,0.0100772243673175,0.00169712152281377,-1422.39628891861
461,0.0262230419883686,0.00909182169925705,0.00146818370502276,-1424.90061653489
462,0.0157770928333462,0.0128780565831439,0.00164479340548461,-1422.78688245197
463,0.017108786676167,0.0101764100031551,0.00179948876318123,-1422.20149665213
464,0.0175042271501565,0.0114964390194782,0.00161279538486818,-1422.38913270737
465,0.0176259147003433,0.0108450888952746,0.00199257344273361,-1422.42707633744
466,0.0173076651130558,0.0112444348956498,0.00182440542183793,-1422.15765656962
467,0.0206292360408452,0.00917774223339943,0.00167935680922877,-1422.40880104312
468,0.0203851210277197,0.0110849588355431,0.00186653216139238,-1422.65126710484
469,0.0152743580413534,0.0101597913782265,0.00137030443016031,-1425.22653835364
470,0.0225313611042825,0.00939345126830573,0.00201607263163954,-1423.69127928653
471,0.0210875895456498,0.0129810565330282,0.00174785912616737,-1423.62161032613
472,0.0155980977437604,0.0119745219452523,0.0017238282969097,-1422.49669929745
473,0.0193267480586102,0.0100116026092437,0.00183518502703322,-1422.18262644619
474,0.0192154972460498,0.00774119282729226,0.00172323926076213,-1423.36097989317
475,0.0157920216717669,0.0105180151018896,0.0015709858721021,-1423.15154357116
476,0.0177616609383707,0.00936254094239928,0.0025873293480106,-1426.4583068541
477,0.0162012478688831,0.0106375469034816,0.00195923869851751,-1422.46131457774
478,0.0192522697999958,0.011368838790236,0.00196909181931994,-1422.74631049827
479,0.0140890253410094,0.0103775911295926,0.00253818665309276,-1426.05173203011
480,0.0158582338165413,0.0108368296709204,0.00193658637414386,-1422.47055602741
481,0.0182870311410782,0.0102632052827373,0.00154094235139133,-1422.58622018038
482,0.0197329574381155,0.0144204661825186,0.00120128211733157,-1424.73749762865
483,0.0207712795009295,0.0107381946828345,0.00200785872464338,-1423.16865445309
484,0.016972854795768,0.0110080366182438,0.00191170214486563,-1422.25734777508
485,0.0170769781470992,0.0107659328637297,0.00223905605246102,-1423.53119040655
486,0.0173447070565069,0.00952569245536777,0.00233893671826015,-1424.32066038509
487,0.016170891201938,0.0131240899256546,0.00240935877386502,-1425.53863
488,0.0119054707329249,0.0114433183845714,0.00186130607953317,-1424.91487588919
489,0.0222281307363645,0.0116131985201616,0.00179025486590362,-1423.41172436161
490,0.0166991660669567,0.0102692379120779,0.00218569349163466,-1423.24124259849
491,0.0195877704668714,0.0107928196975304,0.0012773310873284,-1424.21333469119
492,0.0183893622978515,0.0154506599613478,0.00163025151700174,-1424.16635758465
493,0.0155927530368797,0.0150948118379746,0.00154069849592328,-1423.85431567526
494,0.0171373682992773,0.0143375025616434,0.00228244529365489,-1425.83788291526
495,0.0177084079022892,0.00823835453140576,0.00175320828231677,-1423.28979490168
496,0.0197295532643318,0.00818961938241057,0.00178184172700995,-1422.8231243451
497,0.0201791372355295,0.00897112778011768,0.00179278559038694,-1422.39856245805
498,0.0206870813756704,0.00969342414160318,0.00178877224621478,-1422.33825637509
499,0.0186302761089413,0.0100557649635576,0.00177871194197212,-1422.09819539798
500,0.0203393428538816,0.010089103069662,0.00198341368033665,-1422.76389337175
501,0.0184207311398036,0.0104828965943898,0.00190022141411312,-1422.20421336904
502,0.0184099057748671,0.00729399032894035,0.001675297354086,-1424.34025336617
503,0.0206861328972832,0.00881803837517036,0.00174445200180977,-1422.498484543
504,0.0219073191077501,0.0105849710902877,0.00184449263422734,-1422.96639453609
505,0.0179968699343654,0.011421287859837,0.00180917201062193,-1422.18476531212
506,0.0163736845252889,0.010345303786437,0.00177555695454585,-1422.3679497315
507,0.0162971498642015,0.00853423871185309,0.00204489084276488,-1423.77256042484
508,0.0192113500377527,0.0102452339723935,0.00147702282469265,-1422.82630454067
509,0.0181482244562721,0.0112676288437696,0.00149124102880025,-1422.77287134868
510,0.0158322736612137,0.0111931027379315,0.00149807356542919,-1423.32959154237
511,0.0182971048299834,0.0127253772712782,0.00202230925703111,-1423.40128616715
512,0.0133895009721308,0.0147244962378176,0.00180674183426348,-1424.19035180827
513,0.017898595638867,0.0112177276222505,0.00184609459071407,-1422.17261630321
514,0.0161977587188146,0.00789628798398225,0.00190941418044023,-1424.44944865063
515,0.0236555508499973,0.0111243926728681,0.00192049924219014,-1424.39441947516
516,0.023163328481465,0.0159931268941415,0.00170172592460088,-1426.6789125688
517,0.0203916209630429,0.0149358171979235,0.00151060080946278,-1424.26521431879
518,0.0173679228313261,0.0148470208405987,0.00203229314064462,-1424.78436081509
519,0.0170769656709988,0.00937419713244352,0.00200593907236208,-1422.76221258449
520,0.019730340350621,0.00973762566146951,0.0017407093621747,-1422.18404896798
521,0.0215381490920151,0.00930769627910829,0.00157765615922769,-1422.71963487701
522,0.0193326293850264,0.0103543009562916,0.00198221006028022,-1422.56072599003
523,0.0146648144270374,0.0121846294345287,0.0017729601889042,-1422.77539935795
524,0.0159406352787777,0.0105586945112049,0.00173801343246678,-1422.50920577853
525,0.0180544464009847,0.0122941762741841,0.00172001001709193,-1422.44083206922
526,0.015166967267849,0.0115761218032054,0.00206127958432752,-1422.88346976713
527,0.0174979695209568,0.0113667951669298,0.00195448055539126,-1422.40834996386
528,0.0200981839248272,0.0105014563230471,0.00196512108144895,-1422.7050948628
529,0.016542071770743,0.0109260048024147,0.00123014355475395,-1425.63229359076
530,0.0184286995677105,0.0223297272881951,0.000934860097863939,-1424.91764351631
531,0.0232053643021116,0.0232572823136038,0.000811758441934604,-1424.59743615479
532,0.0279718595753971,0.0245917032475303,0.000523972850328518,-1426.4830392771
533,0.0239738114983857,0.0266038516755483,0.000497128882748484,-1425.88619476664
534,0.0210025106720759,0.0240933406752499,0.00127539883270596,-1427.22793856938
535,0.0172611918659712,0.00858082041521206,0.00139260424152062,-1425.0275652071
536,0.0183005169872491,0.00822179597081106,0.00207796494149182,-1423.58227122195
537,0.0214423044765199,0.0102868440520992,0.00135545115822738,-1423.65187386428
538,0.0189519942947028,0.0100877108117608,0.00160538327707954,-1422.32794304327
539,0.0189591247166571,0.00956839443438641,0.00183365599097962,-1422.21974591623
540,0.0166534302808641,0.0111230258841987,0.00179874768459155,-1422.2034527664
541,0.016102033820292,0.0103217212859592,0.00168518689127323,-1422.64023607995
542,0.0253997934676973,0.0120127785893208,0.00121916608434211,-1425.57995502497
543,0.0300688664555117,0.0148676288991519,0.000973068340172584,-1427.60576427245
544,0.0297344329293574,0.0276952199767692,0.000406875278639495,-1428.24079552054
545,0.0258217683839368,0.0284930261123243,0.000611209962109129,-1425.9807458045
546,0.0189926462036498,0.0294857384261459,0.000693283304607098,-1425.1347054131
547,0.0239869712017183,0.0305394199357385,0.000574870492321484,-1426.07705830027
548,0.0237861046592179,0.0222745685630262,0.00111159658789647,-1426.00748885877
549,0.0207838030657371,0.020317637069036,0.00105520474928002,-1424.96519707661
550,0.0195925322029158,0.0185573432488507,0.00131904189860853,-1425.29787560324
551,0.0187105109814402,0.0160892054299449,0.00106592851521032,-1425.43981626574
552,0.0213577018488868,0.0258709485657498,0.000975209212031254,-1425.38561374606
553,0.0195715641954265,0.0248866796446716,0.000772611570555872,-1424.54160259842
554,0.0217160094158048,0.0242213030189647,0.000748711207692667,-1424.45613439519
555,0.0168593515247362,0.0356999046487355,0.00074185606747112,-1427.14852994727
556,0.0254866530133526,0.0149155397149821,0.00142840858536759,-1426.09839954008
557,0.0165894712744749,0.0161634088020938,0.00135543485669871,-1424.48337942961
558,0.0139865400017941,0.0160299357268156,0.00138086449597483,-1425.18148636959
559,0.0168336801613866,0.00909937594254119,0.0020004565076422,-1422.96932097245
560,0.0165995122858741,0.0101420788792046,0.00186755702111721,-1422.33987278432
561,0.018177795719619,0.0101391667077459,0.00151623108828365,-1422.75097610004
562,0.0186554866956366,0.0119627339582799,0.00195137290116325,-1422.78770668088
563,0.0182131641429668,0.0107301562004398,0.00151626742169057,-1422.64826744633
564,0.0216230074642883,0.0117891065271014,0.0013118861943222,-1424.02120054243
565,0.0178351577772582,0.0124523189599887,0.00195519863406842,-1422.87327388898
566,0.0179904988899418,0.00909780912935306,0.00173675873421811,-1422.52182431942
567,0.0175785193956933,0.0117614450898484,0.00164735418120404,-1422.34504314725
568,0.0190972222814425,0.0125643306089708,0.00148646178352731,-1423.03246826702
569,0.017423086368185,0.00965062457352419,0.00220763764009335,-1423.45741024245
570,0.0194223102661171,0.010048226228417,0.00165039366907949,-1422.22746299295
571,0.0187297380063208,0.0115507637761749,0.00168636173583611,-1422.26747680698
572,0.0165556818006768,0.0137550171502616,0.00170633218785907,-1422.99377888463
573,0.0184626069158867,0.0136625220522109,0.00172334699244314,-1423.18395038983
574,0.0155661829809046,0.0101089781347752,0.00170486404536135,-1422.92545784692
575,0.0194214953243353,0.0147569215435186,0.00127345731492306,-1424.41715455505
576,0.0219768714005767,0.0163840067248909,0.00143966323908182,-1425.35960618011
577,0.0191426728875708,0.0133531231608047,0.00139497801000382,-1423.61216809496
578,0.0157027115303753,0.0146104995702589,0.00152764092198401,-1423.68134336017
579,0.0157085311720771,0.00909151457014106,0.00216755749495993,-1423.92963358065
580,0.0172505792707828,0.00814944612443525,0.00165722639448807,-1423.84086353507
581,0.0240870243905684,0.00822488205948922,0.00183888871249624,-1423.95555069615
582,0.0155221251325564,0.0153382503461435,0.00163452116389586,-1423.89729513538
583,0.0137270095412614,0.0103476630866404,0.00209555110770038,-1423.85645437483
584,0.0153968081600725,0.0127292654534332,0.00197585489378304,-1422.90570078302
585,0.0160079308198293,0.013900221816447,0.00156306204097491,-1423.28565385674
586,0.0186525217186817,0.0150634861899401,0.00117343772644323,-1424.92468684465
587,0.022434481923238,0.0103626556487321,0.00200882094590955,-1423.78557817274
588,0.0214026273378522,0.0112491728719616,0.00162406403528789,-1422.7841738383
589,0.0187510490601302,0.0103412405939599,0.00182305267154679,-1422.10920720179
590,0.0193198275296414,0.00886944512953391,0.00175958615747783,-1422.42926706403
591,0.0208425092826929,0.0112916930456903,0.00148196185819842,-1422.96498492168
592,0.027003557314395,0.00655875231031282,0.00208413138518067,-1427.20755310311
593,0.0227043039988699,0.00715430252525618,0.0013327108392647,-1425.72635586606
594,0.0211362693635043,0.0112116919575179,0.00172489032864432,-1422.69177704007
595,0.0196743924459977,0.0117398621186767,0.00193634733982168,-1422.91336347112
596,0.0145613210246449,0.0114572168660925,0.00176168383402144,-1422.82394877723
597,0.0153008613716905,0.0112078934448825,0.00190536752661596,-1422.52269041459
598,0.0184130113254412,0.0112179798439566,0.00199931592961445,-1422.61621960049
599,0.0163746135168684,0.0114370562969831,0.00144214185874813,-1423.45251639756
600,0.0196507138391189,0.0161648579580835,0.00151666212760156,-1424.71176958177
601,0.017306177613928,0.00855861353998862,0.00152847819844705,-1423.9602358547
602,0.0228160009177417,0.0103364665444027,0.00191103788249639,-1423.53991626852
603,0.0187694789234033,0.00845798482264102,0.00192275346835588,-1422.86303748183
604,0.0224592290761361,0.0103881607721642,0.00174314381968624,-1422.9447283635
605,0.0214591738069597,0.00843709442416098,0.00174043098135773,-1422.80871920073
606,0.0212104669864102,0.0112942641877186,0.00173958533841969,-1422.76233813026
607,0.0155411165451879,0.0116375178423721,0.00188234835998568,-1422.43859305095
608,0.01535975778643,0.0113999225477466,0.0016020572121324,-1422.93376989926
609,0.0147806951001515,0.0123529532848869,0.00153612343749908,-1423.46067156016
610,0.0142502937666602,0.0106266045571082,0.00209639604586433,-1423.42886158391
611,0.0156074377922135,0.0124044225103799,0.00197616700635096,-1422.75576210965
612,0.0182143698394791,0.0124634621681058,0.00137698880375644,-1423.53023642686
613,0.0199707400614666,0.0112551457710864,0.00202389482571585,-1423.15637361643
614,0.0199989315577587,0.00916926860793701,0.0020205685617934,-1422.86426571375
615,0.018965783257073,0.0101680875883272,0.00163783359206245,-1422.23318790477
616,0.01718182357216,0.0103646795872472,0.00169133691775362,-1422.27070177119
617,0.0209137575042833,0.0111099971249428,0.00152599031572981,-1422.79793884288
618,0.0142357084843148,0.0143534510339075,0.00161143679691211,-1423.79057592954
619,0.0196168509452843,0.015113763593751,0.00168539178980712,-1424.3970419685
620,0.015684846554345,0.0156122661977201,0.00176378898796591,-1424.18383258919
621,0.0191293949745908,0.0117070331532332,0.00199137026062433,-1422.94051829301
622,0.0189841722695974,0.00974175853469793,0.00219313970771033,-1423.49277448559
623,0.0174497094046293,0.010916320039834,0.00218835659875768,-1423.28891782883
624,0.0117924004592225,0.0121557541286812,0.00205299514756775,-1424.82713569995
625,0.0113307470213834,0.0140777080026113,0.001567413768468,-1426.25813191147
626,0.0144935454399537,0.0138633140140337,0.00236132098583043,-1425.59876932251
627,0.0147183379294834,0.00960786229971638,0.00202977081304886,-1423.63846492375
628,0.0167108679939079,0.0107350010263962,0.0020994146508791,-1422.82110437828
629,0.0174431149866683,0.0114489395234031,0.00198978344668172,-1422.53247450359
630,0.0170706008151977,0.00792404122205353,0.00173798420068143,-1424.01104979874
631,0.0155925218169915,0.00802632427964727,0.00218750067979099,-1425.30553612057
632,0.0177565419113834,0.00850200209353348,0.00147095270340099,-1424.18519354469
633,0.0227581777534284,0.0132707393113298,0.00154972152736504,-1424.22581873489
634,0.021066591605877,0.0127824761303614,0.00152610859507466,-1423.39215639524
635,0.0207222004217398,0.0122612078208344,0.00173303161651599,-1423.03291366859
636,0.0184206971942517,0.00887941333055648,0.00183213306798526,-1422.53563626419
637,0.0191028159475884,0.0129253058678621,0.00143885453886977,-1423.31476941459
638,0.0194300600755441,0.0133685606785037,0.00164114521146678,-1423.19065368322
639,0.0169937986471894,0.014275258977439,0.00186616475859948,-1423.57001379207
640,0.0166289245442567,0.0119378663200957,0.00184877056987663,-1422.33622085166
641,0.019029275293706,0.0102585557964783,0.00187870370104297,-1422.21806173263
642,0.0172050967120585,0.00887354948983188,0.00164398278043809,-1423.14675229507
643,0.0182433629338183,0.0138450147160768,0.00158859315216978,-1423.22368586806
644,0.0152432803145856,0.0107615772117183,0.00221375298899262,-1423.53603228594
645,0.0138738085985953,0.0116952583655037,0.00232185544511665,-1424.44963117137
646,0.0158823444498858,0.0126213181512501,0.00205134935113265,-1423.07034600846
647,0.0146582730346569,0.010949195235835,0.0023268375632529,-1424.25099574093
648,0.0183011621896328,0.0108439018168678,0.00175896712334723,-1422.0766638359
649,0.0163619052913079,0.00928740132193135,0.00167037433097728,-1423.1069457973
650,0.0242426483583212,0.0106411301313951,0.00175069657403967,-1423.953114648
651,0.0199369308966812,0.0114595178880415,0.00159455378052037,-1422.5298780653
652,0.0186402584499348,0.0106225852653405,0.00176718626662347,-1422.07663821624
653,0.0189994340146719,0.0111946507467661,0.00193512313181026,-1422.50889008064
654,0.0159116214990003,0.0121857524480553,0.0018240253714476,-1422.42393463974
655,0.0200537573622858,0.00909636486805018,0.00188530098769155,-1422.47307056175
656,0.0178890300636248,0.00974987331035941,0.00169386994960406,-1422.29712062698
657,0.0190263495054228,0.00957603487116522,0.00156186529123378,-1422.59930779555
658,0.0179273887043595,0.00736756348067691,0.00237295223180592,-1426.27104728034
659,0.0188814975002989,0.0078663249662331,0.00234883214721616,-1425.37304434954
660,0.0194407257647571,0.0114253436819733,0.00218592363604039,-1423.94142374395
661,0.0164351104591538,0.00986641871748385,0.00160420630173685,-1422.97270044122
662,0.0231264140945424,0.00981107130461265,0.00164999359059881,-1423.09948980817
663,0.0164045106323067,0.0136271011189741,0.00177010285855772,-1422.94799139735
664,0.0133913638203207,0.0137708894021588,0.00153124498507103,-1424.3580632261
665,0.0153488444260124,0.0105978155220172,0.00184450350078399,-1422.61426436987
666,0.0187849257485511,0.00851756495503642,0.00195662979394806,-1422.89600250331
667,0.0180182760736856,0.0108563145267814,0.00174503773362371,-1422.0797690107
668,0.0197751456788264,0.00969776394027263,0.00169635494670209,-1422.21796384922
669,0.0204993257185483,0.00888092318003721,0.00172568901857079,-1422.45576684221
670,0.0148172471916829,0.0114310882218061,0.00193628962731959,-1422.68910090309
671,0.0159812722980942,0.0142395832400648,0.00187667194876486,-1423.4925125252
672,0.0151176065403035,0.0111619918717649,0.0020063374956431,-1422.74481431576
673,0.0172989225093044,0.0114490734461656,0.00183284014873767,-1422.20028963584
674,0.0175006505740109,0.0109448904213781,0.00185662256288902,-1422.1418470041
675,0.0186272968003552,0.012948987860402,0.00153177557856058,-1422.98942882779
676,0.0137081027341101,0.012914167631941,0.0017495229043507,-1423.40387257328
677,0.0205033109427223,0.00924896216888537,0.00188992227392718,-1422.51897765824
678,0.0202472943082943,0.0128604129869997,0.00148817466128366,-1423.29274615071
679,0.0204722670541395,0.00733875125207636,0.00215028577823449,-1424.72725038393
680,0.0194956419223519,0.0114105276486021,0.00165782529187914,-1422.35349032493
681,0.0209387256429363,0.0148316240662412,0.00168203259429566,-1424.68156204479
682,0.0162785609987164,0.00950665998970452,0.0019516907916231,-1422.78880896566
683,0.0227768683915302,0.00976956757440814,0.00199768388190902,-1423.76373893332
684,0.0161811147741903,0.0116364244009809,0.00228229047300889,-1423.91328193877
685,0.0169106811432097,0.0103968847944546,0.00199676615040793,-1422.45776440882
686,0.0178276247511082,0.0108681304018183,0.00185657540916723,-1422.1297250422
687,0.016102785147929,0.0107718278892276,0.00183406536294871,-1422.33503475529
688,0.0177029141812282,0.010597976485875,0.00177619383781246,-1422.07753998027
689,0.0184841391826909,0.0128221922736079,0.00171813433370996,-1422.72940228385
690,0.0179629038326902,0.0102503268461052,0.0017805870150819,-1422.08572464417
691,0.0186214665500441,0.00963433040879498,0.00174504819389603,-1422.19484280208
692,0.0235897604032879,0.0100389294891409,0.0014366809957439,-1423.76443188546
693,0.0157763354407618,0.0167570364463737,0.00192684996179881,-1425.68039179186
694,0.0184006619994731,0.0119921242135448,0.00180471008793096,-1422.40876837043
695,0.0206651635536428,0.0103244747118222,0.0017446884542597,-1422.33928916666
696,0.0208117115655604,0.010181978727074,0.00196176530337292,-1422.83531982376
697,0.0193353177864347,0.00986218241302184,0.00199821235685474,-1422.59849128909
698,0.0167883504473847,0.0117219577631017,0.00206407514141039,-1422.83944552733
699,0.0165628445590065,0.00976020355443823,0.00198252504387473,-1422.63954609717
700,0.0192113520789823,0.0115059355379048,0.00161442253187832,-1422.39861504459
701,0.0160674489887241,0.0108237651764613,0.00153999484659696,-1423.08929021514
702,0.022664861806678,0.00973446375096803,0.00184070592271815,-1423.11273621153
703,0.0177926936365062,0.00968481595831509,0.00177153405460288,-1422.24163996594
704,0.0186359272717527,0.00919912204647236,0.00172010643048811,-1422.37907712287
705,0.0206713332811865,0.00982193016695792,0.00180747943639448,-1422.35610979348
706,0.019823054800558,0.00938431811925926,0.00180201363598398,-1422.26356149702
707,0.0175397875247177,0.00934662097302543,0.00192888302289613,-1422.52565671324
708,0.0209591619432466,0.00845270962323382,0.00172300855795735,-1422.71641797937
709,0.0270784798363485,0.00964501115557977,0.00186381514873936,-1425.90986653635
710,0.0231698046780219,0.0114138270029162,0.00213372034716295,-1425.50490274484
711,0.0184056122799536,0.0133499098263279,0.00192546257285038,-1423.44901652742
712,0.0174359615118615,0.0119413400108403,0.00166405834352462,-1422.35933978655
713,0.0156726406877767,0.0125402284021981,0.00168363242620467,-1422.64331549536
714,0.0190509372308373,0.00957502426339334,0.00182797114488068,-1422.21385616987
715,0.0201151128652123,0.0131931511585174,0.00137580047876904,-1423.73894256327
716,0.0245854378865416,0.017067537267999,0.00152671731801568,-1427.17239413879
717,0.0160327568840319,0.0119012979882821,0.00205901975429947,-1422.84618763611
718,0.0144564937084545,0.0100762262841535,0.00175030130988317,-1423.4866802196
719,0.0219659738519241,0.0115314421404103,0.00159801855599597,-1423.08948831955
720,0.0137328187498043,0.0116863337343746,0.00188512463427219,-1423.18895032373
721,0.0172861695235374,0.00972570569460309,0.00191902817934104,-1422.38400325978
722,0.019995520079954,0.0100788992149876,0.00183836360628339,-1422.28019772514
723,0.0184079565671094,0.0107758636219666,0.0021053367262448,-1422.96673991083
724,0.016597826444685,0.0112253158640356,0.00171566082328358,-1422.27935368408
725,0.0197122025450962,0.0105057110880527,0.00161398107593783,-1422.30929581026
726,0.0186054868740491,0.0109392638088462,0.00186222900057348,-1422.20150307127
727,0.0184425041372452,0.0114729140768897,0.00185687816283725,-1422.30451337609
728,0.0210233851140341,0.00918031116634509,0.00163667264592171,-1422.52485913352
729,0.0190024244546068,0.0107777881326284,0.00204471575788957,-1422.81030231066
730,0.0197249563706029,0.0111870482473087,0.00178839029824829,-1422.35474407911
731,0.0180292762234937,0.0157825709333218,0.00183000229930042,-1424.87053973499
732,0.0216669750757878,0.0117231597943841,0.00179852396484157,-1423.2414674858
733,0.0140937493516262,0.0140998300421308,0.00201214023521561,-1423.98270444248
734,0.0144426176688764,0.0136091135084587,0.00167078396171228,-1423.36377734023
735,0.0165692385968515,0.0112821676916951,0.00152914799866902,-1422.88841699767
736,0.021529821916587,0.0134201235948098,0.00164022922392173,-1423.88802215334
737,0.015820145811618,0.00993430028301341,0.00213862792523049,-1423.27795913246
738,0.0152249505626282,0.0115842810814033,0.00191629582720745,-1422.54317194621
739,0.0167720708895015,0.0110130072722605,0.00200261359043859,-1422.48781115366
740,0.0171414252640775,0.0118288619660467,0.00183327653028493,-1422.28990805707
741,0.0159515258627008,0.00955033057180265,0.0016768284972031,-1423.12583377343
742,0.0169943088483961,0.011766158334208,0.00178571669950339,-1422.248994436
743,0.0169637542324075,0.0146808555517787,0.00215241087087068,-1425.21050863461
744,0.0162033751805015,0.00838913089288152,0.00200450916836142,-1423.88588096142
745,0.0207730329470659,0.00850521914465087,0.00183719765363988,-1422.72125486674
746,0.0193660334758935,0.0112976413697177,0.00150574427022688,-1422.68534028755
747,0.0162403886634632,0.0130511850714206,0.00140315417405307,-1423.71914528129
748,0.0183628340982142,0.0110104562632422,0.00168365472049315,-1422.14574805334
749,0.0197183285769207,0.00552896807565669,0.00168711662360806,-1427.57036891812
750,0.0195149969960229,0.00730568519330993,0.00167714175425532,-1423.92958949718
751,0.0189108960947141,0.00770816703577438,0.0015518224291092,-1424.04281035341
752,0.023070432655482,0.011546401796898,0.0014506157031195,-1423.74943975692
753,0.0246105105756686,0.0132579431293654,0.00101498139546115,-1426.42171135912
754,0.0223050289461024,0.0259776152483285,0.000958022937496561,-1425.47397783883
755,0.0134767968468616,0.0284993486087516,0.000909660907794158,-1426.98566923907
756,0.0164415271275692,0.0187207439947697,0.00178102031291742,-1426.8069845823
757,0.02063431855729,0.0166168547331419,0.00107689683150889,-1425.18002921848
758,0.0199423736589045,0.0149140967120946,0.00189204077700436,-1425.12961444871
759,0.0126884321911043,0.00994864659445063,0.00200309186060303,-1424.92893871956
760,0.0203791524161833,0.00940677357854001,0.00204107681663795,-1422.99517048083
761,0.0183015608640639,0.0127723102626066,0.00154132983947943,-1422.87897731732
762,0.0188942412831795,0.00995196459819952,0.00162226574317856,-1422.30678162535
763,0.0169043045923088,0.00881546225133015,0.00149948862691565,-1424.09620583771
764,0.0175107301191856,0.00993488407156954,0.0017773542136824,-1422.19890683353
765,0.0191170817174069,0.0106475324115452,0.00205162621553841,-1422.84082382838
766,0.0153638821242383,0.0102402883806002,0.00209586339910346,-1423.15216638151
767,0.024492475891437,0.00841471468032429,0.00170536106257945,-1423.87731073885
768,0.0182197344490771,0.0121294469117767,0.00167177837159007,-1422.41923813139
769,0.0163468402398934,0.0109928965205569,0.00163868067405528,-1422.53303470585
770,0.0229405270954079,0.00972088013268186,0.00162571318527916,-1423.03258457323
771,0.0185461425532506,0.0101071016270213,0.00159628562992205,-1422.37450087847
772,0.0221134705610831,0.0140353944731887,0.00108005931824776,-1425.55683114596
773,0.0222621022338771,0.0128519236030672,0.00104936672904907,-1426.06107160924
774,0.0223936041830729,0.0132049965435842,0.00167129415589996,-1424.17881255242
775,0.0256537435441718,0.013893904797334,0.00130825565272553,-1425.68622103649
776,0.0234638364454938,0.00871195628973449,0.00189826076396743,-1423.70478858325
777,0.0278167398182655,0.00895615866705569,0.00156087066629598,-1425.64972003516
778,0.0128640553059735,0.0139146000746384,0.00180507361461919,-1424.09703144422
779,0.0215367178792761,0.00696458211350677,0.00195584967904007,-1424.43809703976
780,0.0224778940742951,0.0116493132566518,0.00161962917185835,-1423.32421355464
781,0.0169223582819411,0.0122810558051985,0.00223759595759855,-1423.97880458556
782,0.0133914523245944,0.0127604628823818,0.00158602449136031,-1424.07972160024
783,0.0178206091872154,0.0126978646263751,0.00176404294962427,-1422.59728451299
784,0.0165712740433733,0.013106613160951,0.00165872336836711,-1422.73402535993
785,0.0160476748753812,0.00812541895482783,0.00165296165693032,-1424.65505381271
786,0.0185150434015326,0.013249545833814,0.00160394527933217,-1422.97265254225
787,0.0176451760477295,0.0111031840122268,0.00151698817173375,-1422.71389696374
788,0.0244475333925943,0.00907904112231546,0.00131783304963853,-1424.87683848062
789,0.0213854643402145,0.0152114981573599,0.00140367224817177,-1424.63037678645
790,0.0175678239601932,0.0133613418791036,0.0014979212592264,-1423.16824588627
791,0.0167851743622639,0.0169751372442406,0.00143315813633354,-1424.64826000913
792,0.0174024125795716,0.012421726802355,0.0017451005066458,-1422.43903359748
793,0.0182416007496377,0.00933283341203924,0.00221895949574222,-1423.64388634034
794,0.0167890345378142,0.0106447245312679,0.00176304105865571,-1422.21455607747
795,0.0217628846524876,0.00984200795775746,0.00155228356775519,-1422.77686040011
796,0.0225343209226743,0.00938973582819772,0.00157690654812072,-1422.97625355171
797,0.0183536462920309,0.0110346137117204,0.0016478822832759,-1422.20556432877
798,0.0176985564499344,0.00991652472799932,0.00151117391312677,-1422.95634236249
799,0.0229411570289341,0.00858108169527735,0.00155048287589285,-1423.38110122489
800,0.0175638070640138,0.010060268311907,0.00176930467972196,-1422.16253778292
801,0.0183213996212626,0.0111441070549198,0.00192264735022922,-1422.34038636585
802,0.0136049917933551,0.0108378120717135,0.0017370911799943,-1423.70340976481
803,0.0200778541384052,0.00757516406293859,0.0018318182466793,-1423.41008844274
804,0.0174005590605336,0.00979888438381155,0.00186585453340155,-1422.27520123695
805,0.0140216064125785,0.0102239810578712,0.00174431174578874,-1423.70810169302
806,0.0191228812723906,0.00972831607782942,0.00197563437757803,-1422.50374557553
807,0.0212409546841185,0.00992258816831906,0.00191084788943256,-1422.75899405799
808,0.0157232160764608,0.0113928530152583,0.00168948024939577,-1422.5234906681
809,0.0236308999376882,0.00871368780773348,0.00151627214758939,-1423.66454717705
810,0.0213305554731154,0.0106551306951487,0.00214743640804614,-1424.14320635093
811,0.0152720829404939,0.0107170432591739,0.0019829003102374,-1422.73027376544
812,0.0170760645562609,0.00982188059697547,0.00199688325779868,-1422.55152055614
813,0.0188324157122116,0.00971200558197237,0.00192408525458426,-1422.33941502735
814,0.0159370483576439,0.0111088570027625,0.00168515670793952,-1422.50467726535
815,0.0187222932499227,0.0125907514200559,0.00179170815907789,-1422.72734777207
816,0.0182675547569151,0.00828201908315158,0.00173966931524461,-1423.06004272228
817,0.0204722897395527,0.00983175986461117,0.00166413783159577,-1422.30627342541
818,0.0210252017394017,0.00905685477567993,0.00179946524832974,-1422.51110200496
819,0.0191174522434906,0.00993054379514569,0.00181773775362151,-1422.15138640647
820,0.02109565951491,0.0070648602939319,0.00169870634891067,-1424.03093878248
821,0.0200830415051855,0.0112405496060195,0.00171803611870093,-1422.40285714006
822,0.0211043520075141,0.0115953364166692,0.00155394039853733,-1422.90483232002
823,0.0167901080621393,0.00905811133671369,0.00209541525599999,-1423.3055389386
824,0.0221167600554634,0.0100745054450643,0.00150281219642397,-1423.02350431942
825,0.0158938851020291,0.0152916564655781,0.00175956342871257,-1423.96122643431
826,0.0192937306135439,0.0102659415784687,0.00177061629532545,-1422.12228661253
827,0.0166902719608908,0.00889307873660456,0.00205123791743593,-1423.30632929887
828,0.0174625200055242,0.0102777090463358,0.00226011105621291,-1423.66426704832
829,0.0181533603800283,0.0112847382718901,0.00195969477941339,-1422.46074507777
830,0.0190217915833677,0.0110477832271816,0.00181188000525749,-1422.20844867955
831,0.0221878739904129,0.0111663367120657,0.00173520055981474,-1423.0764443535
832,0.016829317226472,0.0136309001019566,0.00165855798376147,-1422.95076957441
833,0.0181920072930851,0.0135003513510042,0.00158440587952839,-1423.06363571041
834,0.0183292479830317,0.0100252493419452,0.00171363746868996,-1422.14439681611
835,0.0204955612592854,0.00694263130724755,0.00192653886862795,-1424.35032581818
836,0.0224254893386753,0.0119065296115153,0.0016422716522915,-1423.42552790006
837,0.0189579464607423,0.0120672169306286,0.00158040944559031,-1422.59992883616
838,0.018152722472117,0.00944428941983816,0.00168668513798408,-1422.39239698106
839,0.021442837736365,0.0120634280038567,0.00175939783481438,-1423.24525189177
840,0.0142439523038274,0.0115004548127566,0.00187750504603865,-1422.89460336491
841,0.0233575008240339,0.0100194462969469,0.00166101150560215,-1423.22344874236
842,0.0198668532079104,0.0105870995198504,0.00162140160185307,-1422.31579848652
843,0.0198258813179042,0.0101018489292484,0.00186641009464549,-1422.30363778454
844,0.0166540406270427,0.0101504104963274,0.00182905589062065,-1422.31093146173
845,0.0174373025132561,0.0104030748609553,0.001800532188429,-1422.11307705165
846,0.0195517578636747,0.00900297583544158,0.00159211371020626,-1422.65574720986
847,0.0203741884420495,0.0085487755770059,0.00180906545807771,-1422.61382957338
848,0.0165230401653898,0.0139687774363734,0.00186278693057496,-1423.29831935349
849,0.0179175236895316,0.00876126095364485,0.00206088547001334,-1423.17656273577
850,0.0176277790732905,0.00788059811702147,0.00211742670610143,-1424.26311372372
851,0.018056045440009,0.00859385641371515,0.00150952149989844,-1423.70280580992
852,0.0222651023233376,0.0071661193142461,0.00214253997036783,-1425.20733369325
853,0.0177969156848355,0.011467859957466,0.00181838318630416,-1422.19568722474
854,0.0174217777018726,0.0132795551150719,0.00167646467031629,-1422.80456483048
855,0.0178430131536747,0.015146016260228,0.00144901599544608,-1423.9440857528
856,0.0184135340621891,0.0110012411167345,0.00172747170378101,-1422.10723661738
857,0.0183879763049728,0.0119494076621321,0.00258412449658495,-1427.11406149486
858,0.0198006022140592,0.00958624948606779,0.00135578875073068,-1423.7875830471
859,0.0204606232127128,0.0150939861787851,0.00176420734133094,-1424.95514176425
860,0.0161631878736848,0.0123790844566674,0.00179653324801093,-1422.43921612332
861,0.0155088720841086,0.00920752097469453,0.00188542452850092,-1423.31600774059
862,0.0243627663445412,0.00860323144477956,0.00187713693367728,-1424.11552548806
863,0.0153206576525877,0.0115157035200035,0.00167322629398379,-1422.68542903533
864,0.0162928005262988,0.01170906801587,0.00172527836496654,-1422.33575502185
865,0.0193288646466809,0.0107258579431413,0.00176101478610123,-1422.15725166201
866,0.018317666511332,0.0106239665142208,0.00173761247091862,-1422.07134837619
867,0.0193173613650271,0.00991097460777443,0.00166764468750648,-1422.21065526961
868,0.0219414005860316,0.00843585524870493,0.00161348096060165,-1423.0355752283
869,0.0203997970066389,0.00955194356813505,0.00222793338664173,-1424.05812049586
870,0.0204536591104528,0.00948585038184817,0.00132382837107264,-1424.04239925898
871,0.0209467389204363,0.00828804578097133,0.00126860258847567,-1425.2744116046
872,0.02588100711329,0.00928159841360447,0.00179667858146455,-1424.76415020252
873,0.0214591427583028,0.00992669686174937,0.00145571599173479,-1423.08035900408
874,0.0203811671289298,0.0108728187867102,0.00207262959201008,-1423.39399007927
875,0.0177837101454063,0.0106807178961156,0.0019602313628665,-1422.32119885281
876,0.0182455650650711,0.00934113217432345,0.00209314244678421,-1422.99229329986
877,0.0149280820902414,0.014144151469025,0.00196606508801498,-1423.72588832741
878,0.0147139110210096,0.0130234768906917,0.00166140128679464,-1423.11840654469
879,0.0192231956681176,0.0145488676664784,0.00186862796307664,-1424.41634475372
880,0.0204152399138953,0.00883916447562083,0.00161197104123777,-1422.6410480794
881,0.0180014179845746,0.00907200437212746,0.00199453646966146,-1422.76360338229
882,0.0202894513092999,0.0118053648977146,0.00206825894780265,-1423.7816956206
883,0.020082202916785,0.0131801600585654,0.00176022081565898,-1423.39795030891
884,0.0170557899696816,0.0102696045211734,0.00190028720114035,-1422.25264964555
885,0.0166599463865691,0.00939829347677601,0.00173930618156694,-1422.71863101796
886,0.0240544763751535,0.00520003719204259,0.00192540850550272,-1427.16930550035
887,0.0232672704200523,0.0125997263584904,0.00149446877445918,-1424.12441054673
888,0.0169356122599544,0.0172895918428835,0.00135523877074703,-1424.78940109322
889,0.0172731728763182,0.0107103384411205,0.00169550706301112,-1422.20317048863
890,0.0215694528959589,0.0088830924579239,0.00150369734661238,-1423.11611591726
891,0.0181882757215658,0.00901604349045751,0.00158513552292101,-1422.93553634702
892,0.0186137422918705,0.00963770645842158,0.00156016701577657,-1422.6361689343
893,0.0196418516524499,0.0114069053439927,0.0019499145351649,-1422.80419633635
894,0.0171674224031066,0.00980242996074172,0.00165437762427591,-1422.5352241244
895,0.0161821879910374,0.0168654628740721,0.00149790526027747,-1424.63049965029
896,0.0175719406164992,0.0130427028653542,0.00196436902654002,-1423.17637582297
897,0.0146338843313947,0.0141943524784064,0.00158810214429738,-1423.65270266226
898,0.0130553351564669,0.0138349555473783,0.00182721916324759,-1423.94718626439
899,0.0187496616568238,0.0122137869863388,0.00157231086361522,-1422.647452526
900,0.0202552642480991,0.0134634833417683,0.0013548068046204,-1423.91131686723
901,0.0178975668796626,0.0111292378695405,0.00204025338848189,-1422.67271230215
902,0.0200984440905795,0.00931512016728489,0.00157010177455328,-1422.58697452784
903,0.0183994199405374,0.0116297812520304,0.00159042068519064,-1422.43089461291
904,0.0181949646139443,0.00953135171387168,0.00161400465991555,-1422.54159503351
905,0.0234542584020108,0.0105696714980593,0.00214968908209327,-1425.33769350269
906,0.0236053907686849,0.00714033734144884,0.00134678879959371,-1425.69232318822
907,0.0259638031981041,0.0126092409873655,0.00147070265261552,-1425.45391100311
908,0.0177092907781334,0.0138696391885271,0.00202237154357696,-1424.01891509911
909,0.0175551110540138,0.0147032318315744,0.00105698475063291,-1426.0841354613
910,0.0162419121871091,0.0274444972113749,0.000866254820243414,-1425.52811586419
911,0.0190944876930111,0.0209549269462745,0.00102508910863832,-1424.98427551515
912,0.0216468190586663,0.0186813103530573,0.00139660825685817,-1426.10379725371
913,0.0189046811795563,0.0171397840033212,0.00117517362748482,-1424.93879490657
914,0.0242827748934174,0.0148002114047351,0.00165175560545851,-1426.16969063792
915,0.0141660811368277,0.0122761675080423,0.00208212589989406,-1423.36639226101
916,0.0211565786297101,0.00658987154051654,0.00118824027813114,-1428.54231646842
917,0.0200154908045064,0.0261940051688332,0.000649390068138764,-1424.79597122569
918,0.0222273799621156,0.0188930405406085,0.000946499349081218,-1424.99892655622
919,0.0201907809945686,0.0271915863721266,0.000580759698383874,-1425.18119380316
920,0.0176266122057267,0.0250738092778311,0.000954609569232508,-1425.25106293584
921,0.0227102802396341,0.0244246120310217,0.0012009089615178,-1427.07707421642
922,0.0243415887452998,0.00963957476271925,0.0021941542493782,-1425.93195939131
923,0.0155777534726179,0.015621501668078,0.00180043105525868,-1424.27137858152
924,0.0149090424901896,0.00955749408272971,0.00204136051742783,-1423.58817950218
925,0.0212424852068133,0.00874118115852617,0.00158230501651922,-1422.84184483538
926,0.0174472505992109,0.0157820245675466,0.00129691837707927,-1424.50695899323
927,0.0211977140549866,0.0129052103643728,0.00154551521744819,-1423.46662854672
928,0.0185977785818342,0.0132774718852984,0.00207019505792105,-1424.11542170134
929,0.0183584951424568,0.0140806004604473,0.00176644307109536,-1423.48543801656
930,0.0162802502500927,0.012611229304029,0.00182869673106154,-1422.5266340756
931,0.0172012869436885,0.0123863361447816,0.00183618733380722,-1422.47719194495
932,0.0167631710200456,0.0104916836674037,0.00160536481862456,-1422.61431409064
933,0.0197139745828734,0.0102144696740145,0.00196794249250354,-1422.57280562484
934,0.0170979208215877,0.017378245815117,0.00180860101890318,-1425.87615534246
935,0.0133817822370018,0.0169855397534,0.00168492217784315,-1425.61847572985
936,0.0190271697744659,0.0096054384177227,0.001609170360315,-1422.42244864019
937,0.0202704878692332,0.00955476883197678,0.00177199596853356,-1422.26410012518
938,0.0208066453806174,0.0090741819810966,0.00179860665737546,-1422.46030951782
939,0.0199705921901861,0.011977353391271,0.0019481109721529,-1423.18233104114
940,0.0193581572443019,0.00993989264376399,0.00149769829955079,-1422.76635636661
941,0.0206272751172544,0.0103436251568145,0.00178053252274094,-1422.36208473988
942,0.0154908011171356,0.0101917854456189,0.00206516809771693,-1423.02876858824
943,0.0150156340711118,0.0105128334194175,0.00184915650521795,-1422.78256003001
944,0.0197830776385172,0.0129457456870622,0.00191620593411772,-1423.59539395124
945,0.0174432267953782,0.0113373305289488,0.00193780791617388,-1422.3553746134
946,0.0198438475045515,0.00797155246636309,0.00229465098817524,-1424.95306711148
947,0.0203922059191245,0.00969536478160359,0.00133376440027589,-1423.88861326119
948,0.0178220170172452,0.012644291530684,0.00198140602904907,-1423.06561842448
949,0.0167974725833409,0.012140776588458,0.00181889830584637,-1422.36034323317
950,0.0206524780950281,0.0104440221728952,0.00158081304083524,-1422.50041591998
951,0.0227319027994531,0.00939619241550834,0.00193551273465189,-1423.4329145362
952,0.0173589074808124,0.0117544687316594,0.00209853142991461,-1423.05737844376
953,0.0128435045626199,0.0118857354425545,0.00222551456103599,-1424.53683381082
954,0.0150615505831733,0.0113328719311812,0.00235262023946768,-1424.3286620221
955,0.0144322279605034,0.00880670296181463,0.00237995143315554,-1426.05279757455
956,0.0171060292291433,0.0110952129769019,0.00168258672241358,-1422.24775679641
957,0.0208404145852408,0.0121834171666241,0.00168640979105723,-1422.98686316649
958,0.0139346192800418,0.0123912122851406,0.00180150659411517,-1423.14095701925
959,0.0141680128779501,0.0113659670253962,0.00200613212415552,-1423.07327504513
960,0.0150238096319016,0.00979092188673156,0.00231950929758907,-1424.52311712515
961,0.0187972609536028,0.0095870804886226,0.00211175588980688,-1423.04409368569
962,0.0167555464430949,0.0112211570937544,0.00179975002317657,-1422.19348084025
963,0.0171085985308029,0.0111823985981257,0.00181512794941631,-1422.15718829419
964,0.0214166492424017,0.00959006276467958,0.00186616907798802,-1422.67242098476
965,0.0190411382806298,0.0105827923578512,0.00195185915147376,-1422.43186056184
966,0.0147980952538593,0.0119881555803702,0.00217946909839243,-1423.49019900614
967,0.0144979217944539,0.00880075750161578,0.00246043858409283,-1426.53685378369
968,0.0226755914380322,0.0069499333356631,0.00115043147049966,-1428.18930781176
969,0.0203865634181082,0.0163005399313064,0.00100024170113849,-1425.55057797277
970,0.0163630289974012,0.0176690966720467,0.00138066370728492,-1424.97697615233
971,0.0166536807255968,0.0169748820357892,0.00143407239600375,-1424.65257622357
972,0.0196911794982643,0.0115954441805961,0.00171675261397241,-1422.42730960219
973,0.0195327777651685,0.0124255155067318,0.00155452174675808,-1422.85179290727
974,0.0178875462177756,0.0124581901706894,0.00194620498254121,-1422.85689054383
975,0.016326583700587,0.0111430625420839,0.00183526317479252,-1422.2602540439
976,0.0171578261064208,0.00861133218883294,0.00174699863680284,-1423.14194138633
977,0.0225461712656997,0.011150063563286,0.00154784703349573,-1423.22625006543
978,0.0174838929906027,0.0120159356290236,0.00196751117818867,-1422.65823497705
979,0.0143093257813283,0.00972043418534323,0.00184710589915392,-1423.71605360338
980,0.0247174778102993,0.00836380973739859,0.00153094019905775,-1424.16633529432
981,0.0252154495286385,0.0106580678406265,0.00157077945053551,-1424.34433466359
982,0.0239494800376317,0.0124212728665071,0.00150691955746591,-1424.34248368001
983,0.0257124516711181,0.00772272905435693,0.00199465334675481,-1425.54831132227
984,0.031919798295013,0.00510201117373817,0.00137393419340925,-1429.44632512723
985,0.0283375625339349,0.0129545498944046,0.00116865185177142,-1426.89484222566
986,0.020615812896347,0.0179891211854918,0.00128004771967102,-1425.2158347056
987,0.0211348656795199,0.0167923572867924,0.00107893296799116,-1425.168762145
988,0.0248176836847913,0.0145730640517596,0.00152014292013385,-1425.84686000101
989,0.0203184261716557,0.00951088065431469,0.00211353509158148,-1423.33351210739
990,0.0177155432089402,0.0106065122186561,0.00227306931894525,-1423.79135180546
991,0.0188369679701201,0.00951568830619243,0.00171196584500159,-1422.24772867228
992,0.0194990856940445,0.011756100655586,0.00183621787883594,-1422.58478033193
993,0.0214668566428579,0.0105482369184659,0.00141224371654001,-1423.29880787155
994,0.0178489381016309,0.0138206356793108,0.00187944271066419,-1423.46244727933
995,0.0197982210474397,0.0134351941658184,0.0016439366011271,-1423.32199903345
996,0.0142065188877004,0.0139494267720917,0.00175383547428744,-1423.48048661131
997,0.0194475509278081,0.0102722489890276,0.00174893349153515,-1422.13412042542
998,0.0180792320988909,0.0153449671981192,0.00174113555781295,-1424.2475034123
999,0.0179987282746213,0.00809623973183816,0.00149823482335529,-1424.31687102308
1000,0.0194081801078063,0.0141511413496502,0.00156238531107692,-1423.61186444269
