"i","asc1","desc1","pol1","p"
1,0.0265568428588525,0.027840773024573,0.0324024556402653,-1877.88177047635
2,0.0251052147009551,0.0276785560783159,0.0283513063983572,-1831.11202202619
3,0.0199251990370847,0.00953302212757343,0.0131043158987697,-1580.84683631543
4,0.00985754164432292,0.0103114838200159,0.00420246974747528,-1420.11888754061
5,0.0155628514110489,0.0130810297474967,0.00406270078719899,-1410.23376375966
6,0.0158738310973334,0.0136470426212911,0.00251917345826719,-1392.18154456783
7,0.0182749423927638,0.0140973482963971,0.00128321791912401,-1389.05963356356
8,0.0244343279312199,0.0140565722850032,0.00142700704598073,-1388.15356478554
9,0.0175798970575977,0.0172148920559903,0.00143504710578091,-1387.76160769162
10,0.0234105570709865,0.0177642124158211,0.00134160074314262,-1387.78471056941
11,0.0267797902407657,0.0200753428728587,0.00152173097323074,-1390.21052254052
12,0.0177136022227883,0.0141603065292734,0.0019151905222601,-1388.51718176626
13,0.016847731407162,0.0178559264686109,0.0019166451696257,-1389.02416395875
14,0.020900854801252,0.0129891061250736,0.00103353869843733,-1391.2445296937
15,0.0235654543341791,0.0186876012744577,0.00143233654916623,-1388.14480560531
16,0.0224043524014443,0.016241940227588,0.00150083239165532,-1387.50176713259
17,0.0228611659033834,0.0177064859447017,0.001475855458986,-1387.75886195864
18,0.023768148992658,0.0176294218176466,0.00145050274759777,-1387.89714091703
19,0.0185665960670402,0.0151050676308785,0.00219986788087943,-1389.86130148117
20,0.0230812256419211,0.0152488220037827,0.00128475592505605,-1387.79574296604
21,0.0168038455461962,0.0209069852677108,0.00133769530117749,-1389.35468205727
22,0.0212405306333321,0.017008623032987,0.00160528484924235,-1387.60443592679
23,0.0180378327153577,0.0157953636739634,0.00156081575418336,-1387.57537205993
24,0.0189946107892875,0.0154798163809781,0.00153481192848857,-1387.47054585415
25,0.0184253735782437,0.0165243511683416,0.00134850516790174,-1387.7741363461
26,0.0245446703922052,0.0168751147470269,0.00123538358738074,-1387.98029848938
27,0.0214800942558145,0.0202529620920839,0.00148401658741056,-1388.47757042385
28,0.0182101023128689,0.0226395052521628,0.00134630856568456,-1389.89149694578
29,0.0225734995913892,0.0210816241071,0.00157946461648933,-1389.50961676755
30,0.0201406555462363,0.0145211362942187,0.00171296862204121,-1387.80367219139
31,0.0157944397307804,0.0142121456149332,0.00152229176346122,-1389.19373435217
32,0.0251529289883901,0.0151531495663636,0.00147441505670481,-1388.09688202237
33,0.021122345025542,0.0182205800989561,0.00112456730258852,-1388.43179381701
34,0.023631863225119,0.0160298550886719,0.00149785084161409,-1387.7161995612
35,0.0159551691646062,0.0188713567191421,0.00158236808942816,-1388.76292249203
36,0.0234300215862955,0.0181838035302118,0.00135437461660363,-1387.8889531673
37,0.0252548803958073,0.0197584314904696,0.00109626020854437,-1389.1566055696
38,0.0257013087751514,0.0210126520994397,0.000612409508088887,-1394.07357731886
39,0.0241917329375569,0.0212202274247584,0.00163354817945003,-1390.42150046982
40,0.0177783686878329,0.0121350208068608,0.00195051881914828,-1389.60392062693
41,0.0200693711731527,0.014462694308707,0.00150160711565806,-1387.67326847953
42,0.0224531388060444,0.0155974002452101,0.00136235343097994,-1387.54063943247
43,0.0220024685395091,0.0153618797381648,0.00135012067112426,-1387.5832027406
44,0.0171134006884029,0.0196698787912636,0.00142886724786362,-1388.50261131627
45,0.0210947222615206,0.0158902823700712,0.00143360366264125,-1387.3798127825
46,0.0224064192414723,0.0203486313884987,0.000993935594492729,-1389.72179509051
47,0.0261898352545194,0.0177462918014953,0.00165484178441505,-1389.51930498987
48,0.0176848314496965,0.0170100616059022,0.00147190351151324,-1387.66761580118
49,0.0172632473738442,0.0170606067546992,0.00181630339530924,-1388.24739741271
50,0.025902070767411,0.018132814951532,0.00166299945285128,-1389.58982695814
51,0.0277780617445493,0.0155939411703818,0.0011181812316957,-1389.06589433197
52,0.0264882747814776,0.0198695282674715,0.00089277234475172,-1390.41919663116
53,0.0267478380159987,0.0137727747791683,0.00180525034688457,-1390.31308439842
54,0.0240760266996968,0.014694716353645,0.00204202268541922,-1390.53520730286
55,0.013366609856072,0.0156813910913877,0.00189324369508789,-1391.01616124964
56,0.0251689436064861,0.0161014711161025,0.00154814111034402,-1388.27003284763
57,0.0172465102014237,0.0177459677592034,0.00176058828699311,-1388.2371122892
58,0.0232792547033246,0.0154913330282897,0.00173482460460069,-1388.3716805813
59,0.0167840721165617,0.015758435323503,0.00160046833140193,-1387.96395632853
60,0.0160591718940153,0.0157208857277121,0.00166744302145554,-1388.32204003699
61,0.0178582247171599,0.0157733201978907,0.00163352759235421,-1387.63469635273
62,0.0209845175170013,0.0158904464587748,0.00141097721317666,-1387.40023264491
63,0.019856592469568,0.0130445994198656,0.00195968123945352,-1389.0571723919
64,0.0269325399450945,0.014483292385457,0.00193695528871324,-1391.21310864934
65,0.0149950270051024,0.0153732945970557,0.00166781172297686,-1389.10613067645
66,0.0147547212721202,0.0177913395710726,0.00189816452244321,-1389.99416614736
67,0.022080910859104,0.017879740420726,0.00143008638443166,-1387.61327822271
68,0.0229433656627612,0.0205517328647261,0.00114006166823208,-1388.99820682102
69,0.0196039213036953,0.0192611561709612,0.00162238463220485,-1388.15841111472
70,0.0143574930395067,0.0168644053015071,0.00181111806293499,-1389.81450881266
71,0.0158658758973654,0.016574538101084,0.00205806189939496,-1389.68169183654
72,0.0200750358968748,0.0140652705952902,0.00193285008331129,-1388.63509231072
73,0.0170758599897621,0.0161407238253789,0.00133039603689806,-1388.40458242723
74,0.0229935020654761,0.0131760394168483,0.00213060305277657,-1390.85988143706
75,0.0188014080287912,0.0110966044446385,0.00248805675149037,-1393.00404371433
76,0.0158007982168099,0.0124394596526168,0.00249686092446165,-1392.3340340594
77,0.0189475399215711,0.0148746423895956,0.00211913624988243,-1389.37508425774
78,0.0176456914179196,0.0128411578734314,0.00165994938211123,-1388.89786790995
79,0.029834921121618,0.0177011719275873,0.0015138685313665,-1390.56948746737
80,0.0141972035240124,0.0147487399631787,0.00204930168606888,-1390.58412012826
81,0.0202608016925765,0.00915066626913865,0.0018307490030486,-1393.13774263696
82,0.0268169997914293,0.0212163054052334,0.00135268186895615,-1390.2383408533
83,0.0145303371561057,0.0191995662308125,0.00173300580121739,-1390.18069564759
84,0.0159318115043171,0.0161966064161509,0.00131260048489016,-1389.16815535739
85,0.0267417058876666,0.0231507027085293,0.00136052188712281,-1391.46031295316
86,0.0225973725867408,0.0146910500110714,0.00143588741096476,-1387.67619433378
87,0.0221852232103885,0.0182181311808415,0.00163241219132481,-1388.19672867601
88,0.0134944862116494,0.0161041324035618,0.00156808770148357,-1390.72563739559
89,0.0265733718651247,0.0149240719316648,0.00151527333709219,-1388.69485380634
90,0.01882357741561,0.0220082125233696,0.00126985226809787,-1389.46931000576
91,0.0252941360384926,0.0153121526728361,0.00135500588126549,-1388.01367957881
92,0.0181600097214637,0.0203408813436027,0.00151497796800056,-1388.53148239379
93,0.0171232139474463,0.0166221867295891,0.00122603351725333,-1388.88339163787
94,0.0232401330824253,0.0132805913052266,0.001743977215945,-1388.8426966012
95,0.0177241610463627,0.0163596633661981,0.00188408413037959,-1388.30456910026
96,0.0196524655122462,0.0147765342906793,0.00193247431490445,-1388.47080528722
97,0.0173940107261681,0.014170997113157,0.00132723893191075,-1389.13179491209
98,0.0275553697152817,0.013740825129142,0.00134613460358433,-1389.11084826761
99,0.017957106961688,0.0156541334205819,0.0017151389494941,-1387.73103391644
100,0.0208210818110046,0.0154349582243264,0.00159993529807147,-1387.48385903879
101,0.0226116640557081,0.0127494410030344,0.00169974356954055,-1388.84821228905
102,0.0241137621676205,0.0181512447967917,0.00118114401301394,-1388.25759507253
103,0.0205032281288699,0.0198470008948057,0.00115220412040221,-1388.67093916874
104,0.0216325898570609,0.014586842528445,0.00196948937613376,-1389.09939448596
105,0.0165434352802504,0.0151328018701775,0.00159777307970741,-1388.2086702979
106,0.0302429729789653,0.0133400067343603,0.00175196138071887,-1391.93171783963
107,0.0305482807180527,0.0148647244575427,0.00131997595589667,-1389.99429946558
108,0.0179721886662449,0.0167759998754824,0.00202737020102156,-1389.09801740053
109,0.0156055380054433,0.0149762569852951,0.00150734612228619,-1388.99076830836
110,0.0250061458053216,0.0155332463060657,0.00121647527743073,-1388.14255142735
111,0.0231801287835147,0.0145149892453514,0.00191159602525354,-1389.2931798178
112,0.0153093530194187,0.0163533354041571,0.00133135348523286,-1389.52704599596
113,0.0269297765803575,0.0139940420352798,0.00133606585357569,-1388.80690117845
114,0.0186815438745595,0.0212534469277309,0.00188530628534498,-1390.61480023329
115,0.0144494327333574,0.0147711344184531,0.00161400875623836,-1389.85293892961
116,0.0240434211348468,0.0182670433612313,0.00101737138238379,-1389.11420210682
117,0.0232270788455568,0.0186334503230709,0.00180867005760663,-1389.6120701458
118,0.0246214007334271,0.0144724949019015,0.00143443005503825,-1388.05367137371
119,0.0260701387667749,0.0154970820991555,0.00154138535603045,-1388.54521887446
120,0.0223157431426179,0.0160712359171826,0.00124751110236722,-1387.7631853802
121,0.027789332006285,0.01486694972229,0.00120328262535838,-1388.95586296615
122,0.0248017147975843,0.0136443774027079,0.0015706911733293,-1388.59784453244
123,0.022268141893819,0.0141336698874859,0.00179999228376914,-1388.51095859545
124,0.0199409816759965,0.0147245095443241,0.00155609623045895,-1387.56917509205
125,0.0197179020277702,0.0186015524690592,0.00166971381538305,-1388.05139469546
126,0.0167471798360345,0.0183083348398615,0.0017987424639766,-1388.71394483351
127,0.0174441092814689,0.0153457940687384,0.00173450144082447,-1387.9039115724
128,0.021146252593947,0.0172854759256081,0.00145818725813759,-1387.41505415356
129,0.0187400285397324,0.014795818085749,0.00152058777446587,-1387.69507069134
130,0.0231555127279268,0.0160306810163932,0.0014232347908682,-1387.55145837222
131,0.0210182715712016,0.0151449694196333,0.00151692694677535,-1387.46355892134
132,0.020921108020002,0.0165429792503699,0.00130341680521404,-1387.57007356273
133,0.0204727663400099,0.0155563489769934,0.00177310645168073,-1387.8896413681
134,0.020447728774146,0.0141796994068901,0.00147051221091731,-1387.79852319531
135,0.020217680892925,0.0151741632478087,0.00130410450070183,-1387.88977488382
136,0.0204469342937029,0.0164234581519495,0.00191458124778484,-1388.62727292099
137,0.0249554783224486,0.0147410923066466,0.00178636090086032,-1389.25156108287
138,0.014890898349966,0.0147314077896259,0.00178765884571661,-1389.40073883357
139,0.0170820933425483,0.0184516973621172,0.00130994134833057,-1388.4413675979
140,0.0218236134073984,0.0145126057239995,0.00151145819870504,-1387.66288533458
141,0.0200434028913453,0.0148409566759412,0.00153419508206872,-1387.53430589233
142,0.0176165860240874,0.0151537213869871,0.00147156436819565,-1387.95687047717
143,0.0168736899450714,0.0203655246176071,0.00169795531774387,-1389.32135924596
144,0.0158340431227875,0.0157896344272244,0.00159052105182778,-1388.45483616432
145,0.0171819542730673,0.0165862155387039,0.00141075811271319,-1387.97994052874
146,0.0255258917115143,0.0141764014975111,0.00156377312774868,-1388.61675540858
147,0.0203985067002181,0.0158195060872894,0.00147880998064272,-1387.35851837515
148,0.0209170735895427,0.0152037551105131,0.00155080352651308,-1387.46523944438
149,0.0203082322722854,0.0143396133099514,0.00121381685700329,-1388.71993089178
150,0.0240158743122214,0.0171363062948984,0.00117587406873299,-1388.11520100977
151,0.0182096819554177,0.0156471920330607,0.00160931195434195,-1387.56438092858
152,0.0220197361541208,0.019295814898379,0.00147339688911502,-1388.11395169907
153,0.0196819824192198,0.0200935247804607,0.00149077318111955,-1388.24362177716
154,0.0161927408820106,0.0135956546080635,0.00193793604174933,-1389.20236400851
155,0.0224049866968155,0.0175129842314342,0.00119882672078314,-1387.94963814553
156,0.0255622013098429,0.0194294700216208,0.00135788176393241,-1388.88972302769
157,0.0288764892528784,0.0167307444000696,0.00111972686469217,-1389.32883321427
158,0.0263891644784136,0.0150540412758834,0.00134918155797619,-1388.34810115539
159,0.0186409565757148,0.0199738666614154,0.00148595911155171,-1388.24267394168
160,0.0198628925695046,0.0145545163963453,0.00143805522514456,-1387.75233779003
161,0.0278229650357655,0.0170151129055765,0.00110040557086882,-1389.09280115484
162,0.0234550415647703,0.016183102928252,0.00166711849836424,-1388.18015317282
163,0.0231926786983174,0.0182539659038,0.00131259074028754,-1387.88358329759
164,0.0194050041575238,0.0221186852000492,0.00142301493274878,-1389.35380471879
165,0.0202535497131945,0.0222228144701176,0.00168620376435705,-1390.29184332298
166,0.0201656744382005,0.0140879853423845,0.00181707955928549,-1388.20058183642
167,0.029666903775575,0.0149413059512066,0.00116969631808141,-1389.64326285413
168,0.0188433640117811,0.0146809167076746,0.0017091643844152,-1387.76591979392
169,0.0185803923630954,0.0165896128038323,0.00156554124047943,-1387.44102695361
170,0.0195949748782982,0.0141073472021061,0.00145179501532609,-1387.96033666346
171,0.0207490812998806,0.0167722970823731,0.00141660144837282,-1387.36085821473
172,0.022249349591842,0.014354455775602,0.0013882376243702,-1387.81560295699
173,0.0176914935072493,0.0202735362481067,0.00118661163645721,-1389.28581969196
174,0.0209429012905732,0.0209420054904461,0.00119179684263012,-1388.90666393851
175,0.0203970310258821,0.0140134049219355,0.00104473462563763,-1390.41712453091
176,0.0240228972452602,0.0202993959370811,0.00147729912931622,-1389.11421578966
177,0.0230363487551689,0.0149822605519598,0.00135754120782446,-1387.70537106934
178,0.0229775624932516,0.0132961380119258,0.00188097687489122,-1389.33423824605
179,0.0242501626108706,0.015580544046793,0.0014839217425506,-1387.83977633765
180,0.024984126244374,0.0142615101008455,0.00150390088014599,-1388.28874261147
181,0.0222884397846098,0.0181428015756091,0.00134190277274917,-1387.70680401689
182,0.02397608401853,0.0185140829308782,0.00164995738381038,-1388.92510964892
183,0.0267952271682291,0.0149658396955937,0.000926484495253786,-1390.36000152634
184,0.0266596980228838,0.0181839484625573,0.00141753563831007,-1388.89365503254
185,0.024440197026269,0.0170557119877116,0.00155743407449635,-1388.2139295566
186,0.0233526352504086,0.0165445177200289,0.00155383498157156,-1387.8148837984
187,0.0206090505590468,0.0193930626497875,0.00141056215387721,-1387.90804405494
188,0.0214785782414061,0.0138972094900712,0.0013224261412043,-1388.22389438969
189,0.0232419054535954,0.0162578982501768,0.00141343417050937,-1387.5633454067
190,0.0197172902670705,0.0195982303365378,0.00148174098182158,-1388.00746247881
191,0.0188396485018241,0.0140206573451291,0.00185569895340692,-1388.28356800702
192,0.0197818625232284,0.0158533854128681,0.00174993030591187,-1387.74016609202
193,0.0213641926883552,0.0118713634825199,0.00147416719159154,-1389.45388750616
194,0.0202090573747001,0.0188141922968912,0.00128761935893954,-1387.86947948574
195,0.0221724127159056,0.0165244578788296,0.00120519090760774,-1387.89964276099
196,0.0220254581913477,0.0204713822416036,0.00146042434887721,-1388.64146608957
197,0.0216777238710314,0.0190808611032559,0.00151689329684302,-1388.05462013463
198,0.0252608940002505,0.0184110157482778,0.00118910552501967,-1388.49142520512
199,0.0181033748522782,0.020303724434272,0.00155375165651178,-1388.58410498302
200,0.0174670315269529,0.0179352953903661,0.00159023316247583,-1387.85105565874
201,0.0180024626530871,0.0149795711820764,0.00140434610182147,-1388.0862711296
202,0.0251137272538072,0.0185638168323603,0.00129151871451434,-1388.3816218096
203,0.0219118575213638,0.0185410008149506,0.00157504700736012,-1388.05192668389
204,0.0162786083490194,0.0162428025897411,0.00174989815790541,-1388.28817534028
205,0.018836770339541,0.0150512129834049,0.00160297073726784,-1387.57482079467
206,0.0177974836359841,0.0161263389688578,0.00168331096983716,-1387.68793049213
207,0.0192830887775977,0.0155379038295023,0.0013534822419791,-1387.75244079661
208,0.0196890524546168,0.0138356715332513,0.00151691642538807,-1387.97321403294
209,0.0211262436286797,0.0208971226159513,0.00117890051376015,-1388.92880494397
210,0.0255477609192738,0.0199094594030924,0.0012309481923457,-1389.02001498718
211,0.0172067711698182,0.0155030735673867,0.00177591708947532,-1388.03073576434
212,0.0214836354980667,0.0144972389725742,0.00139823579802271,-1387.74000812898
213,0.0229060920150907,0.0141449947637978,0.00144488212710514,-1387.88971202672
214,0.0308133933909366,0.0135136105097921,0.00114591099580673,-1390.5998594405
215,0.0191816150764901,0.0225965244900899,0.00129350377059427,-1389.73255265688
216,0.0221466946978024,0.016106518612406,0.00164368494739029,-1387.7645000536
217,0.0166978339614414,0.0178080002510573,0.00155899786043194,-1388.07119847763
218,0.0147040759639512,0.0160218188519967,0.00193456940779657,-1389.75517432854
219,0.0235429993199814,0.0147409283320168,0.00121312111441474,-1388.2092685153
220,0.0204283996370986,0.0144686451266269,0.00181395528821469,-1388.13089083456
221,0.0197127822809201,0.0119979758910229,0.00186596413721758,-1389.41822881234
222,0.0182798651851234,0.017116411838996,0.00140561722880844,-1387.62317885558
223,0.0220148032300393,0.0156812386620414,0.00176295859889794,-1388.15263887762
224,0.022438123179249,0.0181156316448253,0.00137180629205626,-1387.70588484317
225,0.0220208904324393,0.0183352751249464,0.00131704845237413,-1387.74960111879
226,0.0191723498866954,0.0161664886616909,0.00105893459548808,-1389.59181165055
227,0.0275008886392395,0.0146563391624292,0.00136870931802759,-1388.80586792268
228,0.018198474869987,0.0183919484320141,0.00157573982829204,-1387.80060403314
229,0.0223928589313809,0.0146242869065679,0.00140601173843233,-1387.70245090343
230,0.0254026286722725,0.0102529852971272,0.00146566272423968,-1391.61080302074
231,0.0237664536348787,0.023584141321627,0.000911399752215652,-1391.34390808546
232,0.0218841894531858,0.0151024661153212,0.00157991792773379,-1387.60412337614
233,0.019523198039402,0.0170298017174361,0.00165850413299415,-1387.57872234631
234,0.0157899627312802,0.0170510220378872,0.00152919466753869,-1388.47598633475
235,0.0254931898004135,0.0132481875299638,0.00128472620823101,-1388.90420356746
236,0.0209362717012782,0.0200884196519781,0.0012126481800475,-1388.47831603049
237,0.0205976900183037,0.0176242587477066,0.00166687847313191,-1387.82487082596
238,0.0166761426126003,0.018300873371904,0.00135450645233159,-1388.45795647753
239,0.0193987035354251,0.0142477426343516,0.000999905688902812,-1391.2458261047
240,0.0283792036753038,0.0175783449434128,0.00140615879916631,-1389.37953316431
241,0.0209492456798797,0.0197403341641097,0.00148786138554423,-1388.16121552183
242,0.0235135942638043,0.0185050508105342,0.00135070756378021,-1387.99875839243
243,0.0174058578495059,0.0201393611894135,0.00151270541963666,-1388.6110268559
244,0.0217607790081164,0.0125135348925839,0.00139796789783315,-1388.97747003215
245,0.0224274628099376,0.0194631404897437,0.00146630324295043,-1388.25300105821
246,0.0209904610022251,0.0200395466887631,0.00139280030231603,-1388.19824082016
247,0.017732015583017,0.0162922370228283,0.0012739706764315,-1388.37646656296
248,0.0246014496179811,0.0239798044380797,0.00122313983943552,-1391.00065962056
249,0.0252592514758744,0.0156451208598415,0.00100591387612803,-1389.32928870753
250,0.0201467321739347,0.0158102269533758,0.00179828345269596,-1387.94640465107
251,0.0187053698875523,0.0167589572518197,0.00175330083352945,-1387.80547334524
252,0.0163257099802188,0.0136333858581136,0.00166803554419161,-1388.91517621936
253,0.0185202065786627,0.0179112924231979,0.00138924493570707,-1387.66478532631
254,0.0223576215437213,0.0168209195463225,0.00138453951858444,-1387.48067335183
255,0.0260386267839531,0.0154631360101456,0.0016218984752769,-1388.84259908815
256,0.0151726533931978,0.0155763007774348,0.00176035664103779,-1388.98402733149
257,0.0268751128025418,0.0149838253166857,0.00129000636856158,-1388.5251195372
258,0.0263581603101248,0.0181621032638804,0.00154729492313742,-1389.21560741898
259,0.0222962540745139,0.0200530093544383,0.00170727126899223,-1389.43404071028
260,0.0204603741146493,0.0163506187101887,0.00152731328793617,-1387.34329231415
261,0.0186812124819166,0.0167370278519173,0.00148966855879489,-1387.43226284542
262,0.0226426712553115,0.0175622530067633,0.00136597957168788,-1387.61783229217
263,0.0194956723916845,0.0143701611533396,0.00133405612601595,-1388.23576002342
264,0.0254933301697021,0.0196445096386475,0.00127496898159426,-1388.88827922904
265,0.0167144653289348,0.0118257167573198,0.00187184885365986,-1390.06441953512
266,0.016141889321952,0.0203406674423971,0.00199694241608125,-1391.11201000573
267,0.020096172098934,0.0153374592127761,0.00149298901295154,-1387.43151629558
268,0.0156106300782434,0.0192696277259549,0.0015800283976771,-1389.12162124443
269,0.0258694691719823,0.0193610923911308,0.00144821042185059,-1389.1764536778
270,0.0172487790868254,0.0157642631169409,0.00172542088952723,-1387.90056940957
271,0.0162850862823529,0.0133208908071742,0.0020278944738711,-1389.50993641223
272,0.017968940517093,0.0120605394651918,0.00166849616216624,-1389.47881026238
273,0.0207949524542046,0.0109316086573573,0.00180913926132809,-1390.42134592638
274,0.0184946266665318,0.0169431665493946,0.00231392847458919,-1391.25777403115
275,0.0181815524374549,0.0136545289830843,0.00163848932075029,-1388.22593755348
276,0.0192048294252501,0.0202216290504854,0.00160248419021854,-1388.55983797207
277,0.018198397466286,0.014235231503284,0.00155039886859141,-1387.99913388901
278,0.026330414018428,0.0130468786711814,0.00114493586804866,-1389.69056888821
279,0.0190317173954305,0.0218301955744866,0.00162907459979301,-1389.66883692256
280,0.0218316335036858,0.0143610022695745,0.00146248850972747,-1387.719754939
281,0.0226830247266965,0.0145362311897343,0.00172260611883047,-1388.23152480893
282,0.0205849781162758,0.0139686048243466,0.00149406144488256,-1387.8598826974
283,0.0236534191242956,0.0184054461413838,0.00142451643409483,-1388.05610422415
284,0.0209773288201214,0.0147776871545084,0.0015878791363022,-1387.58655444867
285,0.018753441677514,0.0155042015675299,0.00113875590406439,-1389.21570242765
286,0.0293753976905566,0.0196148934066223,0.00124980733275389,-1390.18700773956
287,0.0293208897393063,0.0132974005214797,0.00118398426439123,-1390.10575317859
288,0.0225812659394538,0.0136306416316533,0.00149750441555608,-1388.08467945507
289,0.0237872076243937,0.0132003911126705,0.00165019459387729,-1388.73157398666
290,0.0199863543906995,0.013629593046738,0.00158145579564076,-1388.00935664783
291,0.025888759174319,0.0135386453501268,0.00115814900818706,-1389.23206943308
292,0.0252774339234038,0.018504409538244,0.00117474003800314,-1388.55309938025
293,0.0225699397546752,0.0192943676335638,0.00153895385018288,-1388.39705032745
294,0.0219759854369611,0.0209965528638129,0.00161302039860253,-1389.4389704098
295,0.0180872685536957,0.0136978454631314,0.00155132554586017,-1388.3149047757
296,0.0174774856190245,0.020337607325718,0.001482593461808,-1388.66762665863
297,0.0193839050950219,0.0195491989455066,0.00136092429982507,-1388.00535363682
298,0.0165048489649757,0.0151743088255126,0.00155166008818205,-1388.26745599001
299,0.0270215766873539,0.0172085335380649,0.00143379334032025,-1388.78747207987
300,0.0216560538430087,0.0178037629438339,0.0016490736211099,-1388.00238472567
301,0.0173781419260282,0.0177541083985482,0.00127884459948011,-1388.36671748564
302,0.0207298287868122,0.0192837669673151,0.00150789885695336,-1387.97741653453
303,0.0242930305704879,0.0170889014222394,0.00130321832347381,-1387.84802535521
304,0.0200403902778605,0.0145030346180047,0.00176938971291948,-1387.94309134179
305,0.0237946270326356,0.0132741419427996,0.00191021444011346,-1389.77901739122
306,0.0220236464984086,0.015605895104256,0.00179891774939837,-1388.31222290308
307,0.0161120854304707,0.0108766362118502,0.00197813077653243,-1391.50513447874
308,0.0249893630600788,0.0144459856713619,0.00110401184349561,-1388.97330004211
309,0.0254580535147909,0.0170523546803569,0.00116306751911133,-1388.35755144341
310,0.0244236427837028,0.016278393202227,0.00129648869705562,-1387.8203109583
311,0.0227724298118124,0.0161270142663488,0.00132356899850246,-1387.57454437653
312,0.0192343536639795,0.0162157868441587,0.0016647183628491,-1387.51111850675
313,0.0204341621779347,0.0170924709932515,0.00125501204904156,-1387.75480176499
314,0.0233408857905981,0.0198107822441836,0.00135159685793786,-1388.45442731952
315,0.0168379412144632,0.0155094780743604,0.00120682330996345,-1389.55655661256
316,0.0185177233589803,0.0187215772817348,0.00169543851168857,-1388.17282166137
317,0.0134428927275808,0.0154419099570642,0.00159647562590458,-1390.87844788184
318,0.027825328530433,0.014259739758637,0.00164886110919502,-1389.87090049924
319,0.0192619619953705,0.0174679246350399,0.00128261208311396,-1387.79745467787
320,0.0252333197377605,0.0153370510709213,0.00137077108438855,-1387.99556909957
321,0.0179023848192982,0.0150667750741795,0.00157533186636519,-1387.74689652199
322,0.0224423917242076,0.0148004197929494,0.00178892019622522,-1388.39775269331
323,0.0163579403657449,0.0186415274095392,0.00197916313951863,-1389.87746418521
324,0.0181711753032385,0.0175153955715611,0.00202574529468809,-1389.33655083674
325,0.0179977284844517,0.0148973554246729,0.00187044011332526,-1388.19853074237
326,0.0219817189533475,0.0207103087629759,0.00119300926550257,-1388.82313255856
327,0.0270232879057971,0.0182339546982062,0.00113710275428461,-1388.96785197091
328,0.0223636242971035,0.0143268850937581,0.00133989863699722,-1387.92588788658
329,0.0275853116891325,0.0150029142360731,0.00159606591726841,-1389.41395562564
330,0.0214604809391756,0.0166824481123291,0.00150081520593214,-1387.40749011578
331,0.0234886309372938,0.015118135661054,0.00161572609714708,-1387.99679677758
332,0.0166860275994266,0.0190157326770057,0.00159952148613777,-1388.4762531037
333,0.0230561794581103,0.0111105439325837,0.00154329878430806,-1390.21906256897
334,0.0219845946848261,0.0224505834094291,0.0016909503418667,-1390.86902944328
335,0.0184593480539613,0.0176486759101316,0.00176300902767611,-1388.04538391456
336,0.0182707109067086,0.0144197321105044,0.0014247523271899,-1388.17951109235
337,0.025881374882088,0.0154590382176228,0.00117508234422666,-1388.44246536769
338,0.022441379866396,0.0211796125478222,0.00125377667880437,-1388.96923363491
339,0.0203118125423984,0.0216921954088213,0.00152506403916326,-1389.27085625078
340,0.0232223413851253,0.0145845997090984,0.0013673521634312,-1387.82185004855
341,0.0161030270106843,0.0200202080384209,0.00170134754678938,-1389.44934915164
342,0.0238103200083433,0.0166393458091493,0.00170143907940114,-1388.51589841915
343,0.0230533835552924,0.0212168111022401,0.0012737361440379,-1389.06754335818
344,0.0231884298919525,0.0214772747594677,0.00160682486044091,-1390.08553613229
345,0.0262574733584485,0.0172636998048099,0.00122487472353351,-1388.40947298657
346,0.0257148580499756,0.0165719461794105,0.00143483741108583,-1388.20546096896
347,0.0218532721273433,0.0144780714239087,0.00122790288196851,-1388.30242802678
348,0.0293335287463916,0.0146704922095538,0.00117253233472752,-1389.58301443962
349,0.0310512008879724,0.0182021034888405,0.00116128906113869,-1390.31181160592
350,0.0273462937768066,0.0228666502370913,0.00124575602217652,-1391.12474490336
351,0.0236029717296811,0.021749161527743,0.00126870770485448,-1389.46129343285
352,0.0255702377794294,0.0123229822386753,0.00125593614262772,-1389.70735681454
353,0.0244535095100311,0.0143911602549269,0.00167313022614075,-1388.58370192514
354,0.0298060551172375,0.017239401724456,0.00119350891096368,-1389.61719676594
355,0.032193016754605,0.019142072647839,0.00091126141915339,-1391.29651549916
356,0.0318285099391147,0.0190703400874801,0.00102587144708442,-1390.87656865918
357,0.0333318685372846,0.0234626104656199,0.00100798379889871,-1393.16145233598
358,0.0289399516926099,0.0204786337742743,0.000989502449479837,-1390.47136739793
359,0.0317100305783747,0.0143723487350907,0.00156286735377722,-1391.47232673684
360,0.0181699908166843,0.0150218559633292,0.00192805930821546,-1388.38230397026
361,0.0216751654610915,0.0144389344548246,0.0018542153920502,-1388.53528388252
362,0.0207404523093507,0.014832533750394,0.00187278486169302,-1388.36719908373
363,0.0184299492880703,0.0179552905456334,0.00123337196901329,-1388.23179687352
364,0.0180610718954365,0.0192481206787921,0.00162286544928504,-1388.23060638105
365,0.0204243192702778,0.0134517358010107,0.00171452194221029,-1388.2065525457
366,0.020390292242725,0.0153528899751056,0.00155175314948838,-1387.42467271167
367,0.0197921640985381,0.0167367587430681,0.00138791313377851,-1387.4294748093
368,0.0249617718479331,0.0150570868024063,0.00129202422329634,-1388.04315198738
369,0.0286612662103694,0.0162900988383107,0.00130728276654905,-1389.08667627586
370,0.0334205883954397,0.016315493403081,0.00142955378463345,-1391.87821840874
371,0.0293283838817278,0.0167402159029815,0.00144383970347255,-1389.75309681265
372,0.0295424561164003,0.0142767140344216,0.00138515002224844,-1389.7522578783
373,0.0174680085668467,0.014759791103258,0.00149442719518638,-1388.10092388886
374,0.0164183100514642,0.0182579195880761,0.00111493851733825,-1390.08762770464
375,0.034029033247248,0.0118450820880674,0.00125224195222128,-1392.52900401698
376,0.0330374282441164,0.0127265344544907,0.00162129101540651,-1392.83186737499
377,0.0222397359981243,0.0184895226630742,0.00126298437432128,-1387.9025206116
378,0.0235802125803023,0.0181802423046181,0.00186773162089716,-1389.93727908965
379,0.0291181795941028,0.0143927456363082,0.00134167840693108,-1389.47946066085
380,0.0182694842717205,0.0120041058908969,0.00183971484753964,-1389.45200846079
381,0.0209024679054804,0.0155055805313571,0.00134247028158113,-1387.59706574301
382,0.0198031836698502,0.012837019060965,0.0013316840371118,-1389.25537874468
383,0.0233584622065746,0.0128892183375621,0.00148172125691522,-1388.6135961806
384,0.0215891660861873,0.0130223751165089,0.00138470285351466,-1388.59839240412
385,0.0250068053832006,0.0126864369898535,0.00134764529784288,-1389.09744254217
386,0.0282570509303234,0.0122201983310606,0.00122498004080058,-1390.4240189366
387,0.0294863616405276,0.0126011775733469,0.00144236479302055,-1390.51502093434
388,0.0144133902346005,0.0146214763905893,0.00135524091628964,-1391.01504296325
389,0.0236141770695345,0.0150333122980425,0.00126424685750975,-1387.93913720309
390,0.0233949332153468,0.01377511069287,0.00127729818422091,-1388.39555643067
391,0.0227398227499143,0.016984026507185,0.0013844542830873,-1387.54087232916
392,0.0198827151968177,0.0159746614459976,0.0015623855030172,-1387.36578828625
393,0.0200418142472751,0.0175495029269168,0.00146861288230945,-1387.40930679547
394,0.0212291465621568,0.0164414458757272,0.00142686040269884,-1387.36278703079
395,0.0204630163493227,0.0140835874453193,0.00131958286634155,-1388.26011099279
396,0.016509552370811,0.0131550504541677,0.00160844963040348,-1389.22616916556
397,0.0308988276967389,0.0160315112255408,0.000963106390076275,-1390.58330117426
398,0.0302151730497676,0.0148454281441063,0.000948912723324029,-1390.78272282323
399,0.0199210110767122,0.0142577208377082,0.00197737550642691,-1388.78060459436
400,0.0195977854873434,0.0148690170901959,0.00122978719433103,-1388.52773097199
401,0.0211063306277435,0.0134512138782858,0.0015946874991036,-1388.10134015189
402,0.0213095393237362,0.0192334773779626,0.00166141927102964,-1388.52449283427
403,0.020977111670648,0.0199160857824996,0.00099905912567208,-1389.71339488507
404,0.020728401712904,0.0163687201631867,0.00207498841784241,-1389.70322063708
405,0.0131338599527425,0.0155248343922139,0.00163346050144451,-1391.24256771848
406,0.0227373464988249,0.014996049666025,0.00156922348533286,-1387.73479588163
407,0.0164348020883452,0.0184779585606027,0.00157315991632402,-1388.37104095678
408,0.0241517951717885,0.0149041032936498,0.00138837030401376,-1387.84238761505
409,0.0184903768357407,0.0165988127549374,0.00122676217466748,-1388.32247764618
410,0.026231937172039,0.0158420915093027,0.00132202863292285,-1388.22533080343
411,0.0218357612227316,0.014908570871156,0.00151660508999342,-1387.56285308106
412,0.0216232565759814,0.0171199712363914,0.00166331304361552,-1387.8699121835
413,0.0202205885792871,0.0134711788246423,0.00152246455935159,-1388.12019894782
414,0.0219787058324563,0.0182496874003649,0.00158034794899498,-1387.98091681106
415,0.0217303622028447,0.0159349625610527,0.00150599560935845,-1387.42140026303
416,0.0250305705345354,0.0166691966799098,0.00136638596025392,-1387.94140458089
417,0.0173452429467534,0.0163255705390012,0.00115961409183746,-1389.36161594455
418,0.0200208218534897,0.0168031347532563,0.00137884226098485,-1387.42858869625
419,0.0201864574649285,0.0127361828126984,0.00165073787582527,-1388.5682201266
420,0.0196106656984409,0.0202699499662664,0.00145605121414279,-1388.28984163869
421,0.0216621581653113,0.0143831367037977,0.00168852666098511,-1387.94642150537
422,0.0202574243117002,0.0150449252854819,0.00129003008981585,-1387.98826122571
423,0.022403852847136,0.0163410887842908,0.00128487448903849,-1387.62855927694
424,0.0196479665787763,0.013912725813608,0.00165576113560354,-1387.91447628603
425,0.0179427283135581,0.0166105976810535,0.00159501537521021,-1387.56352684977
426,0.0214538614334644,0.0153361358985409,0.00173254888863435,-1387.91059917544
427,0.0205673440615287,0.0187153933205478,0.00170637965820164,-1388.34472231712
428,0.0180133796991859,0.0153216909901712,0.00212743682100104,-1389.39999952004
429,0.0207659608916458,0.0170693193903666,0.00177886145436162,-1388.15363837127
430,0.0201583369753771,0.0181602949906819,0.00181386805700824,-1388.5603384976
431,0.0170285783080133,0.0174864921842567,0.00172130171219113,-1388.11282628204
432,0.0201821991101235,0.0167145041874237,0.00125011323745589,-1387.81942567284
433,0.0219994434954554,0.0140835604522703,0.00175804822606415,-1388.30122792322
434,0.0195195732453409,0.0178946219537096,0.00195461409188467,-1389.15335461172
435,0.0222432949542581,0.0170583257358908,0.000821483382720281,-1391.63205032132
436,0.0295939405600559,0.0179977733882066,0.00181597280517374,-1392.60891431627
437,0.0245624023318838,0.0216773966688351,0.00158805610302989,-1390.62903632911
438,0.0276500440442727,0.0116352397058444,0.00156357613166715,-1390.74204516052
439,0.0311664809498058,0.0123682456390752,0.00104415147511659,-1391.79927684242
440,0.0264846989352775,0.0192362621843912,0.00110639384420959,-1389.19132406353
441,0.0235417558752619,0.0162221606200658,0.00172145548260358,-1388.45168659652
442,0.0193510719787606,0.0175482404435676,0.00156895391837747,-1387.49292420613
443,0.0187688202329979,0.0154842285765026,0.00157505862502667,-1387.49221983442
444,0.014342338373681,0.0129883624101966,0.00202241546374266,-1390.91169625332
445,0.0179882105156606,0.0180979967936152,0.00187665513613028,-1388.72657625405
446,0.0208675329780266,0.0157458253411978,0.00107398438601237,-1389.08290110027
447,0.0211696515139223,0.0175695299650478,0.00166549497262699,-1387.89871234922
448,0.0187747816844175,0.0181544653865427,0.00149555149535179,-1387.59173041412
449,0.0191359165756761,0.0187297590725508,0.0016290482246759,-1387.95234925262
450,0.0219252588432803,0.0163869731472956,0.0015274966443353,-1387.47621052582
451,0.0230891483182142,0.014541346624831,0.00173106468266804,-1388.37028728726
452,0.0212891127054169,0.017340377247754,0.00113280762649393,-1388.31645611704
453,0.0230549773240517,0.021339377254721,0.00115535432220261,-1389.30238884964
454,0.026306378056114,0.0212931354282268,0.0012099229967667,-1389.87133223574
455,0.029505074408702,0.0216660281782814,0.00109811031685939,-1390.97956480706
456,0.019002863174519,0.0144905887949998,0.00143252685231737,-1387.93434409488
457,0.0237248165329503,0.0163240281529045,0.00111512198699753,-1388.39113612652
458,0.0225705034267469,0.0176876890607221,0.00170013659062898,-1388.4066806124
459,0.0233657749839206,0.0210174315321302,0.00149361186280717,-1389.37469856727
460,0.0165536526637219,0.0190225139898085,0.00149330491379062,-1388.4705953299
461,0.0207244590362135,0.0181472143148375,0.0013710662075983,-1387.56515502605
462,0.0221250333933459,0.0168092643162268,0.00143277319113788,-1387.44867329741
463,0.0215911554016472,0.0216731356978547,0.00161735920862601,-1389.8084499835
464,0.0177494943004633,0.0114466300754798,0.00143432392905058,-1391.11249749337
465,0.0201846459191746,0.0156080207444718,0.00135273850124062,-1387.60602168132
466,0.0216268172624566,0.016437139981441,0.00112304857285527,-1388.40880701174
467,0.021285948057831,0.018173810900049,0.00142491737822114,-1387.58647465574
468,0.021331241782624,0.0182600375657432,0.00155205816156972,-1387.78767288503
469,0.0249919553828749,0.0150350373608349,0.00156899596379182,-1388.29183884289
470,0.0161536298424584,0.0145142064330224,0.00206261313944632,-1389.40716590705
471,0.0187402100602278,0.0175096813273025,0.00244830946247702,-1392.81297932221
472,0.0189781917775993,0.0107735202420256,0.00214884852112616,-1391.42269830339
473,0.0164421210612183,0.019468857121117,0.00217303628188437,-1391.6951448909
474,0.0167213252005124,0.0160877114399525,0.0016868700798356,-1388.00279050557
475,0.0176126652150864,0.0161133933360034,0.00171140123988024,-1387.77548393459
476,0.0219942824243063,0.0141841729285052,0.00164034845894631,-1387.94181414004
477,0.0220168801978246,0.0131232114097016,0.00193060473336958,-1389.34898666803
478,0.0213496731179007,0.0222759242983215,0.000768744902318609,-1392.80301447264
479,0.0258794377993965,0.0244979384675983,0.000928427444820819,-1391.70862917834
480,0.0230307036768238,0.01470557515839,0.00109089015344123,-1388.97123825206
481,0.0217237312669095,0.0145450573325052,0.00119939846496761,-1388.44298211851
482,0.0273159845340306,0.0153749888121715,0.00125632208657183,-1388.62909484423
483,0.026691668817681,0.0168391926984188,0.00159258137302308,-1389.14922567571
484,0.0160129053445773,0.0172734498963854,0.00121399009813729,-1389.57297872748
485,0.0224926305600449,0.015441926752962,0.0017831183723261,-1388.36050478404
486,0.02373981730023,0.012286322015429,0.00129905937825248,-1389.45314283117
487,0.0242039811235761,0.0147319125519582,0.00136918366256321,-1387.90239684019
488,0.0215626613230701,0.0149976369759982,0.00178566075839512,-1388.1516463735
489,0.0194220865541662,0.0140870723012852,0.00134508506196205,-1388.35930968549
490,0.0270208508303215,0.0188302618331991,0.00130530607804805,-1389.05531494771
491,0.0265797099117481,0.0184759643891682,0.00119248005951438,-1388.812178255
492,0.0162354368799425,0.0207943961711047,0.0019710361734001,-1391.22889727993
493,0.0195420082056992,0.0205475119398287,0.00173703448226359,-1389.30659841306
494,0.0248612280525132,0.0109879090500376,0.00133987808074566,-1390.83726777303
495,0.0253194319233408,0.0129374507318329,0.00139867647560445,-1388.92470320074
496,0.0213614274070475,0.020848958699498,0.00133006962877364,-1388.622567009
497,0.0239132206760456,0.0190190078404014,0.001391673462448,-1388.29694919176
498,0.0208717207744361,0.0143142185571119,0.00148478362325468,-1387.70961055105
499,0.0266638877399608,0.0174201116324616,0.00148537453282073,-1388.85376340661
500,0.0218855512307368,0.0157625838774193,0.00133032382852837,-1387.55648182212
501,0.0225767295917373,0.0193888058657695,0.00140382932272666,-1388.15924552282
502,0.0208411754083454,0.0183307191788518,0.00129956898512342,-1387.71998030178
503,0.0205881243544339,0.0142605745628137,0.00152576554859313,-1387.71247144609
504,0.0202413150154018,0.0130084265061083,0.00171379998480216,-1388.44059903896
505,0.019785183061933,0.0123055842575977,0.00172861414917816,-1388.95805967489
506,0.0225475434135027,0.0135380333143646,0.0013563930341969,-1388.29166183942
507,0.0246415339976335,0.0185482838236621,0.00125717195164331,-1388.28943914887
508,0.0194415549176298,0.0192785114520146,0.00124552865190859,-1388.19712627578
509,0.0171533002506966,0.0172991235148492,0.00179464774524988,-1388.25265636206
510,0.0190518757770845,0.016930900649929,0.00109967567937571,-1389.04437065201
511,0.0187494139593868,0.0187595192629216,0.00163201224263144,-1387.98278885017
512,0.0261055560322557,0.0162477349475329,0.0010594298785849,-1388.93563559699
513,0.027046058542517,0.0130295000766707,0.00167819104467011,-1390.03555720566
514,0.0199622787012888,0.0152956347351852,0.00140826832445063,-1387.56372810922
515,0.0271114219046135,0.0157557188287066,0.00117380996371903,-1388.68753225867
516,0.0199047700065591,0.0159790516254129,0.00146495319385591,-1387.3653160533
517,0.0215563151916158,0.0140391515992918,0.00208968175372152,-1389.85957414212
518,0.0196975618307148,0.0117910785557178,0.00119930813313272,-1391.43903236504
519,0.0291034410403012,0.0211145786125731,0.00126524079700486,-1390.83110800168
520,0.0205889705848494,0.013386410881591,0.00129035953363899,-1388.82657876462
521,0.0288125161214579,0.0201228403775779,0.000938220461172561,-1390.52560529325
522,0.0260047425426855,0.0165552926573729,0.00154880514920652,-1388.62719555328
523,0.0202850635081587,0.0188844522751229,0.00122045251085531,-1388.10708257196
524,0.0294646776517678,0.0144850913866369,0.00138043960134758,-1389.66102110576
525,0.0292709254715758,0.0195070331101718,0.00120018996325645,-1390.03626584808
526,0.0216270176315148,0.0178665900510524,0.00149953153212879,-1387.62063784021
527,0.0217625095210345,0.0178754298421115,0.00145540772513283,-1387.58775418046
528,0.0218013305710659,0.0154016711904311,0.00159903776632465,-1387.59362567354
529,0.0191570738570616,0.0150856703376838,0.00130397651263018,-1388.13286704664
530,0.0220262000717204,0.0200553255200175,0.00126637229468975,-1388.38610640616
531,0.0197476547180191,0.0167638602402067,0.00122140579988551,-1388.02317033318
532,0.0232566391671524,0.0140002660758567,0.0017348221864209,-1388.55396062115
533,0.021454793242177,0.0155823743082554,0.00135433149687794,-1387.53299283743
534,0.0234126017028288,0.0195116099126583,0.00159096651241818,-1388.93017079573
535,0.0228460623417337,0.0128692122143639,0.00143654539746401,-1388.61029777868
536,0.0263012344245898,0.0204697908372331,0.000963281530138864,-1390.09585694657
537,0.0217300926787379,0.0194269446552211,0.00173362697113654,-1389.07007938365
538,0.0167483313170012,0.0227559401666691,0.00138665176458307,-1390.45222747466
539,0.0269119629216431,0.0160387259073131,0.00128059472253941,-1388.4406856515
540,0.0178037616177834,0.017936873029856,0.00150609193392726,-1387.71850238726
541,0.0238817633743537,0.0188418667077558,0.00117726445570052,-1388.40646578007
542,0.0189445493452719,0.0156502816303724,0.00125494234066307,-1388.25008605824
543,0.0257275375249325,0.0172600562204762,0.00128193675494823,-1388.21170684916
544,0.0198488511407144,0.0201271605585201,0.00106022747303662,-1389.45453342325
545,0.0287046380731139,0.0210311879957952,0.00108530041727375,-1390.45075236959
546,0.0227360081790809,0.0192465898326068,0.00148753010712073,-1388.27590183131
547,0.0148130719017161,0.0165743110116439,0.00138036699253049,-1389.70921247974
548,0.02669905262792,0.0153393064332761,0.00124464303732555,-1388.46894873799
549,0.0188740435855355,0.0204588811216977,0.00170809090535328,-1389.09164885724
550,0.0189583036701726,0.0178162541075478,0.00136870952371391,-1387.61680563304
551,0.0228975000597745,0.0176546117854405,0.00155022383842493,-1387.92023303667
552,0.0210216972004682,0.0164480032764029,0.00161980102151359,-1387.5387380225
553,0.0246453049278179,0.0169365233878523,0.00123024247894062,-1388.01410350259
554,0.0176400797672985,0.0202825816648232,0.00168383380827725,-1389.01918719233
555,0.0183869464304018,0.0238998491148351,0.00175004345751173,-1391.98003623474
556,0.0201691731243336,0.011966887157568,0.00180904735597354,-1389.35027470051
557,0.021329604268627,0.0123935751320244,0.00172733869925878,-1388.95491794813
558,0.0216743168235162,0.0142205224274776,0.00115487803573293,-1388.90561159585
559,0.0207928682735155,0.0153734700376985,0.00131357207805655,-1387.7256621543
560,0.017013042923665,0.0152616302431446,0.00176969865743275,-1388.10084366769
561,0.0165100249401137,0.0164070760556382,0.00203257656456641,-1389.26798259514
562,0.0194883123185096,0.0153840726537699,0.00153901788671919,-1387.43984327651
563,0.0188784934307468,0.0138870005994868,0.00146396808960195,-1388.18767311925
564,0.0218279003265106,0.0164070359373444,0.00147367437541562,-1387.40909519437
565,0.0193200020897693,0.0198525487166269,0.0012884997816936,-1388.2651108794
566,0.0197717343239139,0.0164065556660029,0.00134285868597633,-1387.55629307531
567,0.0229358569006931,0.0143483945402695,0.0014355317597843,-1387.81909662602
568,0.0211652458596022,0.0195584262006595,0.00129069192444143,-1388.08955275611
569,0.0222008708198766,0.0177186073635019,0.00111993882605741,-1388.36257670184
570,0.0265306204752742,0.0173993231779157,0.00116496095315841,-1388.61834180334
571,0.0215041123712931,0.0180361135855024,0.00132854571387635,-1387.62917834023
572,0.0180704941359146,0.0148696306845004,0.00179699138464264,-1387.98341275142
573,0.0186254134153511,0.0157928255658181,0.00118590602321423,-1388.76299968567
574,0.0308678452749191,0.0153831786447488,0.00097276665360163,-1390.65031371842
575,0.0181020656842193,0.0213067486541401,0.00154486033048908,-1389.15332260372
576,0.0229500610172669,0.0215822266113301,0.00133481054128342,-1389.26456519535
577,0.0177428528706027,0.02022575788566,0.00139181407150174,-1388.56089611053
578,0.0185181412627404,0.0175413797540878,0.00144265689461027,-1387.543614924
579,0.0206918369467321,0.01502414212686,0.00170002060973552,-1387.72474894857
580,0.0262508368350982,0.0211869544341607,0.000775435842440272,-1391.69631357731
581,0.0266116652500626,0.0174443786628922,0.00177428472059713,-1390.35853476085
582,0.0257846448589625,0.0166300065957155,0.00167742640881972,-1389.13888931598
583,0.0170174890762704,0.0141424017145087,0.0017891621580956,-1388.40271686762
584,0.0172721465110989,0.0148555219731431,0.00143142126407272,-1388.322274015
585,0.0168481164592063,0.0168020574205227,0.00166964106860816,-1387.95523708764
586,0.0201874503738611,0.0132082937322064,0.00157036355563685,-1388.24890841655
587,0.0208732050003156,0.0201763935141494,0.0011157146877792,-1388.94888155155
588,0.0251548599816535,0.0199367741734251,0.00141329404686667,-1389.11087723785
589,0.0175756732735226,0.0151546663851022,0.00132913567057668,-1388.50656636547
590,0.0149258489541385,0.0189134732066897,0.00133293915382832,-1389.91870357462
591,0.0273579612443831,0.0134213914835371,0.00125908486497317,-1389.27941306238
592,0.0225873812511239,0.0201591488468892,0.00124173324742977,-1388.53420557509
593,0.0261692415692985,0.0206507929281064,0.00114533814544016,-1389.56230004149
594,0.0269300933968138,0.0194594417084206,0.00145241728233331,-1389.65305138372
595,0.0168846225089954,0.0207572923069627,0.00154413951580137,-1389.15615296648
596,0.0272163477741742,0.0166857439695664,0.0012290626979729,-1388.60521770939
597,0.018131128858214,0.0191044427628548,0.00170965721550389,-1388.42087230847
598,0.0185248558205252,0.0202180417926028,0.000960642658293857,-1390.90536766868
599,0.0272824794911562,0.0231148453828623,0.000976593704656673,-1391.15941314647
600,0.0229669787377445,0.0197068111707068,0.00128059680769693,-1388.35327791242
601,0.0173496960614958,0.0194585035447342,0.00138075426218806,-1388.39674274102
602,0.0220088790927698,0.0177276396044864,0.00165294033463797,-1388.07299441473
603,0.0191199363541005,0.0158816911705638,0.00182848635755465,-1387.97890229897
604,0.0163497042065634,0.0145664481379891,0.0017689744644167,-1388.50766263551
605,0.0221104150514434,0.0144605955214574,0.00127614489150672,-1388.07482797874
606,0.02384032462282,0.0198917065332745,0.0013455550862782,-1388.60127512174
607,0.0218337700251339,0.0145907428199294,0.00155678556030753,-1387.67213545412
608,0.0220288592104318,0.0213325765708518,0.00141531408883645,-1389.03920694222
609,0.0177628874066169,0.0167953118424687,0.0014047884217409,-1387.77123066415
610,0.0227315709933513,0.0121247292119263,0.00167481901731962,-1389.25997754957
611,0.030107361476623,0.0189950329127906,0.00150986926483145,-1391.22716308052
612,0.0180373215480655,0.0180056833179852,0.00143525795051377,-1387.71623721342
613,0.0222898612146912,0.015086060538248,0.00147498022129264,-1387.55156802161
614,0.0187283442013855,0.0191584169019228,0.00120762132410683,-1388.47427222515
615,0.0313426543696137,0.0124565401811186,0.00123458096583992,-1391.19870916138
616,0.0381183247345784,0.0151395526211226,0.000950050584916095,-1393.37350686759
617,0.0341053060414554,0.0212993046088974,0.00111284977070296,-1392.69330856958
618,0.0155738508175645,0.015415983382253,0.00164052669909829,-1388.66922743287
619,0.018400999313365,0.0208431823600852,0.00172888886235235,-1389.44739283807
620,0.02062783317843,0.0228936367437779,0.00162751424744584,-1390.57803374398
621,0.0241157010462636,0.0102558106813477,0.00170589375788951,-1391.46566721224
622,0.0217914701973593,0.0104009544223905,0.00169284871320243,-1391.0378803969
623,0.0202611150275388,0.0136217204492775,0.00188654233383734,-1388.59842286516
624,0.0223579112101051,0.0127530145683244,0.000976323775174999,-1391.70332723761
625,0.0247969934775068,0.0163915846807488,0.00118652766227425,-1388.14403212758
626,0.0190656650158616,0.0203264181119525,0.00131727765969635,-1388.4296566675
627,0.020153701729865,0.0170204718419894,0.00117808778715639,-1388.18153413329
628,0.0248313081431755,0.0158377562062072,0.00113898856315206,-1388.38553037647
629,0.0219851704036671,0.0206121609211609,0.00135791268215847,-1388.57949231491
630,0.0277570974260193,0.0128787773646357,0.00157482002441158,-1390.00700622407
631,0.0306746585315282,0.0159105433264658,0.0013319500973178,-1390.01684300114
632,0.0201418351874687,0.0129803035304786,0.00167030501905688,-1388.41127546538
633,0.0224254105085847,0.0139489270962679,0.0015831107127289,-1387.98899362004
634,0.0238156347708313,0.0139595671440957,0.00113789395773501,-1388.96559061038
635,0.0264877393750427,0.0158479625104744,0.00138552634871085,-1388.33702197835
636,0.0280730953094499,0.0155401883265448,0.00115168020467374,-1389.0457916975
637,0.0264271860956164,0.0165532474014421,0.00122610225718103,-1388.37618822855
638,0.0232241910760473,0.0148873340935064,0.00127041123365178,-1387.93823991582
639,0.0180745679508844,0.0167537752141422,0.00185719840190467,-1388.22364907483
640,0.0202276184650639,0.0139213778407977,0.00128109248995179,-1388.58507311601
641,0.02749523862804,0.0223742145042751,0.000890055887546769,-1391.21240386477
642,0.0225672790056546,0.0235297177219881,0.00108113401635612,-1390.60717387263
643,0.0236551337908088,0.0120341656319183,0.0015148342051014,-1389.32753525099
644,0.0178919326568787,0.0165849784125891,0.00151867998270258,-1387.56945606419
645,0.0236805788521721,0.0145204480171055,0.00120579512525324,-1388.32795318094
646,0.0218945283963178,0.0171021361356918,0.00123101077173501,-1387.788748139
647,0.0219537143464266,0.0140019632459113,0.00152127164706047,-1387.86051278772
648,0.0194632369593906,0.0193914620291868,0.00122690553352627,-1388.30045959462
649,0.0212073074185944,0.0161647088240903,0.00169164766037063,-1387.74630235195
650,0.019115166462739,0.0181063014776762,0.00135372173352325,-1387.66575512284
651,0.0207631979652122,0.0156610471609597,0.00151068013762954,-1387.37746424333
652,0.02087794864979,0.0155638782006772,0.0014892303070206,-1387.38994441398
653,0.0243038538026893,0.0160732640582981,0.00138704113976644,-1387.74712944524
654,0.0240596229334507,0.0162727970668726,0.00143419082180264,-1387.73057541351
655,0.0250702592601446,0.0167539401194559,0.00145314653511991,-1388.06802726092
656,0.0273030359566837,0.0164191820980647,0.00148153589125301,-1388.89490015818
657,0.0252800813473687,0.0138730356668448,0.0016358793387044,-1388.85750314497
658,0.0245859843825305,0.0177157382468184,0.00158114969904477,-1388.52874292557
659,0.0192580567019608,0.017870956911337,0.00133209587700141,-1387.66595182226
660,0.0238291097715236,0.0137271475553466,0.00181009296129855,-1389.13459806145
661,0.0157736532600254,0.018658599101823,0.00159682236218561,-1388.81090170082
662,0.0225083786981536,0.0150029138057586,0.00134852068259718,-1387.68226976242
663,0.0247704611998407,0.0208432717920152,0.00142287403075238,-1389.49678570699
664,0.0211959571514169,0.0186005957101343,0.00142793646516952,-1387.69454100461
665,0.0213994570699253,0.0133555055460531,0.00143881693591339,-1388.24861166484
666,0.0222964541326009,0.017232937757332,0.00134269548757908,-1387.54777477559
667,0.0182736486629548,0.0143342810334276,0.00144178590100932,-1388.16682072252
668,0.0166939332342672,0.0184448325758438,0.00165287168147555,-1388.35574667159
669,0.022379502905895,0.0140514873208653,0.00160510097806389,-1387.97894074376
670,0.0191482920897205,0.0162407829392353,0.00171534066639085,-1387.63169133965
671,0.0189326848997109,0.016935975049076,0.00152334625208693,-1387.40231233934
672,0.0175707836365261,0.0159384057048393,0.00121537493733054,-1388.92482764134
673,0.0236630681729343,0.016914068532984,0.00133799551616487,-1387.68902437533
674,0.0186223862749717,0.0198287742023053,0.00140842271382529,-1388.16786278088
675,0.0215520666736278,0.0122618200129,0.00166363996506133,-1388.99002417019
676,0.0240629100088002,0.0131290392538447,0.00114421778342795,-1389.47650171472
677,0.0232472415324697,0.021074154608758,0.00152600801825166,-1389.48913731334
678,0.0196548430743325,0.0128602170436557,0.00183303727869658,-1388.73720020566
679,0.017806661000298,0.0190221736969573,0.0015495740429104,-1388.0544879701
680,0.025186777204191,0.013067591949205,0.00114046721451212,-1389.57516968516
681,0.0240404176735889,0.0218908264488954,0.00117772532642113,-1389.66766021086
682,0.0217975431545044,0.0210784548797685,0.00113619120204945,-1389.17301951458
683,0.0264372113772772,0.014960022346563,0.00161463040580079,-1388.9947253459
684,0.0159631234163989,0.0150232656980953,0.00173056954886554,-1388.54459392412
685,0.0172547434570195,0.0195682063156786,0.0010606361858247,-1390.2723516785
686,0.0309882816645011,0.016757003069534,0.00146207036776731,-1390.70613382637
687,0.021941869481343,0.0160857313372201,0.00108378404251183,-1388.72560247468
688,0.0250590025505676,0.013697309467404,0.00135571093482794,-1388.45817570048
689,0.0205788326758719,0.020567515749029,0.00119117000853308,-1388.75731885945
690,0.0179951783822444,0.0203550302475118,0.00145044453479264,-1388.52652854833
691,0.0140367943491059,0.0142870534241554,0.00179887458420553,-1390.37361003419
692,0.0198381503094191,0.0158956478786433,0.00219959813013169,-1390.24203583024
693,0.0243057353472075,0.0139353904882899,0.00188809602270574,-1389.67783659567
694,0.0201278038925944,0.0154675835630145,0.00203170520217596,-1389.08946757097
695,0.0160494427162676,0.0182702063015192,0.00199408335596063,-1389.89485565833
696,0.0218860003318159,0.0162047044264148,0.0019859077276499,-1389.42220877671
697,0.0188408655472746,0.0173636772882973,0.00225537779202452,-1391.01576462692
698,0.0193952924760737,0.0153041319751495,0.00203077708386891,-1388.9371275801
699,0.0179069312842066,0.0142589737168348,0.00205384992636116,-1389.02084319596
700,0.0214175640944389,0.0184145890515831,0.0019987558568963,-1390.18095478881
701,0.020504696503583,0.0168816208518485,0.00133862639238957,-1387.48601980845
702,0.0230425448518625,0.0186218267429995,0.00174028647953078,-1389.12591192849
703,0.019419298437392,0.0131988328018124,0.00189075769759847,-1388.70865359902
704,0.0187581478214564,0.0183985008900745,0.00120450573006931,-1388.34123454015
705,0.0197300227456698,0.0158759099209209,0.00174157540178446,-1387.71102642634
706,0.0217991757155367,0.0152611272622162,0.00126742177327611,-1387.85006565689
707,0.0255326831449726,0.0145991784576005,0.00124591557831155,-1388.36615214818
708,0.0243614441724223,0.0174135028772433,0.00138327853834553,-1387.90843267871
709,0.0243855075371465,0.0174370772899671,0.00114741169332535,-1388.29905889106
710,0.0247704128958065,0.0154743641307504,0.00131474540934674,-1387.90594632036
711,0.0253458968056146,0.0168003018595844,0.00144839329430345,-1388.14896844075
712,0.0166196840758682,0.0180736897022794,0.00127966814335527,-1388.76599652738
713,0.0278989827288328,0.0179451617977756,0.000961696651512869,-1389.83546107965
714,0.0209808496655899,0.0166312901453536,0.00142404691976041,-1387.3572091342
715,0.0214503203589601,0.0159766919198169,0.00126304091522714,-1387.73902429829
716,0.0207249227495146,0.0171365435968807,0.00175268129508658,-1388.04762680355
717,0.0210865195305762,0.0191682812065687,0.00112700284108235,-1388.58245272543
718,0.0287020630791061,0.015115323772571,0.00105463997057643,-1389.68558970261
719,0.0253474505723624,0.0163844526601126,0.00156147903044246,-1388.40679194411
720,0.0203049934567155,0.016104097974592,0.00149774448990641,-1387.33378609191
721,0.0211149694111761,0.0182318322745174,0.00149758949913602,-1387.6460177476
722,0.0207948456798312,0.0170025353398901,0.00148806069016522,-1387.37143637005
723,0.023801776527856,0.0154886142519487,0.000920706007701702,-1390.31114549195
724,0.027216725245147,0.0196290508673478,0.00148194089329492,-1389.97821003113
725,0.0231541051323422,0.0151741879465243,0.0014741168371278,-1387.64857350458
726,0.0245452419893072,0.0212693184998464,0.00107407748509009,-1389.68702753447
727,0.0270674855745422,0.022160571923933,0.00122707049485401,-1390.58237869881
728,0.0195216892322895,0.0214988179979725,0.00118418759196636,-1389.33644205102
729,0.0230988078851468,0.0198366194077071,0.00102313919796933,-1389.35970840322
730,0.0226054742752323,0.0165648298012793,0.00164314446796855,-1387.91463032316
731,0.0269433897423307,0.0135635828615066,0.00109219845170609,-1389.73838614172
732,0.027712513752518,0.0201174901175672,0.00163509172591369,-1391.32392967309
733,0.0145388021333178,0.0180711460196307,0.00170174845676991,-1389.69811522406
734,0.016490464655591,0.0153773375797302,0.0013438908510644,-1388.89388235973
735,0.0204421132469567,0.0189555823148545,0.00171774253139082,-1388.47707849893
736,0.023557942569793,0.019039296238319,0.00128697052296526,-1388.20440352959
737,0.0189937232203285,0.0170597630698551,0.00159105138297812,-1387.46098326252
738,0.0187511150009449,0.0153447246477945,0.00156163853149562,-1387.52000519019
739,0.0214966082281532,0.015005434618423,0.00180844424657225,-1388.23068623294
740,0.0261902484596573,0.0147503982590461,0.00189912778137186,-1390.53375749959
741,0.0149480401107537,0.020959812910985,0.00118515163464406,-1391.40931222764
742,0.0241633615616692,0.0219129592216944,0.001224763634146,-1389.66934971645
743,0.0209644439401319,0.0151904554980278,0.00167835511448727,-1387.68146733076
744,0.0182757202444346,0.011205492843332,0.00192824090363074,-1390.3526196757
745,0.0182547765234889,0.0121922002051894,0.00186809812787536,-1389.33440555954
746,0.0186557622898741,0.019292574417352,0.00193709164181039,-1389.64963279384
747,0.0199297883149834,0.0152226473133894,0.00161358950707891,-1387.49128598089
748,0.0203827188177356,0.0152100449591553,0.00102865686162345,-1389.89215730751
749,0.0189402296725284,0.0153526497734774,0.00227638064229333,-1390.4972083136
750,0.0181582966602496,0.0130942966199552,0.00165195673513863,-1388.57336857325
751,0.0214143315143529,0.0156253692588608,0.000992069205194092,-1389.84832901484
752,0.0260994825772354,0.0178079536404144,0.00109837370426099,-1388.80862675073
753,0.0232352160545411,0.0164446158957632,0.0016426302012467,-1388.05610967428
754,0.0253309745093919,0.0139962364271212,0.00142532477916934,-1388.37612191665
755,0.0263018255886198,0.0166395457752268,0.00142016069149308,-1388.3823633974
756,0.0250347759075738,0.0124504388864374,0.00170277007780214,-1389.67374841565
757,0.0214505421355714,0.0174684589076442,0.0014417585041585,-1387.46301312779
758,0.0195141747151568,0.0188111289365803,0.00164415368746282,-1388.0353647807
759,0.0184632483277577,0.0179861316532327,0.00132114843905734,-1387.85723554469
760,0.02516753847337,0.0228710459463597,0.00107832137826389,-1390.49165425363
761,0.0186503303068791,0.020284945750732,0.0018486292582188,-1389.71002374497
762,0.0165181232227072,0.013842070158368,0.00152804807842674,-1388.93809388888
763,0.0227857184579888,0.0130631273651328,0.00130828639837592,-1388.75502922374
764,0.0285848797219532,0.012537916276293,0.00159727817865466,-1390.61609762788
765,0.0188075729221763,0.0142375303377314,0.00171346899566855,-1387.90581761427
766,0.0229400273438268,0.0147468185793991,0.00191764729122944,-1389.22507561051
767,0.0169817444057934,0.0151255799814164,0.00202688980282131,-1388.97091935222
768,0.0179838559203132,0.0150624946447591,0.00181368313952572,-1388.00982041729
769,0.0173351798793117,0.0166118794742309,0.00113688724650293,-1389.49063353849
770,0.0297045271657804,0.0143940372827732,0.00138899634167641,-1389.80536234527
771,0.0177503427595039,0.0116259582299399,0.00146053579538207,-1390.72054973211
772,0.0275006443484127,0.0190591488276814,0.00109799562249217,-1389.39689030703
773,0.0222687389574515,0.0154075171034496,0.00189346104002828,-1388.86139156345
774,0.0192151390823338,0.0167458034348674,0.00150981578995023,-1387.36689415217
775,0.0197904675366551,0.0144957502498088,0.00163786642569172,-1387.68309514337
776,0.0183734460405756,0.0175407321031933,0.00199772315675656,-1389.17437603506
777,0.0186444011958998,0.0142145722198147,0.0020607187038577,-1389.06003354442
778,0.0162980817348172,0.0134947213336465,0.00151389096487089,-1389.3580553996
779,0.0171659713434075,0.0174467033705643,0.00163183700231443,-1387.88643316147
780,0.0194459463107567,0.0186645632652314,0.00187359342923461,-1388.99947111004
781,0.0213492515704505,0.0192632073272361,0.00186775014419447,-1389.67853923766
782,0.0238600799366643,0.0169686484430776,0.00126335718335986,-1387.82472780262
783,0.0258938146956076,0.0169473492627792,0.00164462883269704,-1389.08819459325
784,0.0128333277535143,0.0169917711998857,0.00192056130399181,-1391.91310758752
785,0.0226328086915877,0.0130909341258983,0.00122079357857926,-1389.13022132939
786,0.0241004299123408,0.0207101772722339,0.00091031199269107,-1390.40885002868
787,0.0220772990061073,0.0210276648676785,0.00179949071123824,-1390.54383201664
788,0.0209828005116535,0.0105202934337558,0.0017116551955496,-1390.87655670727
789,0.0192301352338241,0.0131340052614386,0.00155883413622647,-1388.41591887781
790,0.0295981451356525,0.0159450726639327,0.00144027210324562,-1389.77601872113
791,0.0267075372016798,0.0165421255646706,0.00121921241015761,-1388.46212371063
792,0.0178628052620958,0.0169722941754166,0.00130003270205443,-1388.09352072813
793,0.0209891226782972,0.0180917157431559,0.00160734845272465,-1387.82923122833
794,0.0178563886462443,0.0194975032483997,0.0013678005098292,-1388.26347994988
795,0.021823298360351,0.0161541946903175,0.00130736775584829,-1387.56869033191
796,0.0205065406269933,0.0137794056698984,0.00172207671025147,-1388.08185954831
797,0.0248288496523936,0.0129569775276287,0.00131887677984791,-1388.92325104953
798,0.0180619042198404,0.0126632345930264,0.00136751054600911,-1389.84957290695
799,0.0277527413098604,0.0150110133119628,0.00113406822617723,-1389.11332817362
800,0.0190212918391448,0.0184037130945263,0.0015334119788254,-1387.66203704429
801,0.0228731769978997,0.0166078275244584,0.00140873184878784,-1387.52390614358
802,0.0224478456446624,0.0137220681436959,0.001902788869077,-1389.13792948897
803,0.01707031213515,0.0140737100139394,0.00165696028150696,-1388.34228760754
804,0.0234756954697502,0.0163692057992233,0.00160681636378247,-1387.98360190229
805,0.0181492935004945,0.0151630697184024,0.00167518636889228,-1387.70128951857
806,0.0248928111712982,0.0165418515638157,0.00152988759135727,-1388.17328911801
807,0.0267577885251631,0.0160697510674216,0.00103255914312713,-1389.21562715438
808,0.0266061966075468,0.0177717168571571,0.00106634113815878,-1389.03317991406
809,0.022135162511672,0.0181904043154563,0.00108934050055253,-1388.60365677911
810,0.0267474456559185,0.0182825112684725,0.00144463087752126,-1389.03902361357
811,0.0208167916768822,0.0159229271309778,0.00133304778355072,-1387.55259337004
812,0.0207216439468679,0.0187652401398264,0.00149447413456519,-1387.76319422747
813,0.0267220260378478,0.0196911123293196,0.00149791840902888,-1389.86567416558
814,0.0184086018187204,0.0227911012973148,0.00163952084104191,-1390.47635179331
815,0.0169461282531941,0.0221161876933321,0.00169384249730475,-1390.46215900971
816,0.019654735541225,0.0155497732400566,0.00126679453606691,-1388.0441227437
817,0.0245917955431831,0.0186756595343488,0.00128576201025181,-1388.29549837438
818,0.0263121231159871,0.0140209938232,0.00130234409349547,-1388.64692199312
819,0.0201155568070454,0.0156783573817839,0.00153046907358147,-1387.3726109477
820,0.0167425595459971,0.0158747841974368,0.00152305157891375,-1388.02672248875
821,0.0224514889330347,0.0159599108501924,0.00122306721774965,-1387.87104530873
822,0.0153903164107139,0.01800614532419,0.00179802821980428,-1389.25561205643
823,0.0173877935080817,0.0135893694159946,0.00203066171732137,-1389.12809986501
824,0.018708427570825,0.0161551410206965,0.001740985450748,-1387.70635245307
825,0.0190693021584128,0.0179325691373924,0.00175898399266407,-1388.11340242036
826,0.0164205911772425,0.016978448396283,0.00145627040852498,-1388.20961604973
827,0.0179130575391695,0.0153901145286763,0.00147855144651038,-1387.77709042397
828,0.0285272855327999,0.019409769862485,0.00113495812414809,-1389.73976590367
829,0.0241203658204362,0.0164783704357126,0.00169288345536613,-1388.54895343185
830,0.0208073097122689,0.0183110224042403,0.00121460817584931,-1387.9906299938
831,0.0252262173092314,0.017633325479962,0.00116222047778947,-1388.39248309813
832,0.0214222825040837,0.0247057058025991,0.00145438207980708,-1391.49510257402
833,0.0217644300783621,0.0238895255067191,0.0013849680190142,-1390.6936979851
834,0.0216788985411897,0.0162971272013987,0.00136074311001215,-1387.44841334541
835,0.0190059774624359,0.0146184495470625,0.00187589292954643,-1388.21246608572
836,0.0171185211619642,0.0134503596741612,0.00164200709766452,-1388.67643335854
837,0.019101855781939,0.0182834546383444,0.00129512683102583,-1387.85427081079
838,0.0166023939510422,0.0198685598548243,0.00169228264943186,-1389.12191713287
839,0.020716246192411,0.0197181233507089,0.00101939090562079,-1389.52767396057
840,0.0248333876039889,0.0167696279570914,0.0013638677223943,-1387.90339616866
841,0.0282337432018856,0.0177356956617174,0.0016199259207863,-1390.30378472132
842,0.0179375528667729,0.0133653702280126,0.00144955153855558,-1388.87210499872
843,0.0235920068293952,0.0166247391402141,0.00169907607080351,-1388.4304987448
844,0.0203853476896933,0.0155727475647789,0.00146987675361898,-1387.39525648328
845,0.0212678623874434,0.0198311025631821,0.00111775420569408,-1388.80380972811
846,0.0217825403959273,0.0168959636991866,0.00104424011578907,-1388.96439371672
847,0.0246051688361644,0.0221183200729611,0.00108125210937334,-1390.04366223058
848,0.0276298092221279,0.0221180954286765,0.00117877470000495,-1390.66990192659
849,0.0214719546921728,0.0144928115350827,0.00191686641305751,-1388.7779938103
850,0.019800119299342,0.0166214537600972,0.00182097153017691,-1388.09198937107
851,0.0197192228289814,0.017779034375288,0.00168697521495328,-1387.83812884138
852,0.0167124026248957,0.0166972821090517,0.00194468365336702,-1388.83758542214
853,0.0250089647411163,0.0176369784275449,0.00189841293071466,-1390.56016071212
854,0.0187844352254677,0.0168683540722308,0.00131531931779288,-1387.77707515933
855,0.0207034699610467,0.0178144292174835,0.00143938116860516,-1387.46871299148
856,0.0219102798236134,0.0186519980033343,0.00155183302355405,-1388.02441200259
857,0.0200550609425518,0.0219893325773949,0.00151400378855804,-1389.42472747683
858,0.0193925943662441,0.0152743182736166,0.00184215507299086,-1388.03933606364
859,0.0189548142558938,0.0138721400614079,0.00192750563355211,-1388.56523922797
860,0.0228116653078123,0.0150382865968729,0.00203579766152571,-1389.94273433642
861,0.0161167494717873,0.0151912201628267,0.0017428460080978,-1388.43884520847
862,0.0179731213909088,0.0156787084077652,0.00169824407878662,-1387.69720160218
863,0.0244446338080212,0.0189064034960167,0.00162955800663778,-1389.16950465874
864,0.0251176460134906,0.0129662498942045,0.00167177950891306,-1389.30393370292
865,0.025739318205663,0.0144965162292756,0.00116024443067677,-1388.73351620704
866,0.0236181003898152,0.0175456852299794,0.00131651529699864,-1387.79118101126
867,0.0221656077045258,0.0155362158332899,0.00174937795342712,-1388.12770560328
868,0.0163044873595014,0.0126773705184761,0.00157308557376991,-1389.84783624854
869,0.0238177786361059,0.0153879227173202,0.00148215713282376,-1387.75344421239
870,0.0237231983329035,0.0161384703977889,0.00148251758174998,-1387.71415013786
871,0.0277988032422085,0.015224827837264,0.00139810310778468,-1388.86675897128
872,0.0268173817616806,0.0158752874074526,0.00140192560925798,-1388.47328222224
873,0.0277631315020763,0.018285477429747,0.00163991236192359,-1390.40268775248
874,0.0190971419316822,0.0170767012357036,0.00141702387180131,-1387.45635227306
875,0.0224888500000921,0.0153740940445744,0.0013090068633782,-1387.68286713526
876,0.0237521149208176,0.0120053417691088,0.00173540027696381,-1389.7075259155
877,0.0158635409846647,0.015935222932935,0.00166147152440021,-1388.40664585866
878,0.0216087288530718,0.016442548476198,0.00183259474405495,-1388.47203356995
879,0.0181791021239793,0.015040215346698,0.00144670057972137,-1387.87943864734
880,0.0270805930495676,0.0177701474128218,0.0012537686419326,-1388.72287613736
881,0.0261371832471943,0.0187735579999669,0.00116334364673885,-1388.83823692018
882,0.0263374790756946,0.0130472144701096,0.00138987377877508,-1389.10200854234
883,0.028269770007717,0.0187546414049852,0.00108806160542831,-1389.53961545159
884,0.0314477319973312,0.0166069773284663,0.000728117948909719,-1392.57136143694
885,0.0309926587038224,0.0146205030297107,0.000680576704095081,-1393.99885351
886,0.0362678345563605,0.0156726075142123,0.000687405278765227,-1394.2805826466
887,0.0216683424906485,0.0282582112138825,0.00125248660034614,-1393.85021172987
888,0.0219386205611033,0.0201182932619721,0.00150832000003176,-1388.55498079748
889,0.0214507302589944,0.0173013192459691,0.00150011696076466,-1387.48157155453
890,0.018063240787678,0.0124224633281102,0.00161496965401553,-1389.18224831085
891,0.0197924677457997,0.0187992521045334,0.00173616972570054,-1388.40008568164
892,0.0153310532203009,0.0189439967135736,0.00183572583729262,-1389.8183056174
893,0.025243104989619,0.0181720164609467,0.000810726313366079,-1391.11756648794
894,0.0216542834836341,0.020866494306982,0.00101744731764168,-1389.7592822461
895,0.0217909277851277,0.0231696293242643,0.00151658306139657,-1390.53007325615
896,0.018473892448843,0.0177722346418053,0.00136543232356634,-1387.70795851699
897,0.0181588511208775,0.0151783337853823,0.00119226605705781,-1389.15080261621
898,0.0231604407698386,0.0275219347681358,0.00102023284611854,-1393.02302751801
899,0.0192725612416218,0.0182372538560975,0.0018795593987899,-1388.82179239337
900,0.0167365706798725,0.0158576192735479,0.00132789115941589,-1388.66727819386
901,0.0239058863605943,0.0183877618812104,0.00140178471260865,-1388.08105891506
902,0.0190412505295683,0.0144912279120512,0.001771872863529,-1387.92674349642
903,0.0194551727373378,0.0113151115136609,0.00183430429144083,-1390.01094176849
904,0.0238912019191065,0.0113487433945915,0.00170945027585739,-1390.23041845302
905,0.0201764691604988,0.0211427289175025,0.00184814736252668,-1390.44525511733
906,0.0219159972742976,0.019786099783044,0.00161973177914046,-1388.7612779093
907,0.0173132194340392,0.0139146450690848,0.00149477549986964,-1388.59120615778
908,0.025030758605937,0.0131347099800749,0.00143823608872222,-1388.73557510972
909,0.0213510804882669,0.0184742482799219,0.00123870715789808,-1387.92192755744
910,0.0209366604272905,0.0171464579560115,0.00186731130935905,-1388.65956182449
911,0.0199919660726589,0.0147311046991284,0.00233034509561212,-1391.07991664396
912,0.0167998919896917,0.0175347566649591,0.00224904438272772,-1391.03290070789
913,0.017793129731868,0.0138422022515579,0.00157097765125755,-1388.28771934075
914,0.0212532695422177,0.0169205930399613,0.00127047737502393,-1387.65257882676
915,0.0280196200107453,0.0172654652742738,0.00130469954295618,-1388.9590253493
916,0.016152337535541,0.0166859117492637,0.00166719281200155,-1388.24534079604
917,0.0161282784125837,0.0190149646125337,0.00153773802705811,-1388.68934539654
918,0.0152834122938303,0.0168174886877718,0.00145590783921039,-1388.98520085131
919,0.0150077831639318,0.0180938111002596,0.00123783208097749,-1390.25423330785
920,0.0152511532332621,0.0188318531609028,0.00154549900903163,-1389.20103288229
921,0.0278752526638874,0.0178711669195331,0.000980338706659908,-1389.71526512567
922,0.0214051997335973,0.0190435769555787,0.00148195772085507,-1387.92638135567
923,0.0164698870757615,0.0141290609301489,0.00220258121042273,-1389.99721804116
924,0.0198309375278755,0.014216742560617,0.00109458389513985,-1389.94459667375
925,0.0212259376939257,0.0174075136314149,0.00111917541122094,-1388.41279816385
926,0.0181130035583262,0.0175643545760043,0.00168468924760615,-1387.80934932889
927,0.0221506356237584,0.0204060544849807,0.00124994746079181,-1388.57446184082
928,0.0205907634618355,0.0199327416567103,0.00179449781764112,-1389.40539221515
929,0.0163653886240617,0.0183169205952948,0.00172842934921171,-1388.6302243021
930,0.0199949086247654,0.0145267060349509,0.00158425141920821,-1387.63257193255
931,0.0207440015891488,0.0188719004917319,0.00126828215373882,-1387.92208571708
932,0.0254184599213457,0.0172762414991052,0.000876634009266328,-1390.36776947936
933,0.0280277218070842,0.012499804352516,0.00234483672308741,-1395.65048414727
934,0.0224306997171908,0.012335632946681,0.0016010411777604,-1388.9590038351
935,0.0195534076032766,0.0196232676988576,0.00148117688215343,-1388.01826312511
936,0.0157062360043011,0.0145843579969615,0.00159824783190858,-1388.89380325308
937,0.0201626372219135,0.013657633154049,0.00174138753078247,-1388.15075904147
938,0.0213752205202457,0.0147217613168074,0.00182066992520797,-1388.28141889528
939,0.0174709054902457,0.0162559037094949,0.00172793995818779,-1387.84331309181
940,0.0154495935531109,0.0169372251137639,0.00123478656143549,-1389.92104105936
941,0.0201927981277936,0.0147115739276879,0.0014953882107613,-1387.58522329658
942,0.018789856060665,0.0161480048869284,0.00151413821011636,-1387.42238241948
943,0.0185211643686293,0.0157582208905848,0.00169164379401382,-1387.60633500929
944,0.0193864541792577,0.0174148504708826,0.00114959540401766,-1388.49795043829
945,0.0244747214273583,0.0179401123368014,0.00139726367479604,-1388.08028216793
946,0.0201187524285906,0.0168114542165745,0.0011488073471323,-1388.39941933316
947,0.0191911262759972,0.0153404792226825,0.00138050212151101,-1387.73599865076
948,0.0172767168480237,0.0173135607992738,0.00143309544215174,-1387.87543512176
949,0.0227980577773913,0.0170243932697117,0.00135150637688615,-1387.56942277941
950,0.0193032931594393,0.0157524015216723,0.00135966644940816,-1387.67645246817
951,0.0211315512316335,0.0126433882231691,0.00164752073461844,-1388.65135150478
952,0.019299153495397,0.0145538969760101,0.00189691370717206,-1388.31378568088
953,0.0197594726646617,0.0158486378967857,0.0020030399308908,-1388.89396627688
954,0.020628447808104,0.0136205531195558,0.00196884750152195,-1389.01071353199
955,0.0206186164421356,0.0165221365813918,0.00227906656161372,-1391.33243587503
956,0.0198982100874636,0.016926959390826,0.00180276946231122,-1388.08642624763
957,0.0164829814787706,0.0154473987008521,0.00188113509345665,-1388.54851330267
958,0.0213874268313996,0.0171707010243974,0.00167559477808976,-1387.8779862645
959,0.0184864289497273,0.0160109987537332,0.0013434445275096,-1387.85895306152
960,0.0260749998363119,0.0161026885524118,0.00140224599805053,-1388.22817609252
961,0.0169083770546515,0.0200033623656165,0.00157707635024188,-1388.79445363953
962,0.01665017406634,0.0200868594913185,0.00164144768172408,-1389.07331503413
963,0.0221866164959926,0.0197750988014,0.00155939592207276,-1388.5946460122
964,0.0178520952227998,0.0141421774255551,0.00162241236277688,-1388.06937946627
965,0.0168063238771576,0.0164023813690054,0.00146514829754233,-1388.02736798066
966,0.0212933648230788,0.0147626040582534,0.00122213454230092,-1388.27737795147
967,0.0227271196305918,0.0187788368968746,0.00152614611476999,-1388.18345797351
968,0.0278168550960202,0.0177641586338623,0.000883897398525248,-1390.37923289417
969,0.0261170382700076,0.021222975974226,0.000810212462709828,-1391.36148545822
970,0.0219854651603995,0.0230392394028912,0.00165243355196312,-1391.11366247174
971,0.0193328027300329,0.0218212191030748,0.00165795665991959,-1389.78222368579
972,0.0204084508175288,0.0144121951831637,0.00210398065761822,-1389.57114033776
973,0.0206917828743837,0.0168945095580372,0.00126143239257085,-1387.71230739408
974,0.0253285457260466,0.0175190427684759,0.00141323871074453,-1388.22847055565
975,0.0198422137997604,0.0162883378798676,0.00151516741250152,-1387.33352744789
976,0.0188354625755548,0.0161821613935053,0.00132466500432642,-1387.81185211475
977,0.0259087214747303,0.0140151338112989,0.00129311412474874,-1388.56530732892
978,0.0226672030734689,0.0170228225955024,0.00138901872364479,-1387.53483422458
979,0.0209307883429171,0.0185670886829223,0.00147675038308432,-1387.69732862457
980,0.0175355486882841,0.0156912102467163,0.00140393909234002,-1388.02131265637
981,0.0146101457904083,0.0171831278340367,0.00142767575405685,-1389.68757672584
982,0.0249427744464197,0.0204372884245764,0.00128458703096172,-1389.10147071799
983,0.0277896460824563,0.0160996732916373,0.00108933970072768,-1389.12804318287
984,0.0270967649539467,0.0166155431146191,0.000973119149741443,-1389.61933684451
985,0.0249082820103864,0.0137059792165102,0.0017964008842883,-1389.47120409577
986,0.0254465708036801,0.014108860944275,0.00170417444772406,-1389.1305280083
987,0.0226974143048033,0.0140760845501651,0.00165533090056007,-1388.13877645768
988,0.022126046503894,0.0127125434520851,0.00173628007050837,-1388.87080028409
989,0.0197004709976582,0.0191636204395421,0.00119053294604412,-1388.3719862353
990,0.0221026058580137,0.0148394255486318,0.00167243063084782,-1387.88870785968
991,0.0176135175500008,0.0157174143309939,0.001482439720522,-1387.78594907351
992,0.0157707151917333,0.0148390924790849,0.00208739659707813,-1389.65843521047
993,0.0196141040073458,0.0170264862532926,0.00146918837625121,-1387.36204338783
994,0.0190968335365591,0.01507908186045,0.00156994708191041,-1387.53468536097
995,0.0182024751601813,0.0203050029845302,0.00141970597107783,-1388.45825172099
996,0.019573443336792,0.0201497698919653,0.00125826092543448,-1388.43595209096
997,0.0186580846151642,0.017052008739391,0.00214497225782204,-1389.99287456417
998,0.0197965578156362,0.0152070367524585,0.00123311661089839,-1388.3152697254
999,0.0255188923605091,0.0161529336150043,0.00152914955687543,-1388.33234711153
1000,0.0179833032563168,0.0129195016302174,0.00208592394155517,-1389.53997379045
