"i","asc1","desc1","pol1","p"
1,0.0279922601053026,0.0105748162676301,0.0227153483477188,-1838.21946116582
2,0.0233788669468167,0.00722264562816785,0.0159183628942877,-1719.69122148754
3,0.00846271780257972,0.0079427630940727,0.00860873813726255,-1561.02116443939
4,0.00924952061906172,0.0101833458433435,0.00588992309590593,-1503.55909827824
5,0.0141329106074794,0.00718444795578877,0.00393313945224202,-1463.95052242925
6,0.018717051759296,0.00641764061650602,0.00349204734791928,-1453.88929068427
7,0.0248417383640885,0.00651969510540312,0.00132739322432273,-1433.13489910225
8,0.0267709187976659,0.0118443291352523,0.0014092007592198,-1433.36749714229
9,0.0264855138483566,0.010111804693022,0.00148014189869102,-1433.13371352483
10,0.0160147114108655,0.0181437615701157,0.00124645193184662,-1433.56414475713
11,0.0205167692322307,0.0138310879335567,0.00130183927054397,-1432.4048095536
12,0.0241881594716128,0.010524922492431,0.00139869714688457,-1432.36140852833
13,0.0180295977016002,0.0111935683625883,0.0017565456346334,-1433.28864689448
14,0.01691877595326,0.0104318390036167,0.00148364731806377,-1433.55517856213
15,0.0205550835206878,0.0104801574388684,0.00165135610200744,-1432.59032364713
16,0.0191146219969224,0.00772639389174334,0.00189078405847354,-1433.59702893836
17,0.0280596224688421,0.010760696759593,0.00102283404582728,-1433.42803663678
18,0.0256241381290331,0.0127188556142443,0.00115345459203231,-1432.69988854235
19,0.0200253937148477,0.0093580737998535,0.00164291386782187,-1432.52237558613
20,0.0199832181620399,0.00965865913066669,0.00139253442684418,-1432.6391828419
21,0.0227003592194046,0.014034217096255,0.00111816926977361,-1432.62893683965
22,0.0329270175962467,0.00596922848743966,0.00173188228749667,-1434.98031908397
23,0.0212443740587932,0.00769593986215519,0.00181253496871705,-1432.79944732236
24,0.0227872130901854,0.00464354754389247,0.00178597253700588,-1434.16325656394
25,0.0319551306737063,0.00802327248658027,0.00109423083529068,-1434.06895897021
26,0.0298757671221101,0.0114840165212046,0.00108004566167725,-1433.55642657111
27,0.0241069067604083,0.0116596086227096,0.00146127564549676,-1432.64125059685
28,0.0179735215122986,0.0152403621602331,0.00162855786951823,-1433.58089726673
29,0.0160243635450431,0.0136749279557099,0.00148215667992799,-1432.83802201323
30,0.0261318427154355,0.0117652152389166,0.00108481749537107,-1432.86324107999
31,0.0222222834687808,0.0131772763704773,0.00120824354727558,-1432.34013213433
32,0.0225495213090337,0.010502467784012,0.00163836957450347,-1432.68627977705
33,0.0194498312038597,0.0115967764024448,0.00169906465788312,-1433.00914648072
34,0.0204393367038802,0.0090139448746294,0.00166986387542697,-1432.47253225936
35,0.0224015877821943,0.00867806469441844,0.00150406534954947,-1432.26381047106
36,0.0212889241459128,0.013343227673415,0.0010168690794757,-1433.16089388949
37,0.0270266363066517,0.0123294090014648,0.00102080542958486,-1433.1485100725
38,0.0187423435137503,0.0144925841743125,0.000994629538406846,-1433.68945410817
39,0.0186236860613933,0.0170600273103346,0.00113891069083538,-1433.01770347045
40,0.0223844425344059,0.0147845887132841,0.00128058034008136,-1432.78668423309
41,0.020964606682688,0.0140611752765126,0.00141750991033856,-1432.68665214914
42,0.0220971912426287,0.0135246619225636,0.00161330820595612,-1433.58291640637
43,0.0233398818857847,0.00448578143009614,0.00148441492943302,-1434.30533741072
44,0.0301464986232687,0.00573343419738643,0.00134259236628381,-1433.51475460043
45,0.0230555660419612,0.0154237877962798,0.000922757559290073,-1433.33101676275
46,0.0276176833258601,0.0125011687768518,0.00121618268886188,-1433.21789516585
47,0.0208919995201644,0.0199417924663447,0.000621239596199238,-1435.27699472248
48,0.0260657440701605,0.0142499445953568,0.000738037016763224,-1434.2942361977
49,0.0233992240511219,0.016579328073607,0.000962181286472115,-1433.21443474053
50,0.0229526228279299,0.0152365490376243,0.000932105050387545,-1433.31155827337
51,0.0348425089371995,0.0121137328966467,0.00098238045086269,-1434.73479810276
52,0.0189253043230773,0.0122098006906865,0.00182227783457768,-1433.83303552946
53,0.0202837596325953,0.0108975291809166,0.00134534597715755,-1432.35841066447
54,0.0236114094830651,0.0118167700111266,0.0010035799461945,-1433.13548476612
55,0.0231118830604711,0.0165731147547947,0.00132669262051174,-1433.88115449874
56,0.0142809316862141,0.01859552088878,0.00147630991255319,-1434.79755826373
57,0.0136413988544838,0.0132271971885235,0.00162360390200482,-1433.97102131571
58,0.0217777278352375,0.00642092387160553,0.00151135278962418,-1432.99794990703
59,0.0291462808527364,0.00437070143577909,0.00154674149567413,-1433.13782223199
60,0.0288098548594568,0.00371584926695384,0.00165314287758715,-1433.41560429342
61,0.027035810948072,0.0098178895974679,0.000875252289996892,-1434.8258130578
62,0.0339694673320828,0.0132460518832699,0.000725444766913019,-1434.76186515686
63,0.0332583998805071,0.0118295501051101,0.000611886700341552,-1435.97524206788
64,0.0315068657192072,0.0127822004101086,0.000636122043414828,-1435.34571545553
65,0.0231244093354955,0.0256158205367937,0.0010213746115499,-1436.50018857327
66,0.0137772603277431,0.0231166835878357,0.00101186067506474,-1436.68639432671
67,0.0258214999631506,0.00860289023279543,0.00106389426040241,-1433.8952565396
68,0.0295139128884759,0.0115769383809298,0.00153538059968708,-1435.14433690568
69,0.0308588283427518,0.00592852430214671,0.00164480399309128,-1433.7487401303
70,0.0268699156071058,0.00800900000309505,0.00153762738924659,-1432.91428336979
71,0.0247475170618155,0.00935228939136955,0.00125960217686788,-1432.62204749339
72,0.0260977827160962,0.00724472486860118,0.00129324320771451,-1433.06533109434
73,0.0241230975127786,0.0130131649803026,0.00088978974632552,-1433.72089351154
74,0.022884258453665,0.0125865967688015,0.00160075310280413,-1433.28280947124
75,0.0214315063290187,0.00844971677250224,0.00148449121556527,-1432.37177652128
76,0.0218359271286915,0.0125712208085394,0.00145418356620848,-1432.44348627583
77,0.0215222238841904,0.00787073013932546,0.00175371101055976,-1432.58589505732
78,0.0237170911440124,0.00670579265445572,0.00133236009358478,-1433.17630181827
79,0.0293660352358881,0.00503474937632044,0.00143444707666108,-1433.2036778206
80,0.0257054067130952,0.0113195918263163,0.00106299544261692,-1432.9319800735
81,0.0351616687131866,0.00922051827326087,0.00103056381921245,-1434.61525788546
82,0.0223199087014475,0.00953649993999462,0.00146439083225783,-1432.19485343565
83,0.0238157834907565,0.0116015026682945,0.00118453116139388,-1432.34398400742
84,0.0213107794134216,0.0136796351011478,0.00106300391736578,-1432.87032426108
85,0.0192380089130522,0.0165486438278523,0.00116292141252102,-1432.90249069168
86,0.0189805943103311,0.02220771104036,0.00102149602068584,-1434.43927105148
87,0.0242484674535152,0.0192108123753836,0.00108851301595601,-1434.10148381324
88,0.0217885278393906,0.0120551371387808,0.00105241435694773,-1433.00721381028
89,0.0184012583399117,0.0163528699664176,0.00151927060512858,-1433.50938322147
90,0.0152554703165831,0.016842478919378,0.00136033368893712,-1433.21467056322
91,0.0173461024751992,0.0147586932474468,0.00145970804156279,-1432.68968102846
92,0.0241060676854343,0.00484065558885186,0.00129505722826109,-1434.66921429909
93,0.0259216441924214,0.0125185904944591,0.00141915290774434,-1433.30339184609
94,0.0176745304117223,0.0153013857861092,0.00116232861585338,-1432.8042528675
95,0.0188816561144322,0.0129005340950228,0.00131418553796949,-1432.4830726607
96,0.0225268910174968,0.0124714399411476,0.00109859481741279,-1432.60728538374
97,0.0254248556644961,0.0113830360357572,0.00100416226807302,-1433.19637953178
98,0.0255950497695079,0.0120431691139626,0.00140918696571393,-1433.00333840869
99,0.0206394064515664,0.0122625483469546,0.00169883768461197,-1433.27584688233
100,0.0205742796310524,0.0132853823905069,0.0010514832531779,-1433.08458285396
101,0.0253564801583729,0.0143719032349608,0.00112340072620219,-1432.97374842156
102,0.0226268652424709,0.0120016093012954,0.00150452000007058,-1432.56730175306
103,0.0172623550131469,0.0113285953045667,0.00137836571208462,-1433.2654911299
104,0.0210696681165852,0.01516416699035,0.00109409452572922,-1432.85533945261
105,0.0220240627971355,0.0112832641640529,0.00109322774097088,-1432.8663815186
106,0.02221948709313,0.0150114664968265,0.00114529159867925,-1432.7624458303
107,0.0237544480873476,0.0106738200337555,0.00121354034937287,-1432.37069042925
108,0.0233360040197585,0.0119663393622351,0.00120382138555497,-1432.27804629083
109,0.0262433010043547,0.00821221014989358,0.00173231676917435,-1433.4104976827
110,0.0188634626988292,0.0100472635396691,0.00221510977594574,-1435.75675432561
111,0.0186957042786251,0.0118155127123504,0.00110520509808593,-1433.71193708501
112,0.0267721338584922,0.0119923158133651,0.00115511353667783,-1432.87513786879
113,0.0211864350206444,0.0131606490673408,0.00156413924059655,-1432.97365583679
114,0.0211624784483322,0.0127509732497495,0.00110630662415234,-1432.70292649879
115,0.026402614029189,0.0103740648313326,0.00128950538688192,-1432.74503096605
116,0.0262960937539296,0.00794617713835497,0.00150962670059495,-1432.73552222907
117,0.0212458926282022,0.00812801716147397,0.00169356410320958,-1432.45416291871
118,0.0215949145390735,0.00880184722144028,0.00140814260145154,-1432.41444523004
119,0.0181430917457062,0.0156408274484003,0.0011160664290862,-1432.93708490884
120,0.0142019156023765,0.0172226204595588,0.000808918939772696,-1437.59722684269
121,0.0325896042874686,0.0121924856925261,0.00143359952603631,-1436.09473698577
122,0.0230858470923871,0.00844263670224408,0.00169880889024992,-1432.55077810185
123,0.0246678382347793,0.00719716619272426,0.00195764425107393,-1433.7463463812
124,0.0228944991787653,0.00624825531958442,0.00142417931211959,-1433.09187646143
125,0.0253267202378241,0.00893589540486153,0.00120374895775329,-1432.9535252462
126,0.0220603762349899,0.0181927803456916,0.00120651977157763,-1433.83094340954
127,0.0312816447142562,0.012869914022869,0.0011662407041321,-1434.34571252534
128,0.0251517995807106,0.0112098378980944,0.0013720127480135,-1432.59493707052
129,0.0221411954178937,0.0118690147711264,0.00175207057362727,-1433.71311047727
130,0.0218393327671332,0.00751474230179381,0.00179550582810245,-1432.71323940313
131,0.0244452403234547,0.00516152661775144,0.00206645616844702,-1434.50263490698
132,0.0285652077167291,0.00501981209721891,0.00193687726147979,-1434.01440680197
133,0.0244927812700253,0.00914744555145256,0.00128929824218257,-1432.57790636316
134,0.0203841423489062,0.0162346102772308,0.00113430976716407,-1432.91821624436
135,0.0222353339308316,0.019521003184447,0.000517015510112857,-1436.67193628281
136,0.0317075193771606,0.0113088481492227,0.00115641584526502,-1434.04029629696
137,0.0216509096109055,0.00986452813196404,0.00160814034546349,-1432.36012599373
138,0.0236913915758466,0.00716646516888862,0.00154149102884803,-1432.37467476886
139,0.0235552228980467,0.00687311355357869,0.00196454515789162,-1433.55412875592
140,0.0232033361052165,0.0105738895768619,0.00195068653824715,-1434.81244911493
141,0.012917730161061,0.0157308400061534,0.00147221570039377,-1434.24873502154
142,0.0276375038152511,0.00524423840714016,0.00133136874082272,-1433.42801654239
143,0.0344625610029974,0.00545595200755304,0.00150425328071934,-1434.72957198905
144,0.0351172964195439,0.0047317839280542,0.00142522400332854,-1434.85569164765
145,0.0367470286291307,0.00728725613535807,0.00103613215632,-1435.21970276201
146,0.035445997039198,0.0197800015245188,0.000568079106197312,-1437.27035932158
147,0.0298845479819857,0.0145872088008649,0.00113969943655971,-1434.30428091233
148,0.0175604979786892,0.0138161881014919,0.00109487698166189,-1433.38402367348
149,0.0189538116113153,0.017044785994287,0.000969602153380634,-1433.50939583365
150,0.017981137455335,0.0155684571736664,0.00186986193182669,-1435.54694998079
151,0.0146120651096907,0.012554251020965,0.00115231385959336,-1435.01455069329
152,0.0284351899648887,0.00526968788911728,0.00176162456379446,-1433.19852764025
153,0.0267791715879562,0.00515652375247948,0.00134900766309832,-1433.40094316463
154,0.0271040553396205,0.00585436862969219,0.00164042276558267,-1432.70222377468
155,0.0268023698214406,0.0106155589729187,0.000838084195019138,-1434.81788909052
156,0.0267892716733538,0.0216571029710255,0.0010260237225149,-1435.41356785416
157,0.0154600279981928,0.0214829187901595,0.001176293854267,-1435.44136416631
158,0.0194529904935934,0.0139047250218361,0.00120858610310553,-1432.54888064382
159,0.0210762032312362,0.0149596506336518,0.000973232546381095,-1433.35336064708
160,0.0236983697475886,0.0151807464051627,0.00159619971682308,-1434.93828009802
161,0.0283797695973676,0.0020545773685103,0.00176099727117177,-1436.04499317836
162,0.0335479294208804,0.00665331670000441,0.000952209629930048,-1435.5730588951
163,0.0293223859440265,0.0151628041907746,0.000813229458948084,-1433.74156093439
164,0.0295934635567529,0.0169625665761148,0.000577816564222929,-1435.16185670855
165,0.0376935940500632,0.0195824888518629,0.000686064186252557,-1437.5876507677
166,0.0210126744886112,0.0231491286852015,0.000698015369910526,-1434.85552592489
167,0.0220539385601968,0.017929576683565,0.000747197339513315,-1434.02897335304
168,0.0204740955837439,0.0226505672960393,0.000752746236914478,-1434.47994863747
169,0.020567034819107,0.0198230447245945,0.00101959939618324,-1433.60520180324
170,0.0197332576837991,0.0144100313207085,0.00171587484580181,-1434.18376060991
171,0.019181197089925,0.0158586588615269,0.00175935920440541,-1435.11050607949
172,0.0179121144655261,0.0148679623326696,0.0011134487226266,-1433.00036412062
173,0.015951068242789,0.014280048827564,0.0012406999245246,-1432.94615464825
174,0.0217628832001805,0.0125030602855385,0.00151830174091981,-1432.63714068982
175,0.0153035782178279,0.0133595073611622,0.00148059357086387,-1433.07840703128
176,0.0144514603698758,0.0158238502710506,0.00127107236471746,-1433.32176911276
177,0.0185996105976018,0.0144951852696949,0.00133870915304909,-1432.48555282071
178,0.0213145556533188,0.0133790979033803,0.00131081162365956,-1432.32263070738
179,0.0180012753039077,0.0149177572160447,0.00159855216771715,-1433.31011189913
180,0.0182169632579145,0.018373432666501,0.00118914114385495,-1433.38817587168
181,0.0164646172023072,0.018064737674715,0.00108957743506962,-1433.67120369318
182,0.0218717440894266,0.0132737176132354,0.0013292894506716,-1432.34573529992
183,0.0294190434611096,0.00446086925092955,0.00171795042920028,-1433.29353611092
184,0.0282906822607332,0.00604118587923059,0.00140718263162188,-1433.00514739347
185,0.0302316118504839,0.0077194922207476,0.00110396766534187,-1433.96061763619
186,0.0245872821124024,0.0220188546201551,0.00108915656392806,-1435.35018134401
187,0.0221307276875867,0.0151488554729486,0.00108416219277236,-1432.86878178639
188,0.0235867364526648,0.00850108571047832,0.00122171990519286,-1433.05630248822
189,0.0248876743822765,0.0138071107726274,0.00120892001810381,-1432.80016388522
190,0.0184467357618618,0.015245846341687,0.00134178851526572,-1432.59115645375
191,0.0204934319093618,0.0101033858229143,0.00164721916969509,-1432.52269440539
192,0.0186150234090891,0.0112625268941714,0.00159071073942133,-1432.73214218085
193,0.025048776606166,0.00802403670960087,0.0015938375853391,-1432.59668896878
194,0.0213615547828832,0.011070614013248,0.00124457960329416,-1432.34719040726
195,0.0181335207104381,0.0191723530987213,0.00117217732180004,-1433.69978262094
196,0.0153755411700755,0.0165445369945359,0.00161145540397475,-1433.85324380287
197,0.02137815557273,0.00777162240253362,0.00155052491334827,-1432.45491148143
198,0.0245564352314746,0.00624063431054845,0.00174955424642258,-1432.67908514919
199,0.023729959068419,0.00472596113660864,0.00142935356152467,-1434.04712418707
200,0.0217443697340503,0.0152628349738198,0.000911808376492147,-1433.57882375653
201,0.0194277210174078,0.0231795704355736,0.000909472195736699,-1434.51013562207
202,0.0255947240553944,0.0198644568300613,0.000540731761995164,-1435.71199338317
203,0.0277647436704386,0.0183945327659934,0.000812917482868694,-1433.79761342631
204,0.0222188884936871,0.0146209282800886,0.00175251413875087,-1435.30814287349
205,0.0244460638679696,0.0131196274353485,0.000903920013977138,-1433.55576577979
206,0.0240071537514349,0.0153235940435729,0.000916932844273521,-1433.28408176017
207,0.0178631924144357,0.0169686808879138,0.00095872160323982,-1433.7860033015
208,0.0259343603118458,0.011681507487209,0.00140054255521491,-1432.99685829242
209,0.0203814277692134,0.00815842199382411,0.00183417618781895,-1432.9191780192
210,0.0195297456839955,0.0106061119626686,0.00183962586478431,-1433.39795946798
211,0.0161908123866697,0.0103714293161094,0.00190707209252733,-1434.2651289321
212,0.0151354599941609,0.0095925035759765,0.00152053847057433,-1435.20658788543
213,0.0262832582304909,0.00698810977366267,0.00177199817717927,-1433.0941128384
214,0.0203012336970483,0.00979770824181853,0.00197164414602019,-1433.88396967064
215,0.0239200524615156,0.00523636816839862,0.00150153037042645,-1433.18860187056
216,0.0294380184153401,0.00463915054880842,0.00153063760623048,-1433.12216969851
217,0.0319552643336728,0.00259488647761772,0.00178937759601479,-1434.99047378871
218,0.0280994548501586,0.00438940674784622,0.00164978194526598,-1433.03621776893
219,0.0260672982928664,0.00559932658586359,0.00147291586954775,-1432.74513818034
220,0.0289518808477646,0.00625844296058297,0.00197516323237144,-1434.80307234156
221,0.0264907799900921,0.00621233669537708,0.00187452673931769,-1433.40419490412
222,0.0293508556277735,0.00686882724220123,0.00107952043072251,-1434.44431553277
223,0.0282958148623445,0.010684743997797,0.00105653815326444,-1433.34919895865
224,0.0271046346705118,0.00981015144751649,0.00133546670926816,-1432.94051627459
225,0.02284195563001,0.00892700142014438,0.00160906168862087,-1432.37916740437
226,0.0227439262354294,0.00623798304161995,0.00156414101420684,-1432.72018594572
227,0.022970725585312,0.00703301092827699,0.00144746266234185,-1432.62926946163
228,0.0208147447112728,0.0119528547167408,0.00119138011245505,-1432.47534257743
229,0.0198396794846061,0.0146961730485545,0.00108724530198219,-1432.91817525897
230,0.0315164289881721,0.0120230246271402,0.000832006392852413,-1434.29342896227
231,0.0377606020571677,0.00678710136099071,0.00124503868214182,-1435.43361701252
232,0.0278382292027161,0.00944253703780597,0.00137503884548133,-1433.14840015518
233,0.0189001453147311,0.0118622559151687,0.00141122368435535,-1432.49644715484
234,0.0218719107583439,0.0142064275932129,0.0012684948109635,-1432.52644727732
235,0.0170082761941492,0.0128694663207787,0.00156388064926814,-1432.91426118252
236,0.0184174336936106,0.0122118658789258,0.00176041931852798,-1433.49817318068
237,0.0153108207215569,0.0134325556043676,0.0015850183966692,-1433.22142686963
238,0.0179574912228403,0.0158688186559269,0.00177606443533268,-1434.90052087993
239,0.0172169610993407,0.0100788002681954,0.00128805405331137,-1434.37295089126
240,0.0224215125261303,0.0119327061710659,0.000990287778832479,-1433.38366613815
241,0.0314603611854108,0.011282746573143,0.0012796913496158,-1434.34025372109
242,0.0291146366330998,0.00760283143151327,0.00133314588466519,-1433.2625232892
243,0.0253523947841192,0.0118920811209945,0.00129420176883554,-1432.59327618404
244,0.0244754056181484,0.0106782769905703,0.00102275776932803,-1433.27113683625
245,0.0249497242802422,0.017252133170359,0.000750104829639503,-1433.73630110491
246,0.0328092516720196,0.00873622135238921,0.00147870157063352,-1434.90504418101
247,0.0317029262366373,0.00298770878210897,0.00153052775736038,-1434.32136573548
248,0.0294700255632301,0.0126247302939839,0.000735907757799854,-1434.61447192806
249,0.0271816927031411,0.0156596702906345,0.000814129422534697,-1433.54927716376
250,0.0256336566185056,0.0207598875712879,0.000793114469189023,-1434.02336110029
251,0.023561813950674,0.0201610113963551,0.000979630805393847,-1433.81776630617
252,0.025277996462812,0.00957941136642559,0.00162501206719259,-1433.1446881002
253,0.0181713520883539,0.0111303973656098,0.00137359117835675,-1432.92699724669
254,0.0327382259790022,0.00378073016139005,0.00169642260143681,-1434.26015536078
255,0.0287298349603213,0.00642001924708567,0.00142087005585132,-1433.05015566174
256,0.027276648556205,0.00583884846003212,0.0016569112958688,-1432.75514815208
257,0.0265247889540126,0.00844538410633843,0.00157799663241009,-1433.03557043965
258,0.0265534069028651,0.00492617873350662,0.00203371849610458,-1434.32501297342
259,0.0238556136103025,0.0106882569254934,0.00125410737701679,-1432.29837831563
260,0.0196896040925667,0.0106107368016577,0.00127050982488663,-1432.81642759113
261,0.0205826226388248,0.0148695929033178,0.00127414264301415,-1432.61676671469
262,0.0269417571741824,0.00794168281011403,0.00154873278180214,-1432.93383839038
263,0.0282324383709782,0.00837532986163747,0.00107072783468368,-1433.85330120204
264,0.0307857689652794,0.00686473299132449,0.000931488312123162,-1435.65706605744
265,0.0330477238914687,0.0114003054215365,0.0010733943454491,-1434.27755409744
266,0.0281964095979062,0.00993886781432017,0.00141678767315001,-1433.43792639611
267,0.0171182103632082,0.0101431021526333,0.00135400376901152,-1434.03090040708
268,0.0226175499983842,0.0110190138711134,0.00157313219481725,-1432.57052057984
269,0.0246850115411795,0.00694769672973827,0.00150598164673105,-1432.45905374619
270,0.0299979178242498,0.00488579117698144,0.00119841414274658,-1434.56037199712
271,0.0335650789838397,0.00576043205404472,0.0011644370182536,-1434.84365297612
272,0.0290158966338142,0.0185703070621108,0.000635231092413418,-1434.68014158926
273,0.0198006694262727,0.0228938321517416,0.00103672952052386,-1434.71687599247
274,0.0195231884192952,0.017064539794358,0.00154192989708217,-1434.28643438958
275,0.0190151796783016,0.00503921090056228,0.00195395598750389,-1437.02226393231
276,0.0181890769839448,0.00700172667624577,0.00144836906714658,-1435.0861182659
277,0.0241409320032329,0.00946553783120381,0.00144456489437411,-1432.38899671422
278,0.022757176784009,0.0102851330863354,0.00135180305938067,-1432.16559459682
279,0.0220557264754733,0.00837808302345639,0.0013385870906351,-1432.72180274082
280,0.0223107551651027,0.013010588559388,0.00132899006065267,-1432.32481698039
281,0.0203907604221161,0.0114284352933681,0.00154486043708632,-1432.43334617434
282,0.0204744668036232,0.00702756668554345,0.00176170255789498,-1433.03600613244
283,0.0261352206486406,0.00658508135002983,0.00185372428202966,-1433.30499194241
284,0.0253323798315407,0.00573466547684618,0.00136693900811519,-1433.15291823878
285,0.0282783322272435,0.00450543340939437,0.00181550454854766,-1433.4011321291
286,0.0271703556373561,0.0081721914776188,0.00137874693951137,-1432.90023892458
287,0.0278429547817292,0.00615185924536494,0.00168669403784709,-1432.98154791429
288,0.0258922509459159,0.00667739066595885,0.0013108986881658,-1433.10464292183
289,0.0269987343436186,0.00974943298159651,0.00133453982169773,-1432.91163495136
290,0.0320769865591158,0.00600233406172898,0.00160723568450387,-1434.14419226352
291,0.0202176550637573,0.00956912085514651,0.0016645198908258,-1432.53309904969
292,0.0195015099923469,0.0118163048188029,0.00145732513574071,-1432.38832102747
293,0.0195344253389974,0.011354645144776,0.00165201552289268,-1432.7777710105
294,0.0209192529775069,0.00653878556667068,0.00185406594682215,-1433.39651204611
295,0.0319271228490978,0.00233937763802414,0.00145615546606597,-1435.35315926317
296,0.0293256796918692,0.0102126263203777,0.00103669686951714,-1433.59194537439
297,0.0258754315539611,0.0154630926212275,0.0010800931684286,-1433.28995163358
298,0.0150016506478771,0.0159173357150962,0.00102782177559888,-1434.37711433249
299,0.0157612749260733,0.0190953298335371,0.00107466557214181,-1434.29951765943
300,0.0174117895730188,0.0161901127850113,0.00115957986456093,-1432.87874513369
301,0.0199188191365333,0.017316517625231,0.00129932385189299,-1433.36490138816
302,0.0114101107921921,0.0141433790109387,0.00142286935117778,-1435.98797674499
303,0.013761904596518,0.0190434792420861,0.00123599003455299,-1435.06351488979
304,0.0224394592946166,0.0205843998663845,0.000627299710412976,-1434.86647253631
305,0.0229497676943898,0.0193715275779621,0.0012267420867518,-1434.64763296148
306,0.0219885945017462,0.0140578595151837,0.0012365596498537,-1432.48177047298
307,0.0279794153876382,0.0110200876814957,0.00146875515577056,-1433.86389266592
308,0.0157727193013545,0.0117679630792656,0.0019173834197563,-1434.33853771915
309,0.0125092473932439,0.0115551248792746,0.00143220525516801,-1436.12479012582
310,0.0125530513783115,0.0159450596256601,0.00161907633438612,-1434.98775123315
311,0.013950220439978,0.0154667436376168,0.00124910730725293,-1433.65349777718
312,0.0197808777544013,0.0122012850594894,0.00117203531893826,-1432.75717591383
313,0.0214841804977803,0.0139200182765944,0.00128554760035758,-1432.43667567746
314,0.0169857565555078,0.0159354744072516,0.00107378363637972,-1433.29400729714
315,0.0207246069259531,0.0116252341512269,0.00140678274039898,-1432.20641129656
316,0.0216653217935447,0.0119282327660179,0.00160834850461147,-1432.83745729063
317,0.0211157328491366,0.00880583798047674,0.00162105482150493,-1432.32759511608
318,0.024029966650767,0.011750451435736,0.00154029803023463,-1432.97116583482
319,0.0175891341809218,0.0126822460615374,0.00150178690520659,-1432.74895075138
320,0.0160425630123179,0.014819867417572,0.00162343111123188,-1433.3014960857
321,0.0170242573453995,0.011255707689077,0.00160289512664722,-1433.20391886331
322,0.0202383573093646,0.00879546485056062,0.00128152625114135,-1433.34226872648
323,0.0283332054625227,0.00764252154176043,0.0011198880007577,-1433.84742401736
324,0.0276393579653357,0.00450610110496358,0.00186570097571172,-1433.54396734231
325,0.0250759500957219,0.00595580247926215,0.00162137914360201,-1432.51451592629
326,0.0236166555350772,0.0073804023877652,0.00143790420147796,-1432.51826748184
327,0.0266502273066818,0.0071710653104631,0.00138729051562836,-1432.79676451599
328,0.0210550828022101,0.00675177866544408,0.00134497601196281,-1433.89963787397
329,0.0204829534598767,0.00842226834815489,0.00152816252381885,-1432.49775751654
330,0.0245087555406137,0.0108893147103147,0.00132033538228667,-1432.35461234014
331,0.0194417632013547,0.0095222623366987,0.00148730867005962,-1432.68291910833
332,0.0224251535412584,0.00866292822477294,0.00170460510105204,-1432.52186191336
333,0.023969807877311,0.0105467452421426,0.00114932844603171,-1432.61531127995
334,0.0215260629864529,0.0168195222803033,0.00134680687874292,-1433.67604267603
335,0.0197423796510584,0.0118810056286691,0.00121729232598935,-1432.63664903297
336,0.0191835784361725,0.0146351688451427,0.0012178348896131,-1432.55762631793
337,0.0178177680510123,0.0160666935074318,0.00126778105548956,-1432.68982270023
338,0.0243213537087691,0.00613926362447443,0.00128997174179344,-1433.62748090816
339,0.0271747739120414,0.0113528873389456,0.000998378717818155,-1433.34569328078
340,0.0269540739185696,0.0133385087983284,0.000920676302214624,-1433.40830223415
341,0.0277338888097578,0.0155031844389004,0.000881800320064092,-1433.46426626021
342,0.0403169083685187,0.0119678374938977,0.000741007745594897,-1436.20851407619
343,0.0331950120728269,0.0160891989206973,0.00044980448963366,-1437.53883302256
344,0.0289598851589576,0.019910853268307,0.000898364015197587,-1434.67158530106
345,0.0226122912447515,0.0173263113972068,0.00121313711594635,-1433.63184345369
346,0.0128371957257271,0.0193876858280916,0.00120805607863181,-1436.01818345786
347,0.0286276098936559,0.0129162801573472,0.000883884161073255,-1433.71666874558
348,0.0241982361625113,0.0181826558098616,0.00105386701540552,-1433.64184408705
349,0.0199779386438583,0.0175053743824549,0.00108411042147971,-1433.17584352689
350,0.0191762330000219,0.0106477920336136,0.00183754456279339,-1433.40258566287
351,0.0190816651933697,0.0121463320539938,0.00184159192021709,-1433.93048571643
352,0.0185011685094667,0.00809341250421169,0.00164262250260223,-1433.40343504689
353,0.0224183498426971,0.00895934010386676,0.00148502107949227,-1432.24507487808
354,0.0223418047382874,0.0113577187972024,0.00124982950895818,-1432.19940519511
355,0.0228326601855369,0.0125270170800442,0.00123195891848109,-1432.26031723599
356,0.0225986767906691,0.0102947581795564,0.00122151287034438,-1432.42534131043
357,0.0232959726035051,0.0126229469967655,0.00120332910043682,-1432.32676297089
358,0.0210069195158718,0.0113312449405166,0.00153429130829462,-1432.38466214404
359,0.0170085010529426,0.0146078348130904,0.00170146035037294,-1433.68782930472
360,0.0147879409137635,0.0128678680375669,0.00123832030182914,-1434.07043928829
361,0.0238671740247856,0.0106032405665486,0.00124536952612257,-1432.32487361112
362,0.0234764673419476,0.0131669953625534,0.00129124236536955,-1432.46256210934
363,0.0171558970641291,0.0138897296944751,0.00138727483196461,-1432.56179058624
364,0.0169474165720149,0.0165104016197171,0.00141822968877968,-1432.9784588256
365,0.0251513512957358,0.0158494695758005,0.00109042004747029,-1433.27580005673
366,0.0203516830597521,0.0128832584084966,0.00134764028857229,-1432.28114113273
367,0.0260204623590672,0.0091628495160882,0.0015859548261133,-1433.11836178338
368,0.0290054600492568,0.00440457153394795,0.00175604230206042,-1433.32871656875
369,0.0266059226734568,0.00451381335260782,0.0017548590715023,-1433.16529572718
370,0.0239170480943074,0.0063061312273459,0.00141720966084096,-1432.8922790152
371,0.0264214683928293,0.00992653703098855,0.00118524462193189,-1432.86889907393
372,0.0224718821361427,0.0132660340077568,0.00124305429060183,-1432.34176846832
373,0.0244850401845386,0.0137385466815696,0.00121843554943415,-1432.711282632
374,0.0222403458232986,0.0107377076174549,0.00152237019076239,-1432.30924362994
375,0.0210106709007597,0.011360236320663,0.00135266346496058,-1432.182067578
376,0.0215950870251587,0.0106909075890095,0.00156828668210952,-1432.38199494429
377,0.0200826924689651,0.012430721965794,0.00167822079890704,-1433.17048716419
378,0.0177096254596137,0.0124151917933908,0.00126548461760691,-1432.98013404908
379,0.0181142231788136,0.0150094365363875,0.00145816258654062,-1432.76442607291
380,0.0170660962128196,0.0123303563805697,0.00127991182617527,-1433.17107403143
381,0.0230493425164542,0.0118082810038507,0.0012819455613448,-1432.17762981198
382,0.0297565133175051,0.00581594869752944,0.00165199980343391,-1433.34886551647
383,0.0265616209485892,0.00576642777502375,0.00162057846730401,-1432.61194621878
384,0.0246450158267839,0.00567050801062233,0.00179927609779951,-1432.92399975067
385,0.0250462574884591,0.00724475367339971,0.00144008115779455,-1432.56345218289
386,0.0247743281700478,0.00538927850071984,0.00143511211254713,-1433.09892049968
387,0.0221086614604404,0.0102192943929883,0.00142199854704495,-1432.14147029757
388,0.0295270704073632,0.00779144993100338,0.00126630249876939,-1433.40380837543
389,0.0217924922197925,0.0133793183416274,0.00102120677181231,-1433.04521973722
390,0.0228469456911309,0.0173259057906137,0.00133898919165903,-1434.25947020329
391,0.0176641182710916,0.011357719454277,0.00172144024044044,-1433.26531200073
392,0.0194191932792344,0.00832909785490396,0.00154045862314992,-1432.91302384682
393,0.0259273263000353,0.00654347096644255,0.00154833682729446,-1432.50675063169
394,0.0275062192374903,0.0104274251005346,0.00103424458001557,-1433.39264314086
395,0.0332931889754783,0.0112284979020859,0.00101040268386229,-1434.27307823249
396,0.0316957027638228,0.0116672831053436,0.00113310996132929,-1434.06523714708
397,0.0256401405833498,0.0144168190512397,0.000963451455690921,-1433.16095775584
398,0.0271325929432944,0.0116563458553571,0.00163908635848731,-1434.8080946875
399,0.0150332004045904,0.0132073229408373,0.00178119830755613,-1433.98083759413
400,0.0148476794286467,0.0147298049348422,0.000985125653197555,-1435.14429578908
401,0.0308807178465486,0.00664399084586117,0.000843006606003574,-1436.90960785705
402,0.0443656116061583,0.0114372880380594,0.000934844770503621,-1437.47733494425
403,0.0281971080141347,0.0135238995593818,0.00122029493023688,-1433.68889022495
404,0.0282964260016679,0.00938703402567464,0.00183444844070985,-1435.56665283453
405,0.0245819062803542,0.00717750164473189,0.00127475208746665,-1433.23239948581
406,0.023465351278232,0.019310060893048,0.00114406292181392,-1434.25991613101
407,0.021895639679883,0.0113249384122943,0.000920234116465866,-1434.45042075939
408,0.0215927459325858,0.0109609260674882,0.0018283738560845,-1433.65694821306
409,0.0194646716320172,0.0128858558622507,0.000972553507570983,-1434.172993057
410,0.0320859693228437,0.0105478745154621,0.000880082472133701,-1434.4282462743
411,0.0353268289688446,0.0113432348925903,0.00122683429301867,-1435.49898724496
412,0.0227163712632314,0.0116724200050816,0.00129554965751782,-1432.14820781052
413,0.0239700679748684,0.0125148053528995,0.00128853965907205,-1432.38732401628
414,0.0199658051616412,0.0106302964278052,0.0018684512453132,-1433.56844564974
415,0.0151004220345631,0.016788573244894,0.00130036824402528,-1433.23909949118
416,0.0177909189247079,0.0154172240775403,0.00117428753993776,-1432.75757014852
417,0.0198645455716389,0.0206125879193987,0.000816703316070153,-1433.96159816948
418,0.0273484491353629,0.0158882378490041,0.00100575672480186,-1433.52281324083
419,0.0314395161672037,0.0186570723593832,0.000595167352347688,-1435.46350872496
420,0.0306918091153327,0.0189814659850932,0.000620970647026679,-1435.17120473003
421,0.0298931425116472,0.0165393872555968,0.000959466483970008,-1434.11486241257
422,0.030193457704734,0.0118257759421843,0.000918623666510636,-1433.89476707798
423,0.0274283350995532,0.0134880055434082,0.00127525301989512,-1433.60087773782
424,0.0146411168824206,0.0154075939448888,0.00133463471901249,-1433.06406372064
425,0.0185056188007374,0.0159595996117808,0.00129086038235927,-1432.70493902182
426,0.0204543148104869,0.0127421792058397,0.00119916366835475,-1432.44657082921
427,0.0228583683369577,0.0119784763626162,0.000962581020804367,-1433.52718408576
428,0.0247340179636039,0.0128874325720699,0.000856046859576494,-1433.94887149186
429,0.0325556081956614,0.0116796578163892,0.00108353485649217,-1434.21131237691
430,0.0171854103812426,0.0198513823006573,0.00099524198655661,-1434.13420688733
431,0.0182185172435306,0.0159484947011379,0.00115827126256812,-1432.81491234847
432,0.017723330306326,0.0172013648578122,0.00135389292743356,-1433.13168777666
433,0.0223895048950665,0.0170844046079856,0.000983666221302202,-1433.22208045905
434,0.0268497416658241,0.015367125660317,0.000954617666186033,-1433.32636686812
435,0.0286106411136371,0.0119709823252714,0.00141458280781507,-1434.15828738112
436,0.026001165731013,0.0091527894600372,0.00152539580874478,-1432.92619226484
437,0.0267305838728036,0.00943725256496487,0.00155667119204655,-1433.32746613628
438,0.0183185098497841,0.0146214898845899,0.00139590850106796,-1432.5581284684
439,0.0207122370840314,0.00821554885420675,0.00176767937602556,-1432.66111468761
440,0.0231334140474672,0.00509709726274206,0.00180411255333708,-1433.56696279379
441,0.0270118910958288,0.00686655592054076,0.00118634326667297,-1433.7512513046
442,0.0258086157086139,0.00582008882049697,0.00213443188831363,-1434.95724091075
443,0.0286263393279697,0.00357046174244859,0.00168644437308015,-1433.54796100495
444,0.0269825754097962,0.0108288692198536,0.00124549165308533,-1432.86742842377
445,0.0208315385231168,0.0106911592011883,0.00154251683174498,-1432.33522343479
446,0.027115441453655,0.0088349556048226,0.00154055706522793,-1433.21847495868
447,0.0169168757139125,0.00933024197676103,0.00200884585247274,-1434.58396068336
448,0.0230333871267156,0.00416198997369526,0.00174093271541601,-1434.63313282605
449,0.0256057787104162,0.00692372710332979,0.00191999907884938,-1433.64260473226
450,0.0240185085870137,0.00593420057897904,0.00173528443343463,-1432.72688503072
451,0.0270748671459078,0.00598936703525707,0.00155676689102073,-1432.64501441546
452,0.0283587056270362,0.0078676745830904,0.00123008468583109,-1433.31825396313
453,0.0387263185321381,0.00907778829050015,0.000890798512073172,-1435.70344910406
454,0.0255392099784249,0.0128478224441158,0.00115510256282979,-1432.69979591301
455,0.0205937379573034,0.0193088546740249,0.00120375171997113,-1433.99578208558
456,0.017877918018863,0.0189237730726026,0.00100241982176894,-1433.73106571397
457,0.0240491422495772,0.0179916074185659,0.000961436216411652,-1433.37687983918
458,0.0255090102529806,0.0212692702973987,0.000704142698509248,-1434.38608025796
459,0.0216410412599061,0.0143059295879471,0.00151710583513705,-1433.30051602
460,0.0149411022537349,0.0148515262399826,0.00132814190814108,-1432.94167615004
461,0.018696602196691,0.0133735788748076,0.00148334046758697,-1432.62719720293
462,0.0216058730704266,0.00713203386651615,0.00163286202550721,-1432.54924267709
463,0.0315977550916396,0.00375187456370053,0.00175436964152935,-1434.06043035604
464,0.0328566009180519,0.0051827540698089,0.00125375828588149,-1434.53067361708
465,0.0274602698291317,0.00832235210586525,0.00139783712866716,-1432.96334513682
466,0.027518638892904,0.00721111655125401,0.00174973761444104,-1433.45517270295
467,0.0270163675482581,0.00677785606246232,0.00181948502835244,-1433.43508315637
468,0.0222523178959229,0.0103027542466801,0.00151688321028487,-1432.24900582168
469,0.0253339851192515,0.00954419424929275,0.00156941853443743,-1432.94414517746
470,0.0185898110961958,0.0164323898055716,0.00117734109173878,-1432.84535565993
471,0.0162894164676441,0.0164407837637592,0.0012955776876448,-1432.8270769674
472,0.0235953979732364,0.00738872466744235,0.00152638030203688,-1432.36059073691
473,0.0198128928181514,0.0137483581202136,0.00120904512118632,-1432.515584394
474,0.0255551934677543,0.0125567206368172,0.00130694833707568,-1432.80188125349
475,0.0201511677496427,0.0134043486762787,0.00137836028755447,-1432.39625960652
476,0.0203032734015647,0.00987268828263197,0.00151804588974026,-1432.36591562675
477,0.0239391079123322,0.0117738396686983,0.00169323317632015,-1433.8296872824
478,0.0244478156893704,0.0116249159056039,0.00132609778848645,-1432.38706439665
479,0.024352864138395,0.00642249073027303,0.00131875823996664,-1433.28846560335
480,0.0226989853224748,0.010238380657366,0.00175894094841258,-1433.20326667585
481,0.0195206769668436,0.00764968213914933,0.00195536364145532,-1433.74134796781
482,0.0221669804491973,0.0111100321285575,0.00130913552084144,-1432.13660806445
483,0.0234234929008581,0.0154578704607076,0.00104580275645384,-1433.00338439145
484,0.0316753121759154,0.0149006027420462,0.000716170239769583,-1434.34922516318
485,0.02934257525535,0.0151802079057295,0.000590483906498489,-1435.18589903656
486,0.033751438658087,0.0162819403936129,0.00100957803674271,-1435.5397972049
487,0.0299440186217643,0.0137792378598858,0.00100203293636374,-1433.76460656316
488,0.0244711289865879,0.0126952721463318,0.00145609156562414,-1433.03181609139
489,0.0214192524651585,0.0119013931102154,0.001238608774748,-1432.26069569419
490,0.0212724925245678,0.0129087872987875,0.000950818274848819,-1433.7672871973
491,0.0237001718030365,0.0174057767370977,0.00120205675232802,-1433.85597218215
492,0.0234748605229014,0.00891569949676132,0.00156986209254308,-1432.39647590261
493,0.0275160885898683,0.00761075010891741,0.00121898541480634,-1433.34716712046
494,0.0234134172999225,0.0119465188384954,0.00162861383633321,-1433.32187070196
495,0.0250963675093428,0.0059473579435025,0.00175401417193446,-1432.72829226463
496,0.024125865907084,0.0062162185672888,0.00154782640054799,-1432.54612592854
497,0.0275497547234845,0.00669612018960677,0.00201481037639169,-1434.78690013335
498,0.0264235008173127,0.0052471198916288,0.00199598884985637,-1434.02642174311
499,0.0297112340679595,0.00553969364691887,0.00170504218587455,-1433.40902254365
500,0.0298195285386761,0.00479851736108511,0.00166373519211791,-1433.2474046293
501,0.0251232509587083,0.00359912695270103,0.00177126904955849,-1434.45621457315
502,0.0298639809917692,0.00673398291838689,0.000854951243378741,-1436.85494330896
503,0.0444919921678004,0.0150096577467441,0.000764975380847749,-1438.40196585765
504,0.0386742106856291,0.0124607014466354,0.000740994771368428,-1435.76344020708
505,0.0274837731860238,0.0131953334444028,0.000968331377845386,-1433.32284795518
506,0.0353819216936254,0.00685383393489373,0.00100282084097304,-1435.29724794119
507,0.0331995264644394,0.0106444049042825,0.000849322289162418,-1434.65438051771
508,0.0347243342151758,0.00897386874239761,0.00111347632751252,-1434.47569668749
509,0.0268048530148407,0.0113625757610836,0.00101709702212979,-1433.22618349584
510,0.0271167874647491,0.0168369790309129,0.000685824558248543,-1434.0880698737
511,0.0314320073852037,0.0140478382535299,0.000929572109043329,-1434.03764652773
512,0.0208749457071216,0.0114762885716065,0.00105863530403814,-1433.33973288008
513,0.0187593630584103,0.0135618621310345,0.00174211910175094,-1433.83472597037
514,0.0157737304320356,0.0139438213992097,0.00203955923157366,-1435.80228648462
515,0.0176285061888302,0.0144169864942168,0.00161173951440586,-1433.20185623258
516,0.0211390787358037,0.0112217945893134,0.00160254057724716,-1432.57776315395
517,0.0247901011120314,0.00454287556654401,0.00122640039775975,-1435.38634876321
518,0.0332972948583037,0.0109788272595718,0.000977343163493006,-1434.27841662181
519,0.0253392229630108,0.0191917183290944,0.00089278863212072,-1433.62878455362
520,0.0247062556579196,0.0115784912564568,0.00139540207470978,-1432.58360390341
521,0.0290766040355257,0.00761132429139757,0.00141363998186471,-1433.24379492307
522,0.0256634947054954,0.00801484119179727,0.00112182774082221,-1433.7942082038
523,0.0299824704730796,0.013938825738856,0.00094141506350271,-1433.74496284735
524,0.0220425043820782,0.0148056344009633,0.000956252490186611,-1433.32395963719
525,0.021409198183837,0.0210144660649587,0.00113345733619418,-1434.48842247448
526,0.0205236246484657,0.0155925759227705,0.00117026451349148,-1432.77453004388
527,0.0251987670246604,0.0103438543442688,0.00131511098162794,-1432.49688906309
528,0.0225247096694665,0.0119985333880273,0.0012023380386905,-1432.27272293699
529,0.0198753783678342,0.0189677731144395,0.00122490856576123,-1433.82375623631
530,0.0184572442491804,0.0173036910418333,0.00147351499927718,-1433.74362662594
531,0.0171055012577013,0.0115863358389065,0.00131430378496861,-1433.41377139944
532,0.0206051707049743,0.0109444260915841,0.00152572637464572,-1432.33884673948
533,0.0211968220623638,0.0119530999994941,0.0016363406381815,-1432.91702884326
534,0.0195163857246019,0.015619047371853,0.00135031667035082,-1432.80360434964
535,0.0206552364560744,0.00765828355015574,0.00195741934970496,-1433.49985026164
536,0.0210273455870539,0.00746845198688701,0.0015253262087075,-1432.67873812726
537,0.0321602484108383,0.00318687713328457,0.00173631976255923,-1434.39365573738
538,0.0254195419314286,0.00995053987343561,0.00146898252562376,-1432.74864975308
539,0.0191001170217158,0.0110158180789365,0.00153320338824753,-1432.54781831971
540,0.0212757668425096,0.00943688144211502,0.00168283548717006,-1432.4790659379
541,0.0209328065668129,0.00821692417022739,0.00156967957166807,-1432.40627410527
542,0.0259863412338718,0.00991816652433917,0.00130011294445083,-1432.66967694341
543,0.0187052339490446,0.012002003193385,0.00115782935387981,-1433.2705074562
544,0.0211739489905945,0.0174683075334237,0.00134294789133274,-1433.88202369861
545,0.0177818371147029,0.0137453210485226,0.00186657610953569,-1434.59397630194
546,0.0195874605188957,0.0122182941902889,0.00126127882038609,-1432.48603289465
547,0.0316339957494216,0.0119939465437128,0.00132881629254431,-1434.90392676671
548,0.0282952114077678,0.00983308398407329,0.00111733781991357,-1433.29344245771
549,0.0214709687402632,0.0178422802103488,0.000909589291831843,-1433.39239683855
550,0.031572439956681,0.0122797842653054,0.000782447097230361,-1434.45607332916
551,0.0308938529329068,0.0170446107999219,0.000891476884252687,-1434.3036002496
552,0.0167314239545517,0.0220323707059522,0.000906311749834909,-1434.93126383213
553,0.0247367811635805,0.0167276019498616,0.000922459396007849,-1433.27593548628
554,0.0233885489826784,0.0228841914905146,0.000897153083293612,-1434.49501342579
555,0.0178842555239507,0.0214257940245211,0.000895366997155215,-1434.38737599063
556,0.0182727691125174,0.0192319002045015,0.00117273362018706,-1433.71877004281
557,0.0171579385773726,0.0157961419486191,0.00143566766872421,-1432.82244622271
558,0.0168269164194646,0.0127773382913694,0.00140024314714921,-1432.81504517234
559,0.0182043222620212,0.0163301522198506,0.00112892724203271,-1432.93418150457
560,0.0242581440620883,0.00966878109189217,0.000883016293236538,-1435.27197856275
561,0.0352009737649294,0.0137367886175394,0.000724842190764815,-1434.95619681902
562,0.024974823838242,0.0220713955330823,0.00081290070429538,-1434.32973573683
563,0.0289391396682035,0.019375397767911,0.000567186461311589,-1435.45747524739
564,0.0260670343444006,0.015137666418955,0.00128047825035207,-1433.82631368705
565,0.0188549410680563,0.0187987186148924,0.00104021542415289,-1433.47864169495
566,0.0191566962706878,0.0145270337223702,0.00108783142173221,-1432.99313708892
567,0.0222597985804626,0.0101336539082309,0.00122490848646985,-1432.48880338259
568,0.0208989929007678,0.0127993851045498,0.00180402190170471,-1434.24316481895
569,0.0218220002187354,0.00995941355646006,0.00158726478660932,-1432.33190215835
570,0.0199970694243148,0.0135167375721817,0.00121271517771749,-1432.4823219448
571,0.0232596320529718,0.0130461700419018,0.00125048214333818,-1432.37190520149
572,0.0249431465359987,0.00979556550632764,0.00186500882196693,-1434.46261581106
573,0.0266460468393402,0.00862005687515836,0.00164341557358747,-1433.34840059139
574,0.0259812097779795,0.0113045959087007,0.00131799021127914,-1432.72618677666
575,0.0192379913566488,0.0140452791264432,0.0012814506650837,-1432.45581396288
576,0.0198832296587148,0.0130342806255993,0.00124178343574893,-1432.42716816743
577,0.0200717728511901,0.00672410401303386,0.00118108820430477,-1436.12133205236
578,0.0272586014821482,0.00573037415527192,0.00208656488859569,-1434.86224836866
579,0.025053592415695,0.00516974994247222,0.00135059137750694,-1433.62560144879
580,0.0299416638825857,0.0081199732504849,0.00100484604571401,-1434.34676777693
581,0.0294995019712323,0.016797602862309,0.000813746632330939,-1433.84751891141
582,0.0317473182956292,0.0189096604049003,0.000786571167162118,-1434.93529749238
583,0.0211501714556029,0.0210579328224229,0.00069025672617166,-1434.49332361911
584,0.0189429940829536,0.0180215410141208,0.0011378024556258,-1433.25170433261
585,0.0190390616929874,0.0127972243077604,0.00153421153297445,-1432.68462559151
586,0.020307110345073,0.0115649039028546,0.00162858036154799,-1432.71973416392
587,0.0284907986253469,0.00305920733756805,0.00174411165303934,-1434.13898900959
588,0.0279823932443715,0.00445381870664108,0.00178464553785428,-1433.27765926689
589,0.0235058961844168,0.00555953606860341,0.00149353160508356,-1433.10858577197
590,0.0264496348407938,0.00824793943145407,0.00156262698019329,-1432.92102038738
591,0.0263082489449884,0.00919292863068076,0.00136299590334004,-1432.76746294793
592,0.024210446145896,0.00875923241260121,0.00184827543909136,-1433.5537266881
593,0.0238906832416471,0.0074174549491911,0.00134464092514751,-1432.82880660298
594,0.0233641387763595,0.0136945830488464,0.00116561577203558,-1432.53935043237
595,0.0230076446902237,0.010261366748845,0.00135627719688468,-1432.18039946157
596,0.0226055381230027,0.00872245741022682,0.00139688432167066,-1432.38536152654
597,0.0215859683894264,0.00694576331162291,0.00148429197781967,-1432.85549832775
598,0.0205958115629098,0.00813746954744613,0.00125521669180287,-1433.75195239519
599,0.0262479144921239,0.00865204721457435,0.00157397623859363,-1433.00607326513
600,0.0186065836882206,0.0125099089260044,0.00155971205406466,-1432.75733603708
601,0.0253911026872957,0.00490329055950645,0.00185137518338448,-1433.36540973427
602,0.0272602472406609,0.00544681679155525,0.00170057604521335,-1432.83190916912
603,0.027537644530269,0.00402822282475273,0.0016785168968845,-1433.25228898376
604,0.0280459521417401,0.00765680607369023,0.00115208630344187,-1433.66405227679
605,0.0324258985275065,0.00523127468260842,0.000888056134819599,-1437.65633232783
606,0.0327221677722304,0.0210450830496344,0.000880170376590068,-1436.55732510085
607,0.0319879519670631,0.0171549776574558,0.000753787763475446,-1434.5137948318
608,0.0206358612041117,0.0197084621456879,0.000834808293155092,-1433.69342975524
609,0.0274846081592801,0.0176325876845943,0.000937668710537396,-1433.73428757187
610,0.0221358792529168,0.0181634302653104,0.000925181834366037,-1433.33559820441
611,0.024353743314681,0.0156597916298278,0.000926766502712847,-1433.23593100374
612,0.0211473672369806,0.0164211774754535,0.00123708448898408,-1433.09481818628
613,0.0186337982984739,0.0124624397568041,0.00165807738219704,-1433.08667714924
614,0.019615952084303,0.0107772503063984,0.00131213584045265,-1432.64082258301
615,0.0225922653239417,0.0103610949345212,0.00171949712335681,-1433.01716660843
616,0.0227525138788858,0.00457712097466071,0.0016353520695946,-1434.16850221765
617,0.0344727605015664,0.00400290296051235,0.00177153613697614,-1435.16399693949
618,0.0261613390986775,0.00729545498876763,0.00156319251686986,-1432.63027183219
619,0.0254766799237484,0.0081410555880245,0.00126203231288306,-1432.97530730801
620,0.0251948471448289,0.0159977587272346,0.001234888476233,-1433.75686853325
621,0.0253488619998235,0.0125459054450143,0.00105095035726042,-1432.84203150889
622,0.0217281193812981,0.00884832249435053,0.00164907561888429,-1432.35685106203
623,0.0210461396530953,0.00985384130117856,0.0011998481200214,-1432.97769785371
624,0.0296459111861694,0.0138222431982813,0.00128339387505947,-1434.62168996062
625,0.013454183374722,0.0172912074903824,0.00125942564287837,-1434.38797896298
626,0.0220021069198889,0.00833461705221642,0.00142452005338999,-1432.45694462234
627,0.0243577518431656,0.0103998295625563,0.00153238450044391,-1432.71419273477
628,0.0165576564398254,0.0170897760673215,0.00139318750528709,-1433.14928817178
629,0.0172090902541478,0.0131953796346528,0.00137797023211523,-1432.64833570852
630,0.0223217282370145,0.0136289510880453,0.0011815373376795,-1432.44405607247
631,0.0223679476252238,0.0135468498114454,0.00111766973175248,-1432.56946404563
632,0.0239566045579913,0.0144859883876459,0.00104580073874369,-1432.89388781547
633,0.022469425421878,0.0183632307183638,0.0010088151812802,-1433.38263627495
634,0.023596445280622,0.00999894808658622,0.00150766424689134,-1432.40688132614
635,0.0216251441746689,0.0105512874885115,0.00123656522011223,-1432.43003386567
636,0.0267807539447582,0.00526739050910393,0.00180493839471741,-1433.09502277931
637,0.0250834549915895,0.00964488628333485,0.00166003383037541,-1433.25236370062
638,0.0184438478742877,0.0122465956312186,0.0016418957312071,-1433.00005819958
639,0.0199174680381533,0.00871276151102219,0.00151850459822139,-1432.62842088291
640,0.0274804685797062,0.00741064392841833,0.00160946414612385,-1433.0467922963
641,0.0313165422973209,0.00888975152900444,0.00156636041936001,-1434.85310203419
642,0.0250897523822481,0.00620574430287722,0.00178172744995501,-1432.79742843693
643,0.0232503798273145,0.00728265727182093,0.00164811351905396,-1432.37499868532
644,0.0238133744731457,0.00809112382969128,0.00163129049247416,-1432.4422800867
645,0.0206230743364575,0.00989572551099359,0.00185697312168785,-1433.27228015936
646,0.0233931742667422,0.0094312056463889,0.00199394769161016,-1434.57341447393
647,0.0204698658550809,0.00745926107341163,0.0015127706215252,-1432.89131469385
648,0.0266044440509471,0.00993648400408617,0.00132816658993259,-1432.81605952754
649,0.0256533434370129,0.00912644159701165,0.00119365102975171,-1432.95205413878
650,0.024570169261966,0.012817927026497,0.000812527994008346,-1434.40327751443
651,0.0336671602945375,0.0115276262929242,0.000981502189337919,-1434.37951683577
652,0.0284114606089723,0.0164213057669618,0.000827350074499005,-1433.62960995111
653,0.0232401253778037,0.0135005129102856,0.00081849518656628,-1434.40194451585
654,0.0289189834888822,0.0161450546143815,0.000534936501659246,-1435.80210506436
655,0.0357457809284955,0.0157858297127072,0.000792074988625207,-1435.29370500772
656,0.0250407723199736,0.015440792547912,0.00142751460267316,-1434.42109606684
657,0.0125563338768806,0.0190415395291789,0.00129329870498979,-1435.96454223319
658,0.0171626351748334,0.0191602079928925,0.00138146094204167,-1434.28941787624
659,0.0173995974020162,0.0190213625607436,0.00135017354283235,-1434.07975096285
660,0.0160781450330543,0.014529732374323,0.00114043747491072,-1433.30677406482
661,0.0155697266889225,0.0154429665129104,0.00113302123376427,-1433.35150886159
662,0.0247765258942892,0.0122887567554141,0.00118880233200933,-1432.47449883863
663,0.0261203794079295,0.0127872701025204,0.00104585409464531,-1432.95044797092
664,0.0264506335374595,0.0185009627143252,0.00102559988252873,-1434.05272590545
665,0.0201884642565429,0.0129967839771126,0.00133735460320542,-1432.30284743215
666,0.0179511040674096,0.0130755592521456,0.00155319891975444,-1432.81744975554
667,0.0140543814745305,0.0132187794106299,0.00138380834273712,-1433.73381428113
668,0.02146044179595,0.0149975032209686,0.00131775628789794,-1432.81270858179
669,0.0212020817459758,0.0113639390528653,0.00148185122413472,-1432.26881240279
670,0.0273312106460995,0.0130997449543663,0.000771313402696158,-1434.29366821559
671,0.0305575142629176,0.0148312102144123,0.00083627998287009,-1433.8862387105
672,0.0349272359149244,0.0153001634573677,0.000711383121995402,-1435.03642914801
673,0.0363041053601536,0.0145274697107599,0.000723600155916535,-1435.27351222938
674,0.0265325822045643,0.0167149219329107,0.000704234478512611,-1433.97935331094
675,0.0223738356842217,0.0201441667673702,0.00075196705413622,-1433.86635832447
676,0.0215172129247321,0.0196797345941522,0.00110081594545531,-1433.85072047492
677,0.0197717057485899,0.0161029060083072,0.00122660305671587,-1432.81400785008
678,0.0198869840518639,0.0120940578436109,0.00147985451794122,-1432.3887636551
679,0.0219405663693532,0.0061505403346239,0.00151271267536222,-1433.1177099934
680,0.0259879024446384,0.00654286522756344,0.00166588952615051,-1432.61545714749
681,0.022866707312334,0.0082336399565059,0.00181484089363539,-1432.89071761676
682,0.025328426609486,0.00560197692231149,0.00172957137758339,-1432.73063788138
683,0.0261358960186081,0.00786012343813917,0.00125220563508764,-1433.10827292452
684,0.0310605820124919,0.00794363251637324,0.00154411414176642,-1434.25032596629
685,0.0257330605455475,0.00725066389140988,0.00177723898240052,-1433.06836783603
686,0.0217342996873266,0.0118581098103418,0.00165069160330441,-1433.0313130616
687,0.0212125796155055,0.00628917440660492,0.00156000956502842,-1433.20203100732
688,0.0226890406407864,0.00573827609327595,0.00166282626958663,-1432.9892728986
689,0.0298897683748741,0.0064469225370258,0.00129822671341576,-1433.51765513121
690,0.0250347245507406,0.0129035693898041,0.00128209619666083,-1432.69353692787
691,0.019010250611371,0.0166814330654311,0.00131704382475564,-1433.01161861546
692,0.0179229389268068,0.0149905436711013,0.00135004856043228,-1432.5407697356
693,0.0135902580877027,0.017691487097307,0.00150343049175642,-1434.65103334319
694,0.0145013514973992,0.0127615086865089,0.00171634559343308,-1433.90563427593
695,0.0133149597450187,0.0152564654992751,0.00138737390464609,-1433.82433296761
696,0.0246231704759793,0.0110312458239508,0.00120598984702462,-1432.4280268539
697,0.026892199173114,0.00776758936562237,0.00129250153114921,-1433.02137918598
698,0.0244515625756334,0.00911749471629707,0.00145089064185409,-1432.44007513512
699,0.0302596428720381,0.0132993553569372,0.000965639090206315,-1433.77265323056
700,0.0228964185603063,0.0172499539450824,0.00110641535057557,-1433.35955020011
701,0.026280154097053,0.012512398035048,0.00121152739105617,-1432.83456352476
702,0.0172428857287335,0.0190247522856728,0.00118272960816633,-1433.73341846744
703,0.0201571209521041,0.0211932426478557,0.00110001410123549,-1434.28450861592
704,0.0222953257082219,0.0151456587240875,0.00110281619962582,-1432.8394233393
705,0.0164734914935771,0.0136660155680778,0.0016935086727644,-1433.4339398597
706,0.0159375032818627,0.0142547264015869,0.00142575901132204,-1432.7342020658
707,0.0154901860822675,0.014964571155383,0.00123086424662858,-1432.97803612633
708,0.0209582266044499,0.0122284155439201,0.00126229211314764,-1432.24701195127
709,0.0216999584183808,0.0118223465437151,0.00166124817149337,-1433.06787976021
710,0.0198281389614378,0.00754094766393189,0.00169913001743569,-1432.92901418635
711,0.0226111202382649,0.00743541407434,0.00186282642370042,-1432.96355113869
712,0.017167813081893,0.0130264775985865,0.00180220756777747,-1433.88702178869
713,0.0152451226102355,0.0138141352455252,0.00126960641839261,-1433.21786462023
714,0.0275278744508334,0.0164020402291212,0.000626657129879559,-1434.63289397171
715,0.0291921634491027,0.01577725213871,0.000649026093213051,-1434.49069259576
716,0.0290875716852704,0.0183455747515675,0.000699317531945227,-1434.27231847874
717,0.0278612855257681,0.0138730361842331,0.00117896823736562,-1433.5602641273
718,0.0242887532638008,0.0104959638902906,0.00123826125875697,-1432.39694253269
719,0.0260220239379531,0.00926311249159439,0.00130956321876286,-1432.72216260438
720,0.0265867443496796,0.00996772772285324,0.00126984654191106,-1432.79311178131
721,0.0259921007698911,0.0122793309031414,0.000872094119593253,-1433.88268897239
722,0.0245888435164278,0.0148878394681156,0.00115514065102182,-1433.00059348877
723,0.0284704084212652,0.00823869943615387,0.0018297995007599,-1434.84023566194
724,0.0188024696496985,0.00871115488425559,0.00169342924473722,-1433.0368149688
725,0.027164077204868,0.0065719290955603,0.00158510060593508,-1432.71872700603
726,0.0243031110821355,0.00908305084838789,0.00173998709424625,-1433.16007869071
727,0.0204097252103563,0.00698165376135599,0.00150659847970347,-1433.22254869388
728,0.0331306497671239,0.00373710353925305,0.00170395476202122,-1434.41991178858
729,0.0327517786674443,0.00347317465687521,0.00128292078022459,-1435.10846207003
730,0.0316091678041985,0.0127027702011368,0.000785176110376341,-1434.34751529266
731,0.0305230278790715,0.0154786036989776,0.000903483315416815,-1433.94549189003
732,0.0362564930298385,0.0076523108234526,0.00106219907116334,-1434.98160209961
733,0.0239567399976096,0.00898143187469238,0.00141730630461365,-1432.37519026313
734,0.0244804201275363,0.0104409879627767,0.00125632654200969,-1432.40092076104
735,0.0215016325585937,0.0132749574072978,0.00137035660709948,-1432.38236436835
736,0.0201433761677074,0.0108464041226484,0.00175129731290803,-1433.05290390153
737,0.0221086886902569,0.00499217622049923,0.00170624705097369,-1433.98256650314
738,0.0235605420003404,0.00591191249002072,0.00160837380529261,-1432.68804496395
739,0.0259792193953638,0.00646570171719164,0.00162168858122271,-1432.5403718879
740,0.0212771383162358,0.0107144740029097,0.00127251345925631,-1432.34784566276
741,0.0244820569324539,0.0104645660074408,0.00137898192620294,-1432.39566858433
742,0.0228802938427023,0.0100319566650956,0.00106202863351408,-1433.38939248025
743,0.0241839167545961,0.00913355753746808,0.00161121793330846,-1432.66263023353
744,0.0251404565487093,0.0056678215278829,0.00153464152305191,-1432.63640676872
745,0.0223497362311732,0.00715463925702492,0.0014948659842003,-1432.55281407694
746,0.0206316524932662,0.0170339010492424,0.00113695352252779,-1433.1028683378
747,0.0183900586282092,0.0171769431889281,0.00109127934496983,-1433.13551078616
748,0.0169631859505035,0.0170411015211596,0.00155459377957265,-1433.77775165962
749,0.0175183807059608,0.013119432550951,0.00124835679081006,-1432.84075865658
750,0.0267043568813426,0.0128964231586371,0.00123967985710727,-1433.0789294653
751,0.0200922227234305,0.012947854073838,0.00182094242676682,-1434.28428942205
752,0.0206964169235807,0.00578745018290697,0.00172375966283014,-1433.83548548296
753,0.0277321231341129,0.004050689425076,0.0015162886772908,-1433.31849210938
754,0.0278799240263552,0.0114384389242092,0.00131422895895219,-1433.31596533233
755,0.0214505221699493,0.012148445366808,0.00114078192063624,-1432.55511176919
756,0.0214126860728677,0.0174621190529743,0.00100147956387046,-1433.23879696656
757,0.0205592492475537,0.0183678620434925,0.00106234476076578,-1433.34921830413
758,0.0214400208708988,0.0121459261738113,0.00154641948628913,-1432.61032990392
759,0.0183573056080071,0.0119522217271035,0.00135235127733995,-1432.6959844694
760,0.024402802014655,0.00843510105288467,0.0015151112858739,-1432.43667384555
761,0.0268404553372289,0.00477498651754084,0.00133653955037212,-1433.68906791178
762,0.0265499892507409,0.00623450183568474,0.00156556802172365,-1432.57231241037
763,0.0296130784600004,0.00624563214369643,0.00138564410997007,-1433.27407378843
764,0.0224229552040538,0.0130026723557698,0.00162261347223923,-1433.47872721248
765,0.0147465232896976,0.014725959739786,0.00106833040837068,-1434.33469287757
766,0.0278734758752755,0.0123554890863488,0.00113037661772294,-1433.17092224117
767,0.0272797126860069,0.0129592005487672,0.00119388594249431,-1433.17815502767
768,0.0176435933816858,0.0118262253635931,0.00151150579250352,-1432.86351786721
769,0.0124854557393963,0.0177344895791398,0.0012653898662756,-1435.43421233612
770,0.023887095965779,0.00645582998834043,0.00214116913072674,-1434.82705425399
771,0.0227564325530431,0.00449689015352967,0.00137441521766738,-1435.28963601845
772,0.0330769215326174,0.00842857581612207,0.00145682585783491,-1434.79604813739
773,0.0169486469145515,0.00871430064071919,0.00155549955282549,-1434.234340692
774,0.0213890273988596,0.0149496274568826,0.00119156067765887,-1432.67833749907
775,0.0254961856405833,0.0112461879320476,0.00120447576100407,-1432.55889343518
776,0.0223430080836057,0.0118042263067367,0.0018240804941526,-1434.23700501398
777,0.019547645909863,0.00823145985512929,0.00166199218033705,-1432.78976514092
778,0.018604667507411,0.0126316858386661,0.0010791370232105,-1433.61965351536
779,0.0255458841516281,0.014463372780084,0.00118579944772686,-1433.1118424565
780,0.0242558845002619,0.0108359203765726,0.00131166000417573,-1432.30589766549
781,0.0188372695652019,0.0162754996868175,0.00121178116869429,-1432.79120770862
782,0.0159240088086525,0.0138736216215276,0.00169212591299998,-1433.49472578815
783,0.0172711975512852,0.0113244479141057,0.0014064428797657,-1433.19752459885
784,0.0276332771693384,0.00468983152297777,0.00159609162981153,-1432.89097605899
785,0.0287542574039793,0.00712040680330855,0.00141048895943899,-1433.11333275082
786,0.0230829012974553,0.00974483049556671,0.001364674387478,-1432.24691681076
787,0.0211288924616111,0.0121917411220312,0.00143710210831884,-1432.28117190215
788,0.0232835559843624,0.0096276470701451,0.00185570723181872,-1433.686115558
789,0.0194399503262942,0.00915701896746877,0.00186432277432047,-1433.23727840119
790,0.0230712044116019,0.00955609347835119,0.00137142274478553,-1432.26974478135
791,0.0256743262944101,0.0156356698870224,0.000830200268560614,-1433.49204354686
792,0.0340451656898773,0.0109231912139431,0.00119155794158344,-1434.7503316187
793,0.0313099344381188,0.00777780989208178,0.00126486451330654,-1433.73388740834
794,0.0266709382319879,0.00544470984754908,0.00133195649704455,-1433.36798057749
795,0.0252870617071456,0.0102746438735307,0.00106902249897897,-1433.12325744047
796,0.0235535013870454,0.0173148785963797,0.000902238871215985,-1433.31033726066
797,0.0242123459500726,0.0113676486049921,0.00152573365075109,-1432.85358231525
798,0.017573496869714,0.0140423599480628,0.0015733119167696,-1432.96051449597
799,0.0186600081271058,0.00790504310225299,0.00185770468931629,-1433.65059484806
800,0.0186476233869122,0.0114266728363575,0.00180697138328788,-1433.48252391831
801,0.020197194606912,0.0119755105429205,0.00157121950923754,-1432.59631563593
802,0.0198733723353685,0.00853866965027813,0.00190712710906818,-1433.29129226437
803,0.0243769418120241,0.0079136604725489,0.00148065278849349,-1432.42162666632
804,0.0199714698300486,0.00876205635197759,0.00169853482172517,-1432.61584802115
805,0.0204850172906205,0.00872105560746455,0.00182981392448228,-1432.89096538462
806,0.0213382391802486,0.010241852852925,0.00149572064815015,-1432.20752860813
807,0.0214216174662906,0.011674685553869,0.00148593600602858,-1432.32077558504
808,0.0214216414584546,0.00731923626772013,0.00125606295000101,-1433.9967689347
809,0.0272029233627026,0.00847133751250409,0.00148891521521183,-1433.02491122652
810,0.0222639756382347,0.0105703500160758,0.00138834911290127,-1432.1235486724
811,0.0199457946005738,0.0100107782789655,0.00166859236232041,-1432.62531037717
812,0.0196853916150205,0.0106393030958598,0.0015276008144615,-1432.45028869595
813,0.0201326733794449,0.00785922631387518,0.00149771366511717,-1432.86740553564
814,0.0191125014158562,0.0156247179619718,0.00109671666527878,-1432.93873734999
815,0.0255869278738461,0.0157010769904619,0.00105160101276374,-1433.2565173117
816,0.0194132442475017,0.016318809512925,0.00176059634996544,-1435.47928995532
817,0.016402960868082,0.00947439171453992,0.00147745133955929,-1434.41364931238
818,0.0240544211477954,0.0157169551784326,0.000811859200774941,-1433.70176370747
819,0.0206325326149334,0.0235647918863841,0.000925175688778531,-1434.61688710576
820,0.0235258939674183,0.0152621827912369,0.00111143898558059,-1432.93140323664
821,0.0243804508469734,0.0156327821412503,0.00130330495071552,-1433.64685598827
822,0.0241966707543205,0.0106393652172327,0.00109937896150366,-1432.82209469855
823,0.0226751660755105,0.0103512780736466,0.00170592690703341,-1432.96798009358
824,0.019008613564909,0.0101622728643559,0.00157513444416717,-1432.66805487438
825,0.0239007505876911,0.0104208762498474,0.00140817108982613,-1432.31526305071
826,0.0180533868952092,0.00947187980689522,0.00188124217380674,-1433.63204082565
827,0.0272820184361358,0.00927381618278069,0.00160507144239636,-1433.6651240622
828,0.019248598366364,0.00929137573489898,0.00149766336519573,-1432.79961169659
829,0.0192920272041048,0.0147844801254811,0.00117810645355447,-1432.64284309854
830,0.019607261552698,0.0135254853951528,0.00122633443029434,-1432.49677189849
831,0.0277887661613189,0.0100359462873051,0.00125736664014472,-1433.04686482194
832,0.0225851904925522,0.0104357802642118,0.00137064053140417,-1432.13801556629
833,0.027130551654302,0.0109214993406776,0.00151784467970676,-1433.7460997689
834,0.0234618088676282,0.0136289081969264,0.00153146166739117,-1433.51889793241
835,0.0214673887160897,0.00502182718864298,0.00161727742753055,-1434.35333747764
836,0.0248486011287721,0.00635000944448447,0.00187936242693398,-1433.18437153027
837,0.0245872204553626,0.00859285686123245,0.0010331986335089,-1434.28828309179
838,0.0238642815471014,0.0200182182453119,0.000906648952197896,-1433.64696046777
839,0.0186205890989403,0.0181292662087374,0.00102731718904326,-1433.40686817171
840,0.023284515046678,0.01286684184624,0.00131915308456855,-1432.39726796462
841,0.0213709553684897,0.0170728365148503,0.000946269426820811,-1433.32295454483
842,0.0234661489562826,0.0142751255803594,0.000904356345895223,-1433.4814608094
843,0.0258889896586766,0.0125481522232692,0.00107292054177648,-1432.84690060173
844,0.0181544142396391,0.0242585691719597,0.000996844482779811,-1435.27579513175
845,0.0188176445567288,0.0173313138439113,0.00135942464344607,-1433.35370237515
846,0.0157968284867477,0.0126197096804908,0.00166558023151574,-1433.38086553434
847,0.0188591639945988,0.00899874640727439,0.00142496268447594,-1433.29004882036
848,0.024587856545719,0.00462041823371543,0.00181423699982381,-1433.55640024492
849,0.027343527961268,0.00422577276313755,0.00204723810386036,-1434.63396173344
850,0.0247316582256248,0.00760081966510189,0.00174733635791235,-1432.83238785024
851,0.0194296629258922,0.0124050660161673,0.00118598859483748,-1432.76049723225
852,0.0215429687565701,0.00811793039232948,0.00178399799691652,-1432.6675910754
853,0.0296243544375412,0.00410576816791458,0.00183254915796127,-1433.7651114698
854,0.0246292084619363,0.00855211413914662,0.00146476750012161,-1432.46235505718
855,0.0217372860663531,0.00828737674576817,0.00166193698973068,-1432.37177046185
856,0.0268547064044052,0.00628710577934096,0.00122593867716359,-1433.70659055725
857,0.0328099723064345,0.00998459948017693,0.000869854058939763,-1434.66988367505
858,0.0332266281899302,0.0120313096483976,0.00101935208542851,-1434.3521814964
859,0.0273370142408419,0.016699607983734,0.000805843004845703,-1433.56342375334
860,0.0249751448745795,0.0175088490116777,0.000857277613172089,-1433.38397352055
861,0.0257238301316619,0.0158282411016891,0.00131315582529322,-1434.21228655721
862,0.0116668424197582,0.0158465099505022,0.00136773677691818,-1435.604181804
863,0.0292368995679652,0.00514514569664357,0.00150882509108866,-1433.03708348987
864,0.0284089609633077,0.0176664257633352,0.00066817627774598,-1434.27221237073
865,0.024989475264695,0.0159246913381006,0.00126700807155921,-1433.80223302801
866,0.0191257659418207,0.0126435821819437,0.00142299729478425,-1432.44397788141
867,0.0244390609706835,0.0134168358374049,0.00135288381013638,-1432.88594373569
868,0.0171751356549178,0.0128039253169357,0.00168861980849961,-1433.30485572448
869,0.0197559116182855,0.0070738556404983,0.00166928830278788,-1433.21083722561
870,0.0188624548909494,0.0119151059977927,0.00173015523623659,-1433.25100728639
871,0.0214785147675021,0.00588435185228285,0.00194344035089466,-1434.00561701943
872,0.022756037403125,0.00666555742376246,0.00159030768776995,-1432.50533773191
873,0.0254829030639956,0.0089286215315241,0.00126286545851717,-1432.77772561124
874,0.0243633974958908,0.0074772532786111,0.00184625180402755,-1433.1361146938
875,0.0216202201298841,0.00613447084576904,0.00144516064934902,-1433.52204215737
876,0.0297814115744365,0.00782152745780616,0.00119199205698068,-1433.58579449117
877,0.0245177660728675,0.0182497280550058,0.0012136725200128,-1434.48113430178
878,0.0249821962169474,0.0197234311545396,0.00110117942268687,-1434.52898963939
879,0.0266974663477028,0.0114427651404765,0.00122404427088595,-1432.81984911644
880,0.0172736591090806,0.0151838396471136,0.00127174697709121,-1432.58560379103
881,0.0225416380745484,0.0107546412675201,0.00129741182543607,-1432.16428294782
882,0.0183425373456799,0.011613602262072,0.00157205541577375,-1432.77170947947
883,0.0233846764187581,0.0132971943246719,0.000991828551639172,-1433.06127873179
884,0.0238843183047391,0.0167030790728919,0.00113125179410386,-1433.40165896411
885,0.024377277308751,0.0113570457468564,0.00104797464260532,-1432.92053981009
886,0.0235601771834401,0.0142300874390894,0.00138844828529994,-1433.11852021803
887,0.0205403179903279,0.0133456868140033,0.00194041064494089,-1435.59526162624
888,0.0135180362377902,0.0122781701933204,0.0013674481352352,-1434.77831923467
889,0.0281428266542619,0.00474971784510028,0.00194130485617251,-1433.94522613294
890,0.0305702349999215,0.00325883701895503,0.00160239080175163,-1433.8628751823
891,0.0295647830155672,0.0031961583721973,0.00120220907597306,-1435.94617250601
892,0.0281895271692186,0.0151219709847291,0.000797568686273566,-1433.68684624206
893,0.0277593526994803,0.0156805310421621,0.000808627755222528,-1433.5920045739
894,0.0319749743224981,0.0161527978918678,0.000864291424720327,-1434.3455344698
895,0.0186924333128307,0.0163432351912917,0.00116523589468499,-1432.84836703838
896,0.019704347626066,0.0122322284226152,0.00156925207548918,-1432.6513797632
897,0.0212808088164937,0.0100032148283013,0.00155914191659728,-1432.27826972844
898,0.0249254970244145,0.00939697016072157,0.00153739452343682,-1432.70299070266
899,0.0251859844811972,0.0067079155484417,0.00138820770916078,-1432.77991103256
900,0.0215127577001292,0.00838269061991885,0.00164353206489715,-1432.34913256947
901,0.0216711738490049,0.00794068855475877,0.00133808911196327,-1432.99047163988
902,0.0246984134621933,0.0129711256844618,0.000865067780068124,-1433.85609448117
903,0.0332383844781915,0.0170847097793122,0.000934840938821325,-1435.23505413933
904,0.0352758031097023,0.0127591785699123,0.00106408246781145,-1435.23669323686
905,0.0354105091855688,0.0104337016963488,0.000966577454079367,-1434.73692614155
906,0.034186352124416,0.0148605240938225,0.000645257573920388,-1435.14456403656
907,0.0381885181348001,0.0114685383328441,0.000789274010375228,-1435.58117135265
908,0.042653554751321,0.0103568156728972,0.00109117511433544,-1437.15192082493
909,0.0184542388424671,0.0210942551864111,0.0013435891329898,-1435.45771768252
910,0.0184313058284971,0.024519676707558,0.000772577465585715,-1435.29264759875
911,0.0260936533594199,0.0211871729755075,0.000713959245198968,-1434.40074842764
912,0.0280726796318472,0.0180182257918873,0.000841774491129191,-1433.77933657639
913,0.0292760800776352,0.017651504719871,0.00116814881451022,-1435.4611842014
914,0.0255989844944841,0.00923486472408756,0.00124419124684123,-1432.76828175218
915,0.0240545746888725,0.0133663952723058,0.0011558509758796,-1432.55786819249
916,0.0208244312601945,0.0123282573240953,0.00104785891892121,-1433.19466190573
917,0.0254504769180985,0.0133953151430337,0.00112541245752445,-1432.78496237322
918,0.0252120689559565,0.0132406614047343,0.00118792749000911,-1432.70556549128
919,0.0227138320884203,0.0117967424220488,0.00141391771803109,-1432.26978633101
920,0.0210901105156983,0.0144973281251582,0.00113627936311556,-1432.67235114577
921,0.0215507790951557,0.018684597907489,0.000772112735420703,-1433.86171383514
922,0.025889072188914,0.0213246285656875,0.000849704543135711,-1434.26830895907
923,0.0165290248518272,0.020999670019573,0.000919627031153185,-1434.8180091468
924,0.0253434104872156,0.0127467508746437,0.000723334050370018,-1435.24664153994
925,0.0240746054520818,0.0227130160624287,0.000750046068330632,-1434.50487346638
926,0.022166658043604,0.0213389028897919,0.00109303762707161,-1434.51429730744
927,0.02220766010321,0.0129079261691229,0.00116795738565161,-1432.3872099205
928,0.0211850924860464,0.022208062618559,0.000850947118125603,-1434.05452904998
929,0.0215737004287023,0.0230240242610527,0.000836411248054853,-1434.3244744832
930,0.019668231124148,0.0175181803809553,0.0013087953968504,-1433.43166372648
931,0.017500777956474,0.0177771851632352,0.00128322005770662,-1433.23735977634
932,0.0187564787482625,0.0090836359264511,0.00197714591116958,-1433.92161836807
933,0.0247203606894309,0.00467587028295788,0.00225671193829353,-1436.25349846214
934,0.0269548371423109,0.00461697298300973,0.00162804525450173,-1432.92743497672
935,0.0247368987927066,0.00970910883062572,0.00133928420531795,-1432.45297745797
936,0.0270289673790439,0.00584301982642251,0.00138795969550446,-1432.97095265828
937,0.0262508313901483,0.00561411636969515,0.00175782211633373,-1432.85145822723
938,0.028758634526049,0.00393425528808872,0.00154593428419713,-1433.31524622471
939,0.028899810001137,0.00567283156008035,0.00197782077394487,-1434.53378895608
940,0.0204521842510434,0.00801900923004414,0.00128422084064051,-1433.6865418425
941,0.0207059188203881,0.0170385869023834,0.00139591510359726,-1433.79087136828
942,0.0149940916910411,0.0152636351266621,0.00148959499380323,-1433.03049700859
943,0.0185715619499549,0.0145383634765378,0.00108884984693342,-1433.06487702166
944,0.0215002808682375,0.0204891076464184,0.00106206719475561,-1433.96131994284
945,0.0241161842506599,0.00902633408172769,0.00206042786366333,-1435.14687842458
946,0.0176684082416805,0.0104442139508327,0.00164551607735026,-1433.0988505772
947,0.0256826539674761,0.00733437619137335,0.00173784918460799,-1432.93327011748
948,0.0206269329622608,0.00706552622470631,0.00183570238011367,-1433.16266382242
949,0.0228247232477883,0.00930823896701841,0.00133333683192907,-1432.37749692171
950,0.0242702829303794,0.0137668889545829,0.00088104046600349,-1433.61669665702
951,0.0334327712548539,0.0237404768236441,0.000585592053111015,-1438.37734492713
952,0.0214738321912816,0.0190214204694511,0.00120588916051149,-1434.04445819334
953,0.0175373059273573,0.0158774200244521,0.00124238406725175,-1432.67287697223
954,0.0176066954408525,0.0168776304952898,0.00104956265496859,-1433.33525293978
955,0.0188023059191671,0.0163023844833559,0.000999286498027625,-1433.41423034379
956,0.0267928897811891,0.014875695761717,0.00107276312095472,-1433.32164838666
957,0.0179321230136882,0.0152694558086042,0.00117495335486378,-1432.74026276895
958,0.0194598739653016,0.0120812597984411,0.00149366313806861,-1432.45830463137
959,0.0237057071311986,0.0112595856749649,0.00152234082971333,-1432.67007499118
960,0.0256543711576965,0.00522836608466626,0.00137917527077898,-1433.30854622903
961,0.0338058903939445,0.00690222781923942,0.00123097465652176,-1434.40172572385
962,0.0220083035515483,0.00814391332007314,0.00170101408626353,-1432.44308485706
963,0.0275277004189226,0.00390092035505249,0.00154980102087926,-1433.38920851934
964,0.030286386685041,0.00376020528956965,0.00153429367884855,-1433.55111367604
965,0.0296873161337288,0.00601626815556689,0.00173789435918188,-1433.66115390466
966,0.0230567939452311,0.0124410115072457,0.00109651990156096,-1432.59020822282
967,0.0258936252850797,0.0111645410118811,0.00150658865854085,-1433.28790425509
968,0.0250020293805972,0.00793400189563958,0.00183959016229433,-1433.41535702766
969,0.021184862743713,0.00875719752672649,0.00190285258290751,-1433.22455640423
970,0.0257912892528887,0.00828447624641422,0.00187831632319666,-1434.06738365447
971,0.0234603986808642,0.00494525274951857,0.00164498594149423,-1433.37520886207
972,0.0240982260693381,0.0109821614240923,0.00158749366259429,-1432.99383135181
973,0.0164695947210357,0.0135106292924772,0.00143453133392572,-1432.72716793729
974,0.0182776076616939,0.0139367055867029,0.00112727183605662,-1432.99824267706
975,0.0332100460628733,0.0127761372788509,0.00126521470538408,-1435.50003023219
976,0.010289690925296,0.0172051816051526,0.00151715338237419,-1438.00214908535
977,0.0296286970233104,0.00752990306117499,0.00151316218641913,-1433.51942524955
978,0.0211396589553009,0.00807897005297637,0.00182065419954584,-1432.80521034039
979,0.0193657731022535,0.0103623791642014,0.00123685902912138,-1433.21177484499
980,0.019376596266994,0.0139011557582167,0.00120254237125807,-1432.57007494801
981,0.0190589138322359,0.0139793356365875,0.0015614559972211,-1433.01567383996
982,0.0193143653591761,0.0129529323374293,0.00114025788139508,-1432.9135320913
983,0.0223639757918395,0.0122776401602176,0.00131113433026294,-1432.18819127521
984,0.0205463195370019,0.0139378869284197,0.00120907605344716,-1432.47689164242
985,0.0123459785773626,0.0167773374705015,0.00134687775467809,-1435.04974055313
986,0.012140096255891,0.0176287517823185,0.00116331068144943,-1436.19746537248
987,0.0197759256007816,0.0148650056308855,0.00148649990361575,-1433.04948572374
988,0.0195717475149849,0.00862884708579729,0.00175420681271395,-1432.8412159837
989,0.02280934461151,0.0121140503581751,0.00113118730451372,-1432.47277546897
990,0.023256791633421,0.0187754665856464,0.000735462968716006,-1433.85615921825
991,0.0216789809823396,0.0238176121250941,0.000623116416158745,-1435.61924739051
992,0.0227944973426533,0.0238463183378059,0.000604067004179241,-1435.76829392376
993,0.0203483065783406,0.0196290280169298,0.00141082093646799,-1435.27534044699
994,0.0179596329359931,0.0113520440448681,0.00150558483672843,-1432.82730610459
995,0.0192205767528281,0.0112969226727635,0.00149949830308776,-1432.4817046078
996,0.0187680529958543,0.00635406089151743,0.00182562201931787,-1434.67964573181
997,0.0339753959671483,0.00684168503900523,0.00138866773265129,-1434.55509591851
998,0.0285279523812588,0.00631960722707717,0.00162084476161336,-1433.05017475001
999,0.0253828616583375,0.0068953584981759,0.00150336635935639,-1432.49752349433
1000,0.0232063120638168,0.00882092330369365,0.001507276654983,-1432.2983054071
