"i","asc1","desc1","pol1","p"
1,0.0230689738249406,0.02803869834284,0.0333453267447007,-1982.22702439293
2,0.0314873066751054,0.0185586099883093,0.00328543845184987,-1463.44628271577
3,0.0307350420797613,0.0118193692756734,0.00323621289987547,-1453.4258164368
4,0.0129097845998496,0.0116897669266037,0.00175712037971192,-1432.03257070908
5,0.0298709248793447,0.0125442980788667,0.00174131375664561,-1430.13241513563
6,0.0145477045501317,0.0137338195567082,0.00153349855901632,-1428.97208668014
7,0.0243900252345359,0.0120295449016678,0.00145995861690943,-1425.78239618173
8,0.0263917661013548,0.0158199019043451,0.00131097568464986,-1424.62662622676
9,0.0218729490067344,0.0167988483525795,0.000835072340132235,-1422.36566620318
10,0.0208067596804816,0.0209033980572811,0.000827075549484658,-1422.22554183006
11,0.0318947883897611,0.019374628736985,0.000904474717970138,-1423.01858007443
12,0.0182502406865974,0.0230800069362606,0.000798214602094149,-1423.700516011
13,0.0335734240775147,0.0139314590932085,0.000688318857519919,-1422.4788496492
14,0.0314009597442897,0.0171511969053401,0.000918437850630383,-1422.35359536574
15,0.0231277782657413,0.0154020822129194,0.000720718067941781,-1422.8244589267
16,0.0220615774104665,0.0233680189221813,0.000721982347421982,-1422.52510611679
17,0.0237297383265135,0.0175404570743324,0.0010035147369204,-1422.1249838771
18,0.0221681601328574,0.0178656184778198,0.000720208537510403,-1422.17421243221
19,0.0255168840206027,0.0162517192620722,0.000684355967539809,-1421.81909407749
20,0.0274974376965713,0.0184779459181675,0.000859847617411018,-1421.47464910702
21,0.0273433870618631,0.0188835003329642,0.000771812680470765,-1421.31171269559
22,0.0196868375539724,0.0187512996025118,0.00107286358888431,-1423.45866977701
23,0.0202166583363842,0.0199775840398987,0.00104934198261896,-1423.13086838071
24,0.0244769634419298,0.0195934892025757,0.00071190046106535,-1421.46512793324
25,0.0259635873630416,0.0202617944124136,0.00073030179294993,-1421.4585736192
26,0.0270402579009465,0.0200223824712894,0.000687406117487665,-1421.52891545114
27,0.0228087888460695,0.0261580160105582,0.000702688009281259,-1423.66808051692
28,0.0263705297659476,0.0222697310357801,0.000859648204855747,-1422.39143178204
29,0.0205476020660719,0.0202683681249832,0.00071638369808528,-1422.5062706016
30,0.0341443142414681,0.01709386655499,0.00098392947593327,-1423.76500224548
31,0.0176225297604835,0.0182078175128706,0.00097082607163625,-1424.4232670436
32,0.0190866251563706,0.0190080064203705,0.000847129387236631,-1423.12118216405
33,0.0240754704102461,0.020277561076253,0.000800276737166659,-1421.5030549112
34,0.025464614961496,0.0186271729168867,0.00111614017070269,-1422.97076773661
35,0.0271012450014599,0.0130556869428059,0.00101977352229644,-1423.10415127609
36,0.0370120348628968,0.0139006590176593,0.00068490511277692,-1423.28399036204
37,0.0376206923295636,0.0164340188761461,0.00125752007118744,-1428.22908083174
38,0.0176469023578227,0.0182682550774175,0.000594224520863111,-1426.35768114923
39,0.0269086099698587,0.0175229467028339,0.000992683883180919,-1422.00401705968
40,0.0237718015738676,0.0207601345335418,0.00103896134094831,-1422.7136498308
41,0.0357862553224346,0.0215256714292996,0.000920356631039579,-1425.97490289722
42,0.0324396331167862,0.0156356873737842,0.000974236016130214,-1422.87345472243
43,0.0240810827398289,0.0215943670200378,0.000983011406095372,-1422.57872399941
44,0.0233215728463222,0.019033151423904,0.000584462743738966,-1422.53863146006
45,0.0245113907520309,0.0195757927940768,0.000637764256716511,-1421.79044302961
46,0.0263117204395902,0.0201300901886091,0.000585511387781149,-1422.04363503308
47,0.0251172106175066,0.0173298981099097,0.000843989698782144,-1421.40245082962
48,0.0330497392140674,0.0167383504406257,0.000673710964449309,-1422.11608536744
49,0.0243487424212154,0.0183530641021613,0.000692898924703826,-1421.5720953171
50,0.0294134993146748,0.0157572123156223,0.000747262892576651,-1421.49564347083
51,0.0282949996960449,0.0187907343535059,0.000961355310646314,-1422.1917464613
52,0.0293002136575856,0.0151342904877457,0.00070948327546188,-1421.69478323233
53,0.0272999938868552,0.0145794998599057,0.000754177639077704,-1421.91703392239
54,0.0280429802421236,0.0143675275937961,0.000564216180269893,-1423.12274867219
55,0.0390976617561642,0.0132202040449009,0.000738251712901111,-1424.03756917526
56,0.031319821387576,0.0118163730112362,0.000825886961218494,-1423.24606368003
57,0.0320296637085924,0.0106694622661619,0.000851787964584365,-1424.1737409132
58,0.0296916547911899,0.024279533873019,0.000892783810704745,-1424.61060725888
59,0.0206830333169157,0.0170224948017021,0.00104848801795076,-1423.23587276594
60,0.0234909901628922,0.0190711497808668,0.000595992808606791,-1422.36644158012
61,0.0316139814693135,0.0152710525516577,0.000951600925858483,-1422.50666412851
62,0.023168898296112,0.0151446910696028,0.000839531925354344,-1422.59696334804
63,0.0308239063519871,0.0224824278194847,0.000578939576081636,-1423.37971051671
64,0.0205680451648895,0.0184680883447193,0.000537581845105228,-1424.63216325343
65,0.024630058345001,0.0191384260928045,0.00119090142652942,-1423.71907290177
66,0.0296202750408909,0.0188022265899741,0.0012736325501854,-1425.6988785336
67,0.0244483640540771,0.017969794049082,0.00111664493364751,-1422.85203289458
68,0.0265854363261352,0.0137339565157338,0.000790732584593948,-1422.43229532071
69,0.026379691496179,0.0126581545912807,0.0010305075976212,-1423.44515909907
70,0.0269694440544396,0.0202052073851374,0.000771359132617642,-1421.52236321432
71,0.0304408990750834,0.0145476823232595,0.000657959894940549,-1422.08793650155
72,0.0350748154091695,0.0153954908965507,0.000667485404879949,-1422.63748453479
73,0.0291841042881878,0.0229170392793007,0.000852216675342244,-1423.37121010088
74,0.0285867295184452,0.0205562752734506,0.000803079874064025,-1421.9568285485
75,0.0330383045311485,0.0159633533866744,0.000901438657063514,-1422.59846114345
76,0.0292527285892472,0.019652490062443,0.000737522202296637,-1421.70165665563
77,0.027985903040432,0.01626465934209,0.00092692921122096,-1421.72777127414
78,0.0255831014562823,0.0178997799398451,0.000968580571556446,-1421.81592484058
79,0.0220794874046474,0.0205822344626374,0.000687568094950932,-1422.07961011273
80,0.0238865409250848,0.0219468012539977,0.000776047382352756,-1421.8664881485
81,0.0264546617251599,0.0145438914039401,0.000807144083113195,-1421.99106354799
82,0.028700905521122,0.0152815098586885,0.000702683097175574,-1421.67573204754
83,0.0278782418737885,0.0227195753194086,0.00114421312710568,-1425.42537758694
84,0.0227830662580438,0.0211860627205801,0.00118970039756595,-1424.191003588
85,0.0188600703899722,0.0188374893661384,0.00140181385762616,-1426.30526084629
86,0.0188080250015746,0.00866254826368526,0.00167875682508665,-1428.37515337269
87,0.0221960057358055,0.00673972367358529,0.00149024287286626,-1429.15904658381
88,0.0272149271207959,0.0203362828968553,0.00119607637084734,-1424.62743826096
89,0.0249963854914071,0.016960375496535,0.00112098891021923,-1422.84630218458
90,0.0228191745658877,0.0235194415510394,0.00116048611210433,-1424.89490566784
91,0.0221008877952641,0.0223764432744211,0.000649346194731752,-1422.52577955813
92,0.0313173141609455,0.0250698133797205,0.000914227288889012,-1426.00177926333
93,0.0163548976263075,0.0243261737721093,0.000837365624529272,-1425.17482209771
94,0.0278069020057457,0.0205806021367503,0.000676226561523005,-1421.75256250175
95,0.0289743255577344,0.0155970258675819,0.000743213392518889,-1421.51057408682
96,0.0286959426684288,0.0121017063416611,0.00098842947660093,-1423.48550046196
97,0.0319583935429148,0.0217438645735881,0.000507384346946763,-1423.89650604518
98,0.0315286592828382,0.016049546595666,0.000985546137741456,-1422.71965055049
99,0.027472044743911,0.0218046092413864,0.000917199662690675,-1422.74066609461
100,0.0181896030502501,0.0168314354329635,0.000803565835764905,-1424.79723613676
101,0.0347542513171086,0.0173984904431052,0.00072112389288804,-1422.70991834434
102,0.033625613439136,0.0168129656825926,0.000781019979297028,-1422.35030114259
103,0.0321151268448744,0.0188306398896302,0.000912860160870227,-1422.96327430465
104,0.0262365627992456,0.0193965387242415,0.000883619967058516,-1421.59352835893
105,0.0222391821262217,0.0247005216993154,0.000862569883868314,-1423.20538216845
106,0.0278258895653789,0.0211854958525648,0.000725283645830198,-1421.88810882471
107,0.0263563541926123,0.0173249293263448,0.00065969399121474,-1421.55932538135
108,0.0229588610507495,0.0225759217691287,0.00103066407449307,-1423.25560052921
109,0.0236115270575224,0.0193396395034535,0.00105776748178916,-1422.55417324204
110,0.0246039522412414,0.0180957168835826,0.000776016694175173,-1421.3559748725
111,0.026773942386416,0.0197815754803301,0.000758820647401244,-1421.40284128625
112,0.0240311355282657,0.0185676788892535,0.000858679778097509,-1421.47563713405
113,0.0303450968144799,0.0187073685863924,0.000817206674915833,-1421.88485894782
114,0.0251600589413999,0.0221012713271311,0.000805894002876267,-1421.98670710472
115,0.0248022684776301,0.0172070899798294,0.000804699979051407,-1421.4279392574
116,0.0320851512512036,0.0178128571299297,0.000769944633839074,-1422.02427315745
117,0.0223664419646452,0.0235430110243479,0.000742393658936809,-1422.51172150728
118,0.025771481204218,0.0168734314466226,0.000695931985187665,-1421.54967078608
119,0.0308712655156839,0.0178246214254555,0.000870024818544417,-1422.05649257647
120,0.0241068220815383,0.0184087379633244,0.000955075403805595,-1421.81184012275
121,0.0280109918472119,0.0189536895477677,0.000698529766109588,-1421.40933967403
122,0.026725212626927,0.0175269459937736,0.000775921984988547,-1421.23237569633
123,0.0239390022549307,0.0217566989112153,0.000732618297384355,-1421.82202642681
124,0.0287220137562364,0.0143247398333152,0.00080338050018166,-1421.87497836344
125,0.0288754729316879,0.0143703939729465,0.000748588552609813,-1421.88672347064
126,0.0371534285298389,0.0137068810393881,0.000620175369347891,-1423.52590299308
127,0.0317977475129607,0.0124670226537237,0.000545716721356382,-1424.07631127451
128,0.0354004448617771,0.0211600632494159,0.000655035415719282,-1424.27139954857
129,0.0353675280420305,0.0190344139283173,0.000548054831494817,-1423.74008791549
130,0.0317958833274068,0.0204048963843883,0.000646825317716362,-1422.60944195088
131,0.027529098760766,0.0198599441834763,0.000882901779350242,-1421.85981678775
132,0.027517006082424,0.0196548014666457,0.000701501032863114,-1421.46972778211
133,0.0303539732553851,0.020737403397946,0.000714946603735672,-1422.2818398722
134,0.0209821302569326,0.0171016166986053,0.0010594097477634,-1423.15229228108
135,0.0262390014074437,0.0207327990958126,0.00057189967398472,-1422.24961669491
136,0.0264791273235761,0.020764674803208,0.000586160938298712,-1422.13729038597
137,0.0227728822926134,0.0212407938853964,0.000563488379715928,-1422.90187977926
138,0.0288254576668148,0.0251551174609117,0.000760983351731745,-1424.12406290984
139,0.0274072619610678,0.0141823070113673,0.000896783274262346,-1422.12362774933
140,0.0264691988049985,0.0206869211148263,0.000619864644186239,-1421.8997651166
141,0.0308586947784403,0.0141210177808327,0.00067431692828911,-1422.18733930882
142,0.0328957451335901,0.018913258952718,0.000764558392186044,-1422.53748746283
143,0.033693710688553,0.0191119765442356,0.000658448498353207,-1422.77644840531
144,0.0350515779741493,0.0189018863950923,0.000620418361673257,-1423.26527005932
145,0.0207517111743486,0.0233008771211311,0.000998217388853556,-1423.47547784457
146,0.0234706611522679,0.0226115096125458,0.000777597768141214,-1422.09255476798
147,0.0247219523673849,0.0181659213728469,0.000695393807913744,-1421.51399252197
148,0.0276907390158563,0.0222175892776749,0.000656766793833229,-1422.30597834636
149,0.0265268497729614,0.016968559973029,0.000934302687464715,-1421.65355929384
150,0.0271641789371553,0.014482945469691,0.000953801040940898,-1422.19911664796
151,0.0270808537041708,0.0171674870469273,0.000730839794190115,-1421.28577511072
152,0.0331272333167666,0.018748614308321,0.000549673031403663,-1422.9573476626
153,0.0284103904171901,0.0162733535172207,0.00105013053852162,-1422.53852839984
154,0.0240140375829827,0.0153906717267287,0.000920649911358028,-1422.24395903133
155,0.029413570019627,0.0166071323995393,0.000898191071724398,-1421.75405583866
156,0.0260583764023622,0.0159481010860195,0.000945333990239417,-1421.83024190821
157,0.0266671634768843,0.0189772321300535,0.000624357761173221,-1421.65891523459
158,0.0273034374043402,0.0193789267894369,0.00115832864341801,-1423.87407068412
159,0.025502403573744,0.0143488123884447,0.000632518980768459,-1423.142940057
160,0.0439647176845055,0.0110641819642701,0.00084317993309111,-1426.26829556771
161,0.0420676914526439,0.0151952031919577,0.000426395520690781,-1426.8589533189
162,0.040404180588509,0.0169354564152864,0.000653655561643602,-1424.92739807629
163,0.0235325987112532,0.0209547448364385,0.000802844731953766,-1421.66588817627
164,0.0206593548942181,0.0224186663810695,0.000779211515230475,-1422.52543810481
165,0.032040436468116,0.0109208614487733,0.000952626913508655,-1424.19733109315
166,0.0317616020424644,0.00973978269948918,0.000748218992801624,-1425.31809707572
167,0.0418952390748499,0.0115767643495594,0.000590736924380665,-1425.50432063726
168,0.0299977228280812,0.0186615495855936,0.000899163074600599,-1422.16662208842
169,0.0277311747254021,0.0221330506572601,0.000479245407041274,-1423.62331972993
170,0.024455115653147,0.0190476088608732,0.00120924516435248,-1423.87260236005
171,0.0249074868263572,0.0119847752088429,0.00086532837867626,-1424.27329224488
172,0.0327904039552098,0.0146341397398336,0.000658390837770553,-1422.26439817174
173,0.0322732161539968,0.0139660036719822,0.00056219537392881,-1423.0449378836
174,0.0402779599663231,0.0137563373882854,0.000601494184237366,-1424.57407223899
175,0.0317482846130279,0.0161494662038314,0.000911713306539184,-1422.30516754566
176,0.0264847695181234,0.0210405250148879,0.00088406614954799,-1422.05848402749
177,0.0275032317299018,0.0141819752573232,0.000645726433892394,-1422.57911657224
178,0.0358940242977668,0.0167501386592287,0.000753245689725617,-1423.05788560798
179,0.0329277689722454,0.0138977718082204,0.000678760040721651,-1422.41957226801
180,0.0288275246284291,0.0189252695386012,0.000957765178330494,-1422.31656825871
181,0.0250825643119956,0.0198226968377543,0.000751454040818648,-1421.37695653094
182,0.0249621189497564,0.0193350311189139,0.0005772884389098,-1422.20289461176
183,0.0285601104642255,0.0170965556989274,0.000906556069081558,-1421.68049824402
184,0.0280466015783827,0.0191356081121749,0.000901106833861118,-1421.85994800639
185,0.0225317816428254,0.0188071232498629,0.00089464587735412,-1421.80893042636
186,0.0269418084759371,0.01769752409556,0.00068577007542997,-1421.36538960419
187,0.0283242589285278,0.0179137398674857,0.000677120733950241,-1421.40504391236
188,0.0305525582532575,0.015436330596593,0.000628536593211431,-1421.98827408369
189,0.029235255358076,0.0177831907582262,0.00109476042493534,-1423.26989946229
190,0.022830449255798,0.0167522945195396,0.000690653087820939,-1422.44032307866
191,0.0343920575876347,0.014589664472232,0.000752313816336908,-1422.48181347661
192,0.0362041863954914,0.0214562280702054,0.000720248812439425,-1424.91004553025
193,0.025800925595994,0.0213644186910357,0.00108475677608673,-1423.54749044718
194,0.0197574761967462,0.0203404266606515,0.000695973749593675,-1423.00686024914
195,0.0233753167559913,0.0187241515114613,0.000725977201158955,-1421.62344980963
196,0.0286404536401203,0.0188350118052623,0.000720220897351443,-1421.43518876278
197,0.0249523126855235,0.0180253575274401,0.00086041475336119,-1421.4002774159
198,0.0242450958668475,0.0184829087296178,0.000649872580078171,-1421.80719426923
199,0.0322066345446265,0.0190349363475948,0.000862549029155685,-1422.75077372825
200,0.0223658839146592,0.0195302181425166,0.000526367804060125,-1423.57099051157
201,0.0232012546939528,0.0247321550899679,0.00102977642434692,-1424.31335486564
202,0.0230044692537267,0.0253731998354457,0.000768543698924677,-1423.26923725454
203,0.0265675903819487,0.0205679677313277,0.000656058111792544,-1421.70824797905
204,0.0263921835162572,0.0217750136097429,0.000794625594331342,-1421.97048623877
205,0.0278265753889145,0.0169695645271104,0.000641427297503147,-1421.6048121373
206,0.0369887093827748,0.0142296564084014,0.000757817397135374,-1423.27473403452
207,0.0212107152151796,0.0223006266110009,0.000899594659562287,-1422.54657313827
208,0.0194187691470043,0.0186907492296602,0.000767577641927896,-1423.15272341126
209,0.028639229048895,0.0120832286604978,0.00127742412480933,-1425.14977302793
210,0.0320576113842794,0.0167547070830374,0.00130041287094544,-1426.27368427218
211,0.0159722159493108,0.014235890061496,0.00151974806164083,-1427.84717452736
212,0.0257150133506254,0.0161969236095382,0.00132782281792008,-1424.75374895798
213,0.0313562263266847,0.0163220792924,0.000737604467231854,-1421.6884294029
214,0.0330492739544215,0.0176742050185063,0.0006474462836166,-1422.27060648955
215,0.0325189516196691,0.0141106697373286,0.000916214143414954,-1422.64561114277
216,0.025091157421351,0.017937083593445,0.000741344282380278,-1421.34834727135
217,0.0295175163010112,0.0188785941205997,0.000859425418474937,-1421.89683119539
218,0.0327122034663817,0.0172293635480479,0.00102972610444386,-1423.64709524417
219,0.023002678238509,0.018527319658968,0.00094465312309219,-1421.9001649288
220,0.0278968274790578,0.0206281360850449,0.000558412025416626,-1422.38210697391
221,0.0229164027449117,0.0188154221575935,0.00105754088051544,-1422.54839715513
222,0.0226154953053193,0.0207657492952417,0.00062275770925318,-1422.3456490605
223,0.0320547965539126,0.0159454865315922,0.000580831464658664,-1422.35619144479
224,0.032228490420172,0.0177476897187312,0.000605261241627564,-1422.23616471593
225,0.028635025911496,0.0179156581807484,0.000961124748863754,-1422.08482365187
226,0.0271695254954016,0.0181860562593977,0.000564787654282234,-1422.11076195305
227,0.0297148076053681,0.0157322814688009,0.00102688043763645,-1422.59313629705
228,0.0270650765309107,0.0221256358039037,0.000800212966945631,-1422.2273305716
229,0.0236923908841221,0.0138178148386938,0.00102215161654466,-1423.32137795277
230,0.0291298541202101,0.0118472948779312,0.000986101499917829,-1423.63731968714
231,0.0283114814197113,0.0198873174333285,0.000920153374592367,-1422.22977244541
232,0.0231296332921069,0.0202354938447979,0.00103782312465763,-1422.58249661066
233,0.0222983783224998,0.0196734866871431,0.00101894291773812,-1422.44257463694
234,0.0204323254021458,0.0231584029683666,0.000576142082087215,-1423.85585090183
235,0.0229225532065952,0.0184148703295192,0.000868556661593489,-1421.68824680754
236,0.0240688288210534,0.0170665319135393,0.00103811746907817,-1422.32090744718
237,0.0275340652030069,0.012256498264892,0.00127981633027364,-1424.95296044924
238,0.0273821738291239,0.0177883042465489,0.000524212433706991,-1422.58665865088
239,0.0313964539320614,0.015236960422533,0.000575465309222132,-1422.46112462489
240,0.0290591993315441,0.0174010793907372,0.000914411142482569,-1421.81981368267
241,0.0274489884486273,0.0169342741788635,0.000777394157124889,-1421.2685664272
242,0.0337243140884526,0.0185143693528531,0.00066609616248292,-1422.61132026786
243,0.0230213438899806,0.0210572990211964,0.00071305927159706,-1421.81921748078
244,0.0214505865846667,0.0247966274224676,0.000916962171460585,-1423.55231294727
245,0.0161865887421628,0.0192687018342429,0.000885462094841892,-1425.45709633868
246,0.0189034135871215,0.0239358562234436,0.000623043761570137,-1424.28360589144
247,0.0192035505988516,0.0243944587735107,0.000911397477582585,-1423.82199070821
248,0.0209754331107831,0.0191311658179966,0.00108817315672377,-1423.11722112402
249,0.0210627980412839,0.0191479917259656,0.000874706052907518,-1422.1614327012
250,0.0293585842506651,0.0163212410704413,0.000698757100700383,-1421.48338345918
251,0.0345696647031622,0.0177207637801177,0.000765984158326447,-1422.8078632818
252,0.0271456776834482,0.0184634547180901,0.000694298563775066,-1421.33133432472
253,0.0286354770885471,0.0176361752446447,0.000859607360178749,-1421.52575479802
254,0.0278690377997391,0.0160647255225808,0.000925326550793754,-1421.73031476441
255,0.029984048176945,0.0188077455456576,0.000764588049322222,-1421.68681781162
256,0.020676216267186,0.0189909188305468,0.000874119660802507,-1422.32208473344
257,0.029744184456879,0.0193914924581159,0.000647421255372547,-1421.837066305
258,0.0333072336110744,0.0166532082207775,0.000814080923158696,-1422.33552701277
259,0.0212530858720877,0.0234421360276703,0.000899458535356799,-1422.91507451775
260,0.0236088651748571,0.0222625359978994,0.000676722721069937,-1422.11311753264
261,0.0215837627300552,0.0174000170240141,0.000884821779616066,-1422.29670816265
262,0.0271887649228829,0.0154766442648796,0.000852466631612398,-1421.59978508367
263,0.0257551461020284,0.0190899250872781,0.00064680278689054,-1421.58295403496
264,0.0262329278746115,0.0213320584801685,0.000670272321400781,-1421.83018207377
265,0.0272710510592733,0.0180400139267687,0.000579487287155657,-1421.97468415248
266,0.0322679138343373,0.0152372628747287,0.00107657851995102,-1423.63662139941
267,0.0304063247808313,0.0142215481004067,0.000675798498745533,-1422.13184705764
268,0.0251962325957122,0.0178128560475807,0.000673499691406721,-1421.57588920625
269,0.0362006365032385,0.011508008971744,0.000690498604047685,-1423.90286541452
270,0.0354078205937504,0.0151569447830291,0.000812058487960244,-1422.88928522519
271,0.0368406835098664,0.0172498833768275,0.000577597282420811,-1423.67281026694
272,0.0358436991461466,0.0188620824619401,0.000583847435301081,-1423.67413082446
273,0.0322688642151161,0.0173947858151486,0.000729953787643183,-1421.95100547555
274,0.0305015548891955,0.0157641608844666,0.000910873891749168,-1422.01894088259
275,0.0233730556067879,0.0173717847684786,0.000997164850391503,-1422.16171362656
276,0.0251150228684474,0.0175791792983111,0.00078889651417546,-1421.33396715673
277,0.0303828565040452,0.0164057129672418,0.000776320367928372,-1421.54529582371
278,0.0288800646154757,0.0165275143899877,0.000795368006674603,-1421.38028222884
279,0.0275660408620944,0.0154047930049981,0.000989032322422118,-1422.12514949275
280,0.023505291488907,0.0193492568141586,0.00108824614038872,-1422.79483314643
281,0.0203700866864535,0.0183747846929955,0.000930429600728929,-1422.64466784031
282,0.026581418823009,0.0164278478334316,0.000710664378062191,-1421.48885335742
283,0.0280916365637741,0.0198461884604891,0.00081469373124481,-1421.68201948282
284,0.0233502970154589,0.0183754930702395,0.000748764260070052,-1421.60477712605
285,0.0245733210403431,0.0154635890989688,0.00115132350358725,-1423.21476643795
286,0.0283463812996127,0.0151363042681938,0.000828799581490113,-1421.62989450307
287,0.0224404664301203,0.022182279467559,0.000887806430157669,-1422.28543565286
288,0.0237795978377787,0.0228795542441304,0.000703725907091019,-1422.21047753395
289,0.0284118530080402,0.0132858003617328,0.000906815767908371,-1422.52441691172
290,0.0293496710315531,0.0218221439703199,0.000832684733436253,-1422.77697648474
291,0.0288688689548786,0.0215738951395907,0.000706542886860691,-1422.22603121375
292,0.0286771297825138,0.0233772846408131,0.000604154432918893,-1423.14063863312
293,0.0260365559166168,0.0215813877058399,0.000838518347178559,-1421.98760078014
294,0.0274060554686386,0.022083142119394,0.000605255214144099,-1422.41752164441
295,0.0273102415558001,0.016049870073031,0.000872905664083315,-1421.52407415062
296,0.0270396161726726,0.0208513824311358,0.000730046125542891,-1421.67616411992
297,0.0260817241910344,0.0209875359000917,0.000789595033432394,-1421.66978969098
298,0.022790588035431,0.0220799559937822,0.000707196834165744,-1422.07416716753
299,0.0302254457914003,0.0243902151733868,0.00057957154790916,-1424.13706864264
300,0.0314992423092912,0.0214209526018936,0.000791165494008179,-1423.11809911893
301,0.0271618884299797,0.0201108069722895,0.000785811401803341,-1421.54268165381
302,0.0268980752983026,0.0157466922888886,0.000820866046831772,-1421.5052192498
303,0.0327477345259756,0.0159508249609387,0.000894517330511661,-1422.47335532987
304,0.0270455822503972,0.0190879769765559,0.000707286975695605,-1421.3474171666
305,0.0258047747902185,0.0152752598150985,0.000894512540391202,-1421.86858210349
306,0.025544587497002,0.0258933267143576,0.000934361705361421,-1424.6374528403
307,0.0137370738384393,0.0238067026264425,0.000901924555134713,-1427.78669413442
308,0.028274792481245,0.0157193984777902,0.000717228979382263,-1421.52702939314
309,0.0292975419232934,0.0142603878821719,0.000641540419105505,-1422.32441106809
310,0.0332495423174542,0.0116702729201417,0.000773407999592831,-1423.38546733291
311,0.0368543395837149,0.0178405016325887,0.000804800316355189,-1423.93777992338
312,0.0347695004597152,0.0149706777864608,0.000816735093682884,-1422.70471833782
313,0.0322783167810724,0.0145077346198368,0.000925595693584387,-1422.57790944015
314,0.0315524908396343,0.0180496614504946,0.000757240517114368,-1421.89909972225
315,0.0271177256196388,0.0174014558502113,0.00066148563628968,-1421.48079665811
316,0.0288001289354986,0.0181424218745776,0.000913922155234694,-1421.86887017258
317,0.0262613291238318,0.018293586290196,0.00061793651779004,-1421.72916767737
318,0.0295348173499033,0.016732187215133,0.000691320486848644,-1421.47655630098
319,0.0235126103459084,0.0202239613563394,0.000610602792026236,-1422.19440904714
320,0.024085583638806,0.0190606477808314,0.000448276918458048,-1424.40466145878
321,0.0305611074553212,0.0208248364493942,0.000973329769198143,-1423.66663073336
322,0.0268213885487631,0.0193049167157929,0.00098626036383145,-1422.22588073333
323,0.0281676828991317,0.0195034200598618,0.000810823810265199,-1421.59802896545
324,0.0272920823893183,0.0157275819082336,0.000819266116140567,-1421.48747482992
325,0.0288110658446465,0.0189340606622575,0.000628748324366984,-1421.70732011936
326,0.0293131644744361,0.0210675653100889,0.000675422263504215,-1422.1575778062
327,0.0306885453441115,0.0170400729489974,0.000617917911100901,-1421.86930512348
328,0.0292649126025226,0.0183463861203283,0.000630012869383904,-1421.68709347984
329,0.032054289903572,0.0156239117334884,0.000646550209146733,-1422.02533740038
330,0.0317206580071301,0.0151849204399691,0.000935354026151195,-1422.43888240952
331,0.0340034843049535,0.0118558910473532,0.000671560076031373,-1423.51940916133
332,0.0383183776656455,0.0106125264128952,0.000567942235459224,-1425.41922736617
333,0.0343315114784918,0.0219536643628863,0.000744767885518842,-1424.37428156289
334,0.0244587451269317,0.0181389894114941,0.00106083671682596,-1422.43031929959
335,0.026078415751976,0.0181079737163049,0.000885769342226438,-1421.44554372113
336,0.0267980540995086,0.0181838643068581,0.000675512250241339,-1421.39002811103
337,0.0270900070647822,0.0158477159981739,0.000708501063865789,-1421.59263349949
338,0.0300394717163752,0.0162388540059451,0.000795756344043729,-1421.52903867935
339,0.0276654406748592,0.0187555289282412,0.000675938967807535,-1421.418998545
340,0.0247100786276648,0.0187595814424515,0.000713043803009393,-1421.41786408804
341,0.0280773545518306,0.0185345758773616,0.000820120026299589,-1421.42630686928
342,0.0237079275254229,0.0177380690213988,0.000844000837814734,-1421.5626455717
343,0.0274684921881718,0.0185040050823919,0.000753846640910097,-1421.27190077571
344,0.0244793724443366,0.0174466315778029,0.000886062387549146,-1421.55445186241
345,0.0261156105390353,0.01961972037242,0.000817808106982548,-1421.4116016742
346,0.0244716768788976,0.0182523058564601,0.000691609302688223,-1421.56484051137
347,0.0272903783782127,0.0198195607652388,0.000550501650362353,-1422.30157554025
348,0.0256313988242273,0.0243197886628996,0.000907507042885058,-1423.52235984214
349,0.0163135772936759,0.0203983537995806,0.000860192701781651,-1425.11133180013
350,0.01663025767496,0.0219757747069229,0.000841999959244315,-1424.71802188043
351,0.0344961779091618,0.0133852781566312,0.000813321416515938,-1422.83948208958
352,0.0248333533113934,0.0141426118343822,0.000885869164557376,-1422.57240835867
353,0.0304530087557444,0.0189824474028407,0.000797653228081053,-1421.91592938201
354,0.0333482129248846,0.0177279055355445,0.000846087199381309,-1422.68597713937
355,0.0278668562616317,0.0175512955703868,0.000868073077285223,-1421.45835489163
356,0.0264941786728562,0.0175892731316716,0.000521858829547202,-1422.76470614594
357,0.0303496138211801,0.0173359575165375,0.000710307465655964,-1421.54126705575
358,0.0257596253275561,0.0201310238114349,0.000624270704673069,-1421.79327093342
359,0.0278991840900077,0.0213823375401809,0.000651526217820599,-1422.06038615413
360,0.0272020892696016,0.0191752461731923,0.000758672866516389,-1421.33288535232
361,0.025924128912571,0.01681184841546,0.000743552656744249,-1421.39969968876
362,0.0312972653248535,0.0166364884862467,0.00072721131525246,-1421.67654461249
363,0.0294580873710666,0.0171590362965153,0.000836939277894568,-1421.53977873654
364,0.0249904839213336,0.0184321444966445,0.000724836437169538,-1421.36258256966
365,0.0249016687106478,0.0171012841122456,0.000721638825819603,-1421.55841619605
366,0.0275816004747971,0.0178385772756469,0.000564910046349075,-1422.10741041776
367,0.0367217009539463,0.012779230932396,0.000907121492630621,-1423.9437617263
368,0.0242659974047866,0.0148736940954282,0.00101315941285045,-1422.65993816307
369,0.02765377736879,0.0154068849458419,0.000750595136160784,-1421.57416292477
370,0.0360009518261881,0.0116582331120759,0.000926230409577335,-1424.19455266321
371,0.0353098072016005,0.0122134562825808,0.000725175477843958,-1423.34201516618
372,0.0301057082296426,0.0173588731634455,0.000779962603711369,-1421.52592189733
373,0.025404578203995,0.0182853831843155,0.000713460956547256,-1421.352826756
374,0.0347605536792922,0.0133180519976415,0.000697103656146313,-1422.85362318452
375,0.0325354427456187,0.0163166758916582,0.000609363024619045,-1422.22248168339
376,0.0290342890525855,0.0136988385979088,0.000807428203616394,-1422.14512325139
377,0.030661886240628,0.0200224990492688,0.000978588770394093,-1423.39252538793
378,0.0239619464148896,0.0213731136100498,0.00115225114353011,-1423.94616020465
379,0.0228719650591852,0.0152820895668654,0.000645613240736362,-1423.57908688695
380,0.0324211459314579,0.0151869324237815,0.00062210631621735,-1422.25848310557
381,0.0316636874932228,0.0152076809736133,0.000809336278942788,-1421.90798015164
382,0.0248605901020943,0.0217263157928294,0.000929923051277668,-1422.34592115953
383,0.020009963664542,0.0180263150869677,0.000939065993908256,-1422.90587584094
384,0.0290191408872735,0.0191090798112372,0.00064993711360208,-1421.66801528984
385,0.02719896648141,0.0280152935029456,0.000530709402574592,-1425.77910369749
386,0.0207640310687842,0.0210968919216405,0.00062337401967672,-1423.01717868759
387,0.028268035116572,0.0145734201242664,0.000525164665933133,-1423.46730212747
388,0.0349722993342072,0.0173947264919273,0.000646070624943823,-1422.81036027134
389,0.0285678830977971,0.0195994174901146,0.000598220094148542,-1421.94787971365
390,0.0294143797824368,0.0219796564389468,0.000541833636862215,-1423.0970546115
391,0.0300518608162755,0.0214033095004258,0.000647144701407895,-1422.49790851604
392,0.0296864925360034,0.0196842215017637,0.000590245264345789,-1422.15041293677
393,0.0292334095152186,0.0157792211895025,0.000685262391583592,-1421.60568187431
394,0.0273520333588224,0.0202701840769579,0.000838735754902653,-1421.75618270969
395,0.0308952706387399,0.0134408722289452,0.000986404737777869,-1422.91832077125
396,0.0275571720005146,0.0248800785106221,0.000499888195545829,-1424.39777753035
397,0.0282722589582117,0.0256022006348321,0.000394506300331537,-1426.40826398953
398,0.0293239558113831,0.0136982970408094,0.000434125301732675,-1425.44712196326
399,0.0305076558925045,0.0247780609912257,0.000969884297149294,-1425.93642235469
400,0.0306209332831322,0.0254554536089785,0.000509575867659179,-1425.27175307732
401,0.0292493616046735,0.027171407846739,0.000493380054719467,-1426.03295084508
402,0.0200589512671894,0.0207303408739337,0.00137324495728246,-1426.2356610331
403,0.0247120661023667,0.0182609651922772,0.000744365918316049,-1421.36721644503
404,0.029074001812808,0.0156947532842227,0.000730071560006588,-1421.5101909343
405,0.0304227752005577,0.0158164633103937,0.000793568787451402,-1421.61137523581
406,0.0366074468799394,0.0134586893451602,0.000693433395273145,-1423.23828502014
407,0.0427890478477897,0.0155498822875027,0.000707806692678064,-1425.74187972535
408,0.0238597096146867,0.0160786008696709,0.00098645251582428,-1422.26216049652
409,0.0291264163699784,0.0184223632133784,0.000721053853554752,-1421.44340923136
410,0.0279035292094424,0.0156619723483905,0.000935893989296244,-1421.83166648835
411,0.0292659503205142,0.0188004428485859,0.000779669655378049,-1421.56718689059
412,0.022301302333006,0.0180229435211033,0.00113044930177976,-1423.14225309155
413,0.0296245460503874,0.0167934071706316,0.000676111281193568,-1421.52237485951
414,0.0278884404507545,0.0220322849776071,0.00100349746894567,-1423.61808555232
415,0.0288808931565574,0.0120832067994599,0.000927585176061894,-1423.30739342115
416,0.0285126117689327,0.0143907737728284,0.000959410371588377,-1422.25456245981
417,0.0279424069100395,0.0210459631403519,0.000644556337945842,-1421.98603206004
418,0.0203636711310698,0.0238478661863222,0.000886969193041957,-1423.19543881102
419,0.0239710165961567,0.0246352980331839,0.000802764713814603,-1422.99003145766
420,0.0237510251519051,0.0154253885440457,0.00081254319322604,-1422.26067470712
421,0.0263769396404328,0.0180870967536395,0.000929373293430941,-1421.64373797173
422,0.032018226586741,0.0166121104400766,0.000491382530354074,-1423.20130105951
423,0.0297051975738575,0.0176350508792022,0.000914267349104973,-1421.9759815797
424,0.0257964792035372,0.0176293693103866,0.000674536748960011,-1421.50914716554
425,0.0284562751501651,0.0192441112051989,0.000660486070980181,-1421.58840186401
426,0.0238360387362392,0.0259450417863709,0.00105279077465195,-1425.3432194739
427,0.0232150728009844,0.0155026112325995,0.000963705815281866,-1422.53534501385
428,0.0233302875478878,0.0163892711003192,0.00112896192012835,-1423.08559216556
429,0.0280490404967171,0.0152660873179205,0.00116195157490328,-1423.43295370614
430,0.0249261117710581,0.0160202760441575,0.000888779734271877,-1421.76645143237
431,0.0304693187584591,0.0154409220567216,0.00103177803732318,-1422.79347907463
432,0.0282945125175266,0.0206707851883982,0.000554534010807762,-1422.45588921656
433,0.0292636557888391,0.0197730865644085,0.000499622277367567,-1422.9434771131
434,0.0243251093624919,0.0195038440134694,0.000763457165401333,-1421.39091031776
435,0.023157949367169,0.0207558414569108,0.000792140760812168,-1421.66158009777
436,0.0247333812907412,0.0173886023679732,0.0011609345580701,-1423.19029320007
437,0.0234198159869407,0.0221005663111307,0.00103788150582226,-1423.13862849463
438,0.0185149506746904,0.0237488444104645,0.000835832315996944,-1423.71010080214
439,0.0292659543544101,0.0131225518000562,0.000775355432391153,-1422.46406345185
440,0.0303534144856879,0.0131549977032718,0.000760967266490914,-1422.41998952828
441,0.0302675305406612,0.0193487905335781,0.00072476285245128,-1421.83413075036
442,0.0231837077768335,0.0152034523304254,0.000990477197034984,-1422.74256466151
443,0.0384342302055147,0.0156257109065708,0.00099025053857796,-1425.33202851265
444,0.0263486133663498,0.0232957506305567,0.000457158468700155,-1424.2697344589
445,0.0263879165205998,0.0165517553614481,0.000948757291683047,-1421.74894594531
446,0.0226762331490115,0.0167563916469953,0.00070921193896798,-1422.39822032101
447,0.0312636174291315,0.0146787018780302,0.000738018644750637,-1421.89037313786
448,0.0265322706522131,0.015696885336976,0.000690298720189299,-1421.78727508247
449,0.0295049155522451,0.014683396071725,0.00085818431603789,-1421.85475940326
450,0.0284764856864287,0.0145416166807782,0.000839199096087002,-1421.82913418011
451,0.0236101955577391,0.0251385848922447,0.000686953155970585,-1423.17020078602
452,0.0270591220049081,0.0230952556500261,0.000599888569103786,-1422.77746221857
453,0.0292931751722948,0.0166982805912199,0.000584070853824683,-1422.02349630442
454,0.0277866046456332,0.0142964126056808,0.000641712938896093,-1422.48938212182
455,0.0333991056019618,0.0167148124380082,0.00080103776057222,-1422.32667649154
456,0.0329018305949119,0.0159031199923434,0.000586371346458622,-1422.45189764612
457,0.0278110780085155,0.0189687388627824,0.000823563971034786,-1421.47051098345
458,0.0275090022985997,0.0179392130683593,0.00058400858827947,-1421.92903879109
459,0.0340445622168882,0.0178022982223879,0.000801312935791889,-1422.7550212724
460,0.0334713066974301,0.0177389528233213,0.000776462335857978,-1422.45426393123
461,0.0212959120947747,0.0220466262497129,0.00105260506662696,-1423.32841009111
462,0.0225569160019252,0.0212088264762908,0.000543201816617616,-1423.20857096421
463,0.0218413308155791,0.0187955534532372,0.000980461197176587,-1422.28526884067
464,0.0314666455497727,0.01923386161888,0.00053774040041715,-1422.76350683904
465,0.0294374949607295,0.0134053198812481,0.000721849424284485,-1422.39416417457
466,0.0320978575536743,0.0154740547214354,0.000696486903042289,-1421.91065138828
467,0.0334605110901636,0.0159208309686657,0.000721926685548144,-1422.15476872489
468,0.033494454247924,0.0152993370773883,0.000703722485411149,-1422.1942102196
469,0.0261476725340127,0.0213281508539331,0.00107426919924818,-1423.5022375293
470,0.017739197805338,0.0216847052538403,0.000740722150092717,-1424.05961285487
471,0.0243805342950073,0.0245298736000767,0.000679591186151365,-1422.90672070208
472,0.0197710966571148,0.0248260137097607,0.000936095692821985,-1423.94115335034
473,0.0251911758115641,0.0232320104566864,0.000953540794961812,-1423.18349393013
474,0.0217322739536591,0.0159884497005791,0.000886178576454286,-1422.77081373841
475,0.0294553650739552,0.0128562760384353,0.000762301113237187,-1422.63696109181
476,0.0260867835375391,0.0142484230477894,0.000928297023219595,-1422.31430303594
477,0.0264689415215012,0.0210967533324678,0.000393250199268179,-1425.06506488721
478,0.0330003361939994,0.0152472597786566,0.000925997083210259,-1422.70935363441
479,0.0234315467542045,0.017890519719698,0.000967687371090868,-1421.96244260426
480,0.0235310408844387,0.0197833398066103,0.000960699903159123,-1421.99497260743
481,0.024239672461083,0.0141208330463809,0.00114026009537051,-1423.51522206729
482,0.0266452054023911,0.0174470135463627,0.000997073137818343,-1422.00743671921
483,0.0290111677124331,0.0174295644161568,0.00102082873158291,-1422.51414683977
484,0.0237139801078703,0.0206747847581559,0.000944027622398966,-1422.06704824007
485,0.0237507351989718,0.0194656069422883,0.000879840729741897,-1421.59594477368
486,0.0254607731913077,0.0172923591614745,0.000734936647424651,-1421.39325971447
487,0.0305171334816003,0.018361533227714,0.000822847644586759,-1421.8707781249
488,0.0263808201417886,0.0156197954014989,0.000834877234083596,-1421.59592987697
489,0.0304918637288272,0.0154171598668343,0.000808611252276442,-1421.69362551645
490,0.0356834133621308,0.0122056160414957,0.000757724492435756,-1423.40263049901
491,0.0329129543964521,0.016232633608104,0.000818090207275784,-1422.19515567308
492,0.025472775760759,0.0207315321688553,0.000709716014716378,-1421.57295218556
493,0.0248982087144631,0.0178847501591107,0.00064764078175523,-1421.76575356108
494,0.0307555644408678,0.0166988621576767,0.000469856293415706,-1423.41273986682
495,0.0313706422180088,0.0125027889698716,0.00102888695227221,-1423.59244633639
496,0.0360102829757995,0.0164434092045536,0.000864650818480125,-1423.51088229528
497,0.0258663028487742,0.0244113720435424,0.000768559047753758,-1423.00139669948
498,0.0207369262511783,0.0223916782581022,0.00046665512071259,-1425.3071660334
499,0.0246592191042407,0.0189015162369942,0.000874788570201438,-1421.47353125249
500,0.0217914806676096,0.0179577622923774,0.000719908257350047,-1422.30532240358
501,0.0261009940707419,0.0171446571574927,0.000671070968146274,-1421.56086327261
502,0.0312119918024498,0.0175558400879529,0.000800026831548011,-1421.82713122607
503,0.027071698012562,0.0179451832713189,0.000691416425783811,-1421.3338557636
504,0.0224900884983577,0.0206642841088943,0.00086799013620737,-1421.85837008534
505,0.0227149866400501,0.0205402111320182,0.000788240635582654,-1421.69740039474
506,0.0255502170209725,0.0189738953296576,0.000822285548397026,-1421.32261605072
507,0.022925934424782,0.0240701439508718,0.000995002766134835,-1423.66162169731
508,0.0235042275190898,0.0164354835297309,0.000791629921586405,-1421.94369854092
509,0.0236607996606781,0.0162021538509849,0.000903594826005551,-1422.01580837301
510,0.0297424817248527,0.0186104391190085,0.000881037789170782,-1421.99134612393
511,0.0205377754812212,0.025514009685265,0.000563386033200252,-1424.57080453866
512,0.0305791496392888,0.026593002629406,0.000405467612900843,-1427.17201721124
513,0.0219201633667656,0.0209554237737182,0.000571222453526842,-1423.07204370282
514,0.0298349493821279,0.0192637569225022,0.000727977020239667,-1421.71963793315
515,0.0230471228581792,0.0195392909251015,0.000737474971347793,-1421.63148398184
516,0.0300772780973091,0.0144330307989866,0.000712718501780307,-1421.92632275758
517,0.0282648326017987,0.0194713121011477,0.000672755594158008,-1421.57014371146
518,0.0311838268871022,0.0150467885441916,0.00074802425874996,-1421.79462662907
519,0.023173900771567,0.0193138946239753,0.000736295736486343,-1421.60910780353
520,0.0217028444835054,0.0262756219000239,0.000876346696657845,-1424.10099193396
521,0.0232196966918836,0.0228536068639417,0.000760901534971524,-1422.18134238727
522,0.0258701938133228,0.0149202256799607,0.000825647100378565,-1421.91759959632
523,0.0280499683981258,0.018319229546392,0.000846738135141942,-1421.4740084637
524,0.0196939545908439,0.0184557975816293,0.000624637408816962,-1424.05251886859
525,0.0335159871926726,0.0172875096203782,0.000547479552142504,-1422.8626236429
526,0.0375024701109583,0.0173811466189654,0.000479381260650195,-1424.71730397179
527,0.0310071602373346,0.0122792483583878,0.000783253911325678,-1422.92523079373
528,0.0338360215643848,0.0189678427000745,0.000836811280536436,-1423.20170021377
529,0.028269924808313,0.0196575413426125,0.000892507186104134,-1421.99246943224
530,0.0241180675718662,0.017512178426811,0.000748878445898239,-1421.56185864956
531,0.025975756049455,0.0175530747333438,0.000864702799881529,-1421.37528605875
532,0.0293549246034602,0.0169239810858752,0.000729638569560517,-1421.38909260272
533,0.027604698013459,0.0176809120056831,0.000727832264672486,-1421.26286182228
534,0.0231508733571187,0.0220450359756095,0.00105287481235479,-1423.23031149713
535,0.0210811510795175,0.0218790234198542,0.00105983002860603,-1423.36283768106
536,0.0205562421208823,0.0179723897604719,0.000780531356046358,-1422.66506473879
537,0.0264362031419778,0.0257265860928914,0.000860876820281958,-1424.25655932754
538,0.0245130722040095,0.0128944429661795,0.000786246551344922,-1423.79159598985
539,0.0308948875075223,0.0152619327092959,0.00074083254504828,-1421.72147861667
540,0.0282735777073557,0.0202711680840651,0.000527482127825332,-1422.63287832368
541,0.0227715249335876,0.0202832069998324,0.00110265398519692,-1423.11598123205
542,0.0255667475323442,0.0170851369149229,0.00119819650269098,-1423.53491947198
543,0.0212781461911186,0.0191370405342371,0.000577114123455097,-1423.44145901795
544,0.0224792679418288,0.0193274207301146,0.000689937104992417,-1421.95983843323
545,0.0284614097431503,0.0200604807260195,0.000569997461612184,-1422.21738020516
546,0.0295357041009437,0.0182786207163455,0.000801488278265425,-1421.57351485428
547,0.022225708203805,0.0210285164799756,0.000746223278956249,-1421.89515846822
548,0.0281887528101091,0.0178110225524437,0.000800561203289071,-1421.32196653702
549,0.0256102412007858,0.0187637800031025,0.00065517338169556,-1421.54805646095
550,0.0271616232764783,0.0171620360561264,0.000617967313841592,-1421.76514173621
551,0.0265403534798879,0.0199903442680918,0.000853768829027332,-1421.62953803434
552,0.0270934192094485,0.0149336020165439,0.000785394751933236,-1421.74742776209
553,0.0299468622448726,0.014862750488927,0.000842010114484443,-1421.8054471659
554,0.0329713915930932,0.0159477664706378,0.000965556131263338,-1422.99359403472
555,0.0286567644303769,0.0118665786193066,0.00125658230158423,-1425.08297905644
556,0.0232564359331242,0.0210066488264911,0.00102702725501161,-1422.68815042795
557,0.0232252057855385,0.0240208694788066,0.000845173031434239,-1422.80332121686
558,0.0230042263188068,0.0191599240659508,0.000966073553682751,-1422.00886305644
559,0.0214714719068129,0.0226747336484522,0.000693310135907234,-1422.54025165119
560,0.0223780400097977,0.0221476792558592,0.000873495020618511,-1422.22993935355
561,0.0186538753244243,0.0189837406305859,0.000883185261505181,-1423.39806909831
562,0.0246615083302753,0.0190361041935561,0.000895236380243199,-1421.55386466698
563,0.0298688840653663,0.0166646165982091,0.000888813266446413,-1421.79027334692
564,0.0280438274507313,0.0188543476609965,0.000851421884304908,-1421.57484249971
565,0.0276566959730018,0.0156567650330472,0.00105710443983809,-1422.5257359455
566,0.0238869215833559,0.0156360867259153,0.00126795910180192,-1424.13887258952
567,0.0236891069938266,0.0132626084537829,0.00133257247752305,-1424.84464171881
568,0.0252949491931724,0.015384837125607,0.0010403916371486,-1422.46995103515
569,0.0245197300331024,0.0204889167170699,0.00075982486500082,-1421.49738331104
570,0.0265864095652451,0.0201935177504637,0.000940281501904368,-1422.12091827149
571,0.0288203565764216,0.0204064637333235,0.000844190831672587,-1422.11486748545
572,0.0253656517002241,0.0239936867696546,0.000996262322700572,-1423.94485077436
573,0.0223691557172196,0.0181707914934108,0.00063396537024272,-1422.569470858
574,0.0290485455519642,0.0142430494940177,0.000653936642943546,-1422.27651540285
575,0.0299282431529724,0.018714344166712,0.000662164441337473,-1421.70212311503
576,0.0309359011273575,0.017730007944411,0.000735474099611873,-1421.67951827937
577,0.0252354046465108,0.018254038952201,0.000803821435011041,-1421.28439303976
578,0.025075718298543,0.0163827782851659,0.000893320114811546,-1421.66579907423
579,0.0206499522363885,0.0176475614064621,0.00110946325245325,-1423.43519295241
580,0.0333981198216469,0.0116933974926696,0.000501468409781929,-1425.16311844803
581,0.0290769587073388,0.0128879865189952,0.000793987765673476,-1422.60867962199
582,0.0311646860680252,0.0196085999204085,0.000913073013237704,-1422.90592643042
583,0.025128728073131,0.0176937695670089,0.000799718995934861,-1421.32143382164
584,0.0259530812178913,0.0174831094809709,0.000645094640713119,-1421.66848131622
585,0.0287631634724035,0.0165646019834095,0.000513125083315586,-1422.82541351815
586,0.0282413910723699,0.0148951268679176,0.000861447396014496,-1421.75692878868
587,0.0291082263891014,0.0185890891431363,0.000697527450392167,-1421.48647523004
588,0.0319247513323882,0.0155619208784525,0.000682989811740494,-1421.89901775147
589,0.0290935453424555,0.0169030637253462,0.000602159859524571,-1421.85608928595
590,0.0259893856497147,0.022386999186749,0.000910478809957376,-1422.64605000184
591,0.0253301936331989,0.0202401983751137,0.000848338216876072,-1421.57800141944
592,0.0229423765101556,0.0186062319008143,0.00105012164704018,-1422.48524308053
593,0.0176871529898985,0.0253988741003185,0.000726431633761447,-1424.70150942054
594,0.0334687835787692,0.0176708207405043,0.00070252786898763,-1422.32647388062
595,0.0304061680198224,0.0197984017423967,0.00101348804253415,-1423.51379359624
596,0.0309380895418597,0.0131978188955838,0.000845668586292002,-1422.45880682511
597,0.0322504881390674,0.0184644940023887,0.00069719567985018,-1422.12954576778
598,0.0203813159507096,0.0245309633810417,0.00071139030815217,-1423.33246305396
599,0.0190769360326093,0.0178496349414768,0.000860381825889632,-1423.44614716499
600,0.0280775226073266,0.0136852364591117,0.000905019634441361,-1422.33163647077
601,0.0269559647954753,0.0144251139285768,0.000765320841856814,-1422.01890273572
602,0.0280919122887229,0.0178185765660502,0.00094183454590668,-1421.85967502899
603,0.0207682893486846,0.0189848445109369,0.000893967241864343,-1422.31680032959
604,0.0212522634362255,0.0180644306393384,0.000818807467326287,-1422.24232710558
605,0.0289319534972453,0.0114700757846047,0.000895089009579684,-1423.74028859653
606,0.0310185135773061,0.0147212458505106,0.000903137305781183,-1422.18704945814
607,0.0311695274134536,0.016893262489325,0.000738421079575186,-1421.65906384819
608,0.0350543572810654,0.0136050176620238,0.000814541830275239,-1422.92475341459
609,0.0354368203798252,0.0156313176682823,0.000611405875145936,-1422.90656139727
610,0.0266195675943222,0.0174362020294245,0.000981052330907146,-1421.90561336973
611,0.0305227671761268,0.0154787436751097,0.000790809873041743,-1421.66113493003
612,0.0319077062146708,0.0178555134262456,0.000627366098865913,-1422.07996063803
613,0.0315584290485566,0.016166746902795,0.000662083610583643,-1421.84160379764
614,0.0274493406243167,0.0174580902865654,0.000635440769051673,-1421.59818388498
615,0.0328973386393172,0.0182205007840213,0.000984147270310675,-1423.60319755009
616,0.0258923355635763,0.013819054115069,0.00112992291887262,-1423.38431653692
617,0.0243191531531029,0.0144847152743897,0.000753469103707084,-1422.73755703719
618,0.0406070079238369,0.0112583521573686,0.000790083751072081,-1425.01841975085
619,0.0422654331838597,0.0143960022162761,0.000691269086527617,-1425.24130754813
620,0.0269705665692106,0.0165138623344827,0.00063012138631708,-1421.82613194165
621,0.0298381635300939,0.0190069632258788,0.000536409274240034,-1422.48573916673
622,0.0266273722526043,0.0148357467026056,0.000764638124881635,-1421.88005684399
623,0.0267771877387482,0.0143149723561129,0.00108745404294026,-1422.94603192719
624,0.0267125667140763,0.0174928095437001,0.00054766070773432,-1422.41957961189
625,0.0283279388827681,0.0178355470707055,0.00070879915718623,-1421.32758505151
626,0.0269225536768035,0.0216310349329446,0.000692509011645281,-1421.92839483947
627,0.0221185968701775,0.0240599539705313,0.00112370372685878,-1424.76200774
628,0.0216249785103534,0.0156407958406716,0.00115255164058118,-1423.78183727788
629,0.0329850300187643,0.015186350168194,0.000505393365914135,-1423.34414045952
630,0.0307193310412976,0.0179800102549075,0.000912311373845807,-1422.27909264312
631,0.0199805032415157,0.0204504708425067,0.000609306984771022,-1423.57904775432
632,0.0226148739098645,0.021051580704229,0.000817584197250174,-1421.80770080159
633,0.024394689378825,0.01688646807756,0.000864318226807359,-1421.60747835366
634,0.0235323764962451,0.0191122722522235,0.000877605604442425,-1421.59124771496
635,0.0231590543496497,0.0136040257590702,0.000958472173224741,-1423.54802087319
636,0.0263973999576298,0.0147296894546768,0.00095557232353672,-1422.16963401342
637,0.0270229742350598,0.0188638131318772,0.000602374934316114,-1421.79102259369
638,0.0278213990852225,0.018897934211302,0.000631914231699859,-1421.61786736711
639,0.0313942610884306,0.020475988691101,0.000690494583407615,-1422.47500753004
640,0.0312277360711933,0.0218568590874072,0.00086082510673503,-1423.59331126714
641,0.0243120477859152,0.0173440138547668,0.000917119999523533,-1421.68276343396
642,0.0258233652310434,0.0188232793035562,0.000866767805265522,-1421.42621776597
643,0.0301328392398893,0.0202479352769087,0.000934944122874756,-1422.96332385571
644,0.0267038545635645,0.0174472264449921,0.000686552005524714,-1421.39431340148
645,0.0250930174009275,0.0207430064900191,0.000728891305501695,-1421.54976802961
646,0.0340274780330934,0.0193003625869236,0.000581024514959377,-1423.17134406579
647,0.0330009580976084,0.0164140345741599,0.000924227103060094,-1422.7710358705
648,0.0335459831559086,0.0189958849187944,0.000597231642528311,-1422.85861618661
649,0.0316168258270934,0.0189336857828548,0.000820938934320573,-1422.31842218475
650,0.0369785587613083,0.0221288214859121,0.000741505716963763,-1425.77123882346
651,0.0222810117635671,0.0190847327827073,0.000730043016864522,-1421.87510750553
652,0.0257353547889767,0.0206299187579552,0.00073140815647433,-1421.52767204427
653,0.0262167715022934,0.014402697618584,0.00100778975061883,-1422.51562643135
654,0.0327273131378821,0.015389548326616,0.00111704185673681,-1424.17300637187
655,0.0289123318022943,0.019255171478127,0.000686884629414021,-1421.58217347606
656,0.021635360697367,0.0179057808293792,0.000626058180375567,-1423.0607836086
657,0.0273095436746221,0.0162863506923028,0.000629114617758691,-1421.85131880869
658,0.0326016902457889,0.0153924854352601,0.000570476125686446,-1422.58948956754
659,0.0265439383445973,0.0185667940530443,0.000880016298635369,-1421.47844353052
660,0.0317215074050052,0.0203868126106664,0.000787510881611476,-1422.73089395738
661,0.0261327905839174,0.0132217908390082,0.000927965153594303,-1422.86765371784
662,0.0336005887971681,0.0156373655123852,0.00088693603755419,-1422.66982871584
663,0.0324019483781841,0.0160319075145023,0.000502897002093787,-1423.1592951115
664,0.0311539103379006,0.0223949063239815,0.000662228500372558,-1423.21717654167
665,0.0268244746734852,0.0229169493626067,0.000941466549639418,-1423.27582343755
666,0.0199132915355152,0.0195028835778087,0.000825594361593458,-1422.59510333541
667,0.0200954107948233,0.0209599833650309,0.000746942350603155,-1422.60258008947
668,0.0216713218031571,0.0216368446593107,0.00114511217960886,-1423.93552573468
669,0.023582909197186,0.0141776475134609,0.000803847192937999,-1423.09668019375
670,0.0238764963802303,0.0253424786230853,0.000777739933813298,-1423.289884216
671,0.0251839615431239,0.023209649277592,0.000625460460904096,-1422.5677594448
672,0.0250164458103497,0.0254316736464711,0.000802934853952488,-1423.52339673013
673,0.0253008600136416,0.0215315123812618,0.000569912678611444,-1422.46053807782
674,0.0284748981667601,0.0194793737922041,0.000966824219964554,-1422.45469884319
675,0.0215307173743297,0.0175887966050012,0.00129121875542758,-1424.59966692577
676,0.026722452679656,0.021731428021024,0.000610524934950472,-1422.22024528685
677,0.0283842239753878,0.020557334808697,0.00053949126537704,-1422.57516136769
678,0.0303757562087453,0.0147465887547182,0.00082229825705633,-1421.83260757551
679,0.0281194150801585,0.0229753237242562,0.000698860056668915,-1422.65051098915
680,0.0254336703154561,0.0243023526952353,0.000490919721537924,-1424.14368240969
681,0.0274928130763187,0.023830948224406,0.000954057913441101,-1424.05194697861
682,0.0339171503809583,0.0142373886246262,0.000701518678311148,-1422.44154178268
683,0.0293074153674836,0.0179607939308073,0.000726785098653718,-1421.41645097694
684,0.0263721106795064,0.0188222296019221,0.000756733198104105,-1421.25621205021
685,0.0356156589343096,0.0133371018254025,0.0005115731051793,-1424.16154204682
686,0.0294017645222229,0.0149481159543677,0.000641569863989101,-1422.03668747947
687,0.0300324978507218,0.0159961533741834,0.000770252252040048,-1421.5186703035
688,0.0266088215591713,0.0201503231858084,0.0007083040652691,-1421.48877539312
689,0.0258416091794623,0.0172127108655145,0.000813540207225001,-1421.31285778395
690,0.0315296046703906,0.0152715461255058,0.000840528846293613,-1421.96077152045
691,0.0305776475662916,0.0125082186173887,0.000942721014527063,-1423.07775930667
692,0.0229729790877455,0.026526416687086,0.000904771131872311,-1424.42527673783
693,0.0206603943239525,0.0185813464146781,0.000825372244078069,-1422.3799745009
694,0.0220970574970903,0.0193988990639883,0.00108949750243038,-1422.92647492803
695,0.024172051251709,0.0182063370082009,0.00102811446575572,-1422.219076885
696,0.0188924846232464,0.0219685058090317,0.000612168366946313,-1424.17551011274
697,0.035262441362121,0.0137402949067478,0.000564940462137838,-1423.43613639647
698,0.0442034151765582,0.00909374532049632,0.00106137186853632,-1428.38864578438
699,0.0246770335781685,0.0127802930408122,0.00105005994669529,-1423.7241995975
700,0.0355900437954412,0.018169667503467,0.00119688703624366,-1427.11495234694
701,0.0326297724679409,0.0182793114900992,0.000565487807172056,-1422.63410271009
702,0.0318357804944348,0.0166238293593919,0.000689413495503892,-1421.81386147818
703,0.0251296376457769,0.0218782377063547,0.000615704822751379,-1422.20726444157
704,0.0252354380270099,0.0171847795117688,0.000806765437588713,-1421.37167381247
705,0.0218545524238376,0.0190258803197923,0.000588552741449127,-1423.04954626445
706,0.027747050575749,0.0192188221521718,0.000797166544298962,-1421.44330010095
707,0.0215798110140022,0.01855261345569,0.000718148966213906,-1422.25705219613
708,0.0316354947125937,0.0172998351619371,0.00056544893051593,-1422.34926082954
709,0.0289267125988176,0.015002839971691,0.00100256270966259,-1422.37678953734
710,0.0270765283685905,0.0136621205386488,0.00144148395121962,-1425.97196357412
711,0.0297544164643652,0.0126216170568218,0.000782287840885025,-1422.74483137569
712,0.0228800470473507,0.0261564427747357,0.000932344243771146,-1424.36937069087
713,0.0228802093917437,0.012915090076133,0.00102854840098136,-1424.17644312079
714,0.0246948799832424,0.0135325804204378,0.00086032264148096,-1423.01498757503
715,0.0329983350154178,0.0197344286267576,0.000542646056996402,-1423.21619424206
716,0.0245417924370317,0.0201005774749374,0.000900086137401615,-1421.72545979802
717,0.0230130369681231,0.0188182635783581,0.000766609946180049,-1421.60913067143
718,0.024725283634413,0.0212298521563774,0.000860309451904993,-1421.8446419957
719,0.0244722279479559,0.0188888355432441,0.000531663206279274,-1422.86729293805
720,0.0273738043623237,0.0188200513848823,0.000662558802059016,-1421.45910520004
721,0.0305147784493589,0.0210407211099074,0.000525619065750839,-1423.13719677157
722,0.0269271036324651,0.0231729856661274,0.000736894812872077,-1422.52585985152
723,0.0231853664399684,0.0178488550392431,0.000779210594442583,-1421.67151020634
724,0.0270582326934301,0.0172597954929845,0.000939491187610088,-1421.69630176523
725,0.0227981400025377,0.0246800724431529,0.00078679434076482,-1422.96392017587
726,0.0247005689093981,0.0237734664280079,0.000453639261134281,-1424.58148410704
727,0.0204117283024519,0.0205742454249524,0.000530453766923242,-1424.35840206932
728,0.0390386502322053,0.0142847640277066,0.000432349750325431,-1425.77822972572
729,0.0327554154193505,0.0242637647838977,0.000393221992747974,-1426.78427942321
730,0.0277154939737394,0.0179834868661148,0.000726235119366042,-1421.2713548988
731,0.0292936578559763,0.0173076143235454,0.000630987678757562,-1421.65903672326
732,0.0278829165917662,0.0228849158694918,0.000731542439011861,-1422.5765156207
733,0.020623175442944,0.0220281564775106,0.000715739011553121,-1422.59623283288
734,0.0293819276020664,0.0152918109953762,0.000767882973137753,-1421.57904185196
735,0.0230716778687845,0.022492371399322,0.000761463580702407,-1422.07638733907
736,0.0251699648812309,0.018283219939697,0.000945353063754512,-1421.71087759479
737,0.0268766231216933,0.0168715389553372,0.00080258740297729,-1421.2910127764
738,0.0241888976714579,0.017478087719832,0.000849395875384583,-1421.51840931974
739,0.0279997235864304,0.0173291602768626,0.00074158312711971,-1421.2697545478
740,0.0300888234971376,0.0176612678006448,0.000809232545760291,-1421.6154757718
741,0.0257598465211276,0.0127161553352228,0.000733108143694528,-1423.67608882275
742,0.0393731845261581,0.015648860545113,0.000595854222227183,-1424.31643541355
743,0.0364144512599724,0.0155782676001982,0.000679582210416748,-1423.0357763338
744,0.0362936491334447,0.0183084855198047,0.000851459806001121,-1424.10612535159
745,0.0203602076707044,0.0223845444496062,0.000860641956787912,-1422.67260390261
746,0.0257681270122284,0.0180268686905526,0.00080676914137146,-1421.26078331006
747,0.0206475548944516,0.0181846080184472,0.00076778110743992,-1422.59063342233
748,0.0223734235386262,0.0228875403904258,0.000808277670619564,-1422.30647780956
749,0.0237745103843509,0.0172974474013134,0.000581294711517754,-1422.81062523496
750,0.0298074287735623,0.0179654448379579,0.000885755664281665,-1421.89950535678
751,0.025039678626228,0.0203342759496696,0.000702670859686683,-1421.52467733056
752,0.0295234890980116,0.0185080786699391,0.00050324490699823,-1422.79268613825
753,0.0283276469067848,0.018532606222006,0.000803766195802367,-1421.41941048236
754,0.0206349902000688,0.0148371670282823,0.000879770642017364,-1424.09936204716
755,0.035693367559158,0.0133857588482223,0.000795023164205817,-1423.08309195562
756,0.0254622446250015,0.0176551162935927,0.000676403791264095,-1421.54247727503
757,0.0261362249313664,0.0193012311578396,0.000644745431083673,-1421.58132001962
758,0.0284538232536331,0.0219110261101234,0.000796024251752289,-1422.42284670679
759,0.0258861093339786,0.0212046098813301,0.000648692193180668,-1421.86312379961
760,0.0312576813286446,0.0204283258749355,0.000893453888810018,-1423.13663878559
761,0.0339291778882321,0.0135333032194213,0.00101655807077179,-1423.72707394113
762,0.0352946496087558,0.0126562065940261,0.00110009501142912,-1424.95814104161
763,0.0206869105550193,0.0148602327636586,0.00147155494229771,-1426.03843713926
764,0.0259905903593049,0.0181622354284072,0.00122642760820709,-1424.02231964349
765,0.021355765574186,0.0164821936323035,0.000790019498539729,-1422.82910761012
766,0.0207244275103118,0.0243129386875738,0.000808280321526202,-1423.0964230444
767,0.0191422927935868,0.0163218760856953,0.00115372881820631,-1424.59223931228
768,0.0327857826660182,0.016676344902121,0.00092316984500243,-1422.73137083661
769,0.0298215948538649,0.0155532712752798,0.000808884759032302,-1421.59451936005
770,0.0250493062623327,0.0172304614600983,0.00109533502694373,-1422.64724978029
771,0.0206045710525259,0.0154685544849856,0.000733294187069737,-1424.20337006205
772,0.0210143696028988,0.0203700143742159,0.000956286923800581,-1422.44099650255
773,0.0222141790914933,0.0168534639648511,0.000884942766622902,-1422.22539764937
774,0.0226473295423827,0.0203995300401411,0.000712207785555423,-1421.82225653308
775,0.0304406533770545,0.0182439603649216,0.000979728752720897,-1422.72647159464
776,0.0188263399203124,0.0221381080003824,0.00106176786929069,-1424.08687843589
777,0.0223106799376247,0.0161114429882051,0.000693451235279035,-1422.97527431402
778,0.034760879524244,0.0166085833846381,0.000694494960175268,-1422.5720570651
779,0.0288139686064674,0.0159630165201134,0.0010725968141059,-1422.7776272313
780,0.0325845922043329,0.0123591379054977,0.000673908047933203,-1423.12968004054
781,0.0302008734036718,0.018127951863703,0.000476531270481851,-1423.19202782811
782,0.0279585765597891,0.0181963034562471,0.000849616309354052,-1421.45713427179
783,0.0243225104744883,0.0175734537265922,0.000856511517704751,-1421.49609632601
784,0.0245838876497337,0.0201133545688059,0.000983536003751167,-1422.18200147639
785,0.0245602511350245,0.0168968608884393,0.000829270972660695,-1421.53552226323
786,0.0225364830716532,0.0208326682771778,0.000892818664601426,-1421.95727184394
787,0.026008276083561,0.0208126879169827,0.000760388644627469,-1421.58174399098
788,0.0222652088949382,0.0196839766103763,0.000890843610531824,-1421.8585445856
789,0.0246854571634275,0.0220365664677432,0.000942815015511936,-1422.52260940334
790,0.0269560418643867,0.024489370221339,0.000647221052958837,-1423.20921366347
791,0.0221054996886401,0.0170561829079056,0.000916579859894065,-1422.25505125367
792,0.0301400130993178,0.0140324161008604,0.000654895610990269,-1422.31259760708
793,0.0295961684514765,0.0168306088710887,0.00104925858098046,-1422.7943622319
794,0.0227500632538922,0.0191040024753877,0.00108377408817528,-1422.77731399065
795,0.0250246079314496,0.0169853664583908,0.00105750334065127,-1422.37870863647
796,0.0191242526441296,0.0169781642243182,0.000781358880386215,-1424.02621475369
797,0.0252125116117248,0.0190757659856844,0.000474310828886371,-1423.56567559555
798,0.0256703599725333,0.0190447349604096,0.00074358040810813,-1421.28746574182
799,0.0270520945298338,0.0185723225265663,0.000761806657440204,-1421.25562279663
800,0.0296572153579258,0.0179165566867889,0.000612631430233842,-1421.79221700203
801,0.0330969423298771,0.0174305633998513,0.000951367869649772,-1423.18789961142
802,0.0264421610982437,0.0208452042298964,0.000628392836933872,-1421.88636343986
803,0.0267745932725771,0.0188265174868067,0.000728667110701008,-1421.28230243522
804,0.0237624186626449,0.0170616445724868,0.000590377387143899,-1422.79547006599
805,0.0240040421350688,0.0231655178756937,0.000738524996077599,-1422.2658771639
806,0.0196897150831824,0.017605952678157,0.00110369164454793,-1423.77648501102
807,0.0270337877766989,0.0175172363773336,0.00108403276284545,-1422.69629963977
808,0.0239940797823543,0.0180997672440599,0.001048251469674,-1422.3601775703
809,0.0198452834387867,0.0169541469486727,0.000966707505563766,-1423.39219691116
810,0.0277856908574559,0.0188248432709667,0.000565459677717675,-1422.08077942683
811,0.0284092331838349,0.0201572096456705,0.000537160187940286,-1422.52160792232
812,0.0273616484384984,0.0176791058228748,0.000645042707774961,-1421.53068387586
813,0.0284625792233273,0.0156549626794396,0.000774181248773234,-1421.46922927713
814,0.0298090606667951,0.0130775130018577,0.000897484289716247,-1422.59520632176
815,0.0267405816692545,0.0189165342398928,0.000829823536913777,-1421.3709595123
816,0.0215832615924808,0.0203433205750647,0.000907448325378396,-1422.10770019519
817,0.0228369269113098,0.0206034090525797,0.000554604244253897,-1422.9514848283
818,0.0305473644551863,0.0142919378515659,0.00101490629649078,-1422.81780899889
819,0.022814173474973,0.0158016348031724,0.00124150741723904,-1424.04167158612
820,0.0259247987237665,0.0128577381815633,0.00110930526573421,-1423.68444147568
821,0.0262752410320005,0.017714236846437,0.000942815783760755,-1421.6863458801
822,0.0267180032950964,0.0162558919645965,0.000558381491274342,-1422.60249085869
823,0.0331006043096415,0.0153819692762798,0.000728152399200064,-1422.08825194264
824,0.035132310523709,0.011047549721575,0.000712792044755106,-1424.02127658538
825,0.029915593284426,0.0136492194443937,0.00094412755623277,-1422.52306438553
826,0.0339619185876909,0.0139758511242701,0.000682085035656972,-1422.54751966266
827,0.0292087418654344,0.0140001986570202,0.000805964412572255,-1422.00288502337
828,0.0287808882411945,0.0162462169757621,0.000716868789344488,-1421.42705900381
829,0.0259054394849821,0.0217952977529304,0.000520276365332118,-1422.99961209911
830,0.025382513289869,0.0187656616246836,0.000493528757163069,-1423.23164093064
831,0.0225410304943376,0.0185700170559153,0.000469323694958902,-1424.7258320886
832,0.0228641115629856,0.0267572390423842,0.000507998630492658,-1425.1527490261
833,0.0235590843921652,0.0261501843719497,0.000726504450946634,-1423.65139016871
834,0.0289327247088201,0.0262655983940452,0.000639789395543894,-1424.6852486056
835,0.0189251691233492,0.0229931482883173,0.000908423456329155,-1423.4815563241
836,0.0235569565838095,0.0164312469478699,0.000849956534780828,-1421.90163937604
837,0.0302597195857096,0.0161566849585831,0.000835383125352548,-1421.65708156407
838,0.0305058900484707,0.0169004469508979,0.000787324984996512,-1421.58513144362
839,0.0362714740178738,0.0159644126410157,0.000785969872587164,-1423.16806852167
840,0.0320587805574237,0.0114762843487321,0.00114417245591954,-1424.93519679049
841,0.0307305751224224,0.0164403319541134,0.000695376620730015,-1421.61963626278
842,0.0290985322791327,0.0180378576376659,0.000772087042098495,-1421.41201342672
843,0.0265716218100718,0.0189164325883347,0.000752198175873703,-1421.26885613109
844,0.031175446540103,0.0195704359173975,0.000788451745343789,-1422.26013611324
845,0.0325906444476775,0.0180296436034932,0.000787804851190721,-1422.2670649595
846,0.0242077329866678,0.0207478939521057,0.000663641362885938,-1421.78940657324
847,0.027502494686781,0.0242343508744551,0.000736584563261823,-1423.16636554492
848,0.0217145797254394,0.0254589097693967,0.000638536888562028,-1423.66094720956
849,0.0227999621873132,0.0174152659578963,0.000735614830385131,-1422.00184500293
850,0.0220065787912456,0.0213799326146577,0.000688321179587655,-1422.1734467657
851,0.0262309046403242,0.0158340167976364,0.000501562620777422,-1423.69427189048
852,0.0360185415113781,0.0198137591333275,0.000976529946472064,-1425.64928333597
853,0.0191727514356112,0.0223943320032709,0.000593427951927111,-1424.22045551258
854,0.0218578425604587,0.0222924709163071,0.000627991585810065,-1422.71305294063
855,0.0295670130763639,0.0211754254001356,0.000475414912269313,-1423.58483482618
856,0.0271655428846352,0.0158350556574692,0.00107363873292225,-1422.5908453149
857,0.0150288875021492,0.0240292379555689,0.00108055698440641,-1427.08782348502
858,0.0161813769070883,0.0224906709346385,0.000974696907214804,-1425.33578119451
859,0.0153864055367239,0.0209511241553757,0.000772793347618535,-1426.29350621616
860,0.0225698000794794,0.0165365218114626,0.000970161027472081,-1422.4023717715
861,0.0288948733760023,0.0170238259428498,0.000973462449585564,-1422.10713472369
862,0.0301974463605534,0.0133032124440736,0.000685226471349763,-1422.54057772861
863,0.0401407079838662,0.0132985634403775,0.000687302518073568,-1424.36925537459
864,0.03868372219922,0.0171053106262122,0.000572502210389515,-1424.38997514749
865,0.0225701215635051,0.0172114258149878,0.000966461772695341,-1422.22586236447
866,0.0223646975918438,0.0203884307484394,0.000855707237871569,-1421.81204272943
867,0.018993287213792,0.0262634591773637,0.000820315980658954,-1424.38160188354
868,0.0211374991707204,0.0249775797333587,0.000862826763614849,-1423.43472224088
869,0.02242570159035,0.0209712425875264,0.00088418638365317,-1421.96931598753
870,0.020787834231879,0.0202371431232449,0.000650008845920413,-1422.79799691917
871,0.0291555237363301,0.0150289959052364,0.000823892092052222,-1421.67269893628
872,0.0345272876729699,0.010773264696042,0.000807433061885158,-1424.11020912131
873,0.035377396079933,0.019807420240215,0.000922804064130879,-1424.8414284599
874,0.0344332836349846,0.0125039189122738,0.000730294645677323,-1423.06939368192
875,0.0377525119355067,0.0168271727712713,0.000700405377412009,-1423.72720418555
876,0.0363259627486779,0.0167845945518351,0.000562212542283857,-1423.50581368478
877,0.0364527950517101,0.0196400232642544,0.000802613215155477,-1424.46224454288
878,0.0242024210671577,0.0228530577040863,0.000734416204057057,-1422.15131010143
879,0.0229534909861776,0.0250534331115549,0.000557750079696421,-1423.88606787627
880,0.0236459589637964,0.0181548066104184,0.00107913152150032,-1422.60366048597
881,0.0232367718489286,0.0229456188940118,0.000795049585766805,-1422.23845192859
882,0.0245272665314495,0.0181096095900341,0.000573406283112286,-1422.45423600859
883,0.0257960810829157,0.0227896966109352,0.000817304946784942,-1422.35553508265
884,0.028124348341468,0.0122505629783796,0.000767327627983251,-1423.27530804915
885,0.0300900840634343,0.0220876321152555,0.00067782543325647,-1422.747852043
886,0.0263591472009293,0.0164718652307293,0.000601583310992515,-1422.15745134141
887,0.027315292549562,0.0161378678254688,0.00100411464708913,-1422.10993126458
888,0.0300383418380431,0.017038216026214,0.000919371096309162,-1422.00439258547
889,0.0301516944143371,0.017516278201157,0.000486688054268136,-1423.0549513052
890,0.0306151555529245,0.017432350877673,0.00108072554516145,-1423.45258961423
891,0.0362523481350577,0.0162494007271949,0.000990636707211735,-1424.49694620662
892,0.0317563810758478,0.015728890957344,0.0010897987889665,-1423.62839910413
893,0.0262979158800382,0.0183259634879199,0.000694384256084346,-1421.34195106457
894,0.0231522850441102,0.0153922259867904,0.000717798377048642,-1422.83475896493
895,0.0347791047023047,0.0129212202937582,0.000635535342271883,-1423.19933978729
896,0.0261862301574924,0.0162951107298497,0.00143121921827549,-1425.97623125705
897,0.0255331589144139,0.0126432833420635,0.00105339247712764,-1423.64850067956
898,0.0294870527147926,0.0191144075360144,0.000610883197618097,-1421.90119948601
899,0.0311200126255076,0.0167554457247717,0.000468269666024595,-1423.44771449882
900,0.0394397496309641,0.00977512735691799,0.000435505401829444,-1427.97448168238
901,0.0443663247353674,0.0149475602093322,0.000637801953557102,-1426.27907220795
902,0.0218843386872249,0.029291655184383,0.000794568105632293,-1425.6127158198
903,0.0214959708669267,0.022113351833805,0.000724908411379104,-1422.30619071732
904,0.0210325196778911,0.018767056366353,0.000939954703900173,-1422.3599213699
905,0.0235423104248752,0.0172426372049095,0.000709939624532198,-1421.90923504572
906,0.0259481954584323,0.0197642552531346,0.00076648374399769,-1421.36171110722
907,0.0282549868165009,0.0138794654104848,0.00103375183867656,-1422.79556198351
908,0.0259335998335182,0.0207538936386271,0.000899257690053208,-1421.96859140928
909,0.0257799402214442,0.0141642935558376,0.000798008847889006,-1422.34615706304
910,0.0328888824076244,0.0156501613270876,0.00074685870721929,-1422.03144012038
911,0.0237248530557697,0.0181335065738451,0.000768144841243345,-1421.51390051057
912,0.0214226069553607,0.0190680611998228,0.00077884306458747,-1422.04564058741
913,0.0316354013840287,0.0182324141118595,0.000716945930421259,-1421.91653463904
914,0.026073103004749,0.0214820299095627,0.000829824713729253,-1421.92743517183
915,0.0236697165165218,0.018124842133759,0.000789280517861744,-1421.50540366649
916,0.0341918975842074,0.0180909480828775,0.000679608908306546,-1422.65328392826
917,0.0336048456541416,0.0141164421600766,0.0008959487896871,-1422.79270622007
918,0.0340344430428384,0.0153084007027569,0.000609273435185023,-1422.59083941602
919,0.0269386202126236,0.0219313264581247,0.000725024247966071,-1422.01276278835
920,0.0250403051030109,0.0199770124493272,0.000780063278802636,-1421.39907346389
921,0.0238076123369605,0.0183635115985438,0.000873988403133346,-1421.54546492176
922,0.0264092683089917,0.014905606093964,0.000827350571855694,-1421.83517331366
923,0.0318854158498602,0.0172256877782757,0.000809226951816829,-1421.98226529505
924,0.0260166091495642,0.0156149528212206,0.0011124389768465,-1422.85369848131
925,0.0273754961708855,0.0137161273014567,0.00104116289645699,-1422.8823734524
926,0.0263077017672281,0.0158722578811061,0.000763281106371763,-1421.54654482045
927,0.028252621390137,0.0144507317878368,0.000936421604763324,-1422.12876609467
928,0.0358396483697715,0.0180469684676891,0.000898506362444329,-1424.11747538724
929,0.0305720232919344,0.0151943366810838,0.0013187601064097,-1425.64911255297
930,0.0205473286294631,0.0147825318428044,0.00119534895624084,-1424.61429862113
931,0.0335336365573361,0.0169785191769996,0.000595907361395906,-1422.52028525523
932,0.0309462719908105,0.0181528441786583,0.000833828474935394,-1421.9794673785
933,0.0347103823965905,0.0157044895752667,0.00061761107174316,-1422.683690134
934,0.0265840374778488,0.0170211800196606,0.00109888440509615,-1422.72891028828
935,0.0228096415598934,0.0137941639138932,0.000678257474243266,-1424.56054411075
936,0.0245156557030897,0.0245079557388171,0.00101292346333685,-1424.21549015068
937,0.0203298993174568,0.0151361450433112,0.00123247149598206,-1424.75100796621
938,0.0329549884227453,0.0171647234444911,0.00102900875127063,-1423.71518698636
939,0.0320185328435502,0.018157120443477,0.00093781536002168,-1422.89662929036
940,0.0328704880738514,0.0165664028964176,0.00108904762955873,-1424.1183444992
941,0.031071330679963,0.0145000093180159,0.00101182095547153,-1422.85888418867
942,0.023345238174875,0.0231752136130628,0.00052598013405634,-1423.55623301218
943,0.0378829693621109,0.0182329445581973,0.000614183527479804,-1424.21720326349
944,0.0279807555738767,0.0178839309878587,0.000883968269261778,-1421.55845774325
945,0.023184292341692,0.0171067958551425,0.00080526328789041,-1421.81303777282
946,0.0313687839796275,0.0161614286774985,0.000707655560058923,-1421.71312361142
947,0.0258151622318869,0.0239467999257595,0.00102629832695844,-1424.28296173598
948,0.0226722828091794,0.0181022884355375,0.000904662444043443,-1421.85837168747
949,0.0233430480015205,0.0166607329204661,0.00076569092501404,-1421.9671728925
950,0.0232505333949935,0.0165955136357323,0.000769984014743449,-1422.01129509412
951,0.0275237631631768,0.0156482428230311,0.000911133304641171,-1421.71973893356
952,0.0353158728096853,0.0143044955600853,0.000661003289569077,-1422.81524776088
953,0.0361496896864739,0.0152872529709418,0.000502521998617186,-1423.93636622795
954,0.0244360072880643,0.0220187596820269,0.000433284022626427,-1424.61893170801
955,0.0243962118422534,0.0202259600700552,0.00115511720564836,-1423.62686935747
956,0.0241836917376766,0.0177035935579208,0.000991316786961771,-1421.99904888322
957,0.0261696471115463,0.0133542552564786,0.000699950166220211,-1423.15426050729
958,0.0280129445186006,0.0135868738861083,0.000662186435229358,-1422.7396396935
959,0.0309983012393388,0.0155456346830846,0.000858074244549321,-1421.89633104162
960,0.0295027537566182,0.0145058936190861,0.000952521725622074,-1422.26234120148
961,0.0296339635566148,0.0130115978057755,0.000979903252317876,-1422.93612648627
962,0.0292696866109307,0.0192636163049628,0.00109989303620859,-1423.76296366876
963,0.023755728280711,0.0168739795339336,0.000641303550212858,-1422.38310537928
964,0.0307516919659954,0.0217989824923265,0.000519610683659752,-1423.498482775
965,0.0277554742617181,0.0219008981405103,0.000856107660531859,-1422.49986915944
966,0.0272609050079323,0.0207603042179996,0.000880827766463487,-1422.07805648505
967,0.0226977677082252,0.021658446479893,0.000602011832959905,-1422.59047304319
968,0.0245167573107299,0.017858212547518,0.000634979344505772,-1421.93989946784
969,0.0261611880459982,0.0174121093777091,0.000780262186182152,-1421.25971205501
970,0.0292785029564678,0.0201533569537553,0.000937925031591501,-1422.68683677718
971,0.0318288412388574,0.020474722942843,0.000533893292948473,-1423.18922586549
972,0.0252705946555521,0.0155892756779471,0.000537847806319372,-1423.56988913772
973,0.0361143541775105,0.012371112423742,0.0010270663426763,-1424.6520865126
974,0.0232972434563489,0.0185362317249205,0.000729944664612643,-1421.64878412434
975,0.022362991580134,0.0234167606902335,0.00114600716124079,-1424.667479695
976,0.0202153452836352,0.0245720754221441,0.00107001895968914,-1424.65105668922
977,0.0167377952800042,0.0176758869157067,0.000754551347075794,-1426.03945361911
978,0.0415978369423098,0.0142878381785295,0.000672860309377628,-1424.94085608529
979,0.0257999866438473,0.0209207343985528,0.00085869109832639,-1421.82207474845
980,0.0247615685100441,0.0242100472633705,0.000837425292442115,-1422.96078796169
981,0.0246340543600429,0.0181563351496655,0.00105153361300461,-1422.36112283021
982,0.0327969128087793,0.00823193750624278,0.000828874333985575,-1426.98944503562
983,0.0383477062835293,0.0204261879948139,0.000564286480649931,-1425.45025989851
984,0.0180255076531986,0.0227049273470122,0.000706534376371743,-1424.0620517095
985,0.0206429215252599,0.0238716894093251,0.000622805116115229,-1423.49914041184
986,0.0216833871956649,0.0195188166293131,0.000857097304600771,-1421.92294995907
987,0.0275802712260712,0.0185954832678942,0.000847535303797179,-1421.4569011755
988,0.027948060054979,0.0180115301612794,0.00101994108770143,-1422.39201831943
989,0.0234967043798845,0.0180152510710185,0.00110765505032688,-1422.82444359585
990,0.0218825892044457,0.0213812431302046,0.000838393099083958,-1422.02648452301
991,0.0238363130105187,0.0184537150437137,0.000520949208023738,-1423.28130700861
992,0.0344539345219259,0.0172152913583573,0.000839193156275213,-1422.93308485213
993,0.0314290292466752,0.0146340354868319,0.000670743841503502,-1422.06091575032
994,0.035272218082216,0.01572134722048,0.000713574030390439,-1422.66454185918
995,0.0230847598610459,0.0181709315323122,0.00102294878521279,-1422.29290140602
996,0.0267661738731678,0.0168420078438573,0.00114555946064822,-1423.13636078562
997,0.0264614932491457,0.0175051920581941,0.0012650853631628,-1424.37523010939
998,0.0204001848342472,0.0189996853490463,0.000988623942670634,-1422.74704058907
999,0.0247921277638867,0.0192913859696752,0.000585566081458717,-1422.1532360455
1000,0.0267099440382666,0.0183922905098828,0.000915930668103336,-1421.62878278579
