"i","asc1","desc1","pol1","p"
1,0.029460062053497,0.0149535232345874,0.00749226768952151,-1493.05041075015
2,0.0221876593388294,0.0142722019898136,0.00323684771185937,-1409.37539851455
3,0.0105317570004079,0.0118467619855611,0.00206417690318973,-1403.82220359296
4,0.0313067509621081,0.0101129673538634,0.00134005631025468,-1401.11473049645
5,0.0276412511457389,0.0112809406538945,0.00168672057679859,-1400.18215909702
6,0.0207953461661867,0.017167850827146,0.00117403102732645,-1399.06283675104
7,0.0194428134334206,0.0179428005733756,0.00133005024948306,-1398.38850824387
8,0.017240113211463,0.0217604642883412,0.00121850798339266,-1399.25893063752
9,0.0233707121776932,0.0182958947577866,0.00128413883184356,-1398.67855989829
10,0.0247004249458037,0.0161649386954332,0.00103181086218654,-1399.82337690255
11,0.024159966922875,0.0186942318565749,0.000783215110959075,-1400.50454727974
12,0.032701843724337,0.0282101147527179,0.000948949333408903,-1403.45011481368
13,0.0164620475298027,0.0288896985885991,0.00141312014262473,-1401.86267685206
14,0.0196643949425314,0.0139111931200777,0.00190917668558473,-1397.32936713661
15,0.0169322103550121,0.0129926867730017,0.00232238833876393,-1397.93123006723
16,0.0175351650279816,0.0124937935104038,0.00208203387299875,-1397.28741084553
17,0.0203383664255365,0.0125949359340176,0.0016768855425608,-1397.77197761768
18,0.0180290076500829,0.0119264049632523,0.00179927880674983,-1397.53210512446
19,0.0198324084475915,0.0165352180910611,0.00190114445702555,-1398.13640419589
20,0.0195558583514216,0.0179991708114769,0.00129765452198979,-1398.48624240245
21,0.0210971475546486,0.0200411367643685,0.00132823705113643,-1398.50684537425
22,0.0291704047583049,0.0152315661711682,0.00103793361266107,-1399.95389883613
23,0.0229039785988834,0.0194591733026149,0.00103096243282624,-1398.88157667704
24,0.0271099163539447,0.020677575515631,0.00119560499397882,-1399.30599019342
25,0.0273871115557587,0.0163253858871985,0.00115418974042481,-1399.41639865692
26,0.0149851931590161,0.0302150385103648,0.00117063090372324,-1401.66901034574
27,0.0219698416337876,0.0297233865651329,0.00116785435882821,-1401.17617889283
28,0.0193124333885633,0.0228292145949734,0.00119937135857314,-1398.84055485665
29,0.016053723379157,0.0209138523033024,0.00190537035979748,-1400.28712539309
30,0.0144457917657939,0.0109880422396488,0.00194518960196645,-1399.43237019841
31,0.0181978760996739,0.0161968252023352,0.00128784072998663,-1398.93552633073
32,0.0195324755034548,0.0235163646467398,0.00102236388939645,-1399.02429784071
33,0.0228803044237335,0.0208295485164646,0.0012861113443666,-1398.72108966375
34,0.0175721226656679,0.0140118086074854,0.00171335733044407,-1397.21336964788
35,0.0221828021452176,0.0131065481755093,0.00207023980676875,-1398.78157093412
36,0.0144209827711736,0.00957157489367145,0.00205594982559074,-1401.72314434947
37,0.0302424570669636,0.00937189834756916,0.00166145196491288,-1400.70886868051
38,0.0258315857320348,0.0154687109651839,0.00176140622204332,-1400.01645923224
39,0.0208426619168781,0.0115831086698085,0.00185921629783982,-1398.08938454589
40,0.0190863387181135,0.0156810166139252,0.00208275114071621,-1398.08887540273
41,0.0151847990444108,0.0125618575606511,0.00196821474341787,-1397.66825354954
42,0.0185191096572764,0.0156488541795181,0.00197401695043799,-1397.59542198331
43,0.0169195623271816,0.0196441396808986,0.00211907064758045,-1400.43142563289
44,0.0201877108566776,0.0158763863310496,0.00162989890575911,-1397.71702114011
45,0.0215693346469029,0.0129492449928147,0.00180036185645674,-1397.92680722543
46,0.0151436419436403,0.0140729519614457,0.00196551620727581,-1397.42197014076
47,0.0201749997515285,0.0106563837871664,0.0019927500353678,-1398.61006492309
48,0.0165446123713913,0.0200158399367948,0.00120523693241111,-1399.59358913919
49,0.0284121176479526,0.0168204510676917,0.000940371807462237,-1399.72711171188
50,0.0296024288926274,0.0186451513931522,0.000834529748481237,-1399.82543261954
51,0.027676162411389,0.0183423786473231,0.000813775987038337,-1399.95942820093
52,0.0313684498022531,0.0173921512794293,0.000930076150348936,-1399.82649013632
53,0.0328371225468336,0.0160090072552285,0.00122535322376358,-1400.52712120663
54,0.0192382355923585,0.0178474355633448,0.00186009897585468,-1398.46553652645
55,0.0140487428200166,0.0173912940904028,0.00170673792886165,-1398.97046250758
56,0.0208939943563025,0.0156467308232078,0.00169229076203783,-1397.84259931424
57,0.0159263847664123,0.0117302071608631,0.00177360601447183,-1398.20936893357
58,0.0180351209432988,0.0167429026331314,0.00170058868001526,-1397.61582996382
59,0.0155538272314253,0.014775209196728,0.00212597485122349,-1397.58106242066
60,0.0170468505229235,0.0190494371747853,0.00167259663910652,-1398.47845363583
61,0.0219146278471454,0.0124671640262728,0.001977446725199,-1398.3851465968
62,0.022878055874778,0.0110922953687616,0.00180548868116613,-1398.94245969849
63,0.0161513326561154,0.0107126532364179,0.00205446760375311,-1398.71863141364
64,0.019832318658203,0.0155515331036885,0.00183606228584228,-1397.63597569188
65,0.0178843062847547,0.0160316225965245,0.00156474925572913,-1397.67539400439
66,0.0154102923509359,0.017162081739676,0.00145446499945292,-1398.89404286474
67,0.0179264575243705,0.0159701000562373,0.0013170762136237,-1398.83804247761
68,0.0173164981570803,0.0193120054758822,0.00162826025636197,-1398.50964150146
69,0.0170846388294179,0.013131486449206,0.00166945808361256,-1397.55956821659
70,0.0183106724477574,0.0144213565214087,0.00190891723924184,-1397.09776644558
71,0.018846307441617,0.0128044325351033,0.00201974853572669,-1397.29076894567
72,0.0146440208381057,0.016059536486071,0.00189906819330765,-1398.0697220399
73,0.0206260288608108,0.0111642150874934,0.00193287441487287,-1398.29368359511
74,0.0157281961558873,0.0118838283887457,0.00205105306444331,-1397.79497598075
75,0.0153989228653427,0.016549874152227,0.00229227422583393,-1399.04530766941
76,0.0156792009852326,0.0103386774513135,0.00208458798213639,-1399.43814734897
77,0.0211521803874581,0.0117037251725756,0.00182306661515104,-1398.12674074274
78,0.0202115868704918,0.0153257391161903,0.00149178518530928,-1397.93354093289
79,0.020367453552042,0.0211035271742034,0.00181993941807203,-1400.41257269119
80,0.0213936137344153,0.00913467364058617,0.0017620375027509,-1400.32993040743
81,0.0209477694346694,0.0168488083503095,0.00120306927472605,-1398.97745084434
82,0.0349454269314775,0.0172721120586358,0.00126187238696027,-1401.4864695806
83,0.0298028779447436,0.0229048599430099,0.000608591016877893,-1401.90287712773
84,0.0394207766733955,0.0209663753931849,0.000607418172555029,-1403.74285181153
85,0.0313951925261536,0.0249224296980883,0.00126753118136582,-1402.69984289327
86,0.0168146018865177,0.0159206679151835,0.0016404411708956,-1397.6110303556
87,0.020077133467154,0.0164312171441172,0.00142450795551328,-1398.11039861677
88,0.0182716026390882,0.0145756050255481,0.00174305971305662,-1397.16516756878
89,0.0169402152916427,0.0134423304924955,0.00178971345198514,-1397.14754715671
90,0.0180243610687591,0.0137386762185128,0.002046297331808,-1397.14789312734
91,0.0218992680668902,0.0140159526381503,0.00170462493372622,-1397.9852534833
92,0.0230370308834199,0.0130122328097794,0.00184674421921389,-1398.58536377323
93,0.0224917579082495,0.0162364211477961,0.00177825038147631,-1398.71035870851
94,0.0159785036237154,0.0196781793506523,0.00171145085089147,-1399.00764884319
95,0.0142315525496928,0.0197740405762974,0.00174160342946436,-1399.74183083499
96,0.0134037967777197,0.0118904558732834,0.00177133243995273,-1400.08482605356
97,0.0249412802869305,0.0124510038144353,0.00180660545983253,-1399.40160914749
98,0.0138042056476781,0.0151640612308799,0.00185723157707503,-1398.40029050206
99,0.0191019391003807,0.0148490044617026,0.00188161469198349,-1397.31111087291
100,0.0168777744183127,0.0134126996610316,0.00191227772004161,-1397.00655874429
101,0.0180993241425048,0.0182461491765266,0.00133478569677988,-1398.53507224935
102,0.0205083850530352,0.0243986208120406,0.00115025088330496,-1398.94921888619
103,0.0192211832129619,0.0279222434625513,0.000939617281060534,-1400.01529842584
104,0.0212053993826023,0.0168524685035012,0.00169115533460047,-1398.23267542798
105,0.0179119394473712,0.0151147443460903,0.00216897318119264,-1397.84333439342
106,0.0178795142879739,0.0140142624058777,0.0018861400790168,-1396.9933009858
107,0.0177902126087837,0.0125482491503909,0.00194712094165933,-1397.13598856559
108,0.0193657065094013,0.0137358449105819,0.00176629550161555,-1397.23914404214
109,0.0236490592953997,0.0154242847786232,0.00168381624161974,-1398.78243311312
110,0.0209787418164607,0.0139192205247183,0.0016971942247114,-1397.69425654168
111,0.0164384827624835,0.015818257109215,0.00215378797709605,-1397.97296383094
112,0.0164606151706066,0.0143118897901909,0.00212863187405151,-1397.34517924641
113,0.015740239711259,0.01420932763599,0.00167569859590018,-1397.76453433568
114,0.0144772848410081,0.0153337685985509,0.00213642864631592,-1398.13901023916
115,0.0206300712793615,0.0105065870260523,0.00215776077799904,-1399.25775567422
116,0.0172306624757606,0.0118125392519805,0.00252359220355921,-1399.41195660995
117,0.0145468481052752,0.0138383308128623,0.00241767791478017,-1398.71500121028
118,0.0206252928322247,0.0108103265931157,0.00149787101102832,-1399.63057315984
119,0.0203168338460925,0.0180746959179898,0.00146878346467225,-1398.1863228629
120,0.020636800012396,0.0154924043082658,0.0018032245379432,-1397.82404340259
121,0.0221332502635846,0.0177312294571418,0.000928773594813133,-1400.18084809644
122,0.0219901232805754,0.0191220037171543,0.00150358358703388,-1398.72510016911
123,0.0226583149000256,0.0141766304183211,0.00156861900447702,-1398.31560758835
124,0.0140970711197889,0.0209768491806458,0.00157766913492299,-1400.20938609764
125,0.0267379110726111,0.0162138375489988,0.00116575218443682,-1399.37326812067
126,0.0239296788546539,0.0255636352636867,0.000800829460415098,-1399.91805015554
127,0.0224160590375124,0.0347117646724002,0.000627689689147792,-1402.95106055622
128,0.0216733090108197,0.0250984952748536,0.0017513706025094,-1402.77728845052
129,0.0269686085788564,0.0148884178547697,0.00140153707081857,-1399.5036458943
130,0.0308680393321369,0.0145089683293408,0.0013127685518083,-1400.29467258752
131,0.033826444701116,0.0167426351036222,0.00125756758130248,-1401.0018146233
132,0.0249975624152799,0.0151588116749588,0.00248346482433936,-1404.15614401341
133,0.00918682184301919,0.0156163720763221,0.00248299351167818,-1404.52417324345
134,0.0151770198208365,0.0151257359951202,0.00188491844460687,-1397.57738338154
135,0.0149624244372282,0.016385553755814,0.00179372611143923,-1398.06447445374
136,0.0167827480055081,0.0177279280058507,0.00183792925354856,-1398.13423207494
137,0.0176784650666293,0.0143130966869492,0.00191631978375667,-1397.02346045546
138,0.0155419838627098,0.0137925279324019,0.00204448086659486,-1397.30360385935
139,0.0172641099322371,0.0133185928298316,0.0018156328297017,-1397.07541767617
140,0.0169965821408916,0.0133609442190109,0.00178099746594554,-1397.16933571949
141,0.0237013737569642,0.0142399824839609,0.00182066440268302,-1398.9114837812
142,0.0240227192600244,0.0143199967676133,0.00134121340597406,-1399.09958713886
143,0.0245794659205699,0.0205081550321134,0.000897594239211593,-1399.12073595533
144,0.0307081664689913,0.0181514238637637,0.00098980418397576,-1399.61774725025
145,0.0413164990400759,0.012332916273706,0.000913541978001758,-1402.58959890963
146,0.0374870720977526,0.0208556573159884,0.000801905327638781,-1402.03908346086
147,0.0316092376130031,0.0193229701673465,0.00060816751938648,-1401.91772877263
148,0.0248214264883989,0.0394445927555525,0.000899236983075502,-1406.32655779052
149,0.0222171130928773,0.0213427571475358,0.000941148552041126,-1398.94890219738
150,0.0233195552814383,0.0178245162350677,0.00159625941008317,-1399.01731070117
151,0.0215107442201211,0.0143959191073255,0.00161799993072857,-1397.92331504262
152,0.0186389947378871,0.0133266914370014,0.00193498007971548,-1397.09104334696
153,0.0145898178297657,0.015267760512932,0.00206655353994127,-1397.94064073178
154,0.0199765789158273,0.0111770674560785,0.00226525774159172,-1399.02877938629
155,0.0139994334147874,0.0119467156108103,0.00230822946682466,-1399.15179695415
156,0.0154732735431832,0.011227041192549,0.0017521358960185,-1398.99071566441
157,0.0174293459849278,0.0128589676023095,0.00178820645083354,-1397.20692297528
158,0.0193239223852901,0.01501303978049,0.00218085494237865,-1398.27372953762
159,0.0155877108643426,0.0133184565343083,0.00169297877115105,-1397.9180377299
160,0.0192158496422357,0.0125184841846474,0.00142636375746365,-1398.97283737789
161,0.021961052261073,0.0188647696377218,0.0015219793627987,-1398.69478959419
162,0.0211861598118803,0.0154519043168821,0.00148269675072155,-1398.09288491404
163,0.0220978221440292,0.0198919390404434,0.0015489666948217,-1399.09043999943
164,0.0264577014684282,0.011913232951165,0.00204616933847264,-1400.9441566466
165,0.0197558160029458,0.0130611937699344,0.00226691152366553,-1398.41397593966
166,0.0149480194963621,0.01176714677978,0.00191534449921362,-1398.33730643501
167,0.0218716718593346,0.0117228968705253,0.00154772530342725,-1398.84699635746
168,0.0194597679930233,0.0212032125162253,0.00175987435094835,-1399.92768972307
169,0.0185273217879195,0.0192144402393199,0.00154698702753461,-1398.34605353179
170,0.0163093539847155,0.0210812831399284,0.00125850770875317,-1399.51487627432
171,0.0279151609648346,0.0222544405424289,0.00125425947945497,-1400.10997215699
172,0.0310102892078088,0.0141239694454029,0.00125904013852288,-1400.27826961236
173,0.0255269267851521,0.0170263657296638,0.00140461528875998,-1399.16700075986
174,0.0284147380262781,0.0221144120104707,0.00061792287720338,-1401.58551121729
175,0.032251151164242,0.01708527022508,0.00174391741466899,-1403.69013421111
176,0.0407550732850221,0.0140672610581709,0.00158918063746955,-1405.25953765422
177,0.0286090099676213,0.0119444846554586,0.00137059955792466,-1400.27284445117
178,0.0245328431251141,0.0183005423152513,0.00178064725229248,-1400.46242137419
179,0.0168140420828395,0.0118732449381813,0.00187806535875432,-1397.56275943349
180,0.0160875857365012,0.0118204014152023,0.00172515155150048,-1398.26168501379
181,0.0218980603270543,0.0108265094131199,0.00175255909960423,-1398.84577002834
182,0.0221055375233009,0.0128073787036215,0.00152291329762724,-1398.53287029523
183,0.0187592614222034,0.0162865799848785,0.00136576117238621,-1398.36867353998
184,0.0212216364299828,0.0192027889489991,0.000984694227591943,-1399.38225500598
185,0.0186901434982943,0.0260898716679771,0.00101289981957697,-1399.5423224407
186,0.0186393299927017,0.019050524101732,0.00185909450810109,-1398.98458097562
187,0.0217965860813022,0.0161083151906959,0.00162544455269756,-1398.16961962208
188,0.0189482600626633,0.0135775095321934,0.00219839671097868,-1397.82067347233
189,0.0167586799948574,0.0147682581091099,0.0021531233581196,-1397.52981844156
190,0.0200956099708311,0.0127420643425369,0.00205797912195962,-1397.77007397202
191,0.0179709064975826,0.0145074705490408,0.00186518082088643,-1397.05882443018
192,0.0180446031624663,0.0133210124237945,0.00202888460590697,-1397.10839818621
193,0.0176983467595453,0.0131102413079609,0.00205978668874775,-1397.13647695262
194,0.0171885538264071,0.0176689758040939,0.00150689227535129,-1398.12930361542
195,0.0211712805462662,0.0170734883771925,0.00154357926140512,-1398.15409027135
196,0.021440335766099,0.0140245341443354,0.0015433828711344,-1398.07107326131
197,0.0191496275097853,0.0153381959872773,0.00167339157718905,-1397.42492102277
198,0.0192392041938867,0.018664607364264,0.00156376589573684,-1398.21797731697
199,0.0191832865590718,0.0149410197128296,0.00161002176170933,-1397.50538846379
200,0.0203102118615671,0.018102918652018,0.00131035560306413,-1398.41906675192
201,0.0225885195194189,0.0182112795951481,0.00131688561485167,-1398.56703782178
202,0.015726721607326,0.0214666343978777,0.00135743220377732,-1399.63015611117
203,0.0211670245228712,0.0145096172247951,0.00197063363244262,-1398.13154090974
204,0.0187343388562819,0.0139132078517632,0.00167797902211942,-1397.30786027246
205,0.0190658059346287,0.0128054616964399,0.00173915436726257,-1397.36191211117
206,0.0207953101349103,0.0109025688895796,0.00202733617371619,-1398.65318978736
207,0.015664916930552,0.0138130668801957,0.00140992716633213,-1399.6316852207
208,0.0271964632714347,0.0140367857192734,0.00115069458096632,-1400.03718995701
209,0.0302531369041599,0.0188703530080752,0.00102807156887249,-1399.53950082609
210,0.0200260466066927,0.0292397260487426,0.000883961035615661,-1400.47488283625
211,0.0215464801793259,0.0191543048629884,0.00100550303392987,-1399.22348326114
212,0.0192038775763481,0.0290010213553554,0.000908413925213945,-1400.38557315597
213,0.0229467223322137,0.0243425332590655,0.00108741898452698,-1398.93378680623
214,0.0228838214584977,0.0243047077672848,0.00124406243170214,-1399.31787614541
215,0.0131400405438595,0.0321261516729429,0.000718246590409221,-1403.23058564753
216,0.0203584542655375,0.0346295319781,0.000757531890117266,-1402.34418728059
217,0.0179774225005208,0.0198009249397052,0.00222761973761038,-1401.41605990806
218,0.0192347193190251,0.0175307342828914,0.0018637623360126,-1398.32069060888
219,0.0155682354904144,0.0175613722820703,0.00177544848713838,-1398.24515460809
220,0.0194571142749791,0.0133088555043893,0.00173883698762908,-1397.3234881392
221,0.016405139734752,0.0127392181877377,0.00217752936392837,-1397.46996183497
222,0.0195687754731555,0.0148171188295916,0.00160839963748045,-1397.5469232629
223,0.0170193117739563,0.0152709196515568,0.00225851863063332,-1398.14251050084
224,0.0174346506814167,0.013366654988121,0.00157606474016253,-1397.87476866882
225,0.0176045240663894,0.0119973260270886,0.00254725521590285,-1399.53911898594
226,0.0180080150479848,0.0165466138367763,0.00156000783001998,-1397.73455784015
227,0.0223269679981216,0.0157187541126961,0.00176885401193279,-1398.46627581826
228,0.017083831154688,0.0176590919072639,0.00155330156928169,-1398.05340922213
229,0.0167525104784952,0.0138165317907829,0.00201630538224018,-1397.05309240279
230,0.0145314129337183,0.0129092207349687,0.00196131033332793,-1397.90798307615
231,0.0218647899855141,0.0138303486851372,0.00189075809560985,-1398.14271887054
232,0.0208425065516474,0.00972021781050242,0.00186654398728484,-1399.53062577745
233,0.017535766795052,0.013337076234027,0.0017809732837332,-1397.11582382598
234,0.0164671747156591,0.0149541767822124,0.00175324186852942,-1397.32224977748
235,0.0177128234801287,0.0145706704457351,0.00200716544441769,-1397.17758085262
236,0.0178748562628036,0.0121033602061008,0.00227036596108781,-1398.03019419746
237,0.0183737301064779,0.013390193509081,0.00222660202781292,-1397.7485773358
238,0.0205610066772329,0.0132087124835733,0.0016974630497591,-1397.64016664892
239,0.017525292901452,0.0155091825209433,0.00162130548237884,-1397.51221210281
240,0.0183978411587787,0.0125978567527715,0.00209643909759933,-1397.3962541514
241,0.0174673315653944,0.0132475515754879,0.00160081880247256,-1397.7720630634
242,0.0165546485243732,0.0134115518693797,0.00221625151543447,-1397.4925765615
243,0.016475405576349,0.0129066748573544,0.00198019673926325,-1397.13303812222
244,0.0174034725962586,0.0147440716257186,0.00194516409760491,-1397.11740850566
245,0.0164245343449335,0.0126237384255281,0.00212374350496452,-1397.37384636248
246,0.0201145297712272,0.0131129675474476,0.00149460305410328,-1398.27084132932
247,0.0241341839314332,0.0133080075477396,0.00200905892614586,-1399.65994112412
248,0.0228813474841077,0.0100510725516532,0.00169400635148544,-1399.6418278716
249,0.0187003290147541,0.00988531127368279,0.00219249982651934,-1399.67020824746
250,0.0242407211665372,0.00793545605566997,0.00201861741864733,-1401.38226669511
251,0.0248139777729602,0.0154352327651298,0.00107482997566374,-1399.90424894139
252,0.0211402578688541,0.0314276693662117,0.00100499248626066,-1401.39439686644
253,0.0201272947987799,0.0235351831303864,0.00104803514701578,-1398.86386779887
254,0.0278368545601401,0.0224661859381898,0.000995106154360377,-1399.36452060421
255,0.0350315358499555,0.0192348149229314,0.000778630595590488,-1400.98732746545
256,0.0378489798052584,0.0157623923378072,0.00117128286419589,-1401.82864760081
257,0.035620548969798,0.0123609927416805,0.00119155815071905,-1401.41837956889
258,0.0165110869426394,0.0145173254583112,0.00202058333010016,-1397.17758749349
259,0.0177818706764488,0.0125040016420059,0.00185957534941041,-1397.18470201898
260,0.01730319551679,0.0144891489486099,0.0016483019256395,-1397.42333701479
261,0.0229924980415746,0.0118278524736857,0.00213846395787678,-1399.59263262574
262,0.0213606527977037,0.0131142594117189,0.00180003855922853,-1397.83099840876
263,0.0158060314452049,0.0196329002742461,0.00195060974833104,-1399.66250952458
264,0.0166451222635113,0.0147576650020388,0.00203904810549368,-1397.2548766729
265,0.0159400531045866,0.0100388627483464,0.00193331318774157,-1399.79892387455
266,0.0274155331334105,0.0110657749882102,0.00151521879313855,-1400.1342794621
267,0.0322118209667341,0.0103737933107875,0.00147273877999598,-1401.06300340468
268,0.0199081185228829,0.0140351904338575,0.00187568503262264,-1397.38104880179
269,0.0167677291861813,0.0159879263846277,0.00192723565747518,-1397.50341612615
270,0.0226279608201519,0.0150706441320087,0.00148387030334932,-1398.39209904818
271,0.0178259307539141,0.0144705958353492,0.0019630826221934,-1397.10157542811
272,0.0172629127570283,0.0127944608419895,0.00188077889421355,-1397.09680211429
273,0.0175795027288224,0.0142755674622016,0.00172831074561005,-1397.17541202951
274,0.0185232744139234,0.0129695903280714,0.0017621762406315,-1397.22549302781
275,0.0226489737362483,0.0125452168733695,0.00140480366734242,-1399.22119001132
276,0.0190625139298432,0.0128332148246875,0.00237716692107801,-1398.72190971202
277,0.0160575225764468,0.0155758578772197,0.00162026803983404,-1397.83494599552
278,0.0178929852826008,0.0153177988975207,0.00218979112299058,-1398.01163833876
279,0.0178634225928644,0.0114222091618778,0.00214860070238953,-1397.98028313403
280,0.0174624906240059,0.0188953057048229,0.00205798177270595,-1399.58929599623
281,0.0152142977530165,0.0154104842826484,0.00164420222994799,-1398.09853855989
282,0.0223269322781073,0.0139846454014994,0.00172063561667849,-1398.14268419182
283,0.0184956461336878,0.0147815003086504,0.0018230975900999,-1397.15882249275
284,0.0193092107098507,0.0151451071335032,0.00169388880521885,-1397.399218376
285,0.0203252771865115,0.018281413226718,0.00143173561591063,-1398.23683338759
286,0.0199894955252211,0.0184321995037167,0.00120318545365371,-1398.75544574881
287,0.0249291332033334,0.0277326360304399,0.000964151333071196,-1400.3422144956
288,0.0179024154043244,0.0255764570929484,0.000833641728374085,-1400.51922066351
289,0.0221955039548413,0.0224301738177123,0.00126719992789175,-1398.8367342211
290,0.0236012603983647,0.0208293718927215,0.00134930916752401,-1399.01661859318
291,0.0207800904686927,0.0207711120109448,0.00149705697208815,-1398.91974297031
292,0.0163432467793711,0.0207834947930742,0.00118220200662096,-1399.76579510028
293,0.0244430619358345,0.020242734582926,0.0011734294642949,-1398.72214576483
294,0.0181415483933668,0.0227595339483757,0.00131617944599037,-1399.11344068991
295,0.0176611086981728,0.0162136188821111,0.0019436896365484,-1397.63832706405
296,0.0191175964339761,0.0143816443764898,0.00222555840644848,-1398.16663694355
297,0.02342107165024,0.00922020698116497,0.00211609467978769,-1400.74231714786
298,0.026770247852349,0.0143667907608101,0.00100132285452628,-1400.61148304166
299,0.0265774318901245,0.0226279725694923,0.000818834913556545,-1399.58461772843
300,0.0345462398589629,0.0207928400988352,0.00115636963469222,-1401.66317451905
301,0.0141633347198873,0.0327511240753079,0.0011082953879633,-1402.51319938856
302,0.0179366929043585,0.0170303023683107,0.00212490313989339,-1398.70682896551
303,0.0160969703440832,0.0144908134672059,0.00182764653945651,-1397.24182765942
304,0.0195077749847247,0.0128495880526406,0.00139251333158773,-1399.04347777013
305,0.0223773281167273,0.0212221050888775,0.00140537358301386,-1399.03299877349
306,0.0206632054697022,0.0133786536349691,0.00208130997441514,-1398.06139736373
307,0.0167611909004805,0.0131641078631811,0.00220310985450591,-1397.4542749607
308,0.0163716521374594,0.0142043374243627,0.00170900591379349,-1397.42716337674
309,0.0167415835143988,0.0143569201535358,0.00200586648259163,-1397.10911183488
310,0.0142005182091989,0.0144798261871865,0.00202864868453322,-1397.92661767162
311,0.0179200712226488,0.0124673223031063,0.00219895128579573,-1397.64687946364
312,0.0160519673081546,0.013898726423027,0.00214901570855636,-1397.37286749399
313,0.015428134128391,0.0154764683760126,0.00205131413440449,-1397.69556495392
314,0.0196536766386073,0.0123643184723667,0.0018129774881823,-1397.48000333007
315,0.0162081761819531,0.0154503364597016,0.00165778734765237,-1397.66154619733
316,0.0161885599337273,0.0128453767178614,0.00250060803127231,-1398.87377852609
317,0.0178102767691936,0.016759493680651,0.00245986311164712,-1400.40664267532
318,0.0134161151074812,0.0171442345802605,0.00234957648888025,-1400.34940989319
319,0.0176259254953366,0.0147127338394428,0.00136260418077259,-1398.87987969067
320,0.0180311955475955,0.0185700065601225,0.00132108967880022,-1398.60669169227
321,0.0230890020175612,0.0169845013565224,0.00152777162493568,-1398.63410448474
322,0.0272319793176147,0.0162175138456645,0.00151485689381432,-1399.8650164023
323,0.0257297157361878,0.0186254919367231,0.00120883364835781,-1398.96957516134
324,0.0215280437864604,0.024959224823149,0.000685355071712088,-1401.01512771442
325,0.0349070325880678,0.0122818992976202,0.00147893093025829,-1401.84995073329
326,0.0321592111584027,0.0137010589800868,0.00153446543311286,-1401.31979952969
327,0.0288210679405597,0.0118037274861353,0.00134059795300062,-1400.38266734081
328,0.0272414168994961,0.0121286800160183,0.00177889317120548,-1400.25919804719
329,0.0291261516834697,0.0154005451084669,0.000741740900621575,-1401.56396814956
330,0.0299504918795838,0.0248083293907433,0.000888791491946962,-1400.64887028053
331,0.0235292279462232,0.0233461807286921,0.000982311317924236,-1398.82080503577
332,0.0276318947455779,0.0239482954041422,0.00096272349551007,-1399.65434359761
333,0.0187981984011292,0.0285912356171034,0.000706799944338052,-1401.44021649308
334,0.02771294141989,0.0252364298204169,0.000948509464877786,-1400.08405939974
335,0.0287333261548411,0.0209491581606071,0.00106102197121931,-1399.40453607113
336,0.0246286757956128,0.0206892888255454,0.0015700555384472,-1400.28689654777
337,0.0270837950459849,0.0101883831284403,0.0015356981688967,-1400.28489181701
338,0.0179217806697431,0.016547825119482,0.00200351363096349,-1397.97655642422
339,0.0220057383072869,0.0169027044321691,0.00131483269472803,-1398.56005029463
340,0.0299784300776505,0.0158359448929723,0.000929357359518395,-1400.06379784117
341,0.024505561500558,0.0210210681758529,0.00124962220338371,-1398.92870785268
342,0.0170109563159141,0.0206598312581022,0.00167271478142089,-1399.21134684981
343,0.0205000215617557,0.0245314562390157,0.00112331814070197,-1398.94987638023
344,0.0214516511894236,0.0196859756477234,0.0013615525113808,-1398.52073965209
345,0.0223149915693304,0.0132068533047625,0.0014262406296975,-1398.82380478167
346,0.0237958742399442,0.0216087948089529,0.000975185888455527,-1398.75231225734
347,0.0230102426787536,0.0209137008499555,0.00131731370876492,-1398.82441813598
348,0.0244594695607557,0.0172647037045236,0.00111584266449987,-1399.13244175279
349,0.0201816063590244,0.0282256571332609,0.000940593184767516,-1400.03118463666
350,0.0176020684107501,0.0214129938352788,0.00160706996442648,-1399.32524925584
351,0.0204587094878839,0.0105437841670988,0.00190581341334098,-1398.68436290101
352,0.0173922166599721,0.0201055868419433,0.00118325381988837,-1399.31048895254
353,0.0238949139915002,0.0202760274433246,0.00139972890099372,-1399.15088997157
354,0.0273765986683212,0.0106487137894481,0.00110500967916196,-1402.19218224429
355,0.0299243922561306,0.0106778352728216,0.00110427960869227,-1401.8558130737
356,0.0333370140306388,0.0211543284686384,0.000983920620155134,-1400.67727280586
357,0.0312959476930059,0.0210272829017704,0.000890304081190696,-1400.02074338942
358,0.0259257112200109,0.0214177349960766,0.00127987829285401,-1399.42720974578
359,0.0290006747096746,0.0104902854776506,0.00164517845956598,-1400.46483891324
360,0.0287960750696725,0.0101710308169977,0.0017779316156951,-1400.59098254345
361,0.0202220895557673,0.0107783086078971,0.00164242842543742,-1398.90533111106
362,0.0171816596342747,0.0122411117998681,0.00177144292707405,-1397.51514451565
363,0.0206467563418127,0.0199259060244427,0.0015846055740103,-1398.86860703258
364,0.0225359809726755,0.0170739384528059,0.00119811500893381,-1398.91289959228
365,0.0186773177783749,0.0193143609859688,0.00146105542804521,-1398.35692784658
366,0.0129835797328082,0.0166270314656836,0.00134027337186212,-1401.77349024226
367,0.0222465482056885,0.0195986432596279,0.00135534001039141,-1398.60856727895
368,0.0163467416310731,0.0211671524393131,0.00131338000167427,-1399.38005257383
369,0.0157937428366441,0.0201674566646797,0.001238563368938,-1399.83457443514
370,0.0157255469801651,0.0178072985435246,0.0023380337550408,-1400.18669765547
371,0.0204382168516918,0.0183252217283972,0.000825438411667553,-1401.42911141289
372,0.024024830545432,0.0237073969531717,0.00107092600215094,-1398.90631564071
373,0.024003760116696,0.0239116336626991,0.00106228300579696,-1398.93906908894
374,0.0241799150345006,0.0188093409286638,0.00181505534747488,-1400.7186134149
375,0.0215214699065403,0.0152128563136387,0.00132916555632706,-1398.69713430214
376,0.017619149504269,0.0212502328605682,0.00159431582564459,-1399.2192739566
377,0.0193212471481445,0.0215873386246144,0.000828866662811371,-1400.42612770572
378,0.0303080611549816,0.0256849122800856,0.00132569072765558,-1403.01377520046
379,0.0196409704323295,0.0264582520147079,0.0013892165667242,-1400.48351375675
380,0.0202022917947896,0.0156116048629154,0.00167340849654093,-1397.65623228446
381,0.0199193047012501,0.0148112080341079,0.00166907435082416,-1397.49714370343
382,0.0192795350409496,0.0173997917703631,0.00152454362231822,-1397.93578140854
383,0.0197094729635704,0.0138246114952111,0.00208508732740584,-1397.71637926959
384,0.0143348093234526,0.0144968712329954,0.00173674358127456,-1398.2867789062
385,0.0160376134782621,0.0152363529101569,0.0019154852052524,-1397.3408993105
386,0.0183872328371565,0.00939769065387972,0.00177009936235168,-1400.30021991969
387,0.0232212689775325,0.0165190393340397,0.00139706859805409,-1398.61494189279
388,0.0205365773447191,0.0144115121769328,0.00161815822650001,-1397.68666409457
389,0.0166925546523517,0.0193511576138337,0.00182045232008465,-1398.95134693967
390,0.0153782673923632,0.0119917221583791,0.00174398975762327,-1398.42129781365
391,0.015128060167438,0.0204638364727974,0.00202727262390163,-1400.68246471567
392,0.0136267197704156,0.01451955328496,0.00210884827641883,-1398.3646359217
393,0.0165344020882312,0.0199177585721787,0.00175888215945848,-1399.11497168943
394,0.0156175537321182,0.0114969286444436,0.00185771771367686,-1398.2984240812
395,0.0202727461015761,0.0172258657978833,0.00158131982809742,-1398.00169452947
396,0.0205232318188126,0.0162258732136557,0.00124807125623915,-1398.89948077833
397,0.0249754371668404,0.0201314239775734,0.00140928170232815,-1399.4532660512
398,0.0161327061506565,0.0179898804153987,0.00158623293436092,-1398.32170327848
399,0.0203280205828249,0.0145438233106179,0.00194800743167208,-1397.72647762645
400,0.0207844664515012,0.0138055678498248,0.00203437097832131,-1398.00782738078
401,0.0182001802444753,0.0139149896888807,0.00190631095421304,-1397.01841203805
402,0.0205262326382614,0.013798535707708,0.00220434987956694,-1398.55107763105
403,0.0196213796238696,0.0128975096652226,0.00147311878029992,-1398.45419746554
404,0.0305900069713641,0.0177090133260107,0.00127022665537407,-1400.18171291366
405,0.0178525801194647,0.020608036888564,0.00118689185546741,-1399.1034466386
406,0.018485074157007,0.0182143284999634,0.00151389156192033,-1398.08682514939
407,0.0244209131722291,0.0125700778771759,0.00205012490593229,-1399.94289612493
408,0.0188534663779847,0.01384867360383,0.00232548956892785,-1398.42742225711
409,0.0180082935462659,0.0132980524557096,0.00244484492536268,-1398.75971126473
410,0.0183310003805881,0.0113590662769289,0.00237321785665682,-1398.97833124904
411,0.0194338828877862,0.0129102739121314,0.00172265955212159,-1397.42068932949
412,0.0219328089551845,0.0132119669321939,0.0015133776578643,-1398.41466962743
413,0.030948573255896,0.0186787809809917,0.000722147825494002,-1400.66306530577
414,0.0356241847462245,0.0176032731213939,0.0010290165223791,-1400.80084809926
415,0.0330685509057631,0.0172836815219217,0.00130344360503505,-1401.05687689188
416,0.0141296140409754,0.0321540696264012,0.000713044125971927,-1402.76451284098
417,0.0256950936560218,0.0243338400312636,0.00143182043661888,-1401.17607626968
418,0.0215917063366554,0.0182483772168015,0.0010595234433195,-1399.23726180463
419,0.0338514068852111,0.0170549322904632,0.000820074741463769,-1400.51620633673
420,0.0309466931664084,0.0158972774730836,0.00133423336796371,-1400.38160871361
421,0.0298662205508236,0.0127817283588961,0.00159709243839516,-1400.68505590349
422,0.0181012708110347,0.0165980319103368,0.00165847277879023,-1397.59834167224
423,0.0190611705930621,0.0166439677285638,0.00190209795914665,-1397.97062996133
424,0.0214088850136201,0.011606050953417,0.00174596634023432,-1398.29654015688
425,0.0173755360381847,0.0147630034887676,0.00159121506489888,-1397.61114666452
426,0.0170693384590728,0.0188079771616323,0.00194572326995742,-1399.01930626279
427,0.0156042644992334,0.0177077798131447,0.00173334270268756,-1398.28658149676
428,0.0184865284499343,0.0158931217083979,0.00203293051756607,-1397.85319441003
429,0.0177215343415632,0.0121459150143338,0.00213523397312189,-1397.54126202753
430,0.0153293773189081,0.0124545422553918,0.00163434750248209,-1398.73551919058
431,0.02321511565199,0.0142223186089559,0.00215942982167701,-1400.01719582566
432,0.0229930233274249,0.0150352513359296,0.0011184372118131,-1399.98128401802
433,0.028766635661911,0.0200809623950925,0.000870086205384859,-1399.50938335366
434,0.0273519602358935,0.0220862183368789,0.000840478227652774,-1399.52382644524
435,0.0259331416088053,0.023743971701626,0.00115821983687221,-1399.50382374479
436,0.0350737938275224,0.00820442263841691,0.00134518165297681,-1402.25738880412
437,0.0242516143847878,0.0248211112863996,0.000945360902108861,-1399.22427674749
438,0.0300612195713136,0.0141986739718035,0.00143973872897095,-1400.37702398405
439,0.0284571945755408,0.0119878580371529,0.001570631422681,-1400.22141420294
440,0.0180710334055057,0.0164905251839738,0.00187861435841882,-1397.67608332087
441,0.0174794625632,0.0135980762081581,0.00203392821732556,-1397.06103350608
442,0.0158488961199338,0.0164672369213902,0.00174084028089532,-1397.79543288498
443,0.0211832343753372,0.015261434953675,0.00137565355822294,-1398.45677520624
444,0.0187020030395548,0.0162471672559649,0.00210158425546397,-1398.33344868819
445,0.0158206805625652,0.0151123562361397,0.00158386013583426,-1398.06447820554
446,0.0154509083598341,0.0197160653462684,0.00163767740022984,-1399.11531157899
447,0.0180562771618195,0.0111010908707328,0.00182379794693447,-1398.06855971307
448,0.0193638199311923,0.0137571620531198,0.002144571860439,-1397.78127867579
449,0.0176035524295394,0.0133797321772681,0.00165095374410445,-1397.49251107328
450,0.027452819591922,0.014152416924113,0.00146590631893309,-1399.71472751989
451,0.0190100271017194,0.0158439881617721,0.00177558467804294,-1397.47587625156
452,0.0174248285452971,0.015110769956521,0.00211561625841612,-1397.5805367678
453,0.0174877690049112,0.0173484823485224,0.00126714051320523,-1399.07603182069
454,0.0269756363156823,0.0166815163629681,0.000994047910287767,-1399.62051775142
455,0.0279501773567785,0.0147200520233337,0.00160968623212844,-1400.23794209849
456,0.0160586761958447,0.012585041696387,0.00153395223910228,-1398.94232918156
457,0.0188752437731315,0.0128685327160695,0.00230255345533841,-1398.25225839448
458,0.018462899618731,0.0134297495407903,0.0019714361411467,-1397.09075217833
459,0.0169473319913571,0.0120399633730829,0.00191874192504471,-1397.40033747839
460,0.0181736543871911,0.0140993667844019,0.00151953148084952,-1397.90755436753
461,0.0183855245891476,0.0163746522019231,0.00216145704295582,-1398.57467264135
462,0.0147223965308699,0.013210128646573,0.00178773971435787,-1398.06399370166
463,0.0184648442671602,0.0171186490252,0.00176301713713385,-1397.80061022796
464,0.01559783080327,0.013441407950126,0.00186996498384116,-1397.35851737281
465,0.0188714629637069,0.0159024490157109,0.00207907922190934,-1398.11585566691
466,0.0180356250828357,0.0141173313358517,0.00168257122327893,-1397.26983464173
467,0.0173506186918301,0.0137462831011962,0.00163820894340606,-1397.5141958057
468,0.0160602287148127,0.0122068683421926,0.00215002923500323,-1397.65195769629
469,0.0168600216570182,0.0134034821204171,0.00170061971685081,-1397.42326686601
470,0.0197701268748408,0.0151694502201726,0.00177714723489182,-1397.47112041551
471,0.0180823666951983,0.0145025807523063,0.0023789382408739,-1398.64837505402
472,0.0185852859692645,0.0146560124743617,0.0014628115362421,-1398.07811676052
473,0.0221405396517188,0.0173007720591277,0.00112442116926223,-1399.16583867648
474,0.0225772687738397,0.020801963244915,0.000976742026733275,-1398.84358939825
475,0.033260163824736,0.0189716640590932,0.000846040522025753,-1400.31700551885
476,0.0410439622466003,0.0130046938466909,0.00101031900619654,-1402.3594683793
477,0.0337632328419153,0.0196408210852005,0.000732844286187423,-1400.98774556852
478,0.0391864560121342,0.0180681579603637,0.000636972791120288,-1402.81730582857
479,0.0395347555771375,0.0166959913788289,0.00105105764249188,-1402.04884430083
480,0.0379254095918637,0.0146179191348919,0.00109513167021778,-1401.54026856655
481,0.0325653532983189,0.0146041911463752,0.00105158635654452,-1400.35538428527
482,0.0322957476362272,0.0188862413115134,0.00084838086401776,-1400.11237812931
483,0.0313464601375315,0.0221789483777255,0.00111038216954358,-1400.63811638794
484,0.032115088347841,0.0119437722263528,0.00146003794627292,-1400.96828058948
485,0.02380709685791,0.013674130444801,0.00188143511479112,-1399.06313875167
486,0.0165638473649108,0.0136565460618721,0.0016605238077342,-1397.61003237872
487,0.0219441969099176,0.015045890533987,0.00161542566425459,-1398.07416286445
488,0.0183281383681531,0.0156889160800598,0.00179670639938877,-1397.34736425665
489,0.0182529033805234,0.0176547977073094,0.00178122238900714,-1398.01749753475
490,0.0146352496794881,0.0171163521036711,0.00184380078878688,-1398.45900257827
491,0.0187576891250666,0.0125660329786568,0.0022319451662861,-1397.93581646613
492,0.0190696942474042,0.012208634160365,0.00179563808410757,-1397.45869580669
493,0.0174210354555678,0.0136709830431724,0.00231407241361543,-1397.95268344144
494,0.0177832369390592,0.0114493119678116,0.00194991366112466,-1397.68942620725
495,0.0217249067158239,0.0127018521401221,0.00149339335925739,-1398.61355858317
496,0.0292234232197222,0.00950157275215073,0.0014433891814504,-1400.82455570242
497,0.028097468896678,0.0146389045452122,0.001142880210902,-1399.88249286885
498,0.0267875288440644,0.0157250491328999,0.0010881242599319,-1399.65547409387
499,0.0233482051945235,0.0180814519647272,0.00149905203101592,-1398.85675695985
500,0.0221034371392669,0.0136064440630726,0.0015040622069345,-1398.38919349678
501,0.0237489681224672,0.0133737227324746,0.00172931141150413,-1398.72308742065
502,0.0221306784217113,0.00935205639140921,0.00186499868582996,-1400.01233583473
503,0.0189535515358636,0.0116864870693278,0.00176710517276241,-1397.76124299179
504,0.0155867350638509,0.018762101507987,0.0019165421169314,-1399.05241522474
505,0.022591667662769,0.0096159300749786,0.00167325195881533,-1400.01593145637
506,0.0252128971619117,0.0163458755434944,0.00115786334825907,-1399.27160688092
507,0.0244328954417288,0.0241116372766194,0.00115172013514437,-1399.23148930625
508,0.0181609163565358,0.0194347761588757,0.0020563987738696,-1400.08036488646
509,0.0162832463512947,0.0175955057781324,0.00133567860402503,-1399.10109001799
510,0.0214618052027473,0.0167465464572491,0.00160409331987738,-1398.1849765272
511,0.018705920119267,0.0165383242919012,0.00153044129081453,-1397.78343726873
512,0.0210561065965949,0.0144172747831694,0.00127624478743807,-1399.21126567325
513,0.020924081111605,0.0173396812895448,0.00163296506167552,-1398.2087956322
514,0.0190729663135006,0.0138904952267488,0.00176520660353072,-1397.18849457449
515,0.0174343686095563,0.0135022231736291,0.00191507662253401,-1396.96887295778
516,0.0155349285250306,0.0136712329036126,0.00204939966705668,-1397.31031877088
517,0.0188543616694902,0.0132697403176546,0.00170068328333135,-1397.33124937654
518,0.0173247578174852,0.0179718258241638,0.00143076645877241,-1398.35072003921
519,0.0131861016535245,0.0190375292272629,0.00111168971597478,-1403.26560703913
520,0.0297016889155422,0.0186541539519882,0.00104743299989058,-1399.44793913806
521,0.0237617512263636,0.021535210175891,0.00092320533298425,-1398.92027847376
522,0.0200228424768793,0.0201980377560803,0.00156671461967755,-1398.80992443286
523,0.024672321270722,0.02064514590512,0.00134637874076379,-1399.22416683502
524,0.0239415014251919,0.0135205523265383,0.00168199488482674,-1398.75556346645
525,0.0212054999051516,0.0095744741031525,0.00185338376778314,-1399.72082892971
526,0.0191014877942524,0.0160866499521627,0.00147530442499459,-1397.91096635184
527,0.0188117802501435,0.0178648847778399,0.00143983560072688,-1398.12699742614
528,0.0203645926108362,0.0211645358821681,0.00140321805088978,-1398.75026676659
529,0.0225943704923906,0.0184932356121555,0.00117030839449338,-1398.72765506728
530,0.0305005679027003,0.0256611921234826,0.000773757316949146,-1401.41647570108
531,0.0268879110390701,0.0177171720312979,0.00185303549823288,-1401.89845251729
532,0.0169986776482778,0.0197169698481974,0.00167801721471107,-1398.78429819088
533,0.0190947498554609,0.0171926434825707,0.00165577166974523,-1397.82134301953
534,0.021309953266232,0.016619621866989,0.00112940089959978,-1399.44086829639
535,0.0309193918687473,0.0198266056260473,0.000917423661541346,-1399.74567529846
536,0.0215286611331808,0.0189861282151105,0.00181049107814612,-1399.58473617805
537,0.0183180574051858,0.017819789782232,0.00164679896830654,-1397.94385723937
538,0.0200974261744235,0.0192010388964045,0.00159419419495898,-1398.53689085404
539,0.0181711909455933,0.0132015408005988,0.00203644084388307,-1397.14546328019
540,0.0186268857331951,0.0150475667305713,0.00139772397571628,-1398.37573934549
541,0.0192650378976022,0.0150173608649479,0.00217459631013271,-1398.22528814074
542,0.0142055528573696,0.0114090999618129,0.00142092352546414,-1402.59567852423
543,0.0261908242173964,0.018218592060679,0.000946464580354633,-1399.35149129415
544,0.0249853183333767,0.0184804008949738,0.00142656625026162,-1399.22237963618
545,0.0247694149065303,0.0228202132712186,0.00149070391918789,-1400.63588908686
546,0.0205717369573867,0.016543553905382,0.00137205425590301,-1398.30301866618
547,0.0205240489907075,0.0154396129116876,0.00152982093223395,-1397.87639107468
548,0.0171875139368676,0.0154812272632393,0.00142779352271295,-1398.38793604124
549,0.0181225222782077,0.0190287249626956,0.00135056740471458,-1398.52586608761
550,0.0208559291296224,0.0168076470471475,0.00134261479058832,-1398.39990896448
551,0.0180157907321252,0.0198662207788846,0.00156360929367423,-1398.59328125792
552,0.0197467611970942,0.0288087659958118,0.00111600153379311,-1400.32476262922
553,0.0193795846845408,0.030935465811642,0.001171501944212,-1401.47600718272
554,0.0183660333826245,0.0151715660310106,0.00180321721672801,-1397.22401700857
555,0.0195623202905648,0.0133588098569241,0.00243834213795209,-1399.32769936331
556,0.0169042229523052,0.0118305235289394,0.00214183188978185,-1397.70855812175
557,0.0166252005656282,0.0156127953952768,0.00157924850018676,-1397.80958021315
558,0.0177636757801158,0.0260688058047373,0.00134074583018563,-1400.18158763049
559,0.019779388142109,0.0228222369929712,0.00115253810548588,-1398.76799060136
560,0.0235333378268991,0.0271550761020446,0.00131275727619768,-1400.98273298701
561,0.0181090531825087,0.0263264617903095,0.000973053268208258,-1399.806753175
562,0.0221518615898908,0.0259745101456449,0.00103438502924082,-1399.27657515951
563,0.0241130425821814,0.0264252755093772,0.000753991392983936,-1400.4439682396
564,0.0264843163206657,0.0190379747406649,0.000884852485647244,-1399.41614808452
565,0.0324827654822912,0.0207345752795433,0.00103569993029705,-1400.39301173099
566,0.0176116212779838,0.03006644940422,0.000588854457202276,-1402.81832048505
567,0.0191842062409959,0.0308823605396235,0.000817426573428975,-1401.14064246637
568,0.0205829688033586,0.021454043228683,0.00104826442710861,-1398.77782850287
569,0.0232618455657486,0.0200676728107305,0.00111738566143386,-1398.62120202446
570,0.0229689509875357,0.0189780238078478,0.00098977942515112,-1399.15504586355
571,0.0270899728997128,0.0214164602488946,0.00101874088716343,-1399.06239282167
572,0.0283019792037444,0.0195129145547421,0.000921396701141737,-1399.3171929812
573,0.0280870517048878,0.0185528219337408,0.00110141692763489,-1399.22542716477
574,0.0316126977982439,0.0182875925145734,0.00112668905201396,-1400.00319185944
575,0.0195938228836723,0.0194530729662564,0.00194034018210325,-1399.82120774939
576,0.0175078229955009,0.0144377053288926,0.00195520186521826,-1397.06411292559
577,0.0175054507925791,0.0138569344721423,0.00190032597699916,-1396.97053115882
578,0.0173745466587888,0.0137015046411346,0.00174221686482465,-1397.17526965138
579,0.0160509425374304,0.0143130837963051,0.00171062235279586,-1397.51578235764
580,0.0147860293908135,0.0114012078584174,0.00217914000645159,-1398.77492230453
581,0.0152054773651282,0.0190538820828779,0.00122524206094274,-1400.3418910103
582,0.0157331932931934,0.0176731902392816,0.00194079090471632,-1398.46452814373
583,0.0169850272581243,0.0175809435507299,0.00114811380420103,-1400.14367535012
584,0.0279116668197272,0.0181415745923991,0.00109504783057831,-1399.22456800062
585,0.0234158723404738,0.0244494432229007,0.000765644749700926,-1399.97430348658
586,0.023399847931329,0.0248473336458465,0.000845396015220224,-1399.49694089097
587,0.0239084367881131,0.0204702443836981,0.000916945819968899,-1399.05722687194
588,0.0224844672044108,0.0222002031683476,0.00124860143103122,-1398.77892929771
589,0.0244253146203535,0.0194128363520978,0.000905680423594984,-1399.3024524298
590,0.024467672946078,0.0180100442753081,0.00145807875713051,-1399.08223890076
591,0.0182483564383697,0.0197122650508186,0.00138797108868321,-1398.52442992541
592,0.0157305374928864,0.0217594521212508,0.00174204457454201,-1400.20579958103
593,0.0178371515452044,0.0210158090615585,0.00113127663557235,-1399.27912739241
594,0.0326331582880487,0.0231755626438824,0.000712204545530901,-1401.55026848432
595,0.0186852281523919,0.0232079284860689,0.000719037505183287,-1401.62864973828
596,0.0257766290469146,0.0255101700489812,0.00122841217330416,-1400.39429812583
597,0.0268147322225901,0.0231562697965123,0.00103491400843177,-1399.29056031491
598,0.0241814088588398,0.0193042667267781,0.000801098044294691,-1400.09772891902
599,0.0264916791744115,0.0219106025900252,0.00085416117418447,-1399.34563021804
600,0.0267913424995779,0.0188931676493717,0.00123677203979233,-1399.20912809181
601,0.027069819177419,0.0207649862551323,0.000768640115871631,-1399.92135093859
602,0.023602935155186,0.0277321020418272,0.00140609860974272,-1401.97562393781
603,0.0189628624367154,0.0145510255497225,0.00221919001241822,-1398.13536008046
604,0.0188700775832295,0.0150355325480074,0.00133874059234443,-1398.73062521656
605,0.0157999552477785,0.0202340633291135,0.0016942292627433,-1399.28869004665
606,0.011721683860912,0.013886625651651,0.00220892632464416,-1400.38495255587
607,0.0126483410368711,0.0254750931379468,0.001426213298004,-1402.22780876478
608,0.0225825934708822,0.0173852099211632,0.00135753860659318,-1398.53836549777
609,0.0191817160435371,0.017263544452857,0.00136076913877509,-1398.30646585608
610,0.0259064473642153,0.015194753623418,0.00161676076064995,-1399.52043186358
611,0.0174691922389448,0.0160760340104725,0.00154353690348007,-1397.78601349052
612,0.0188637184934236,0.0150036564431716,0.00216136563837203,-1398.02190632994
613,0.0198102537948882,0.0165532634981772,0.00144059135167534,-1398.04894000116
614,0.0238665062125784,0.014070865371833,0.00180550798891252,-1398.93320955277
615,0.0206292732439947,0.011799154094011,0.00176834236551508,-1397.97759070387
616,0.0172550731625738,0.0138521679944088,0.00223497317897622,-1397.61647472513
617,0.0156426959167466,0.0134907031983456,0.00254140749447335,-1399.11882418317
618,0.0149458997391784,0.0119343816522828,0.00194296409070872,-1398.17308379704
619,0.0150131502933023,0.0161127142965942,0.00241320592579346,-1399.43404927213
620,0.015557673079936,0.0102149730919755,0.00169535139433535,-1400.55566943408
621,0.0251280098585451,0.0114808399290512,0.00170443072287236,-1399.47990223289
622,0.0150448869789515,0.0173306858295309,0.00201020731823156,-1398.61778818842
623,0.0155840784796741,0.0130224254945909,0.00209732896239959,-1397.41807391583
624,0.0173001895490999,0.0121965896088082,0.0014825239095301,-1399.07659880028
625,0.0165940498290745,0.0124991808158267,0.00254098326644391,-1399.20186019965
626,0.0149139894695147,0.013394803814652,0.00246875508657188,-1398.84454460802
627,0.0117960935509191,0.0139415297094193,0.00169065388149579,-1401.46055672071
628,0.018623204484385,0.0133346925127945,0.00168242939422504,-1397.35569148272
629,0.0161987045061202,0.0139190656659353,0.00167122894374294,-1397.6409893228
630,0.0187288594492819,0.0157899556027394,0.00145635600343918,-1397.9903466437
631,0.0171500954850917,0.0170953554875222,0.00190497590033914,-1397.94028511733
632,0.0147170906439298,0.0147129499537901,0.00240577682316974,-1398.7776150376
633,0.0200319089179733,0.0151824592680003,0.00236784164457554,-1399.70742434453
634,0.0134305119648451,0.0145829909358463,0.00214899021144463,-1398.57043468701
635,0.0199221499299738,0.0129518671497519,0.00158439051906473,-1397.89219697794
636,0.0175227340728618,0.0181184141612196,0.00197759100897469,-1398.72922736432
637,0.0187220159228089,0.0136348990860678,0.00182084022646281,-1397.09020125445
638,0.0154600868630256,0.0156930531776881,0.00208002339060628,-1397.83057974935
639,0.0138785886609727,0.011218408103138,0.00186935718504753,-1399.86952165483
640,0.0242832644327913,0.0182480069902304,0.00144804003366776,-1399.04312306248
641,0.0209296899170053,0.0204649392820173,0.00133270300440945,-1398.54981732852
642,0.0239352671480293,0.0169084560637107,0.00133927084010166,-1398.78413833575
643,0.0222220316447065,0.0199686682731902,0.00168167266089774,-1399.69766651099
644,0.0231431180104593,0.0205718793916806,0.00103215217816822,-1398.69020976359
645,0.0245258495125994,0.0162337687807448,0.00135467196974312,-1398.90923247274
646,0.0198647777751163,0.0190194455678167,0.0016453189420318,-1398.5393510264
647,0.0186485434439806,0.0141417172430021,0.00157267372962865,-1397.63061827864
648,0.0182447082191304,0.0175685849645203,0.00116097836691648,-1399.53433941742
649,0.0292021023643267,0.0198931821551895,0.000829822705031783,-1399.7316018162
650,0.0227483077799965,0.0242207443312959,0.00136969048403431,-1399.85451683829
651,0.0227081057366281,0.0103616435103569,0.00135463468816591,-1400.9949513824
652,0.0242165517588448,0.0262425057383627,0.000656910068846106,-1401.29599689785
653,0.0268813919403475,0.0289249147526594,0.000698562581675756,-1402.00256638982
654,0.0214186527031651,0.0310338807486836,0.000554693176284064,-1402.74152058092
655,0.025533082622354,0.0259239898192603,0.000827842406371056,-1400.05726125396
656,0.0279743651317889,0.0248584518681058,0.00101856941908497,-1400.08965681211
657,0.0268595958977987,0.0228856365961024,0.00104071290012581,-1399.24957040358
658,0.0263557617312114,0.025295989657984,0.00123467758529668,-1400.52976769976
659,0.0147487751561266,0.0195860623602977,0.00123922079435398,-1400.54718452198
660,0.0336992602108442,0.0132470029022551,0.00100061927877465,-1400.97233778013
661,0.0317712332706595,0.0189691426409182,0.000754069323502665,-1400.48545385628
662,0.0255415405008766,0.0201302774708719,0.00123908253184307,-1399.02173107935
663,0.0165243222526869,0.021914006207604,0.0018033677950432,-1400.41257190829
664,0.0183059670410795,0.00904918605495693,0.00188025757770924,-1400.69589160243
665,0.0264499970439356,0.0087834386617814,0.0015175738458888,-1400.87966829301
666,0.0285089354656986,0.0175590455309281,0.00137725683849225,-1399.97836006724
667,0.0142332877983222,0.0149977827902599,0.00231926173703433,-1398.67411474385
668,0.0197518976373933,0.0108319845299651,0.001808515435816,-1398.38320063059
669,0.015651516839093,0.0181331597255004,0.00161353253376119,-1398.49342823279
670,0.0225448588930045,0.0145953529306381,0.00128772254045036,-1399.11171180289
671,0.0191087415692604,0.0242590939733126,0.00119393162056395,-1399.10632718923
672,0.0193689526816339,0.0284328163169251,0.0012929677142952,-1400.84006058595
673,0.0193077424470667,0.0108466913613058,0.00181887030754812,-1398.31317836023
674,0.0178791203032832,0.0127185005729002,0.00199109165083259,-1397.12087656865
675,0.0200473796345412,0.0178946496112478,0.00147685985890771,-1398.12461624276
676,0.022239744292903,0.0118325860090033,0.00202446447372758,-1398.79197265438
677,0.0221918410428891,0.0118447996967883,0.00156986474215142,-1398.76526266844
678,0.0222066757518772,0.018466304067331,0.00192316368755435,-1400.17985943975
679,0.0179995209829069,0.01304438123519,0.00170752180043299,-1397.33679787355
680,0.0227781631665233,0.0180520102972158,0.00114179596930666,-1398.87914234814
681,0.0313404341369807,0.0201039248192856,0.00120658596061199,-1400.51145309128
682,0.0212757044113413,0.0215773708344378,0.00145574283711564,-1399.1094622899
683,0.0239360849942634,0.0157416780261962,0.000911732869198756,-1401.03220489547
684,0.0234271936337636,0.0255708677353977,0.000980779629398856,-1399.28293452564
685,0.0246244989775759,0.0162022845308497,0.00194268821282197,-1400.46786723587
686,0.0244392935337692,0.0148080422050753,0.00111304270104602,-1399.99383544429
687,0.0285323638443446,0.0126044240608631,0.0010981603542758,-1400.85263842594
688,0.0310555200072082,0.0164434715829138,0.00115551417273245,-1399.92576871916
689,0.0203663743384259,0.0217177370121283,0.00114661097984391,-1398.62981788393
690,0.0286477510547808,0.0201145057872296,0.000998315099474512,-1399.26422823836
691,0.0230373433294783,0.0269885529961563,0.00121511544599047,-1400.24612088708
692,0.0173331527839259,0.0194294917141244,0.0013799700528764,-1398.67617329619
693,0.0175241313984694,0.0125579306100652,0.00167962354578393,-1397.6363874634
694,0.019099793232488,0.0174179409785586,0.0015506125721949,-1397.90252457381
695,0.019603819677465,0.0174594212227658,0.00187330496205442,-1398.4122429592
696,0.0148343444276285,0.0179646083229665,0.00173310008208759,-1398.69114859461
697,0.0163879294792845,0.0117043183831614,0.00182539155375937,-1397.89191400571
698,0.0174904392400362,0.012247201730309,0.00190118440161718,-1397.25797457969
699,0.0179208708570491,0.0137886023507524,0.00195213815921012,-1397.00731502207
700,0.0195643516900501,0.017046858969105,0.00166284304835626,-1397.85362470153
701,0.018667642019591,0.0152258734061455,0.00265496049338144,-1401.17705965968
702,0.01286992362269,0.0148278587196251,0.00181045692359453,-1399.33267616359
703,0.0198677253769411,0.0152727116929581,0.00187584725819465,-1397.62346358509
704,0.0197287221966227,0.0156353282977808,0.00147666309573931,-1397.93212848905
705,0.0169697022891029,0.0139288807277549,0.0020065580847325,-1397.03933037156
706,0.0167447621466902,0.0157697418783535,0.0020212006670528,-1397.57550260291
707,0.0165401316043727,0.0100392831922486,0.00230850712472585,-1400.07322728478
708,0.0144790522739796,0.020087030325146,0.00104679182029574,-1402.20157659771
709,0.0198477095162997,0.0222890745638591,0.000986995109281299,-1399.07151761917
710,0.0239746901616559,0.0203641567130294,0.000944493321263027,-1398.95520765803
711,0.0238229034613457,0.016370069999802,0.00128928963116281,-1398.87067576928
712,0.0256587329245976,0.0156976679614233,0.00130261351288598,-1399.19071091363
713,0.0241608415348793,0.0252449330367568,0.00151755235037603,-1401.71602875094
714,0.02492222782598,0.0156225286678953,0.0014179955438134,-1398.98991601054
715,0.0238165097984358,0.0179605333057541,0.000983389818434911,-1399.43406848627
716,0.0298733713302348,0.0176368795564707,0.000924873260807467,-1399.64925912647
717,0.0250965696514613,0.0194347666071859,0.00154910380308285,-1399.93988999323
718,0.0223232866626824,0.0191421413702789,0.00146558132368141,-1398.72906634481
719,0.0194738501102508,0.0144227719491246,0.00170521999164674,-1397.34323161761
720,0.0220090001144056,0.0120539489789441,0.00212299803671807,-1398.97501220991
721,0.0274233301606803,0.0114311808387091,0.00108372152236091,-1401.77420766095
722,0.0308885760123615,0.017048731886227,0.00089950146639205,-1399.89621061494
723,0.0292263852239242,0.0265892582679263,0.000824810553221105,-1401.21422174393
724,0.028143693793707,0.0260745618987311,0.000822673305525314,-1400.7028285072
725,0.0206375273004662,0.0231502414339994,0.0012469388845245,-1398.85018519352
726,0.0234660485778492,0.023889569429595,0.000938937183429035,-1398.9820828761
727,0.0279138113672464,0.0237464478315237,0.000772180317813641,-1400.22163162555
728,0.0264145428236753,0.0253949081302072,0.000765096604177711,-1400.38786235725
729,0.0174459596179837,0.030321900232538,0.00117198607682141,-1401.20999411329
730,0.0167106071521008,0.0196511077489531,0.0013206632171863,-1399.05814800484
731,0.0216920052877438,0.0218813680637053,0.000944995789268935,-1398.9392955526
732,0.0271490693273998,0.0162607162218389,0.00113573053805433,-1399.4286307573
733,0.0226888636064111,0.0249228132053825,0.000657368558195982,-1401.21570199659
734,0.0231873425002548,0.0249774117796298,0.000777364165862188,-1399.95159529594
735,0.0204588388296183,0.0311202946906293,0.000942898566348109,-1401.10425567317
736,0.0156091688076838,0.0207622419823795,0.00168576156870239,-1399.57768552278
737,0.0193339158451899,0.0139922568615205,0.00156965140858334,-1397.68152983296
738,0.0205377341549838,0.0124211134274788,0.00219767415162311,-1398.49974437597
739,0.020931975385616,0.013245490123973,0.00137985946140218,-1398.9371391214
740,0.0216126815771888,0.0209592086001757,0.00121353968437198,-1398.53781923166
741,0.0196718768599414,0.0176603531028537,0.00204023609457392,-1399.21277772148
742,0.0157420384882825,0.0145986064766228,0.00196436961450527,-1397.28044785953
743,0.0178241878292766,0.0101242173327644,0.00198045422218653,-1399.03121956123
744,0.0181957370608171,0.0106144677797357,0.00200169886063039,-1398.43492304153
745,0.0173137098274308,0.0144783890825255,0.00210247972229216,-1397.32518935471
746,0.0174101337166962,0.0146062945313776,0.00171400491538644,-1397.23233815825
747,0.0217967259425663,0.0103310429324461,0.00176247807581914,-1399.16533714415
748,0.0205373324592824,0.0217207836350724,0.00104601386729633,-1398.77334598637
749,0.0248335515038895,0.0192123991839469,0.000920987296122702,-1399.25263521757
750,0.024697494222442,0.0224277551804551,0.00126185678043577,-1399.25326304175
751,0.0197031532017368,0.0161656576798179,0.00210808235132887,-1398.66140113557
752,0.0138042780660412,0.0151321976270874,0.00158131601343217,-1399.38836025548
753,0.0146571220303971,0.0153126535150282,0.00141643188006763,-1399.75836469615
754,0.0177513345145376,0.0191688900579292,0.00125608464427345,-1398.92600664548
755,0.0214115823746474,0.0190200695721214,0.00151255016575621,-1398.58729255158
756,0.014440845416072,0.018742941146614,0.00158337395766105,-1399.30608784018
757,0.0159167343410915,0.0122615869447562,0.0025349327773053,-1399.26517291236
758,0.0146159269844751,0.0157197082928756,0.0022979673221361,-1398.76331881816
759,0.0136407342839627,0.0151583526219383,0.00228130707677756,-1398.90297250643
760,0.0147337123771217,0.0179827795887613,0.00147385725035867,-1399.28727289561
761,0.0172921432207124,0.0253348475914462,0.000939614170809037,-1400.11351771323
762,0.0289414568911791,0.0224317052399055,0.00118434843158512,-1400.1692109076
763,0.0184515986725707,0.0212644302219132,0.00110043506378279,-1399.15101372822
764,0.027086458884911,0.0304347472927746,0.00120841413983353,-1403.48877462651
765,0.0233270528900799,0.0205556495372651,0.00114121779675277,-1398.5923657929
766,0.0251204213151837,0.0243892525207428,0.00139990780272961,-1400.76645141672
767,0.0159452788232512,0.0131536312104845,0.00240755989599249,-1398.34265351163
768,0.0152963673839018,0.0123049134455579,0.0019180478119638,-1397.78495884843
769,0.0152040080401546,0.0147283273187364,0.0016282763279483,-1398.17880780199
770,0.0135314751607579,0.0178168444804756,0.00203296402282705,-1399.60168493567
771,0.0210382109863431,0.00982311959866452,0.00186682026677224,-1399.44059921682
772,0.0226861607091249,0.0124836440506073,0.00163915891798604,-1398.49200378153
773,0.0199126976573122,0.0127435625409622,0.00156080032067066,-1398.05925419531
774,0.0216985730502735,0.0189304815668761,0.00125427317054169,-1398.52545319568
775,0.0223980131847855,0.0218061517654368,0.00139460302192672,-1399.14426222932
776,0.0169366683842539,0.0185562862874855,0.00141081489940002,-1398.58640550738
777,0.0206851793663305,0.0150234255609483,0.00135419418324777,-1398.56858702485
778,0.0229376442891748,0.0126031173335303,0.00133991823430434,-1399.57954591216
779,0.0219108216067469,0.0135733766238726,0.00198393489997629,-1398.37385376193
780,0.0208644874832053,0.01408486906326,0.00138025950944228,-1398.6531230172
781,0.0173083127207747,0.0183821034280869,0.00173713644239784,-1398.24522854231
782,0.0194132429757261,0.0109265162429015,0.00236113476573361,-1399.48764441095
783,0.0184447249874676,0.0148476385095433,0.00253520164093445,-1399.94125984962
784,0.0151752399837537,0.0146144632102494,0.00207613933706167,-1397.55132689516
785,0.0165371442918627,0.01715991312008,0.001829031650487,-1397.89242310813
786,0.0176728844840273,0.0122955956965967,0.0019590759907946,-1397.22445548747
787,0.0212111208765885,0.0104880828370599,0.00161212857163082,-1399.34766458415
788,0.0183818676417105,0.0203829438917012,0.00158301007023989,-1398.80372370368
789,0.0200779013011514,0.0116028295369026,0.00205574204963142,-1398.09646291004
790,0.0187115206521933,0.0172874855649761,0.0012409841766741,-1398.93704067178
791,0.021187535307349,0.0226857233730481,0.00108538887877655,-1398.64400975419
792,0.0197728134383702,0.0212157368181377,0.00149139512997526,-1398.93327519206
793,0.0178518608647933,0.0113090698885835,0.00149279280837798,-1399.52297447786
794,0.0249138450970011,0.0173439924428808,0.000871693645710778,-1400.2092812635
795,0.0259681656127737,0.0177199348166299,0.00105347719062873,-1399.17747839939
796,0.0237322477922484,0.0185537355452723,0.0016659973478734,-1399.64567905538
797,0.0138224359858257,0.0124084806095756,0.00261809917520009,-1400.41952943689
798,0.0121247872950451,0.0126395630887673,0.00192996336290589,-1400.51141476442
799,0.0129461228713491,0.0154981215444124,0.00192061517458152,-1399.10244849506
800,0.0241033688929236,0.0149473604240896,0.00178718193074991,-1399.139196823
801,0.0201440702789382,0.0127655155088827,0.00233265912709129,-1398.95042912431
802,0.0180530508308125,0.0120455051965107,0.00179491133691347,-1397.47709309242
803,0.0194935438041028,0.0123576985728275,0.00180833318170027,-1397.45458458309
804,0.0178156590580771,0.0205797560594879,0.00138780210414303,-1398.75329820251
805,0.0168779433839552,0.0165803530102985,0.0020314672907352,-1397.98724382347
806,0.0203210589770251,0.0104889939067824,0.00211399660931575,-1399.04585972499
807,0.0171317343931529,0.0145198827407919,0.0022172981300545,-1397.69086446033
808,0.017481185442845,0.0142089895459884,0.00230324013289205,-1398.01595036641
809,0.0183627734880679,0.0141618621643461,0.00244527554949571,-1399.02913308044
810,0.0171888649093005,0.0170067080887794,0.00241174584116607,-1400.11336860412
811,0.0176170524118214,0.0169451032286804,0.00199150813463896,-1398.10891539515
812,0.0208561464729231,0.0102599890704095,0.00207086012738455,-1399.2523112398
813,0.0198525763179852,0.0176270479233996,0.00196325651793178,-1398.90900689781
814,0.0143135448438661,0.0142201345482699,0.00177136027825327,-1398.2009143879
815,0.0210116051953366,0.0148301885726765,0.00176036211826635,-1397.7643597006
816,0.026670057165654,0.0140710909235349,0.00142111268773746,-1399.50177724068
817,0.0295700203223358,0.0160335840189326,0.00122048274318081,-1399.77991080577
818,0.0197050071819423,0.0145192670442126,0.00140866239411471,-1398.35885428422
819,0.0176284886998537,0.0282948856553155,0.000754832984579456,-1401.30760576988
820,0.0240240431813703,0.0215631420323717,0.000709841956677233,-1400.53327962714
821,0.0287610908366329,0.0172980767603812,0.00154846049762405,-1400.79607290035
822,0.020171292787123,0.0160123450659064,0.00105546392367777,-1400.52927175874
823,0.0232759012071755,0.0181115081607213,0.000824754675561792,-1400.57809623175
824,0.036061224387691,0.0165991849669468,0.00130512279648932,-1402.02167561891
825,0.0221547017627048,0.026425951224773,0.00102729143870605,-1399.41790142874
826,0.0274753767319076,0.0216043622251812,0.00139956718207006,-1400.61253632694
827,0.0217251903114893,0.0212704265537884,0.00139724718761655,-1398.90670189417
828,0.0219394574905798,0.0211761550112374,0.00155976521669772,-1399.53353974719
829,0.0216783276724448,0.0140733313919257,0.0015742276510934,-1398.05004987424
830,0.0203111080761225,0.0109295302766881,0.00191502728615307,-1398.35745212633
831,0.0187349092113491,0.0174920829886006,0.00183300291031482,-1398.11664836036
832,0.0162718524650293,0.0163450413808826,0.00182240289294277,-1397.61976117239
833,0.0208751937879585,0.0135804839686159,0.0020256000700721,-1397.99715808906
834,0.0218939663939448,0.016946521257589,0.00168920298070995,-1398.48524876825
835,0.019234730958663,0.0121980724702388,0.00156428155623509,-1398.24400413497
836,0.0209043178802204,0.0198221727658663,0.00201063385940493,-1400.96458399966
837,0.0173050200301303,0.0124215963914013,0.00179048109362238,-1397.36549945543
838,0.0168418406413556,0.0204025531374337,0.00148346076543081,-1398.90140837906
839,0.020803249855363,0.0180077856727429,0.00194596720696303,-1399.40735138216
840,0.0168124152547968,0.0135577720374586,0.00201825390007564,-1397.04336656928
841,0.0170204912366261,0.01640871807025,0.00165889887118719,-1397.62402613301
842,0.0187430943035901,0.0133051235493524,0.00232459545499274,-1398.31300923385
843,0.0190785672290054,0.0134775415821635,0.00235519964732332,-1398.61930992001
844,0.0125903253793406,0.0141931695901312,0.00191131406327759,-1399.40583853011
845,0.0183928528730215,0.0135015149456631,0.00257446514414673,-1399.78253491205
846,0.0140318286048171,0.0123185081443233,0.00171784125918986,-1399.35682740177
847,0.0202741307696752,0.015507129730042,0.00162662820441025,-1397.68554477524
848,0.0188380656095983,0.0145264500901802,0.00169184972545093,-1397.28453624659
849,0.0173599161316141,0.0143295590441454,0.00168963086464636,-1397.29119161587
850,0.0190757242674953,0.0160444788718237,0.00180798872782898,-1397.57283848496
851,0.0134750455206313,0.0134657103109498,0.00218166437307007,-1398.57826151612
852,0.0126379786064203,0.0131323983761666,0.00196233868773978,-1399.49912635308
853,0.0124462442599917,0.0137308571332085,0.00214450512351419,-1399.45890235945
854,0.0204547663046248,0.0132360880377693,0.00219330380736801,-1398.39617189119
855,0.0189417070550812,0.0129174610420287,0.00167331682789563,-1397.49341013987
856,0.0180213775056215,0.0160804380315981,0.0014526574437338,-1398.0545656202
857,0.020149618716921,0.0120844183517679,0.00177119795580572,-1397.73654865056
858,0.0167094632198618,0.0164978384714167,0.00152048703389187,-1398.04764208434
859,0.0221715998398436,0.0141745795597849,0.00171948389548121,-1398.09048645266
860,0.0172215017688844,0.0178507436158238,0.00161828306597675,-1398.00688127802
861,0.0167618791686472,0.0148208011619945,0.00208833312049728,-1397.37058027644
862,0.0192223714891689,0.0111977157553206,0.00203618430427728,-1398.07135883274
863,0.0202154582073162,0.0159852598239022,0.00183062874741406,-1397.8804756996
864,0.0212310825884071,0.018471220510435,0.00185795926440804,-1399.42290386654
865,0.0204519038443193,0.0165067891942157,0.00185671657057776,-1398.21055628509
866,0.0163100684039169,0.0169754559293675,0.00170805597841473,-1397.84585868064
867,0.0222464170752666,0.0115446726207168,0.00183046514934128,-1398.5513922822
868,0.0192648395819549,0.0111243917448322,0.00208338188030025,-1398.22628916592
869,0.0162543579475206,0.00987165928700625,0.00164906084977289,-1400.93527061795
870,0.0223865923722682,0.00990233251179817,0.00230460637366892,-1400.92218350273
871,0.0151847618399605,0.012690770450421,0.00193947525546615,-1397.64069986133
872,0.016211255120253,0.0128455212321327,0.00186825675432998,-1397.28297714532
873,0.0125892054075997,0.0137341316862692,0.00234861176669326,-1399.70850347491
874,0.0205257996540209,0.0148083906877054,0.00148576459821715,-1398.01774786953
875,0.021428683363627,0.0152849219456822,0.00190492327825335,-1398.28437841976
876,0.0130414267965026,0.01567362270961,0.00165926341739186,-1399.7139788185
877,0.0184469797559215,0.0175777742262738,0.00152612958180421,-1397.94452852116
878,0.0232863461625429,0.0154951952247735,0.00170194262351391,-1398.67997302678
879,0.0197886323196946,0.0143483177424997,0.00186282651938281,-1397.3744016505
880,0.0174961565083628,0.0143192856228576,0.00170658789086172,-1397.23272509399
881,0.0174334065379878,0.0150792816024506,0.00224799312503792,-1398.06520512225
882,0.0159539658223116,0.0114420277202967,0.0019633604781309,-1398.04223680989
883,0.0165155149111679,0.0107835813836975,0.00201031764938523,-1398.49852471223
884,0.0186113656964541,0.0106515395717174,0.00198357698411712,-1398.39176849877
885,0.017253870084999,0.0160908535198158,0.00214898169387138,-1398.13842240115
886,0.017669586482514,0.0180398494939481,0.00181843852201621,-1398.22629170864
887,0.0175466642937764,0.0127901468492041,0.00182078515679921,-1397.15522937229
888,0.0184995029083168,0.0112503853204896,0.00218492984416542,-1398.27835008459
889,0.0182150341939212,0.012410758952983,0.0024853774690779,-1399.1509872441
890,0.0174142688607489,0.0146226082789947,0.00231047651384375,-1398.16882539089
891,0.0168873230374292,0.0135036525751037,0.00265536134636462,-1399.95689537894
892,0.0162219645964127,0.0123397995368826,0.00195446465970682,-1397.38154925409
893,0.0149816547087539,0.0147892318505728,0.00196597469212361,-1397.56998171159
894,0.0177799249185395,0.0125498349353482,0.00224127313181876,-1397.7587166186
895,0.0144603305467087,0.015122541369985,0.00233322375305115,-1398.68622554323
896,0.0183372528450953,0.0132027913032083,0.00234523948377022,-1398.28699416295
897,0.0190968473867054,0.0170954414722726,0.00190726942867328,-1398.20419429915
898,0.0212717019550774,0.0149268171274086,0.00191935669927108,-1398.14720426251
899,0.0155981431281718,0.0133707597522747,0.00179260069030861,-1397.53969074058
900,0.0178769630297378,0.0159427300980108,0.00180589223160933,-1397.38845615776
901,0.0174109573847461,0.015712491705885,0.00195881563314479,-1397.44296146579
902,0.0135359667146298,0.0161497536918491,0.00177001667709565,-1398.94681803071
903,0.0162684410497228,0.0108697636531985,0.00212821722115888,-1398.58793865622
904,0.0182557285547208,0.0120254961810859,0.00209307450577184,-1397.55138753928
905,0.0187886640945037,0.0155528784054336,0.00178565995180798,-1397.36682707886
906,0.0159729597179119,0.0172751280457629,0.0016440558994813,-1398.09345007568
907,0.0184070200495469,0.0146178613832077,0.00166212231722482,-1397.32415521976
908,0.0208138290179491,0.0145475243165828,0.00141292619683465,-1398.37618372577
909,0.0269975408534324,0.011909787987934,0.00133581623634009,-1400.19760122669
910,0.0188067483278248,0.0204068991639716,0.0012333564766264,-1398.73118264886
911,0.0261876399620104,0.0239778438198283,0.000798497029944119,-1399.83919956758
912,0.0285659693349938,0.0259163140341309,0.000815450849645567,-1400.78516482316
913,0.0287780401996199,0.0178831336759468,0.00128206560247935,-1399.74851477157
914,0.0281950639604881,0.0146130344420643,0.00129552832303693,-1399.74158941963
915,0.0204313898098479,0.0241110256933139,0.00136604414090392,-1399.48446260682
916,0.0221578894869714,0.0235763698026768,0.00144163307685677,-1399.88565286799
917,0.0217334611541649,0.010906126540899,0.00222930768696945,-1399.70316553206
918,0.0132703791521846,0.0187546015647237,0.00168198430843539,-1399.95680394366
919,0.0229733177626396,0.0183314133740027,0.000985019581791753,-1399.39161180038
920,0.032519241654373,0.0184517903685474,0.000754301245897944,-1400.59290892061
921,0.0319248579097802,0.0193447326986829,0.00146833793478637,-1402.20055955156
922,0.0304739684603924,0.0205130469481628,0.000741227083672681,-1400.43221919556
923,0.0301768064115811,0.0223860512313833,0.00118624582647294,-1400.61062308336
924,0.0299012899422003,0.0128713038726417,0.00128070998966794,-1400.31616487205
925,0.0190029084737329,0.0242708505768735,0.00119402996289268,-1399.12457208236
926,0.0226534420335116,0.0236623619178877,0.00118366664433669,-1398.92196236608
927,0.0229728741584961,0.0234561338711499,0.000833583426561503,-1399.4019938811
928,0.0222053157918499,0.0258752847531081,0.000979519675222881,-1399.27423839889
929,0.0253418088925182,0.0126885713789149,0.00245124522001036,-1403.13583625016
930,0.0157790648473538,0.0132687850746055,0.00128295845389851,-1401.24917501157
931,0.0338867830375338,0.0120641320360913,0.00142720406848462,-1401.37540040656
932,0.0268177825710631,0.0211410969772244,0.000933939440494776,-1399.08696539401
933,0.0233182631842716,0.026359373139094,0.00102635654660409,-1399.52125959367
934,0.0224185583401715,0.0127544808796278,0.00091735870414614,-1404.0486192289
935,0.0431211390104129,0.0180343107111744,0.000647765268460255,-1403.92409796274
936,0.0426965301758594,0.0172382556287103,0.000987497228859332,-1403.15499024063
937,0.0209024563426369,0.0263055072588145,0.000981694220640541,-1399.38036545786
938,0.0203370701697639,0.0168579119976291,0.00154004431497888,-1397.9592772592
939,0.0153399773846685,0.0151123810916122,0.00175240182924899,-1397.69774564835
940,0.0182293252579723,0.0122155079338213,0.00181646443076918,-1397.35799871497
941,0.0154350702157926,0.0123752261989077,0.00179802013887129,-1397.95223800678
942,0.0126765866116371,0.0132002626921411,0.00173409897141783,-1400.24040088984
943,0.0254095091677952,0.0111849613382314,0.00133978701357888,-1400.4398774363
944,0.0238680203991459,0.0274832091484191,0.00152780797283333,-1402.95257391048
945,0.0169344156325109,0.0195045987816267,0.00128516646484499,-1399.0891126788
946,0.0233664074220516,0.0201522155876721,0.00175266161549398,-1400.61816170085
947,0.0114238974699106,0.0182111717896753,0.00194626339472218,-1401.33211006138
948,0.0174816089015296,0.0171399379401219,0.00155109009692311,-1397.89163798854
949,0.0120612460153101,0.0176961143199999,0.00166981795751122,-1400.85731501967
950,0.0191345844159758,0.0153346304631165,0.00147680092765582,-1397.92194378487
951,0.0172622166296857,0.0173708136596789,0.00155803726297902,-1397.95304985051
952,0.0171825866462121,0.0138098772587379,0.00165867046773765,-1397.45244177964
953,0.0159095944488816,0.0185482015433753,0.00123477205074531,-1399.87227821125
954,0.0162775606819911,0.0152023502697967,0.00140776617775345,-1398.88246094704
955,0.0138678949582407,0.0173525670336431,0.00202716280004382,-1399.16441398549
956,0.0208640718732286,0.0128879858966917,0.00135506487616543,-1399.26430422161
957,0.0229717599188235,0.0132740998787016,0.0020774785292658,-1399.26968088801
958,0.015059736390324,0.0168648764483307,0.00178840379813658,-1398.17738192182
959,0.015543942618841,0.0126221325767089,0.00181056740269559,-1397.7426632342
960,0.0177104459741931,0.0110731528333472,0.00253237960881349,-1400.00868158036
961,0.0214213849196181,0.006358884085178,0.00153314896368506,-1406.2588641486
962,0.0277614113703806,0.0203117784028419,0.000881486361552904,-1399.34964640638
963,0.028270732321075,0.0171673844669958,0.000805780195819957,-1400.32826308048
964,0.0290653389741171,0.0198156527641242,0.00117900910271133,-1399.64940825336
965,0.0285880843931961,0.0163021015212479,0.000741385623040438,-1401.19993916171
966,0.0338026500014507,0.0170770391995304,0.00116500138412283,-1400.63477644003
967,0.021453963800302,0.022655422793071,0.00103727399152375,-1398.6795953419
968,0.0130603179892444,0.0313851160566539,0.000775637542582685,-1403.00884015361
969,0.0251069755588281,0.0262167984336132,0.00131759388341392,-1401.02486347031
970,0.016755413742791,0.0216718332106231,0.00125062365655786,-1399.38012483861
971,0.0275657093773652,0.0196432746002697,0.000844401410345041,-1399.54453988588
972,0.0296091485487164,0.0233020675859804,0.000816040215773165,-1400.26611232322
973,0.0320198645293835,0.0190519277950441,0.0012330107147868,-1400.65282637495
974,0.0322273560640894,0.00857346658968081,0.00142782790103556,-1401.39701542862
975,0.0278191219104481,0.0221405548658925,0.00147835795722811,-1401.48722673552
976,0.0182393820782938,0.0280082270854856,0.00078325147491596,-1400.92132774872
977,0.0205492448785681,0.0350611183051705,0.000753134672363353,-1402.50800362054
978,0.0286860196758629,0.0172740321394467,0.00074942783684318,-1400.72415366377
979,0.0320972827558713,0.0186782450272093,0.000864253496065369,-1400.02548608151
980,0.0220425249176407,0.0171966925816701,0.0010173444665682,-1399.82454328283
981,0.0313508136835703,0.0262669771722143,0.00131323110910491,-1403.76358984552
982,0.0322157851503278,0.00584137835933464,0.00173595262366007,-1402.214774661
983,0.0339899725845819,0.00500186667330666,0.00189633362718591,-1403.51583785876
984,0.0342809303444216,0.0076207660236662,0.00142291784992186,-1402.11712566343
985,0.0345864175747485,0.0159262155029007,0.000730109498728771,-1401.29691973433
986,0.0413424415026529,0.0130373918006748,0.000913089869264497,-1402.41831130324
987,0.0426134106215759,0.0170814278280286,0.000854890589818944,-1402.87129729121
988,0.0389038626342284,0.0174521358308063,0.00103154116650592,-1401.88781569941
989,0.0363169825933521,0.0142260186890287,0.000870592751431692,-1401.23319030707
990,0.0279757658053768,0.0269551081496609,0.00100258704128621,-1400.93347981316
991,0.019345619047328,0.0238137697540779,0.000865886352327149,-1399.79485597752
992,0.018541825111664,0.027848410367555,0.00140337496670145,-1401.17782226305
993,0.0219395776980903,0.0133083368994283,0.00170708032876209,-1398.02942542494
994,0.0213514514130188,0.0135701375031097,0.00206059738519092,-1398.33957348472
995,0.016936674277748,0.0145820560259281,0.00270972973626762,-1400.68383278697
996,0.0135079871181039,0.0122136728589192,0.00272189838535574,-1401.39374374959
997,0.0167461697015277,0.0122115004446782,0.00187275549994505,-1397.39518035771
998,0.0232791462055006,0.0152712621784826,0.00178804448006013,-1398.82054070406
999,0.0168091883228828,0.013685901113614,0.0019665192848145,-1397.0054935114
1000,0.0164889180663153,0.0135919312622727,0.00168679809056027,-1397.53576519296
