"i","asc1","desc1","pol1","p"
1,0.0251219200310242,0.00298797717441542,0.013314051848775,-1645.08937997395
2,0.0222832308568246,0.00537988694011276,0.00591343970761672,-1484.93194917706
3,0.0218639410965647,0.00622735218677247,0.00548196720636332,-1475.27256315905
4,0.0198510569420214,0.00735452576893424,0.000714516439594949,-1432.38541545951
5,0.0501435339837837,0.0131652332067278,0.000844798640936595,-1424.58370505253
6,0.0483279032851373,0.0121067150536577,0.000963333488336387,-1423.67295841412
7,0.0464222917642481,0.00849925048903317,0.000960450374888243,-1423.24954458615
8,0.022940286053488,0.0226385405726281,0.000903495057118541,-1419.64935395699
9,0.0277384910656693,0.0228600892838195,0.000779319028202861,-1420.42478101911
10,0.0204926572033956,0.0236888476984415,0.00106071911408001,-1420.66585611134
11,0.0217787109726565,0.0132927059037755,0.00120530116212303,-1418.18813942962
12,0.0297546810535704,0.0126086709304027,0.00133683508933236,-1418.5293273743
13,0.0255393748679269,0.00921036525949102,0.00146374727496472,-1417.60438472468
14,0.0212760821859704,0.00818621241031878,0.0020031163919592,-1417.79901274931
15,0.0173737912307366,0.00876436004664565,0.00200759459262769,-1419.47967530792
16,0.019042036075637,0.00732542726998499,0.0017044272162117,-1418.30346549762
17,0.0280265858370376,0.00645587351189418,0.00192772520240487,-1418.27091515534
18,0.0289523950468276,0.00372195708569963,0.00200018390082546,-1418.74948958926
19,0.0345663570556499,0.00292137115775053,0.0015343444581798,-1418.74218816755
20,0.0267286435520116,0.015423404144206,0.00153889629421405,-1420.09588822915
21,0.0261643797059136,0.0130266836292218,0.000712034947731115,-1419.20898042374
22,0.0308863048083207,0.0181926967269848,0.00116979627065644,-1419.48612439265
23,0.0259616065515264,0.0177821017830114,0.00120888702867344,-1418.44710653958
24,0.0249032155961555,0.0179468191633413,0.000925188176343464,-1417.74195175459
25,0.0252008479400364,0.0119549741287749,0.00136525692417777,-1417.74495547123
26,0.0277881017264069,0.0102182198679108,0.00113348933291879,-1418.23126239787
27,0.0372074407003445,0.0135170067366468,0.00123799140085258,-1420.86153473307
28,0.028630913654499,0.0140781227115526,0.00102716570579835,-1417.10016739671
29,0.030015951889587,0.0140536153269904,0.00127265675928158,-1418.33782587866
30,0.032203684652306,0.0130244117148836,0.000738777228732261,-1418.68313207058
31,0.0301895310648914,0.0134753441381361,0.00109558962932429,-1417.51556472817
32,0.0269485724155755,0.0125695222130604,0.00108150972195174,-1417.22650176006
33,0.0269891656244523,0.017051008812975,0.00112031231287363,-1417.79908801952
34,0.0231806066186592,0.0125725680100505,0.00147800365373454,-1418.21175254441
35,0.0259434744067217,0.00310503775577478,0.00119390719961469,-1423.43033481232
36,0.0386992531578714,0.0146386104050849,0.000861901161120024,-1420.04511941299
37,0.0335269911281957,0.0133839068152162,0.00103537122344347,-1418.30671291907
38,0.0327873155942827,0.0153121882190381,0.000849976694944594,-1418.11171986373
39,0.0278124782477215,0.0154069787138291,0.00104611818557101,-1417.1734444222
40,0.0268467996216787,0.0152503843395241,0.00110396676047434,-1417.21984675342
41,0.023757538211619,0.0145740023096061,0.00103125196715759,-1417.45451444482
42,0.030774250469473,0.0124546684808532,0.00107425907980436,-1417.72909215394
43,0.0289508185208806,0.0148741466241647,0.00103819996795402,-1417.20728282658
44,0.0302178946461403,0.0139631091373498,0.00131296329004708,-1418.65671077063
45,0.0265716738227542,0.0110004891166945,0.00151109464936442,-1418.25500229381
46,0.0234436941212064,0.0116064954074467,0.0010905974876811,-1418.12767803317
47,0.0246797731183722,0.0153445804419363,0.00105621190144578,-1417.27377774773
48,0.027633700201656,0.0161842906973924,0.00111245286571458,-1417.53604058133
49,0.0238955135436685,0.00884167191539507,0.00239912038824185,-1421.47976844675
50,0.0228404873790874,0.00878106227713335,0.00175073314564311,-1417.10530000144
51,0.0244669573323176,0.0102877285569196,0.00114490111196333,-1418.25169277518
52,0.029880902671961,0.0184049640207897,0.00118066010544331,-1419.3644100003
53,0.0221941629737565,0.0185683939924619,0.00140087641270132,-1419.9051418203
54,0.0192792473887508,0.0186315312538308,0.00141833202826659,-1420.36639613493
55,0.0241586329568495,0.0275565261149267,0.00141695868021801,-1426.96548775926
56,0.0192636836619556,0.0102665508553744,0.00104895828342058,-1421.80575616316
57,0.0194178568142034,0.0230204265104499,0.000946350870113695,-1420.41327529288
58,0.0225751556935521,0.0266839921992688,0.00111045318217229,-1423.04688187475
59,0.0297374608813353,0.0195250504903298,0.00114590106135972,-1419.75412823069
60,0.0203863894287763,0.0187519984658204,0.00138259643059399,-1419.93252705974
61,0.0222084704781683,0.0198606737455724,0.000723558028454746,-1419.61890960224
62,0.0296233083962264,0.0168035059223323,0.00116776626119422,-1418.40580071101
63,0.027566869589906,0.0181120826072664,0.0011526858538813,-1418.49287590716
64,0.020821790915272,0.0154423855892616,0.00115241719808711,-1418.30378644815
65,0.0264889749756322,0.0145577018131503,0.000690209619929567,-1418.90491110823
66,0.0338742831022952,0.0125256692982678,0.00108281755883994,-1418.60329412662
67,0.0257466866565178,0.0148873093583321,0.00089474392861907,-1417.34273522549
68,0.029559436217539,0.0206540954524351,0.000949346711592273,-1419.47330246869
69,0.0218127680132696,0.0170144632949194,0.00119531459121591,-1418.22620459275
70,0.0165054492051778,0.0170186371008321,0.00132502439006091,-1420.79678836682
71,0.028722479093347,0.0107665618126475,0.00110026583661087,-1418.04625083963
72,0.0260068465532895,0.0143649735330565,0.00120174348355731,-1417.39005980347
73,0.0241164085935055,0.0167825742388305,0.00125387588149327,-1418.25874856642
74,0.0249322967368596,0.00945002270872564,0.00166254316100776,-1417.5989693039
75,0.0253853548982133,0.0078162754009529,0.00129794994731359,-1418.27593418074
76,0.0225989226129733,0.0119965933550724,0.00144181646105548,-1418.00090001032
77,0.0258759131616496,0.00743573785658153,0.00118660355345035,-1419.31322935875
78,0.0258016154241733,0.00556113429430327,0.00119010681832829,-1420.23504866053
79,0.0263243131000192,0.0172683200076214,0.000937521386638814,-1417.5077119304
80,0.0255114490860484,0.0123100300595156,0.00115089686715693,-1417.37581926899
81,0.0234929884162396,0.0125279700095407,0.000963930354936219,-1418.23051778257
82,0.0235373693065615,0.0160080928452699,0.000986103035885737,-1417.54575822621
83,0.0241796507311704,0.0196317270972687,0.00110702337128206,-1418.57031864166
84,0.0228779731043334,0.0168283782020192,0.00104748007125244,-1417.70733688396
85,0.0300916070002316,0.0149547864699222,0.000843171790568197,-1417.5306029678
86,0.0256991556001594,0.0157968318750335,0.00125161570661963,-1417.93792974184
87,0.0257805477473507,0.0139867870501784,0.000821617312199095,-1417.85944302954
88,0.0297308349884568,0.0172461682855859,0.000710263418499128,-1418.59429886614
89,0.0288357950882565,0.0191185011536028,0.00109605226188407,-1418.97565305462
90,0.0284454828294096,0.0102496602219208,0.0014745996384789,-1418.61331134734
91,0.024925422212478,0.00739774987984257,0.00129360302608933,-1418.41034959603
92,0.0251689452978049,0.016684500599993,0.00121789403426468,-1418.02912738039
93,0.0209887394781655,0.0168047093242373,0.00144909665028324,-1419.68676871549
94,0.0216703967340636,0.0151968296894072,0.00171258224980408,-1420.90155786775
95,0.016606840435593,0.00952872130055014,0.00208295924910322,-1420.34177334155
96,0.0267096319364529,0.00706616889210494,0.00122127075407233,-1419.12880140455
97,0.0239698379541867,0.00904444248779906,0.00119914363875688,-1418.58141413718
98,0.0320127529802229,0.0130530834800913,0.00117396386275921,-1418.34527679078
99,0.0298950317227942,0.0154335892460312,0.00116948732645107,-1417.99596642475
100,0.0269651386195378,0.0154604106007096,0.00121052792878448,-1417.69352579257
101,0.0206538246555466,0.0170517195709359,0.00125048837769636,-1418.65726660346
102,0.025956680832742,0.0104040984040079,0.00133205055996478,-1417.80142225826
103,0.0318994200232278,0.00661872386347317,0.00137172190654493,-1419.09674710571
104,0.0224256830154314,0.0134927049306156,0.00120733720982018,-1417.94689864983
105,0.0295340050882521,0.0104945406001787,0.00102844826584704,-1418.36501161176
106,0.0277566147268244,0.0170953415836979,0.00101661513406657,-1417.5728895438
107,0.0278850352172657,0.0171811603270311,0.00102782518242409,-1417.6416835744
108,0.0274376452910166,0.0227641229479879,0.000868552704541633,-1420.18444117728
109,0.0240539422172039,0.0114004238190435,0.00108516189944121,-1418.0373174782
110,0.028428647861086,0.0132126534867,0.00126112920953315,-1417.79214167694
111,0.0290849213496309,0.0103034837157132,0.0016571710047138,-1419.60352651719
112,0.01918310647119,0.00778520377360477,0.00173103438175527,-1417.94136281245
113,0.0258290466716389,0.00611954841362964,0.00185081831581885,-1417.50063999318
114,0.0321026725342373,0.00722052968643008,0.00143847495650494,-1419.19864479353
115,0.0218449440271936,0.0131840241970261,0.00132701674752143,-1418.2529171487
116,0.0266704850969592,0.0117368841794651,0.0012964285844489,-1417.70888998189
117,0.024147149139013,0.0224390366798115,0.00106733959540181,-1419.8796953811
118,0.0211265805395204,0.0187978630463441,0.00104268494372659,-1418.29364787738
119,0.0237045579025648,0.01779910964899,0.000828603737436742,-1418.17621212627
120,0.0306387333382871,0.0182735086695976,0.00110716779253003,-1419.05653942771
121,0.0188533562478861,0.0178692380076896,0.00115496001832909,-1419.02334002915
122,0.025519301738103,0.0164595893798981,0.00113257261821408,-1417.58438971158
123,0.0260292586124989,0.0105058746028745,0.00184458379367799,-1419.27550119092
124,0.024916386918833,0.0128137328812343,0.000683523208721296,-1420.19754716946
125,0.0374790348618919,0.0118671190600286,0.000976590869296022,-1419.5035433654
126,0.0278126009077229,0.0118964552299029,0.000975642192909079,-1417.58921067874
127,0.0317730409561765,0.014948603557527,0.000965311065155848,-1417.73215343852
128,0.0242527271493912,0.0144648947587348,0.000988552479257642,-1417.39749267996
129,0.0342362989327202,0.0158599852193413,0.000788078197553123,-1418.78967916258
130,0.0255935806240451,0.0159662977676466,0.000722836246025709,-1418.56618754487
131,0.0266284051858475,0.0162889265107198,0.000789587728671271,-1417.84206925696
132,0.0302191411547243,0.017593981690193,0.000912786165095839,-1418.03392504339
133,0.0299016150439503,0.0137552441904555,0.000983450355474946,-1417.27531397034
134,0.0302518688275126,0.0129943988522056,0.000917183843667662,-1417.51687140667
135,0.0275620753670507,0.0170364836624365,0.000978765064294807,-1417.48345346096
136,0.0311585163632804,0.0131563940126922,0.00140375544027635,-1419.54066485978
137,0.028950838293184,0.00784345872229969,0.00162373962919172,-1418.31823744854
138,0.0293300040713062,0.00939390602180858,0.00168487607805873,-1419.40155881968
139,0.0279166447249338,0.00292799054071431,0.00134253907825914,-1420.68221800668
140,0.0343341177317643,0.00749021197794667,0.00127976893901311,-1420.10579461533
141,0.0399572780895376,0.00525051296862443,0.00152552663905032,-1421.67661226107
142,0.041274778058693,0.00547780374933634,0.00118828202302885,-1422.70496785967
143,0.0258789072249654,0.00797013781408448,0.00132617052431024,-1418.11467022056
144,0.0203877584217686,0.012312438040178,0.00129380217079568,-1418.75069773077
145,0.030896489646529,0.00756868062873625,0.00159440239406919,-1418.92607079345
146,0.0294208287351706,0.00589054687050903,0.00163133589210251,-1417.74314953902
147,0.027118941140285,0.00662922438091812,0.00177206801139569,-1417.53325477446
148,0.0216428600861396,0.010554330161677,0.00166341056755206,-1417.68885060439
149,0.0232909782066077,0.00496935580907641,0.00184787257065922,-1418.61214326876
150,0.0335530135082529,0.00257587065327788,0.00135672802305473,-1419.65907591807
151,0.0318478250252333,0.00478946550916235,0.00180183332562025,-1418.2266408244
152,0.028181817083283,0.00822330432330612,0.00140198213063738,-1418.2673659999
153,0.0211555119163022,0.0139432641787117,0.000966766358675175,-1418.84382830766
154,0.0223999709921089,0.0192642967089104,0.00121280906650856,-1418.87209826429
155,0.0256417069932344,0.0126455086336518,0.00105074452698751,-1417.31253586154
156,0.0207573295729546,0.0195767831757285,0.000891768905531926,-1418.75782742123
157,0.019806136177073,0.0168098153149097,0.0010119342927717,-1418.57214914904
158,0.0379418241762675,0.0136756638383114,0.000808232469649571,-1419.67825923238
159,0.0374896477772508,0.0160325613481777,0.000915376194116528,-1420.0043216067
160,0.0247918922697746,0.0165558480945036,0.000937952732290086,-1417.45816404802
161,0.021542291625462,0.0150354897623152,0.00118657973323245,-1418.14896705002
162,0.030450345498173,0.0153224447921457,0.000995544981039074,-1417.49281504983
163,0.026508027373774,0.0181841861659967,0.000994637041564903,-1417.83231901714
164,0.0293370982883107,0.0151205334001527,0.00092602904635502,-1417.24631441001
165,0.0235801485574351,0.0156452958168183,0.00118017822803719,-1417.71661024667
166,0.019714908719879,0.0168209426055698,0.00126409418664872,-1418.92545021949
167,0.0291128482046317,0.010206239738304,0.00170476366771491,-1419.8130649325
168,0.0214221614318447,0.00637846958624359,0.00170554661044491,-1417.82237829764
169,0.0268511585696147,0.00472477969881535,0.00184715435932705,-1417.89224194594
170,0.0314893925966181,0.00492886991261505,0.00169734809611772,-1417.97597155036
171,0.0228586852780029,0.0139046584290896,0.000948516761131121,-1418.09940226305
172,0.0332677823791697,0.0142118037381371,0.00130071516106976,-1419.77939636352
173,0.0281302483744172,0.0134855601102427,0.00112032387103598,-1417.21573207985
174,0.0275937317896819,0.0193790237719945,0.000976699141522545,-1418.44172759213
175,0.0267804403668687,0.0156271721407682,0.000939374936780271,-1417.16090211386
176,0.0263886473757817,0.0156801994640297,0.00113620045195792,-1417.39888971249
177,0.0285492644316187,0.0117923140993767,0.00131855634587577,-1418.12529304318
178,0.021899487314806,0.0226532557924005,0.000955746515616827,-1419.68991987988
179,0.0221365192007971,0.0187210852118401,0.00117720688162249,-1418.51315344438
180,0.0234612578392494,0.0174260165364852,0.00135138543495321,-1419.10529200149
181,0.0252040702972435,0.0181820139416628,0.00110324995126832,-1418.03921257373
182,0.0228741682464505,0.0132150117779053,0.00123671519866004,-1417.84939025966
183,0.0225422547344537,0.0123020623298555,0.00146430736577046,-1418.14254001897
184,0.021714326968831,0.00765785139206169,0.00176986295968714,-1417.08657611179
185,0.0225394592272047,0.00647514821819077,0.0018882728822548,-1417.65328024739
186,0.0218266928182161,0.00693978310778795,0.00167441009370331,-1417.313151795
187,0.0219893238921999,0.0120946266087197,0.00126506686703599,-1418.15423290734
188,0.0283672139322501,0.0142972673473606,0.0010953808151481,-1417.19319952026
189,0.0279776050177911,0.0136991858853105,0.00111446476380502,-1417.17846596564
190,0.0256263617900708,0.013595241222833,0.00119210758688542,-1417.31168816381
191,0.0240134305492037,0.0156135289566065,0.00115760928944367,-1417.58346483423
192,0.0210764799904537,0.0171205730305386,0.00095411248114537,-1418.22205356116
193,0.029770181606613,0.0174000655930979,0.000940103296041603,-1417.88212786111
194,0.0225269383616456,0.0149335297771135,0.00130313352150774,-1418.24190813712
195,0.019272781852593,0.0145857391862536,0.00126116805552541,-1419.1012200215
196,0.0198544852202593,0.0131856796994698,0.00115848379614053,-1419.19000455911
197,0.0233021952063845,0.0139673247176103,0.00110834043285099,-1417.59472869089
198,0.0261134357372427,0.0148129067079108,0.000836004235833769,-1417.58127241972
199,0.0369811629597692,0.0158039198295496,0.000926604114625023,-1419.73682911748
200,0.019569174564014,0.0162097383376959,0.000751497140262317,-1420.59358986609
201,0.0209660082346632,0.0198578658090262,0.00112984892331627,-1418.8284840356
202,0.024390644012583,0.0191879656850416,0.00115679493356531,-1418.62293090097
203,0.0249841984848776,0.0169279637971483,0.00095997646269329,-1417.46883390411
204,0.0249657006893358,0.0184489921782627,0.000933036045072936,-1417.86832249905
205,0.0309013506806507,0.0167926139721177,0.0008689736844815,-1417.93062160289
206,0.03280485469613,0.0159643594032079,0.000828906109044948,-1418.27315245359
207,0.0343823793849378,0.0153019847579924,0.00097202478277712,-1418.66547790048
208,0.0287829525811391,0.016112427836393,0.00122409289637522,-1418.27070982493
209,0.0185227855170454,0.0167667986458046,0.00150572242278314,-1420.5236282951
210,0.0198374946591287,0.0120867149777984,0.00153110203823769,-1418.7200658952
211,0.0213913208547981,0.0131686449983522,0.00117069712410751,-1418.38577799651
212,0.0293743494466647,0.0189792400302698,0.00103999727150598,-1418.76834083296
213,0.0245455812288915,0.0168731836157892,0.0010312319072912,-1417.49794934758
214,0.0267788711630175,0.0176101371695724,0.00106433160712336,-1417.79030523117
215,0.0277276360696506,0.0121610605674068,0.00093652193235415,-1417.58719742674
216,0.0293844811875465,0.018296069087318,0.00076527271482279,-1418.50328878126
217,0.0239766603223666,0.0183940700185223,0.000817018804014065,-1418.29371533806
218,0.0267734855654104,0.0109090085713488,0.00171062061696996,-1419.12498736672
219,0.0184863872098191,0.00740010287960219,0.00174451777163406,-1418.67145381263
220,0.030451568622637,0.00644078863738441,0.00140150735761717,-1418.57729990547
221,0.0235523695433805,0.00521626599162043,0.00136483148928012,-1419.50365819076
222,0.0282683020834172,0.0114493273028546,0.00102754589145116,-1417.7180430261
223,0.0276222164838402,0.0174123627191963,0.00116788126271427,-1418.25956733556
224,0.0281590597302945,0.0117881301789047,0.00126541778887099,-1417.84898565921
225,0.0281987077418309,0.0126758063276965,0.00152093658646744,-1419.24312041679
226,0.0284841165549414,0.0125540583437964,0.000826406464379492,-1417.95064181938
227,0.0263652850426427,0.0119588521446129,0.00112797161302682,-1417.41548848089
228,0.0268359542800039,0.0168950528508313,0.00111868992810747,-1417.72170313316
229,0.0239792087919223,0.00659138036257719,0.00245968556754202,-1421.48195405437
230,0.0255974129415053,0.0065135934342397,0.00104991639187238,-1421.64549790629
231,0.0329670713576487,0.0110938643234182,0.00104260132622998,-1418.59003013034
232,0.0228849993134382,0.0207085436899406,0.000887868021855598,-1418.76610371859
233,0.0206095624713581,0.0172730706104784,0.000650002143076278,-1421.20234438668
234,0.0196523417308582,0.0223343253597625,0.000914305869853996,-1420.03077878955
235,0.0308900775933294,0.0249834993997563,0.000721574623493755,-1422.66506387854
236,0.0380215438076048,0.0203179231608231,0.000767731365896709,-1422.14382900888
237,0.0170110290856842,0.0160337944723843,0.00146367485410777,-1420.73960737869
238,0.0241237219579794,0.0087028307308936,0.00175094583683577,-1417.29488506904
239,0.0215478202884632,0.00747310295445915,0.00204604029168072,-1418.05604382491
240,0.0201980274753136,0.00748717288826569,0.0013775543779477,-1418.86785062112
241,0.0302818671968248,0.0103623248745918,0.000902651694989379,-1418.90978603677
242,0.035636431796634,0.0103352771008175,0.000958766317322695,-1419.39266638169
243,0.0384775146223552,0.0130526002209301,0.000816322826380754,-1419.80153590625
244,0.0327420105751982,0.0162096586349553,0.00104942949525185,-1418.56347294391
245,0.024587228060131,0.0165424475555341,0.000858378932519992,-1417.75056804043
246,0.0231312705791919,0.0184224465537697,0.000915143296023677,-1418.00727125742
247,0.0203288450919921,0.0157213449806227,0.00115888285507805,-1418.45258370838
248,0.0303706442471026,0.0167265518853227,0.000805270551122159,-1417.98040306085
249,0.0298417041117012,0.0163481691176615,0.00106575365365985,-1417.79904007321
250,0.0274107697793202,0.015370943645388,0.000970139559169335,-1417.09368027948
251,0.0257639295784871,0.0157544749174875,0.000812902645438013,-1417.76352171062
252,0.0254533151225767,0.0172181518721654,0.000668141901871099,-1419.27112371348
253,0.0259469266720994,0.0168527922809611,0.000589954561005256,-1420.3619820643
254,0.0241191303515249,0.0181159556796876,0.000605999766675327,-1420.56409242219
255,0.0357049278025295,0.0125098397714187,0.00106805632909735,-1419.15746716423
256,0.0207765030604031,0.0171481772974002,0.000798839471616997,-1419.21164589455
257,0.0276235652255768,0.0158837808503892,0.00120880346420749,-1417.88851935623
258,0.0184475057861477,0.0138866091404233,0.00138588896441575,-1419.57432825462
259,0.027126657771779,0.00497113955632488,0.00191106081358691,-1417.9848224376
260,0.0347927063004522,0.00197480825799876,0.00156954492492568,-1419.60298571067
261,0.0346955747020968,0.00223578168461661,0.00169381440302041,-1419.16102545122
262,0.0301815190481559,0.00337478883202936,0.0017505802013903,-1418.06132512779
263,0.0294033869421678,0.00667957590654469,0.00141529108802472,-1418.32978478544
264,0.0361634537061546,0.00550817855939849,0.00159899615427344,-1419.86216480864
265,0.0193860186162076,0.00742906249008256,0.00163067065053717,-1418.12317300905
266,0.028834983537816,0.0100968582180433,0.0014050273730994,-1418.56353885126
267,0.0254062750200629,0.00666092739707118,0.00161881896884369,-1417.1686454186
268,0.0234403679173794,0.00936461920326778,0.00194240249730835,-1418.12030799334
269,0.0254264413976465,0.00841604807948066,0.00151096694553645,-1417.41241134992
270,0.0251500341480486,0.0128157579333382,0.000925818446564035,-1417.7254960294
271,0.0328952785644103,0.0144320711453666,0.000883660056576805,-1418.00935434427
272,0.0369644071010512,0.0110160222952298,0.000965316460614113,-1419.46828759149
273,0.0328133668071928,0.0113362749487438,0.000939457232734936,-1418.48109833763
274,0.0257943944699269,0.0115839729271174,0.00133956244761292,-1417.71892818228
275,0.0218649858974524,0.00852475214291336,0.00134981146004685,-1418.00428562944
276,0.022080148406131,0.0187096965421159,0.00129450348036847,-1419.16686650174
277,0.0218365536467619,0.0121425065187906,0.00082792359744682,-1420.5356295938
278,0.0286202851597666,0.0168998289465557,0.00114228469797195,-1418.07854051607
279,0.0191164321677274,0.0152589735269397,0.00120692424533657,-1419.03753088044
280,0.0298935304759982,0.0138367146170803,0.00068211235700405,-1418.83293064508
281,0.0348186049806567,0.0149048474470956,0.000618688017817566,-1420.08814605743
282,0.027586338507508,0.0202402833817166,0.00124561307262006,-1420.35262873167
283,0.0276803219811124,0.0169209579871353,0.00130544922781485,-1418.96617919593
284,0.0232199937351345,0.0142055926409508,0.00092601312444715,-1417.97953462251
285,0.0287042853181595,0.0154569364360339,0.000917088082449956,-1417.22786520405
286,0.0254350176529689,0.0147004746207074,0.000992738349521766,-1417.14731503501
287,0.0251722080551517,0.0132359065663341,0.000984073738095051,-1417.3752114109
288,0.0319451117345095,0.0192765833228632,0.000935157066999786,-1419.31276931885
289,0.0376596909411913,0.0116290088211876,0.00103704871625952,-1419.71737850514
290,0.0298566774049737,0.0176436960732868,0.000932987570337019,-1417.98815137513
291,0.0195744726311146,0.0155461231769133,0.00128341679503563,-1418.97268653205
292,0.0296230667401947,0.010753897522071,0.00109491773819618,-1418.16357262785
293,0.0305813394537289,0.0136586305804451,0.000913268186169084,-1417.4616262374
294,0.0294865286397979,0.0191889322776248,0.000674377362230666,-1419.46641013005
295,0.0297484085818419,0.0146626580407045,0.000737014432103247,-1418.1388343594
296,0.026575457594813,0.0195804376008988,0.000931328503042661,-1418.36037097561
297,0.0244854474109497,0.012443655262382,0.00111253420090527,-1417.51230192849
298,0.0314697712173739,0.0157633703646076,0.000972403412682239,-1417.80817712668
299,0.0276886531591515,0.0162344795857382,0.000974750521052452,-1417.26586442502
300,0.0249838625012994,0.022242408339523,0.00083604254302494,-1419.60725905772
301,0.0244374937720453,0.0106199925551341,0.00203894591735739,-1419.93043484949
302,0.0229951377938349,0.00630241716795915,0.00184292595404735,-1417.54888459336
303,0.0211720619404303,0.00744716683970206,0.00158363547679704,-1417.39370156367
304,0.0280401566416252,0.00997098625978727,0.00159678023874435,-1418.7526677675
305,0.0280983981413967,0.00418483901174371,0.00145474363422524,-1418.39103725253
306,0.0295420218161426,0.00535839583609445,0.00155927127575306,-1417.7308458417
307,0.0356530563768118,0.00244624531604023,0.00177173112721089,-1419.35094023407
308,0.0351595614259483,0.00199455181171251,0.0018939322597192,-1420.02264961634
309,0.0305351315009061,0.00333127170130403,0.00204660992381241,-1419.10007980997
310,0.034963134141491,0.00793162725010836,0.00103929482893664,-1420.51781285725
311,0.0259784922638146,0.0136000153711247,0.00106836660229673,-1417.09705417354
312,0.0229937894881873,0.010667308639497,0.00178421214111919,-1418.12289956091
313,0.0224716808741616,0.00710298509555385,0.00171354226074168,-1417.10613905109
314,0.027093285407725,0.00540036125045252,0.00176371574301966,-1417.48662052603
315,0.0294121620610759,0.00544473045145627,0.00177581548356214,-1417.79197471734
316,0.0251048499530584,0.00880519158115386,0.00186113639923506,-1417.96945567668
317,0.0233953981553903,0.00651092883971193,0.00187644792424012,-1417.48952813399
318,0.0236213764406643,0.00630596364341815,0.00158180687125735,-1417.42947822244
319,0.0250156988837865,0.00613196563376337,0.00174950366032026,-1417.26399125621
320,0.0236551696936902,0.00886161052104109,0.00202775081515261,-1418.39725551878
321,0.0246192209597746,0.00933909494220418,0.00129226479435892,-1417.93783654586
322,0.023233705894912,0.0103171605247552,0.0017021403121631,-1417.69353099463
323,0.0202936946993064,0.011676754908442,0.00144125093470572,-1418.47095489341
324,0.0229112742331646,0.00781291796713375,0.00147746753166585,-1417.32182952578
325,0.0214783076142263,0.00887616753711314,0.00159814498670787,-1417.10199274336
326,0.0188887504592667,0.00969805001000546,0.00159677998362497,-1418.21883600476
327,0.0204182607287455,0.011866627058804,0.00149019741824285,-1418.45600165285
328,0.0265178365015419,0.00918957807627427,0.00171702509277257,-1418.1623490108
329,0.0240807834478788,0.00515445068796086,0.00174535307752234,-1417.97526117141
330,0.0294751255053555,0.00666288708870436,0.00158658179463385,-1418.01055368433
331,0.0250820809788555,0.00722071073966265,0.00158838026263596,-1417.14845305181
332,0.0275859427527078,0.00443608141634483,0.00174868899064287,-1417.77171346024
333,0.0327504613555288,0.00316414708817021,0.0017088553622473,-1418.18486754541
334,0.0340821997790421,0.00643425625265711,0.00137072099969172,-1419.67762147414
335,0.0339227832475929,0.0149924060987917,0.00108099998789026,-1418.80442383106
336,0.0360831260085151,0.0126428050200318,0.00107209957622343,-1419.30367932994
337,0.0261159458065916,0.0161868633349163,0.000865005235226143,-1417.47564366694
338,0.0269660506142353,0.0157921242810081,0.000848280441012393,-1417.44002282113
339,0.0280031595023126,0.0113675451928743,0.000931178332353402,-1418.03183665429
340,0.0286383200403779,0.0112417367422481,0.00119101121591862,-1417.88636129417
341,0.027378166358593,0.0094578320808935,0.00106327304073834,-1418.95307018734
342,0.032736748840591,0.0147198166969756,0.00110747226566715,-1418.42297047274
343,0.0275030888571004,0.0144505460585391,0.00093838761532154,-1417.07774463576
344,0.0214656310850354,0.0144565037814126,0.00119347524143096,-1418.2096873523
345,0.0209534687926098,0.0166377211512689,0.00129402255192086,-1418.73351506448
346,0.0242923568803155,0.0164610346475551,0.000917851739031106,-1417.56940652673
347,0.0268885638204207,0.01737971583885,0.000808642288227622,-1417.89718463877
348,0.0321614016761122,0.0112330246462977,0.000671617718020044,-1420.24043522698
349,0.0371179682927066,0.0213434884488691,0.00068280129206225,-1422.53638583329
350,0.0455076358545431,0.00861153809405814,0.000840102648112892,-1422.64321436374
351,0.0242358462642738,0.0225370806729044,0.000643500797631654,-1421.09164210476
352,0.0271530828512133,0.0154334740399183,0.000843302121850992,-1417.42607323478
353,0.0318150174976582,0.014533979129517,0.00107778705702423,-1417.95624422291
354,0.0290748770167771,0.0120338126634066,0.000882568959290166,-1417.87527661998
355,0.0251841709921636,0.0137347634244168,0.00101953645832722,-1417.21431547123
356,0.0287377057376818,0.0137346783322907,0.00131679012488925,-1418.2209994869
357,0.0334260172563872,0.0117415253379093,0.000676067577678666,-1419.94535967309
358,0.037960515547943,0.0076001539987921,0.0011942973487599,-1420.98826368162
359,0.0217029899470309,0.00924663295533546,0.00162925339691185,-1417.12092509257
360,0.0235816963444442,0.0112839688617975,0.00144812688393113,-1417.72798169804
361,0.0257852381745148,0.010343931863949,0.0018344266359384,-1419.00504495956
362,0.0240815560362125,0.00394774797245941,0.0017544093233867,-1419.5787721921
363,0.0308247189414318,0.00552182192408095,0.00172221769334298,-1418.04676528028
364,0.0235481493448702,0.008535445795046,0.00169836152480256,-1417.0593868341
365,0.0236751070644596,0.00860680471767761,0.00152519897059889,-1417.15042858151
366,0.0275988578423813,0.00696936856042217,0.00174555151053816,-1417.69279853923
367,0.0253864950832168,0.00589205160163937,0.00162537040678987,-1417.32312179777
368,0.0277532578706995,0.00954973787265939,0.00128511712709179,-1418.28772215802
369,0.0305046910079217,0.00957067562386917,0.00106839978139639,-1419.00405427041
370,0.0336236936647466,0.0139476951287831,0.00104456654512482,-1418.3863401954
371,0.0204004572159159,0.0238650702583989,0.000912119886296198,-1420.64872784826
372,0.0184436635863515,0.022924036742553,0.00100454013115554,-1420.74295976236
373,0.0307801397248553,0.0162017012065667,0.00099222910591957,-1417.77583168819
374,0.0328091762245316,0.0125372187576577,0.00132603499730589,-1419.53875902368
375,0.0273186607125421,0.012877285329867,0.000751468816609175,-1418.55461477738
376,0.0283417360607022,0.0218874892508617,0.000830159665081841,-1419.85438877933
377,0.0214060444474406,0.0184973601866287,0.00100665749766989,-1418.16710825678
378,0.0258173154834806,0.0179222436598862,0.00103236359158476,-1417.76668971902
379,0.0284346426645445,0.0111678586022107,0.00111046774049189,-1417.81600954871
380,0.0259436260747598,0.0164868554274894,0.000960682993472009,-1417.31495593481
381,0.0251576144880257,0.0180691654542788,0.000920968761842086,-1417.7697841019
382,0.0249846234187358,0.0145854280555469,0.0011778304561695,-1417.39012364413
383,0.0225125105911507,0.0138626808436032,0.00116714978407436,-1417.86877183591
384,0.0251859364535301,0.0128541552183594,0.00103975280911659,-1417.34893415623
385,0.0260570661684373,0.013176681984991,0.00133297334737852,-1417.80063581221
386,0.0297247022203976,0.00960615132943622,0.00139563197530693,-1418.82644356922
387,0.0262201156758861,0.00543042640527719,0.00176096547686381,-1417.46426589252
388,0.0225491858074911,0.0110038679606112,0.00113094088669287,-1418.5461744229
389,0.0300019553084672,0.0138051803501619,0.00118236538275633,-1417.80157744394
390,0.0284794058961636,0.00825057154377756,0.00186263381318444,-1419.06967245965
391,0.0258604057504284,0.0054305316497593,0.00205330435348975,-1418.52650729768
392,0.0225963602835118,0.011590697016639,0.00111552858686861,-1418.37802131091
393,0.0379391437944347,0.00892844343767036,0.000984055330535814,-1420.36605448465
394,0.0319708503522624,0.0210336011435367,0.000792349236245575,-1420.24710373076
395,0.0182246199162856,0.0180948657192382,0.00149647023203364,-1421.05709831181
396,0.0297883317294652,0.0109625466049987,0.00121935339878593,-1418.25840017671
397,0.0246778485495057,0.0183463939589787,0.000944646382064819,-1417.83548281823
398,0.024692025437478,0.0164578642864917,0.00111254299444489,-1417.55008798046
399,0.0306197212964455,0.0146367866346585,0.00104097691181426,-1417.52017005156
400,0.0236101619220357,0.0216301426309599,0.000819879440887417,-1419.34149775878
401,0.0282580936484523,0.0114757934328141,0.0012335519825351,-1417.84021634038
402,0.026444050560777,0.0126941116338369,0.00151270630029128,-1418.69634513272
403,0.0234219880440418,0.00629784698713563,0.00182101223957857,-1417.43878598006
404,0.0273956985116151,0.00521421321946503,0.00162831199565687,-1417.4878563553
405,0.0284822299507235,0.00725166512443524,0.00181071759644048,-1418.28998542939
406,0.0266881622758483,0.0062666074176924,0.00151867476032199,-1417.48698031037
407,0.0268004002562281,0.00851712861647527,0.0014613089427396,-1417.82340458618
408,0.0240679233638825,0.00992272580368142,0.00185477427445793,-1418.20163316491
409,0.0249270420958819,0.00774915952243021,0.00185553702885656,-1417.5105453939
410,0.0268912225153596,0.00413261589511792,0.00193418929768077,-1418.53936168757
411,0.0256805845505158,0.00739153000625198,0.00163522748597744,-1417.21183512934
412,0.0256805993857854,0.00535476348351504,0.00185089696478178,-1417.70103876671
413,0.0224987865895326,0.0106979123614291,0.00137801759443558,-1417.74654868718
414,0.0229868404289194,0.00984680546171705,0.00125553821846456,-1418.11780355153
415,0.0239233661577291,0.00621462459788865,0.00197966082308725,-1417.94984245606
416,0.0261674946877146,0.00535601818976965,0.00193895457136192,-1417.98551871118
417,0.0258428867654083,0.00559693526809717,0.00171571328875589,-1417.37515584036
418,0.0264905005880305,0.00779006897132215,0.0017109456854431,-1417.56214652796
419,0.0239102847699959,0.00654885394976748,0.00182312390348055,-1417.30781106544
420,0.0280406629471907,0.0081536708495182,0.00156777458943772,-1418.05535764153
421,0.0247659620731471,0.00931268063983617,0.0016965521070129,-1417.5657444538
422,0.0213521868374641,0.0105338090543025,0.00157589002631334,-1417.66561514305
423,0.0227517553843971,0.00792450441797523,0.00186382365828342,-1417.23540464265
424,0.0208182457573388,0.00770882654256796,0.0017527744564387,-1417.23295747031
425,0.0260449469384121,0.00478982827488545,0.00162474564027805,-1417.82526984787
426,0.026894975535739,0.00498639704276986,0.00156556859707615,-1417.70077361001
427,0.0275882465546995,0.00700601231157168,0.00129297929403993,-1418.64366571727
428,0.0255570800036237,0.0104343560125455,0.00175960650071157,-1418.60253701355
429,0.0221896916255717,0.00973042846086728,0.00170617079946343,-1417.31891463181
430,0.023369345518587,0.00877560409454308,0.00175745012317283,-1417.1867182834
431,0.0210381010378374,0.00865039837742069,0.00149929891179513,-1417.43484784795
432,0.0246787734174299,0.0102927870125253,0.00139593338303181,-1417.62252871877
433,0.0241308295829181,0.010371431874202,0.00143927531495836,-1417.55730324954
434,0.0256466501334707,0.0109216291603571,0.00158828757547454,-1418.21382432342
435,0.0250500401010529,0.0120883919608345,0.00141715111546364,-1417.89664712966
436,0.0252938021595601,0.0127812047329561,0.00144406241285295,-1418.17671925543
437,0.020111837860335,0.00767138034909946,0.00164251204670177,-1417.56452015308
438,0.0231798604793132,0.00932274024131691,0.00134319984466819,-1417.74021854627
439,0.022748731119529,0.0115510059261373,0.00118478715500834,-1418.10676627774
440,0.0229061027423809,0.0164112068896526,0.0010650475868979,-1417.6775891451
441,0.0270196426688791,0.0128803648673342,0.00103378137762305,-1417.15971360698
442,0.0240234676204487,0.0113565924269814,0.00166727923937487,-1418.30541877722
443,0.0231865385816572,0.0139570405817532,0.00110510112009546,-1417.63032224327
444,0.0246309901828085,0.0104867552574836,0.00120161310165026,-1417.94559937298
445,0.0251504011591799,0.012855666223296,0.000986770888819121,-1417.47467968449
446,0.0297367678429369,0.0127308078819998,0.0010312641595928,-1417.41075046093
447,0.0318421617672915,0.0144041800916104,0.000823551515766005,-1417.90622825744
448,0.0294753487705855,0.0133355689416782,0.00134877499379399,-1418.57659049649
449,0.0265438788440958,0.0103992519275893,0.00145336272146802,-1417.99792131444
450,0.0234476449255413,0.00790435019178807,0.0019286822183688,-1417.54229095741
451,0.0259896545352635,0.00618910034075035,0.00190033084782842,-1417.67998740802
452,0.0220926835481298,0.0099849022536913,0.00181378028867603,-1417.69879825013
453,0.0285408860131853,0.0044162987091643,0.00205168017007069,-1418.78624412376
454,0.0277137212110992,0.00700162736752115,0.00125220953189875,-1418.9548074773
455,0.0292761148777634,0.00478488183244641,0.00156105325744579,-1417.70162235927
456,0.0277045823708649,0.00712997682319835,0.0015468026483757,-1417.67491536186
457,0.0261641076294619,0.00673472431487224,0.00168409622321134,-1417.23769732758
458,0.0265061462428604,0.00510243070358639,0.00163102241141588,-1417.56374144625
459,0.031916209256807,0.00582056962165629,0.00185146064688163,-1418.93154593835
460,0.028207760817995,0.00469458837443551,0.00160253855516291,-1417.64725211896
461,0.0286938586937867,0.00653264863054161,0.00139682930025615,-1418.23765113583
462,0.0223430511925796,0.0165902226203345,0.0006280596484837,-1420.9294820495
463,0.0397563036103461,0.0188004973848793,0.000910451651899511,-1422.36232290887
464,0.0390593403232245,0.0136362250560767,0.000604113723560562,-1421.31799505086
465,0.0268905555348572,0.0163827583465238,0.00135708388958116,-1418.98609217872
466,0.0187548018382125,0.00913847247725476,0.00185641059132749,-1418.1841290267
467,0.0191465636392419,0.0119226924930892,0.0011320496657513,-1420.23081739878
468,0.0260888294171605,0.0150541531733988,0.00135287101216527,-1418.34559106539
469,0.0240097317963436,0.00824573805905472,0.00167599056422052,-1417.05346390378
470,0.0196198961638992,0.0109712162915783,0.0018694894621265,-1418.74338052863
471,0.0215669811683854,0.00846538078022921,0.00152929505564504,-1417.21755565847
472,0.0410431600174548,0.00310323123217634,0.00146884536781928,-1422.3035809911
473,0.0351761265742038,0.00504812423952443,0.00121732512173719,-1420.45768664897
474,0.0235110005309251,0.0133675780250909,0.0012028521222998,-1417.64238332778
475,0.0239654191161775,0.0167608633646261,0.000779465501881632,-1418.4026471127
476,0.0320781724395891,0.0185897500280906,0.0010176756603732,-1419.25387888867
477,0.0287758021078268,0.0123513919170863,0.00135426760408667,-1418.33696485009
478,0.0249676986031264,0.00726029698545214,0.0018272707603377,-1417.3411661836
479,0.0249260531258799,0.0079529975629383,0.00158438665099134,-1417.16986295396
480,0.025983792634969,0.00486620907742193,0.00185266039398081,-1417.93258190653
481,0.029706585388453,0.00301874989678446,0.00156019596910718,-1418.58951002226
482,0.0350022811757255,0.00472104923534552,0.0013971648637289,-1419.32262025187
483,0.0334323596051465,0.00265456754422566,0.00211213145948386,-1420.11814574468
484,0.0297195796574225,0.00281711405173424,0.00198386951226509,-1419.27958398465
485,0.0296375434363485,0.00512251882966175,0.00167184694314328,-1417.64152849421
486,0.0271957329807816,0.00586809115329325,0.00143971498222444,-1417.87273947388
487,0.0276822193953169,0.00780720428037835,0.00142441039677678,-1418.03783876914
488,0.0286495995801179,0.0128321983122114,0.000904704975449287,-1417.44789100115
489,0.0272740005072699,0.0130516190293451,0.000809224569932741,-1417.9618282597
490,0.029501099213751,0.0150747892704067,0.000808822503621241,-1417.62170423912
491,0.0308472143343677,0.0149946719149017,0.000725676916417281,-1418.31653844023
492,0.0292129068619157,0.0169819263983377,0.0010005204057657,-1417.70781097487
493,0.0295107722397712,0.0158983873860629,0.00092332042368463,-1417.39403694453
494,0.0215148528763417,0.0172966555277302,0.00113561474172425,-1418.12818415213
495,0.0258626655705364,0.0194893413897601,0.00104693618261282,-1418.44704092315
496,0.0209918207259241,0.0188171576362831,0.00141472639765151,-1420.14749430081
497,0.0246382360084489,0.0131598402055951,0.0015910053710701,-1419.03193217459
498,0.0270703854834702,0.0101639435980523,0.00143122150908289,-1418.08390453736
499,0.0254459670943016,0.0153661237239575,0.000556859686705204,-1421.3593333052
500,0.0304255915992003,0.0153542156774864,0.00133906637319833,-1419.30742976298
501,0.0279467345926719,0.011608452485165,0.0010350708198408,-1417.61597712818
502,0.0313631688644828,0.0153438063010878,0.00126060025764126,-1419.01875698416
503,0.0204431119702475,0.00761619039109888,0.00234910334901061,-1420.28481337823
504,0.0232402401226639,0.0035255365799934,0.001771745723846,-1421.16164970328
505,0.0338375867958247,0.00401544995387804,0.00164539574838893,-1418.31516619533
506,0.0349812246610244,0.00252368773959348,0.00173019215754355,-1419.00417808422
507,0.0309578840396778,0.0072279106075724,0.00137762474165255,-1418.96661825765
508,0.0271088809004697,0.01383433361598,0.0011632232727758,-1417.24234386183
509,0.0273815910926675,0.0121448946167656,0.00120557840122351,-1417.5078877175
510,0.0190693304083022,0.0217700673124337,0.000817086241474904,-1420.45683133212
511,0.0261354670097148,0.0111215317407981,0.000826443404433381,-1419.19133916895
512,0.0384911188065626,0.00909094340256889,0.000964194036795821,-1420.38806363678
513,0.0258801767437333,0.0188335665703148,0.00086663305700746,-1418.1031042773
514,0.0316532943745456,0.0140821259616504,0.000988874419709559,-1417.65846626619
515,0.0311881881592998,0.0141206647764737,0.000818552555628774,-1417.81818904234
516,0.0316309058120014,0.0154690159917888,0.00133257624452068,-1419.74639940783
517,0.0293602598294389,0.00555883064866972,0.00146211727398513,-1417.98894253609
518,0.0299992625106728,0.00389995404163631,0.00202153782175686,-1418.75789856836
519,0.0289678410357913,0.00665702894793381,0.00133721010651039,-1418.59789107094
520,0.0223181913892623,0.00665663075764311,0.00135829459522914,-1418.68849316165
521,0.0274238082404141,0.00727383463682997,0.00164649579577444,-1417.60185601157
522,0.0234190726566635,0.0108310228001339,0.00149894962129945,-1417.6309330244
523,0.0247185020679882,0.00692606245419138,0.00168767717677959,-1417.08082935647
524,0.0279165334072937,0.00654659580002528,0.00144031197175476,-1417.9142158448
525,0.0270886791874929,0.00788595889083973,0.00198018632537545,-1418.85163077443
526,0.0264439080938187,0.007740224365947,0.00194951235459977,-1418.36409178084
527,0.025337420765474,0.0069178218557124,0.00165019285296073,-1417.13156271273
528,0.0220305987047631,0.00760181697954922,0.00167995309450314,-1417.02033722164
529,0.0257854085859965,0.00824391044648816,0.00148971830874615,-1417.50140493526
530,0.0190001400345851,0.0114147557093639,0.00146795754390004,-1418.8955906614
531,0.0349384420547363,0.0117631644663795,0.000887719723176778,-1418.85097574434
532,0.0270924861182071,0.0164739105914648,0.000825613895967696,-1417.62758247118
533,0.0252703578102015,0.0133482762317962,0.00157830999831025,-1419.13775244886
534,0.0275793647427652,0.00334125754330556,0.00212141359924207,-1420.02638688777
535,0.0291100342672627,0.00329341383613972,0.00196674880730338,-1418.86432116688
536,0.0245409129122403,0.00748970076624763,0.00190419443321983,-1417.56102173271
537,0.0244988662395292,0.00679796808251476,0.00130273875046046,-1418.58106634478
538,0.0266135344998473,0.0070965485730141,0.00174785605114875,-1417.46361530012
539,0.024266793093011,0.00514144946012979,0.00164557792190446,-1417.96905966599
540,0.0258326495589035,0.00510072938373645,0.00188910505067075,-1417.92455967074
541,0.025276385098226,0.00556982264362609,0.00181616341274215,-1417.55298040406
542,0.0243435236165716,0.00863836313247809,0.00203463663710888,-1418.53905560511
543,0.0226573756339211,0.00731994494456027,0.00210372499971093,-1418.37381541769
544,0.0202054216598628,0.0079440238568841,0.00196363447464424,-1417.83224243144
545,0.0181774714247359,0.0080453885079819,0.00166552602814591,-1418.69975780861
546,0.0271488920733292,0.00798768402571897,0.00171053016549559,-1417.84847918429
547,0.0216901998721969,0.00772619829053533,0.00134602386742488,-1418.3403536979
548,0.0213236921104111,0.0107426757408579,0.00181595659889764,-1418.18968490132
549,0.0209887906286912,0.00609579148390727,0.0016730650678628,-1418.35173847576
550,0.0252002525224923,0.00789508492030537,0.00133780001958612,-1418.00269498616
551,0.0253945325255652,0.00590544647685115,0.00185206703583723,-1417.52406734139
552,0.0241452308866206,0.00921626088235858,0.00141911430542137,-1417.47956395624
553,0.0193766070385474,0.00968488741198435,0.00125770765020425,-1419.74720658206
554,0.0194396334565636,0.0103388326259365,0.00186606357951464,-1418.38663722003
555,0.0236327253900194,0.00975112823491678,0.00123003110257926,-1418.17412383544
556,0.0268969061211874,0.0128056718097231,0.00124508595044276,-1417.50168113282
557,0.0219850980256875,0.00670272796898376,0.00190332446630828,-1417.68336343225
558,0.0262615066343369,0.00830235975505,0.00166240352891635,-1417.59079080026
559,0.0230378787895348,0.0113320601857508,0.00168132817079286,-1418.2008069267
560,0.0234891686455325,0.0069290430158646,0.00167865615074551,-1417.06911937228
561,0.0243156169749295,0.00647532920386962,0.0015419675160016,-1417.3710344294
562,0.0321426658194476,0.00951073861933815,0.000826641694913926,-1420.12344994292
563,0.0316852039294753,0.0122887796737863,0.00108478439255974,-1418.00727648304
564,0.0285557257112603,0.0127530022172942,0.00102920111650547,-1417.250825527
565,0.028109234466538,0.0120145502450481,0.000994620913434869,-1417.4985668333
566,0.0236811041560914,0.0129036936879005,0.00178070112151626,-1419.89550220578
567,0.021245527810177,0.0130274085233068,0.00158392808569588,-1418.94187266703
568,0.0238927218237623,0.0108012622466536,0.00107503267807603,-1418.42902443575
569,0.0266780409057588,0.0191027982082483,0.000866291678468285,-1418.22729009401
570,0.0330758020385676,0.00989373759539193,0.000860108906081466,-1419.61007750631
571,0.0304259240759811,0.0164723646940958,0.000757284804325132,-1418.1730053156
572,0.0255287906315346,0.0135305874916092,0.00113118341417356,-1417.19638491271
573,0.0272058654666349,0.0179693600320587,0.00106264800499921,-1417.97295162117
574,0.0222236508975441,0.0138458269932133,0.000862262501337561,-1418.96217464224
575,0.0228762736550702,0.0179017216882028,0.00100011763684792,-1417.8404928854
576,0.0226734789808753,0.0140870926577231,0.00100957668345518,-1417.91669282122
577,0.0334047395505826,0.0141845012109936,0.00103014705757707,-1418.28667592107
578,0.0233310527132258,0.0172428691230458,0.00111354379237028,-1417.82785410249
579,0.0261311103969247,0.0189010029541305,0.00103790657536223,-1418.18513976719
580,0.0206393965119163,0.0203471382795741,0.000885867231660481,-1419.01901885514
581,0.0278083713554444,0.0151479472954409,0.000847112278822199,-1417.37319826544
582,0.0310424579722705,0.0132309249091147,0.000838568674055759,-1417.8392003912
583,0.0235640488961946,0.0166762640808249,0.000954506250586976,-1417.629259242
584,0.0272875044164017,0.0170774005011257,0.00117665895018479,-1418.11462755772
585,0.026921995101741,0.00880099084966104,0.00172146813016138,-1418.15051551326
586,0.0283453240584463,0.00370367200993687,0.00139140199603886,-1419.09478735468
587,0.0286335984084621,0.0139081235985247,0.00127149592925322,-1417.94878942862
588,0.0265052379303811,0.0122641640914347,0.000909705580576268,-1417.75901496171
589,0.0282382282767877,0.0144626635819183,0.00079092153406096,-1417.71018166443
590,0.0246003477655541,0.0134167998638678,0.00113582088925195,-1417.33739413712
591,0.0256360284109563,0.0152123716152051,0.000912048669422745,-1417.2954124326
592,0.0231201823842674,0.0120103957392466,0.001571879262657,-1418.25062429197
593,0.0159857543511403,0.0110761165126487,0.00169791406421828,-1420.25639683563
594,0.027590173122668,0.00539159626029706,0.00176273276031827,-1417.51513130444
595,0.0297443370614947,0.00325203646653082,0.00174645019484795,-1418.19714085982
596,0.0321835671842419,0.00362266461597197,0.00140534398599406,-1418.64507163512
597,0.0285654830543412,0.00517172471880521,0.00177450676866175,-1417.63022187413
598,0.0250332960357279,0.00586935986724756,0.00123698419655507,-1419.64229673954
599,0.0255623564403359,0.00992399188526633,0.00155571217885812,-1417.77393626147
600,0.0231337712077046,0.00679017551544696,0.00163972451146342,-1417.17337512573
601,0.0218619781169722,0.0100698479484056,0.00151599737155892,-1417.454027215
602,0.0215829141653068,0.0091990927504542,0.00172177787039765,-1417.14972026041
603,0.0267567650540424,0.0068207155558187,0.00159580542101363,-1417.36056247319
604,0.0295120235338034,0.00582039116985625,0.00138814762261563,-1418.3585368954
605,0.0231414621649235,0.0118319275726229,0.000915231136478546,-1419.08372099474
606,0.0277700586177567,0.0170580923857163,0.00107852556853222,-1417.72970546851
607,0.0309456645179,0.0151723084527957,0.00101217617617363,-1417.61645350305
608,0.0320735294534052,0.00899720551157175,0.00136311779715495,-1419.53598132627
609,0.0332735438598013,0.00535135286590317,0.00150176302232997,-1418.7062827912
610,0.0327912717461711,0.00225163893089231,0.00189793672794698,-1419.31991541424
611,0.0291109474848629,0.00397239040602524,0.002012129455607,-1418.68740800516
612,0.0299552859253621,0.00524554470811961,0.00138652501697893,-1418.397250309
613,0.0252287518052,0.00919833291614958,0.0017615268612806,-1417.83180634623
614,0.0239802975307766,0.0099463781229413,0.00157034254174691,-1417.44461133954
615,0.0234139108619036,0.00724487749850179,0.00180234809575614,-1417.12536048616
616,0.0245318934663458,0.0077033044378628,0.00182720434912515,-1417.32567958553
617,0.0216128617705977,0.00690458535087818,0.00192778201565529,-1417.73602162511
618,0.0217897876677157,0.00881656352993198,0.00189304415179453,-1417.43452355497
619,0.0235621341311193,0.00764407775031238,0.00148513939445458,-1417.29194072439
620,0.0211635131748239,0.0100201682832262,0.00217095339670877,-1419.57823149129
621,0.0202251361790288,0.00875421586909441,0.00202856315685536,-1418.14770053181
622,0.0238869503822413,0.00811701425372192,0.00181203706252256,-1417.24186157706
623,0.0227217175631088,0.00722230728169564,0.00122940824264817,-1419.41205919308
624,0.0233962948035803,0.0100097535228314,0.00183054597226753,-1417.9689403284
625,0.022927727330556,0.00845350282317529,0.00170302276402794,-1416.9828150833
626,0.019342768124245,0.00973565437293866,0.00164724380099763,-1417.92552323266
627,0.0248361055827568,0.00885276012730465,0.00175373475134006,-1417.53761681716
628,0.022676038202402,0.00799438992575888,0.00149133826332717,-1417.25587283474
629,0.0217379268708292,0.0130406110369426,0.00167806988165107,-1419.28371571846
630,0.0231811184129349,0.00533112573606272,0.0015003696267898,-1418.6625689361
631,0.0268239331771524,0.0071062744459521,0.00166801775796142,-1417.41339262203
632,0.023453451100746,0.0081349610535349,0.00174920951700756,-1417.04484811224
633,0.0266870960165834,0.00684630481130953,0.0018515520061365,-1417.70320095534
634,0.0209681099035869,0.00844346155595898,0.00165593988064896,-1417.10614907516
635,0.0211782766719441,0.0100921773187454,0.00178793056311897,-1417.70216144172
636,0.0194055761486384,0.0135582179605919,0.000948567846697129,-1420.27304372185
637,0.0308163604422221,0.0083550893278294,0.00110006795208489,-1419.74654302583
638,0.0416700590640234,0.0116434449608957,0.00105980217456022,-1421.1008604889
639,0.0362370582094476,0.0114560012495094,0.00129091271256243,-1420.55838213119
640,0.0185467995333546,0.0186220656437426,0.000780355471869997,-1420.44096922263
641,0.0273042440216874,0.0180350987524506,0.000938937774824135,-1417.79113063279
642,0.0267149582300957,0.00885365245363346,0.00166018794903434,-1417.94639102108
643,0.0272925674923879,0.00408652621223728,0.00205626382163014,-1419.06113516422
644,0.0305941771667193,0.00551186724460305,0.00130520983399337,-1418.99347730277
645,0.0276082839232726,0.00814451406974432,0.0013137765288123,-1418.41416477807
646,0.0266336282133491,0.00720367415113287,0.0013120059338268,-1418.38633013039
647,0.0244603947942485,0.00945174853653822,0.00105677606288037,-1419.32687256816
648,0.0434386612126836,0.0102133370651756,0.000864956278120356,-1421.24167179584
649,0.0336346826561726,0.0176104131364569,0.000892538338866482,-1419.00483058034
650,0.0309920194081699,0.0144322968623674,0.000729028293118431,-1418.33550079604
651,0.0225932336071333,0.0212518372342762,0.001381972809353,-1421.16269026665
652,0.0201906699754823,0.0161132997254854,0.000971986918926005,-1418.61446734713
653,0.021264867115958,0.0160625276383957,0.00103812194344052,-1418.08434127438
654,0.0215256449062903,0.013023211034412,0.00128193589200196,-1418.30421815976
655,0.0298163051311452,0.00617810493537219,0.00204050820225547,-1419.35311094808
656,0.0235267187016036,0.00834898847687571,0.00207481088743975,-1418.44602437026
657,0.0236129763804327,0.00560394155719279,0.00231765315549317,-1420.50774732093
658,0.0234918768573063,0.00854263105050537,0.00174940668895476,-1417.12766600892
659,0.024783552951992,0.00586117787254385,0.00166596506613957,-1417.35178163503
660,0.0282884884621122,0.0114658687882491,0.00124833072648683,-1417.88423509387
661,0.0212092504693766,0.0105209761393389,0.00151946014446326,-1417.7270438265
662,0.0282401243586397,0.0137862452032167,0.00067279767126955,-1419.03759698673
663,0.0351514306784446,0.0134122482605168,0.000879415427330211,-1418.67509869512
664,0.0348306399010405,0.0154539371349248,0.000868067556641156,-1418.75761564802
665,0.0319373074183989,0.011242375449491,0.00129302991895294,-1419.06798896404
666,0.0234622191108348,0.00939577758672751,0.00145742760325838,-1417.35465868084
667,0.0277644703177553,0.00324954795447039,0.00173596708571492,-1418.73616892225
668,0.0256845267657184,0.00596740086713121,0.00171257894214895,-1417.26851254703
669,0.0234459569325664,0.00766749881078916,0.00151944384802248,-1417.17682021526
670,0.0250105713814025,0.00796191235061704,0.00180011181506967,-1417.41076717819
671,0.0200890251461643,0.0158744695840447,0.00168448204113314,-1421.08820656412
672,0.0177795100613491,0.0103540013107481,0.00175792986800981,-1418.89582894806
673,0.0266067676728293,0.00571044330783285,0.00134755836724852,-1418.47669209976
674,0.030139373075306,0.014025003109244,0.00122733343621333,-1418.09492297393
675,0.0245695913321763,0.0108811554640553,0.00140457926026341,-1417.66025273239
676,0.0248771177808967,0.00741354856437749,0.00149551228628522,-1417.32557785345
677,0.0333002501577817,0.0106897529849432,0.00140070463848501,-1420.1545348677
678,0.0222827130386353,0.0113133867092313,0.00130898367368078,-1417.98937137392
679,0.0204703274078418,0.0118783307616412,0.00172882358656569,-1418.78581315175
680,0.0211044207644317,0.011318947751685,0.00200445557623474,-1419.54487403111
681,0.0248375775938821,0.010832645696963,0.00138343342531311,-1417.66973017513
682,0.0266613236836286,0.0112590938603388,0.00126644305431562,-1417.72023360346
683,0.0205373538050747,0.0169027806044672,0.000993624445033371,-1418.31763646207
684,0.0242290256891812,0.0171637763851795,0.00103596867959854,-1417.58874340229
685,0.0215982429778359,0.0216800135398523,0.00116312786141372,-1419.76435791086
686,0.0227918566546791,0.0187353101758759,0.000905067266732078,-1418.13680179515
687,0.0257176997129961,0.0168049399390358,0.00101610890363286,-1417.40358209818
688,0.0224943322916351,0.0136503545470252,0.00168784847514416,-1419.74192188606
689,0.0160764628945347,0.00941746603586422,0.00168372040943439,-1420.25563441441
690,0.0209513444305593,0.00760010365996066,0.00192127618696271,-1417.57206175109
691,0.0228147868078398,0.00782709975798266,0.0014862207396555,-1417.29263347019
692,0.0223962402088673,0.00869068465681399,0.00187330451319946,-1417.36327328012
693,0.024847550045756,0.00511202636708169,0.00177864498362897,-1417.82446047921
694,0.028664639135903,0.00326813326319959,0.00164984688722239,-1418.43208958949
695,0.0303347821103031,0.00361783043822336,0.00164248561980531,-1417.8969202122
696,0.0333385683439417,0.00410556395746744,0.0017188310362825,-1418.25357719132
697,0.0256146598481306,0.0124915966315137,0.000860634095976838,-1418.13121844416
698,0.0300320784155478,0.0101756951243635,0.000957763782495237,-1418.81633788054
699,0.0298938201139181,0.0183655728507573,0.00100783379970343,-1418.46145664272
700,0.0250073419427232,0.0162254965378921,0.00126916887641877,-1418.16144954015
701,0.0283599793970551,0.00877074947497783,0.00126492613773908,-1418.63179722239
702,0.0212711679456204,0.00778648463610435,0.00130587344919775,-1418.79355672425
703,0.0265143175019796,0.0140754945698601,0.000848676844867658,-1417.5274186746
704,0.0299505369586451,0.0118361820382007,0.00118073425013084,-1417.952007893
705,0.0268097650233004,0.0144127871007536,0.00110297477275361,-1417.10637432571
706,0.0248275718225678,0.0198537688434175,0.00083636488702609,-1418.54417868546
707,0.0224279867176013,0.0171574681509803,0.00122965149075287,-1418.3238411948
708,0.0216114798295832,0.0112022363348311,0.00133964161308744,-1418.11665281045
709,0.0247578594202697,0.0112134214566309,0.00134462479501759,-1417.66223515731
710,0.0243103713210335,0.0122255480298993,0.00132335122837669,-1417.68526281704
711,0.0261791101471407,0.0108576873021279,0.00138459213932286,-1417.84883704398
712,0.0208827866948874,0.0129851582957098,0.00122328760023802,-1418.58509593266
713,0.0218496992059949,0.012675857682097,0.00145372247970713,-1418.35652091266
714,0.0250284224870813,0.0125997533332063,0.00102996627247996,-1417.47043348766
715,0.0299558879537141,0.015362645755648,0.000538500974331148,-1420.84049308237
716,0.0285445268691094,0.0178339129002286,0.00117855279389163,-1418.69799510459
717,0.0234929386779692,0.0108973166561732,0.001542695896836,-1417.69916992306
718,0.0181770760947398,0.00908715008243913,0.0019826123959301,-1418.8509304805
719,0.0217673760450643,0.0085661728700354,0.00182375477472879,-1417.16717368998
720,0.0209047080192395,0.00941273673938088,0.00178630429777756,-1417.40045624216
721,0.0273672730069986,0.00429669037551527,0.00151166360653677,-1418.21041830892
722,0.0276648377745006,0.0093569768800192,0.00149618527451637,-1418.2206603481
723,0.0221867573756726,0.0142330160498468,0.000977721964037115,-1418.18876171403
724,0.0221992293460625,0.0209151903000519,0.000961912277715231,-1418.80915907904
725,0.0215885591549718,0.0137151951227096,0.00101879718843526,-1418.47698320498
726,0.033204128055313,0.0122201631809005,0.000892728518325882,-1418.3305487479
727,0.0310407804205467,0.0146314436297067,0.00107570138030597,-1417.73078356181
728,0.0300576502418065,0.0138234068779203,0.000754027851541018,-1418.12915027725
729,0.0304676852540032,0.020132995371293,0.000596098959435612,-1420.75211239655
730,0.0253245079442778,0.0177337399779173,0.00142661519660089,-1420.0196459688
731,0.0220026667543141,0.0137869540973068,0.00100385311860044,-1418.3024350159
732,0.0263324648812565,0.0169203439376284,0.00106170969947259,-1417.51700683975
733,0.0281303668317863,0.0132422034276849,0.000957932965152604,-1417.17932990112
734,0.0256643255693221,0.0172430516541478,0.00101933046974221,-1417.52599187178
735,0.0300394793857145,0.0117117906267996,0.00104838633146314,-1417.7799543464
736,0.0252935460866772,0.0165810352118008,0.000992279804349691,-1417.36227367183
737,0.0294190745411551,0.0132400298878571,0.000974281772075765,-1417.26678008758
738,0.0257521781946608,0.016152853618378,0.000971148376211934,-1417.2581417752
739,0.0271889353748952,0.0139017698743763,0.0010990073189443,-1417.08832249273
740,0.0278440764007803,0.0137459395454414,0.000919985946442564,-1417.17591134541
741,0.0275486403835533,0.0169497884524037,0.00106080431813597,-1417.60794930242
742,0.0246648223725001,0.0173364799629181,0.000819178701522657,-1418.0271506527
743,0.0225119105489185,0.0140109062775021,0.00153051190809336,-1419.06103411301
744,0.0179623504850739,0.0153741952124733,0.00091279206481887,-1420.52594726511
745,0.0310384732249277,0.0104163633720624,0.00119937910007088,-1418.68125267015
746,0.0300398603551174,0.0154889366230687,0.000763550716223827,-1417.95955878128
747,0.0283588529824829,0.0119608685631297,0.00120149063055298,-1417.66643034955
748,0.027480137144912,0.0170618136139812,0.00126519348865122,-1418.69551010311
749,0.0247008616070709,0.00984708602828828,0.00125571126476704,-1417.96337958543
750,0.0201431584029802,0.0169594001430312,0.000957518171279979,-1418.55369432731
751,0.0326449491395538,0.0181270655470427,0.00100282828485444,-1419.15339661459
752,0.027554990591393,0.0138364382941668,0.00136152209482472,-1418.26440726963
753,0.0218250292972802,0.0138334326363045,0.00098392680503851,-1418.45113279227
754,0.0298240597358813,0.0159438312868697,0.000818235026361119,-1417.69283605052
755,0.0256023202853185,0.0174262430012235,0.00115937301602588,-1418.01227011808
756,0.0216348267864577,0.0165117167957368,0.00100916667527601,-1417.97577190868
757,0.0337225792916633,0.0140863979683537,0.00087507039724296,-1418.24750091124
758,0.0220356423258922,0.019390549401455,0.000806088322076252,-1418.85639521295
759,0.0296126504618583,0.0156113737120145,0.000726298417436315,-1418.21360633829
760,0.0245482668915904,0.0164337921993193,0.000867969649665706,-1417.70509423943
761,0.0328915242642999,0.0165411946441082,0.00112771961790388,-1419.14241122216
762,0.021225211652795,0.0173982173255988,0.0010767598967416,-1418.09309928058
763,0.0224608424068272,0.022914528278808,0.00122680241629237,-1420.93668268817
764,0.0204534341657145,0.0157374063703342,0.00114987329588412,-1418.39835003764
765,0.0331447358231835,0.0113982486249807,0.000772461525433622,-1419.19795235041
766,0.0344955367271675,0.0133146038124646,0.000910087405987009,-1418.46087859123
767,0.0295765358334539,0.0176753682089114,0.00101228561368032,-1418.0831628124
768,0.0233049178783215,0.0147117773951573,0.00117888370596119,-1417.66675569195
769,0.0215969442140909,0.0131616407437543,0.00129352105898563,-1418.29041841476
770,0.0258344096359205,0.0127795712810769,0.00120301716508493,-1417.35305970615
771,0.0287517603825419,0.0123669120074438,0.00137533720821524,-1418.44579099013
772,0.0286425914627374,0.0122049955822471,0.00113242833847237,-1417.49708091612
773,0.0238773911324204,0.0106380903033949,0.00162695561515144,-1417.7836653922
774,0.0223052237460311,0.00782336049084937,0.00170540408198623,-1416.95885787271
775,0.0246126990988771,0.00649300575068594,0.00191624551132212,-1417.60780249966
776,0.025870181642669,0.00457368911275012,0.0018288137555647,-1418.10608143111
777,0.0322169264883321,0.00452127345201004,0.00155055262080096,-1418.08177622099
778,0.0336594998179987,0.00582842948246493,0.00186886447509592,-1419.73426309375
779,0.0199765319372259,0.00897556748059964,0.0017021946941503,-1417.44651979967
780,0.0187350383165723,0.00633572326135853,0.00160565520946641,-1419.85551106438
781,0.0193446917861199,0.00892032523943293,0.00165951068860485,-1417.75926495279
782,0.0265001778008741,0.00830620850305473,0.00142344205020341,-1417.80997271851
783,0.026853020037962,0.00906482211387148,0.00167008212192097,-1418.1080349941
784,0.0211477175333023,0.00969993801509584,0.00153932654971832,-1417.43919777559
785,0.0239974925484559,0.00826810442243325,0.00185348891184128,-1417.42815860575
786,0.0244324264049835,0.00749443715972073,0.00158098476190048,-1417.09133030806
787,0.0248555000075825,0.0103211297960618,0.00162923234564928,-1417.86497580335
788,0.0235468370399017,0.012517661391142,0.00097068633797022,-1418.17859721513
789,0.0290950435910884,0.0145169380096385,0.000914470116299929,-1417.20301077464
790,0.0283806540502017,0.0146791807658843,0.000864583073530233,-1417.29936416748
791,0.0314438813402565,0.0129346539371944,0.00103131144602958,-1417.73006299227
792,0.0240853399920619,0.0122135114620281,0.00143548375884014,-1417.94363564997
793,0.0232182901067302,0.00982831732944952,0.00143531478619557,-1417.44752631273
794,0.0270411616022109,0.00905706798497022,0.00134382260378805,-1418.11980467145
795,0.023653097424166,0.0126251346853509,0.0013943779867422,-1417.95368549886
796,0.0286763866187696,0.00840008895725754,0.00182547461932339,-1419.08566847918
797,0.0197222128920415,0.00875166462131759,0.0015495594080519,-1417.79873661474
798,0.024106321842129,0.00811006522441283,0.00178693438049434,-1417.21518991477
799,0.0268313097540647,0.00630964286217746,0.00183845576937235,-1417.59917515505
800,0.0187597833978411,0.0089692092658634,0.00182435910994976,-1418.10426177668
801,0.0247300084911468,0.00563373926890355,0.00203766655409977,-1418.40782430499
802,0.019588407689677,0.00882198818900407,0.00143771024997718,-1418.37816607367
803,0.0200538556834631,0.00799429244512477,0.0014266130339216,-1418.34425862745
804,0.0210847414657005,0.013700398574862,0.00112147673912005,-1418.48389242752
805,0.0304352376639768,0.0138866772611089,0.00108818849568612,-1417.5498155456
806,0.0211624924590503,0.0175314511305349,0.000995463977352563,-1418.12026591556
807,0.0323959939926322,0.0156587892096314,0.000958600299505124,-1418.03555864751
808,0.0269362418547663,0.0148572439273411,0.0012880405238637,-1417.95685625096
809,0.0268151709048002,0.00892102894797566,0.0019380060250595,-1419.11310622922
810,0.0208494199287157,0.00818584950683283,0.00144284575768136,-1417.81742579997
811,0.0266539736574294,0.00782591939270294,0.0015116375618081,-1417.59771625073
812,0.0200006935040844,0.00768987256797651,0.00181714661863655,-1417.58216962417
813,0.0265964074293196,0.00540381293945635,0.00185136167531856,-1417.66632744317
814,0.0305272644748582,0.00689451015850868,0.0015534053881003,-1418.44961563329
815,0.0215917021675359,0.0105079659862871,0.00180307363180238,-1417.97941783211
816,0.0182822638942238,0.00717010425628656,0.00170036586842419,-1419.08965129936
817,0.0281255722865146,0.00381396814718404,0.00196257406964161,-1418.63465519984
818,0.0304976777903019,0.00460474950941513,0.00206622174570299,-1419.07475403327
819,0.0240652192887366,0.0106494500062504,0.00105611393916382,-1418.56494044088
820,0.0288933520078874,0.0152044241087905,0.00105155194766563,-1417.27608898381
821,0.030147736383996,0.0129731990244016,0.000989467334440276,-1417.42034102399
822,0.0278452980047154,0.0124199531807108,0.0011152512956079,-1417.32603480048
823,0.0277075667784915,0.0109195753293354,0.00148473415766087,-1418.49962468647
824,0.022828466967168,0.00988412444824448,0.00140335253502418,-1417.54698055221
825,0.0221016394996347,0.0105761187874954,0.00153686425324938,-1417.58792809879
826,0.0190327430225935,0.0100389891001143,0.00149762231426764,-1418.48474417255
827,0.0229037595504454,0.0105791737986492,0.00148249515518298,-1417.55297553481
828,0.0219670909330465,0.00715334955232645,0.00173300699353435,-1417.17147510844
829,0.0289731445620345,0.00818613458438852,0.0017061198377305,-1418.66050335106
830,0.0180977160265419,0.00992863586951242,0.00166204023037789,-1418.61563052021
831,0.0225268029256707,0.0079719605724207,0.00145566806091213,-1417.41870825398
832,0.025026941375912,0.00932381366199533,0.00181272242936389,-1418.00489152223
833,0.0238592028306917,0.00642788185351834,0.00209026964330896,-1418.47326764674
834,0.0227519914527543,0.00847422257002575,0.00182684984766677,-1417.19926062706
835,0.0207902132301636,0.00901256923593572,0.00146676747795985,-1417.6480728188
836,0.0263907417615775,0.00903509412490303,0.00139695921318107,-1417.87477875745
837,0.0221344070734096,0.0108824184650429,0.00138374441009937,-1417.83592685492
838,0.0283052279940515,0.0107833556984147,0.00137822562205675,-1418.33271816014
839,0.022768342447009,0.00752781161082124,0.00193495161679177,-1417.4909202708
840,0.0187770638640725,0.0104737438403894,0.0020025587705897,-1419.17776330844
841,0.0202404423458668,0.00896200778874071,0.00183071279330956,-1417.48750561909
842,0.0248388845999542,0.00723318127343408,0.00191286286143335,-1417.6148154858
843,0.0237752010243995,0.00632597303879834,0.0017598394692848,-1417.28924757224
844,0.0260087276552003,0.00695198402364196,0.00193861765175165,-1417.91683846372
845,0.0244276258522938,0.0076519675217514,0.00155739406072107,-1417.12591102827
846,0.029620165604587,0.00565781956200119,0.00154273976751135,-1417.8163623886
847,0.0250613989376304,0.0108838817562016,0.00144282971975857,-1417.74604567067
848,0.022958913527581,0.00653484062767236,0.00138837168405188,-1418.34522336871
849,0.0263892223632952,0.00959302489123206,0.00172021424238112,-1418.3184175144
850,0.0174181604659185,0.00939198521031706,0.00219011516443213,-1420.35432853683
851,0.0179215234819058,0.00883460263851176,0.00206039882611344,-1419.31324927465
852,0.025600230336767,0.00615623465947884,0.00223854247715658,-1419.6721356514
853,0.0263836831026667,0.00434714474204328,0.0020806174304812,-1419.1905682225
854,0.0318066055358951,0.00508791806482559,0.00215594400010857,-1420.23558019379
855,0.0291669566091714,0.00622360067525728,0.00217387378171869,-1420.09206954059
856,0.0225119865320973,0.00587434136486144,0.00179750641973589,-1417.8995062423
857,0.0265118184196182,0.00707157933977983,0.00176426578614994,-1417.46652979844
858,0.0209307419600587,0.00648076407050798,0.00168106048519583,-1417.9633507959
859,0.0290871645675551,0.00472331789005322,0.00188401725560985,-1417.98723879918
860,0.026350024186638,0.00449875974774345,0.00163661418068593,-1417.96698044995
861,0.0282946285892429,0.0057992092042306,0.00191655592848917,-1418.10570911783
862,0.0300075126885591,0.00480506187583301,0.00168737345293821,-1417.67052327995
863,0.0315410610144319,0.00409908996048362,0.00169831823256454,-1417.85287578348
864,0.0306717343664036,0.0079095805066947,0.00140495472142246,-1418.96748276527
865,0.029925064159664,0.0192010360789535,0.000754743860289648,-1418.97894886885
866,0.0238046335176851,0.0158194665153068,0.000811734129206216,-1418.22385612179
867,0.0364931002066584,0.00937321451951516,0.000882712301578993,-1420.12008278026
868,0.0270543092610894,0.0145826392198703,0.00111367908588764,-1417.15385219944
869,0.0259856203610909,0.0142359520904766,0.00106900305639057,-1417.07350456898
870,0.0245450139066571,0.0128045248412176,0.00120444507062005,-1417.4663913272
871,0.0322987265237508,0.0106455223230044,0.00106028235294547,-1418.65445797348
872,0.0332125356336121,0.00954994143665343,0.00126796242375631,-1419.62728774557
873,0.0377048726510821,0.0176305014244459,0.00114287129603695,-1422.03856200354
874,0.0300146374546632,0.0144374877003549,0.00104614973529536,-1417.37280179824
875,0.037212604037294,0.00924602330180624,0.000955537139928464,-1420.12617994809
876,0.0351431314523818,0.0160248525577159,0.000760870330547012,-1419.20974916262
877,0.0278779013179263,0.0155470758494466,0.000689333343153383,-1418.60083667571
878,0.025859793378377,0.0208654404017153,0.000822169470271591,-1419.03109401955
879,0.0259063165091785,0.0169717417667863,0.00112352176709476,-1417.71316325089
880,0.0164031466611071,0.0201625245056358,0.00122012548367535,-1421.32054415129
881,0.0195738140607361,0.0157297728093118,0.00110061189437793,-1418.7291704474
882,0.0329356834312777,0.0131542012320143,0.00107765175384605,-1418.24689509861
883,0.0193570857457227,0.0155988240321177,0.00153892612359622,-1420.1144723286
884,0.0246744893106275,0.0182188211060392,0.00121724701268732,-1418.57369145233
885,0.0195635936608314,0.0159351325019992,0.0014302660757596,-1419.59036182207
886,0.0218155309420812,0.0127491579716867,0.00138513906982678,-1418.27340023886
887,0.0312095309844885,0.0168961323464048,0.00120877168910716,-1419.20311552657
888,0.0185581609921941,0.0167097941361359,0.00109446982551424,-1419.09556465915
889,0.0345243779669916,0.0127115323026891,0.0011179022573895,-1418.94879216174
890,0.0299998544460383,0.0151715579372824,0.00113477462412899,-1417.78395330821
891,0.0282221990107555,0.0152091576418546,0.000974907296340465,-1417.11140121575
892,0.0290211004212728,0.0179009243055652,0.000929567551942685,-1417.93919314987
893,0.032916157986526,0.00842269077364518,0.00156494537810483,-1420.154933869
894,0.0261018022906963,0.00799549161936602,0.00171262622421063,-1417.51715805471
895,0.0226983826293606,0.00978153637805334,0.00147524131077924,-1417.37204927487
896,0.0266540931622028,0.0105251102154752,0.0010708965254502,-1418.1680214849
897,0.0285839311493557,0.0151031148054811,0.00107061225864772,-1417.25803936959
898,0.0267784892222322,0.0148034875047076,0.000737841550245126,-1418.26092363266
899,0.0275331558320847,0.0138545549953039,0.00129759581683949,-1417.88016734461
900,0.0239301309835246,0.0103882027087733,0.00105451549883744,-1418.78564199277
901,0.0311749268302541,0.0111684258732851,0.00153450668699156,-1420.16716371698
902,0.0221091542798756,0.00712798135576239,0.00184499405389652,-1417.31545404396
903,0.0274134153480837,0.00577602828086755,0.0017665917899137,-1417.48643397289
904,0.0289325780465231,0.00727047169765424,0.0013918892521136,-1418.39148958134
905,0.0316877797259446,0.0113892352905817,0.000713223168335613,-1419.631795212
906,0.0295484070798811,0.0122446647549258,0.000758514778512901,-1418.62853105982
907,0.0293796159935283,0.0154551678113616,0.0010655961742387,-1417.44870627166
908,0.0247803123363626,0.0176646833885557,0.00105800637665622,-1417.7261800707
909,0.0270509304690691,0.0123309987732305,0.00091755706991902,-1417.62624998486
910,0.0321956142057387,0.0128110696501697,0.00108278579896066,-1418.06130617319
911,0.0317282027919249,0.0146369704691953,0.000806145098742787,-1417.95337055996
912,0.0300900648944314,0.0186878719055586,0.000872563805205933,-1418.47539642659
913,0.0258594915320633,0.0165604325302671,0.00116455429843815,-1417.74582741374
914,0.0233600943014493,0.0168223568960034,0.00119877374725405,-1418.0341530408
915,0.0286890679325743,0.0118757525771534,0.000926914947116487,-1417.75967077289
916,0.0331452218845891,0.0129759550680317,0.00108027258293046,-1418.33016262427
917,0.0218675491569978,0.01930629734933,0.000919897256199498,-1418.3612328337
918,0.0285617372167012,0.0106098355501014,0.00126098664450074,-1418.17407652388
919,0.0212904142719875,0.0233473055062167,0.000899905596699996,-1420.19015161477
920,0.021043917636316,0.0154064096962384,0.00102303934585827,-1418.2768998653
921,0.0281421386108887,0.0126531493295267,0.00102257993265807,-1417.24647442188
922,0.0288494410645138,0.0191711187134081,0.000964521017129262,-1418.52826799594
923,0.0293487602545335,0.0129295600430541,0.00126960527536106,-1418.0430091364
924,0.028842881906143,0.0120280954895528,0.000987072585682648,-1417.54495100597
925,0.0323065470731389,0.0159952912895694,0.000619783257422373,-1419.63359411519
926,0.0259643125707088,0.0148928932297115,0.000867523012679758,-1417.42865882681
927,0.0286036393886004,0.0165820889786214,0.000965581466395677,-1417.43924817511
928,0.0212687400307543,0.0168718668982952,0.00111481160745331,-1418.09840900509
929,0.0197974745911583,0.0147380307054266,0.00135642684512752,-1419.07636285837
930,0.0278321792746466,0.0138030431904483,0.000747940798722941,-1418.20627876565
931,0.0265657094239527,0.0209935461232557,0.000734132119690713,-1419.55365999317
932,0.0253147524407452,0.0148593716598861,0.000965839641246658,-1417.20579669517
933,0.0281771384664897,0.0137751148665137,0.00088892655262871,-1417.27543317429
934,0.0309941557942277,0.0116445938886423,0.000926413831147288,-1418.07728820588
935,0.0313447922069755,0.0163611482692463,0.000797299353494235,-1418.10455756815
936,0.0308751577916196,0.0112978241011314,0.000973426461963022,-1418.13447441638
937,0.0382569487834521,0.0158704718168564,0.000911626771549859,-1420.27507669784
938,0.0363310755082493,0.00820895772021384,0.00141678202767812,-1420.95667185808
939,0.0279288242443769,0.00429016282764849,0.00165929719517196,-1417.78451503714
940,0.0272854429079075,0.00471621869361614,0.00170855425401761,-1417.64279952256
941,0.0301340085560544,0.00787028466151164,0.00145099758303121,-1418.73514341552
942,0.0295441930866888,0.00987362498224315,0.00103266322606804,-1418.79122671733
943,0.0273918154240379,0.00678621009203763,0.00186453997018015,-1417.92468833966
944,0.0260146017519783,0.00739936118983952,0.00188232885907603,-1417.79202199516
945,0.0221689389345611,0.00461158780105714,0.00173612959284132,-1419.74959459021
946,0.027762494087769,0.00411973957816949,0.00142191441650663,-1418.69793288935
947,0.0323504335741888,0.00516337868025871,0.00154002129642221,-1418.30203057689
948,0.0337824391226659,0.00416104317662209,0.00181387390823952,-1418.61628321759
949,0.0312967949071557,0.00360248031427818,0.00147499874254606,-1418.28333359209
950,0.0303170910636086,0.00889172064073175,0.00107604394385741,-1419.4392382336
951,0.034842843999294,0.010168049047075,0.000781637179648144,-1419.99749943121
952,0.0384991251466593,0.0124951277864424,0.000953595402838351,-1419.77916917811
953,0.0271653167064098,0.00844075472930237,0.00158942670928669,-1417.86032548233
954,0.0197217721197318,0.00786248445588889,0.00187613744314306,-1417.76079538859
955,0.0235388620466256,0.00618857255360103,0.00233687521986908,-1420.39390554788
956,0.025632271932604,0.00749457146066525,0.00228040786130791,-1420.31648376668
957,0.0254563152111143,0.00542458963267781,0.00155475772744984,-1417.66936071111
958,0.0262213445245893,0.00580118895356644,0.00172495934018592,-1417.32550602884
959,0.0295729630147246,0.00746793292079004,0.00135770245136245,-1418.6962965946
960,0.0265768735699328,0.0126102126828663,0.00172265984803029,-1420.09053244934
961,0.0228195755247814,0.00610596257345771,0.00178488647407835,-1417.60894066535
962,0.0211272817707244,0.00991071085715687,0.00148820588393141,-1417.61389469674
963,0.0241203127416295,0.0167010357696296,0.000863990195163994,-1417.82102640773
964,0.0259913711106383,0.0155426353749933,0.00103639010425518,-1417.15475109287
965,0.0229019517875775,0.0178438204425967,0.00125167256015485,-1418.59425110974
966,0.0233291697673066,0.0153811395715109,0.00100664220403881,-1417.56350605523
967,0.0230085511459536,0.0139704459149043,0.000873262277954256,-1418.44169776212
968,0.0292501379783531,0.0139936415244245,0.00109775384701733,-1417.32307617413
969,0.0242013732643467,0.0140908709224665,0.000981268137146465,-1417.46998616517
970,0.0240726801806497,0.0149983982669303,0.00099700476167279,-1417.39902423692
971,0.0275308837271198,0.0150086685731912,0.00096814778401329,-1417.05821483519
972,0.0269650956923964,0.0149155445194402,0.000994975027000177,-1417.03636733752
973,0.0261023538957604,0.0132252617886821,0.000963430616782076,-1417.26813306794
974,0.0308655240709914,0.0135715654649155,0.00105910622700912,-1417.58146200289
975,0.0367610224496895,0.0166567913717775,0.00112070436866807,-1420.89053366706
976,0.0314489927608143,0.018787353010178,0.000846866919026696,-1418.85299265166
977,0.0301515792552703,0.0177729879430365,0.000972469585147672,-1418.15830655655
978,0.0270701323924354,0.0136472620941001,0.000946113427307908,-1417.14027253634
979,0.0263010279084758,0.0162561629322545,0.000960052832043452,-1417.25504048271
980,0.0272583439221759,0.0114587020133344,0.00103508968840093,-1417.68365566176
981,0.0249208167951242,0.0133096456470789,0.00154762657280996,-1418.87928671008
982,0.0276226964844544,0.0064763527198725,0.00173863416907067,-1417.5550566888
983,0.0270517702735869,0.00466559359829223,0.00170213822242142,-1417.69152207306
984,0.0366199743301441,0.00579568586238276,0.00130299020065466,-1420.50209366811
985,0.0272830037912829,0.00670618275675705,0.00211806320241678,-1419.25611486662
986,0.0220225009410493,0.00977281184259708,0.00203171206344196,-1418.56241688726
987,0.0249192342508435,0.00889166599138279,0.00196104495713765,-1418.43388566529
988,0.0192234692045822,0.0091814111302117,0.0018440650588808,-1417.94274670679
989,0.0227105121832107,0.00951460270805329,0.00136622142275315,-1417.67177307177
990,0.0230196766637232,0.0160499961658199,0.000787608359448223,-1418.64948493556
991,0.0305868646271261,0.0120715724972475,0.00129306093835652,-1418.55386357848
992,0.0207252633120815,0.0110115780657788,0.00142039738589668,-1418.19007326409
993,0.0245960852314668,0.0114186990893009,0.00116189733125739,-1417.7239800906
994,0.0233481053221456,0.0121853087838204,0.00115373017350916,-1417.83051958884
995,0.0302885644620983,0.0100696492037732,0.00133599361668417,-1418.86629426962
996,0.0325111477276952,0.0159393837562409,0.00132136114591398,-1420.2034960484
997,0.0326059110852198,0.00653756175603298,0.00190519165974707,-1419.99545450429
998,0.0196323170217227,0.0108167129732068,0.00158496816769373,-1418.24934733885
999,0.026849983083504,0.00972394060798501,0.00153378815528136,-1418.07928299324
1000,0.0192279155118398,0.00924829776541842,0.00153471690999163,-1418.14382459245
