"i","asc1","desc1","pol1","p"
1,0.0487851713655773,0.139006893919633,0.00391949044768912,-1574.93345795663
2,0.0186114035594142,0.0170356053776593,0.00153273180244043,-1410.93970599138
3,0.0214976710529487,0.0154293026641496,0.00099333577709223,-1407.27440426238
4,0.0284863136997401,0.0168941828700064,0.000820979559898347,-1406.01188223179
5,0.0202830298335382,0.0183711132562624,0.000793382023631822,-1405.92308846869
6,0.0240706789765708,0.0184821680744966,0.000761226753070516,-1405.30838887273
7,0.0249809975962356,0.017029992652577,0.000763828026651902,-1405.57656953005
8,0.0277822726058509,0.0176315643375596,0.000854176096011833,-1405.9878204582
9,0.0215600510777934,0.0254700624627079,0.00067114660904381,-1406.21829469801
10,0.0166924637669617,0.0293872622776561,0.00066175767767613,-1407.8365549939
11,0.0172764792372748,0.0182460391401634,0.000995707550308641,-1407.56154078235
12,0.0200613478868856,0.0140672000983818,0.00127356879981837,-1409.12297105615
13,0.0217053542442055,0.0157340608188773,0.00140290362259529,-1409.69762435313
14,0.0250000462739533,0.0142076084539826,0.00099552625316689,-1407.26995656732
15,0.0253496983818904,0.0171125925149386,0.000575595964544029,-1406.30597563114
16,0.0190844621537214,0.0242550888281166,0.000768121716537945,-1405.8805314214
17,0.014772179824919,0.0205556807884353,0.000978514943655288,-1408.41539448373
18,0.0227585589195969,0.0202497893712583,0.00099019977008766,-1406.20378943158
19,0.0203422891209047,0.0249776305209479,0.00069500134087428,-1405.98596868024
20,0.0237514257919445,0.016950955937258,0.00106631528225706,-1406.91486579985
21,0.025376452087209,0.0171115112993866,0.000899205112268468,-1405.90738179976
22,0.0224368997909533,0.0191117377972463,0.000559329471837992,-1406.33969033215
23,0.0270761656158775,0.018867788509494,0.0007746332366013,-1405.61019161528
24,0.0231023059329657,0.0167711906004281,0.000791289707266906,-1405.85462047401
25,0.0291641986724163,0.0180947160766742,0.000643448339012672,-1406.00300745719
26,0.0340375509719685,0.0124361275431284,0.000486808960229379,-1409.1808010548
27,0.0348672270809493,0.0144043132146404,0.00043216521994781,-1409.3168418818
28,0.0274292335866701,0.0214702840565214,0.00106468372405586,-1408.45860329676
29,0.0191776783950144,0.02113561470506,0.0011203562361623,-1407.38253890789
30,0.0209579756634035,0.0219670172140772,0.00106540627935341,-1406.97473801856
31,0.0211423187436038,0.0214477318931366,0.000894111307417288,-1405.66841343962
32,0.0226546972363689,0.0186449793321774,0.000725193169775325,-1405.40528983434
33,0.0245965052973679,0.0205953166299261,0.000663975895497285,-1405.39201460578
34,0.0248302617008998,0.0210277664122247,0.000639634503119447,-1405.53523295636
35,0.022774326839269,0.0268292621641961,0.000740526573431449,-1407.01284187976
36,0.0207625040867864,0.0191461861008155,0.0011268865700177,-1407.24984111279
37,0.0212665316818724,0.0173938887849153,0.000639357145576711,-1406.61667889357
38,0.0244499912630691,0.0190747930057749,0.00108019281753476,-1407.07518202463
39,0.0165397738400305,0.0234108743957486,0.00101584085621536,-1407.35379876881
40,0.0289054904676665,0.0225757701362668,0.00038278748620665,-1409.40695122
41,0.0207866000169114,0.0280645248129683,0.000828710625140372,-1407.54524842758
42,0.0191589513764375,0.0159187118754441,0.000962646698526948,-1407.79039758776
43,0.021769210743707,0.0173456748399835,0.00085850295777571,-1405.95738132304
44,0.0170912933776336,0.0259478439230889,0.000650138953754388,-1406.84416800261
45,0.0192730422300062,0.0262369526236695,0.000534104938384331,-1407.35985347553
46,0.0198424294270816,0.0211454008310711,0.000704731441386187,-1405.60912282085
47,0.0235767696621371,0.0210601075745591,0.000639483562333131,-1405.45797333517
48,0.0291031552147129,0.0149166428364052,0.000722564711217299,-1406.31794143236
49,0.0280751507519217,0.0224286331659754,0.000738723675766317,-1406.66339249473
50,0.0238267556748524,0.0202504698523111,0.000669130090720824,-1405.32253447877
51,0.0253182568349393,0.0228072342288409,0.000693176465212706,-1405.90758570159
52,0.0247740501747449,0.0208891454869508,0.000881416779464748,-1405.86896991324
53,0.024338426398717,0.0216088462100923,0.000712203252820417,-1405.42867299243
54,0.0179852270861884,0.0206140114049753,0.00111008508786299,-1407.4841305121
55,0.0196162126014969,0.0223600339519082,0.000950044187805342,-1406.16893878614
56,0.0189445523992395,0.0236330558312911,0.000811582615280868,-1405.85518962565
57,0.0231268458036222,0.0198704485114504,0.000842329955705558,-1405.37589698366
58,0.0240773355463712,0.0190637264420751,0.000683026029052181,-1405.33367244989
59,0.0240840113121717,0.0212632630710149,0.000820000596392184,-1405.52819372017
60,0.0201351213764565,0.0202796034932708,0.000678021539213329,-1405.7468119138
61,0.0277378794695417,0.0223947060820287,0.000760143766753171,-1406.59560028438
62,0.0181132888867453,0.024718462571937,0.000805561101644361,-1406.16642935937
63,0.0211218600640599,0.0246096266687579,0.000676077449361725,-1405.91975104175
64,0.0219887766218804,0.0243019014992207,0.000445459177311583,-1407.96274709076
65,0.0214067807204062,0.0241616247998446,0.00097048253370614,-1406.84233776858
66,0.0192018432306323,0.0208730554951069,0.000671912646061824,-1405.97394676164
67,0.0225276151341047,0.0197005546200384,0.00082899730418352,-1405.33456134561
68,0.0235431795210365,0.0191959371644338,0.000670275367414668,-1405.38094564999
69,0.0247368298952022,0.0144003902012282,0.000917676680904126,-1406.92378627096
70,0.0295749502874465,0.0186331658465783,0.000788932251140965,-1406.26659809791
71,0.0241706726672148,0.0206056566827227,0.000913820277477065,-1405.90120529299
72,0.0240736925273118,0.0170535349118782,0.00079898094447461,-1405.63828927834
73,0.0223016708060316,0.014401905439005,0.000712942753023419,-1407.87512530925
74,0.0308850461902012,0.0201278765093995,0.000927985088849353,-1408.0697208475
75,0.0275755206403058,0.0251078901622971,0.000831687436132891,-1408.20716517018
76,0.0244480556565191,0.0268934102935079,0.000767726106540033,-1407.62097534989
77,0.0195968460205331,0.0254856908422025,0.000789079845568669,-1406.18982905118
78,0.0227853542464407,0.0250179590807343,0.000547683325257608,-1406.78882890681
79,0.0209510636213118,0.0172764443848562,0.00100384173046076,-1406.68093868715
80,0.0257537029545853,0.0145728357509804,0.00115680528261083,-1408.11707080991
81,0.0198522687531343,0.0197721675564164,0.000962307012379432,-1406.14143294093
82,0.0238139223185635,0.0208914705627226,0.000707772536715488,-1405.27880102789
83,0.0329823656426076,0.0187520986556918,0.000816422548913392,-1407.73177027804
84,0.028267375937897,0.0205010915042966,0.000623999700995635,-1406.13600653116
85,0.0187087139146061,0.0211548378068429,0.000687295046870138,-1406.03689607653
86,0.0188824545191492,0.0235557911205841,0.000919922556609984,-1406.26884745826
87,0.022473145945175,0.0250589488054197,0.00081643453753148,-1406.39806017547
88,0.0234931893545586,0.0276530154231973,0.000571478132274041,-1407.79879556525
89,0.0250218900520505,0.0156917332841354,0.000620576468190818,-1406.59956462669
90,0.0206213297346525,0.0207539526655228,0.000883615281395883,-1405.61590253995
91,0.0238956403057452,0.0167348001165619,0.000721517680443383,-1405.82133064608
92,0.0199370142799697,0.0266847006815952,0.000645014358376867,-1406.64444849866
93,0.0212725826751802,0.0265202860844555,0.000800602331530921,-1406.75149913626
94,0.0253959168908615,0.0180191117297652,0.00104369681859147,-1406.83226819784
95,0.0222897206706791,0.0253921937529007,0.000704975893048066,-1406.2427832194
96,0.0203849554261234,0.0196309109124281,0.000945372856789972,-1405.97895035016
97,0.0233912162702708,0.0179679178876135,0.000884744897476887,-1405.67454526148
98,0.0225060979652783,0.021939570438158,0.000731270565853013,-1405.32448292003
99,0.0235279821501214,0.0202490798812551,0.000534599001093925,-1406.27397636049
100,0.02587627581033,0.0234569722413886,0.000937801451385968,-1407.46408143703
101,0.0167589682177989,0.0276642958266737,0.000790290909845205,-1407.14149093907
102,0.0165981627444154,0.0238054787263849,0.000768995456514728,-1406.49710355035
103,0.0170276099239515,0.0220508526240584,0.000996212701066705,-1406.99260701382
104,0.0223198405959034,0.0223518803853085,0.000635294603809559,-1405.59770630495
105,0.0246496236951985,0.0238390668256853,0.000654702508860432,-1406.13597151605
106,0.0225322631512357,0.0171111026992269,0.000856277015954133,-1405.89207007087
107,0.0304901310912621,0.018061546627286,0.000763515838924015,-1406.3858731883
108,0.0247794002517181,0.0219773312522929,0.000689518586576288,-1405.58102064967
109,0.022602071939065,0.0249689051221146,0.000663229411691204,-1406.16680184074
110,0.0162402873319921,0.0234671804702116,0.000663091199989553,-1407.04216037938
111,0.019518901326123,0.0194302961228078,0.000779334407374386,-1405.85529577322
112,0.0197445452142404,0.0183324574641363,0.000758363525251905,-1406.1797953564
113,0.0348157674818832,0.0153229752379182,0.000608838961698408,-1407.55624865278
114,0.0235702348974134,0.0233285660442842,0.000806853739423965,-1405.92722364035
115,0.0211185982300501,0.0266673656396177,0.0008088374973858,-1406.82614942576
116,0.0264869812397042,0.0184246046336908,0.000930302369348825,-1406.18435005082
117,0.0271868147686346,0.0179348337854363,0.000556761255910936,-1406.23961854108
118,0.0218577147531079,0.0295563924831982,0.000760063479909961,-1408.33640946532
119,0.0156847690043325,0.0271106715056059,0.000738866681160929,-1407.24711075719
120,0.012134031050416,0.025826500307833,0.000804767200255359,-1409.3441166449
121,0.024035385668053,0.0249643818520421,0.00056621740210866,-1406.78272694584
122,0.0238634879138868,0.0186238150332022,0.000588323353084932,-1405.93709841028
123,0.0250293480600624,0.0160430255421953,0.000963363197704398,-1406.44252218165
124,0.0295474238146257,0.0124812852546157,0.000696797687462604,-1407.60988997779
125,0.034382131524633,0.018322771769511,0.00061952885251905,-1407.72560922805
126,0.0243753713443105,0.0259690251844054,0.000541826072721973,-1407.41311385332
127,0.0195762438667488,0.0210510051866156,0.000868507024598986,-1405.71235921394
128,0.0221288687249195,0.0171484267875421,0.000818075701270626,-1405.90231364722
129,0.0260761577871004,0.0238082960935877,0.000799819979004352,-1406.76408926168
130,0.0348785935532053,0.0150970062771914,0.000825249791259667,-1407.88136926248
131,0.0215510892985606,0.0159438126162495,0.000809197793819732,-1406.68569588289
132,0.0303957660761413,0.0190323398951634,0.000747876979971747,-1406.4771859133
133,0.0234846199054488,0.0224169618812145,0.000745360636700374,-1405.50126425028
134,0.024143625210788,0.0177517378770962,0.000638012097881113,-1405.77264390489
135,0.0277025969539805,0.0130185252065986,0.000722551763710919,-1407.35650272607
136,0.0324850561957703,0.0219611473733542,0.000643875217281979,-1408.17006021714
137,0.0205807724641999,0.0253075934824517,0.000628736330827463,-1406.27340994034
138,0.0234480297307847,0.0213188161934476,0.000732462958421722,-1405.29037315111
139,0.0237951790876792,0.0198266705325688,0.000676314694409979,-1405.30564448383
140,0.0224986883802212,0.0202730936959269,0.000886997721308294,-1405.55109388628
141,0.0173251797947439,0.0221566978277465,0.000753317257782662,-1406.27711208615
142,0.0265657333935518,0.0244280970488967,0.000584336543070031,-1407.06002086096
143,0.0227334586679843,0.0173691929358766,0.000551561205215631,-1406.99320304621
144,0.0293266220624998,0.0167792577801282,0.00045165976290118,-1407.86713361291
145,0.0249741542190142,0.0278816896883822,0.000464340600728904,-1409.20311466935
146,0.0237454860639699,0.0230798667089523,0.000570999753696168,-1406.16235527472
147,0.0151302724302662,0.0280397018512686,0.00100832831824445,-1408.73752222365
148,0.0145203922059593,0.024891250688141,0.000559190330582467,-1409.01499856555
149,0.0268039454933778,0.0145618394398603,0.000661472027619929,-1406.69729060603
150,0.0288551394728534,0.0129566573107904,0.000866039478265342,-1407.33477526984
151,0.0278071136688619,0.0201770348814233,0.000597042796198076,-1406.07751895669
152,0.0261293552819678,0.0196603039588774,0.000807201224622039,-1405.59314188486
153,0.0233573434911531,0.0209638211661307,0.000514216180413757,-1406.50496601707
154,0.0185119519734152,0.0204491045580551,0.00101510023964243,-1406.68108595399
155,0.0165980153165333,0.0214468603048314,0.000752483887490713,-1406.77743998068
156,0.0194945469316835,0.0232987093578166,0.000696475379111646,-1405.74357092154
157,0.0225330148314453,0.019568119208196,0.000725327187880865,-1405.27096279402
158,0.0233979017475255,0.0194168939273785,0.000678834048273451,-1405.33532319326
159,0.0251598459614542,0.0208958250040857,0.000799204726698777,-1405.57102328638
160,0.0261461977629092,0.0192623927826265,0.000778176365139128,-1405.47596170125
161,0.0220542586159295,0.02024878033309,0.000636029599928831,-1405.56805860176
162,0.0219799042994117,0.0229105568751304,0.000721380175569547,-1405.47607375664
163,0.0213697594626302,0.0228754463134116,0.000765429278121298,-1405.47610824859
164,0.0191053587258987,0.0211375080808081,0.000721346130787637,-1405.77263184242
165,0.0219419286453755,0.0206229886729053,0.000776544908386746,-1405.2460463278
166,0.0239074526462322,0.0188091760826511,0.00095362761933971,-1405.97426893478
167,0.0211479814945571,0.0237460132920586,0.0010563446171257,-1407.42464948087
168,0.0198621563823214,0.0224265232626053,0.00106405941096139,-1407.03360944291
169,0.0265703719578425,0.0209730151385938,0.000640527813690763,-1405.79014341418
170,0.022866849869265,0.0224824317168865,0.000758417226036905,-1405.46397972754
171,0.0231888950985769,0.0183837490084926,0.00106983706680096,-1406.80073803853
172,0.0203581287824071,0.0218537199980054,0.000913997353057522,-1405.8432003885
173,0.0218705535001575,0.0217489379002298,0.000899885878112574,-1405.75181476955
174,0.0245363112464069,0.0188941671136169,0.000669438918648149,-1405.38701854846
175,0.0289038310422539,0.0193933608456575,0.000549170610966022,-1406.50820402173
176,0.0252026089594676,0.0132779661132782,0.000497597691975419,-1409.99711676827
177,0.0236675866753073,0.0286593357018721,0.000849220923965216,-1408.85555648991
178,0.0150986711991868,0.0258284926189563,0.000690448959030658,-1407.45849519259
179,0.0117696314079071,0.0287750067225189,0.000768127836527247,-1409.697359727
180,0.0197118773970131,0.0236700627120209,0.000766979197459705,-1405.70297863343
181,0.017771107757598,0.0221830819604916,0.00078144379446549,-1406.0609630775
182,0.0161968267565769,0.0288563036982147,0.000835292698209762,-1407.79028032171
183,0.0173634539542296,0.0187335246147998,0.00102660940871848,-1407.46620275849
184,0.025355489253911,0.0200181225257171,0.000916716065592152,-1406.04400100321
185,0.0252434916897051,0.019321206378256,0.000535698481154778,-1406.25483971435
186,0.0235163244679643,0.0184536451479686,0.00101044853617824,-1406.34820306878
187,0.0256214423678423,0.0178592688379989,0.000808823903511804,-1405.50233601831
188,0.0206106326334252,0.0209368280857515,0.000811213485983205,-1405.40947888953
189,0.0203598656020369,0.0232568297899741,0.000607097804523543,-1406.02439671316
190,0.0218196004215637,0.0228282973826873,0.00101759350823119,-1406.85287158592
191,0.0231119662617915,0.026448233025369,0.00087956527868892,-1407.57582145808
192,0.0202546061402636,0.0230717772625864,0.000582202691013467,-1406.22373933779
193,0.0223692817554793,0.0267612115237408,0.00105172068924581,-1409.09663429827
194,0.0165623437394151,0.0247483756240548,0.000554431126022933,-1407.79914075611
195,0.0162004738526814,0.0250013125285513,0.00112705465453513,-1408.66632629048
196,0.0179294919560853,0.0226106107799415,0.000600462494858762,-1406.77865528566
197,0.0184343592291663,0.0280749725487294,0.000995022577553277,-1408.41012685161
198,0.0160823028376608,0.0239679962977978,0.000993827927973463,-1407.42325364607
199,0.0265687854897228,0.0217740043716177,0.000849736364105566,-1406.39454864406
200,0.0176181994378098,0.0217877031176156,0.000976067588988103,-1406.67709380794
201,0.0205402715350964,0.0239926793809689,0.000554279697580813,-1406.5414235566
202,0.0267999613064571,0.0158265495015485,0.000913167990626367,-1406.32273039216
203,0.0237015307052524,0.0205494728269028,0.00108615624086181,-1407.2361297566
204,0.0186501645973297,0.0196937634503618,0.000718920458016058,-1406.27049265725
205,0.0178866120354258,0.0215661781346574,0.00101719589475854,-1406.84404326218
206,0.0179704535446814,0.0207826212426796,0.000646640109130681,-1406.70127266861
207,0.0240188048244673,0.0227557846879363,0.000752084921678238,-1405.67993135335
208,0.0182088046683334,0.0285541438545969,0.000611119057959906,-1407.54781625551
209,0.0205183966635363,0.0278541405892743,0.000643492643860622,-1407.12983433003
210,0.0182319415831333,0.0246051882856091,0.000783093191049307,-1406.09000215021
211,0.0175217183594452,0.0197891539712468,0.000742079799430816,-1406.74314107539
212,0.0230583818079178,0.0216660498556247,0.00070195830937855,-1405.32812805738
213,0.0191859643495614,0.02485820752325,0.000734941378812113,-1405.98794917002
214,0.0181438861373528,0.0213085528457863,0.000773394224984844,-1406.00177600112
215,0.016689040677413,0.023599178775968,0.000625935869366017,-1407.05725332855
216,0.0215256072735168,0.0203247971850751,0.000734095955861387,-1405.2964186451
217,0.0269550603714759,0.0199121935392615,0.000755101989003092,-1405.66041040241
218,0.0244727678585086,0.0251674992426184,0.000907585759627694,-1407.5496365722
219,0.0204611739465395,0.0166245728968804,0.00116878718645923,-1407.94739811798
220,0.0244541891505733,0.0133923253659321,0.00103641850245739,-1407.87873603451
221,0.0280201386364153,0.0173846171948408,0.000439683496235476,-1407.92209053192
222,0.0255053565142814,0.0239624602291548,0.000547314378102848,-1406.84131009668
223,0.0232399030305815,0.0226560883911856,0.000462711244876155,-1407.35149193796
224,0.0235283059066617,0.0202394338565905,0.00102288497661958,-1406.55908999463
225,0.0241414409740352,0.0210707709960258,0.000910447136929912,-1405.96151724968
226,0.0190764834312469,0.0184705295577607,0.000650268528845397,-1406.97001724509
227,0.0371483537637258,0.0156841954163844,0.000364763429697839,-1410.94996232547
228,0.0244317117987017,0.0207591973689626,0.000952504504465748,-1406.24531194933
229,0.0187649830946332,0.0207886935235523,0.000902348903602239,-1406.03031609942
230,0.0176720107366427,0.0220394225718505,0.000653475115445444,-1406.5446596877
231,0.0229799050929121,0.0216364473491058,0.00079718729736807,-1405.39041400419
232,0.0214608805069097,0.0176634347016772,0.00119593204691554,-1407.91449149964
233,0.0222863810178221,0.0191092095788185,0.00116317231487652,-1407.61908509896
234,0.0235796947421972,0.0208782964932851,0.000719348321337547,-1405.25459331811
235,0.0212926373237615,0.0188079308203486,0.00126461563871456,-1408.58730192565
236,0.025091175099559,0.0191865868909582,0.000985874899853761,-1406.380767641
237,0.0195676090454501,0.0201084818355278,0.000600707078973573,-1406.53065989802
238,0.0250722162770158,0.0198584304037657,0.000983076413052403,-1406.44607561812
239,0.0261282463302887,0.0192866078443376,0.000920439064521295,-1406.12750893972
240,0.0284532720161266,0.0168704929484071,0.000864179224390489,-1406.19007271395
241,0.0233784656328047,0.0198459944857287,0.000597372127727093,-1405.72467448287
242,0.018293811302552,0.026335204980609,0.000659173831238962,-1406.61368926453
243,0.0165339934801347,0.0263149987264937,0.000779475523848716,-1406.80828995343
244,0.0238653692060504,0.0289521478283154,0.00052127505199581,-1408.89638805056
245,0.032778002224408,0.0196387772607319,0.000816552220973351,-1407.93863581765
246,0.0145326896686683,0.0225615794827091,0.00079779826373533,-1407.85847113585
247,0.0257231957817561,0.018020029267096,0.000849278666388772,-1405.62890564515
248,0.0277150753634627,0.0212614393652778,0.000813583009189524,-1406.40830568095
249,0.021988499486341,0.0241132631436736,0.000577098504178556,-1406.2722114388
250,0.0196217677911854,0.0242387974378235,0.000719585016998932,-1405.82386378594
251,0.0165827675299131,0.0227737725126114,0.000841337673077487,-1406.55493013802
252,0.0213091886027827,0.0215384853058828,0.00059117079755584,-1405.92267967522
253,0.030000635195889,0.0132978962230364,0.000945923527887668,-1407.57919364839
254,0.0265572731990672,0.0203536831008837,0.000831141052400114,-1405.90270641287
255,0.0175574678741234,0.0260708718643392,0.000739988001627269,-1406.50879798107
256,0.0192373951552495,0.022767824848462,0.000928824520251059,-1406.14391980699
257,0.0205090063191078,0.020362551281415,0.000564011267449774,-1406.5120799363
258,0.0272358611319686,0.0160932258900954,0.000641252738031603,-1406.08474260686
259,0.0242131023891276,0.0243450356418035,0.000799094161525287,-1406.42526094708
260,0.0224319320396958,0.0219079041487688,0.000875909681452445,-1405.69517012731
261,0.0200197360991938,0.0194945538230775,0.000685234111936903,-1405.92856566449
262,0.0236416198821714,0.0190736167587254,0.000747509998047518,-1405.24804617561
263,0.0229565770211613,0.0244367944561092,0.000704152330508627,-1405.99115640681
264,0.0230479010541504,0.024015758284343,0.000540538692822228,-1406.5902614733
265,0.023906964552167,0.0208369670243688,0.000861623971857123,-1405.60721794242
266,0.0227922876963189,0.019903163755125,0.000807446324780859,-1405.27343857961
267,0.025381086333266,0.0160034312339719,0.000592544196056223,-1406.60110048458
268,0.0282562186631444,0.0183786270213766,0.000781710678002361,-1405.8489279755
269,0.0251546459055576,0.0193883055394305,0.000772393810277561,-1405.33192600804
270,0.0193450090665777,0.0197139421236491,0.000788519688712043,-1405.83625950025
271,0.0184057312802302,0.02180745569824,0.000840410777650953,-1405.91121990164
272,0.0187915902876185,0.0234583391462941,0.000724076844389856,-1405.83765994538
273,0.0211602660251139,0.0241600826905587,0.00069702882103162,-1405.76485909431
274,0.0223149729437291,0.0176690581331307,0.000945254553910562,-1406.07221979474
275,0.0240242861024279,0.0157987142002913,0.000716274584404324,-1406.24968016931
276,0.0287972380372172,0.016565078196018,0.0007307703383411,-1405.91332596271
277,0.0299844118578069,0.01710028829921,0.000552260492938077,-1406.66155451813
278,0.0231748997690797,0.0246201523534205,0.000921214852050701,-1407.00121617136
279,0.0173721152934234,0.0196939585416162,0.000968078833294121,-1406.96130512842
280,0.0262449689488381,0.0189451028837644,0.000852489387094431,-1405.73073444568
281,0.0218557113145706,0.0220815842840766,0.000890190587481201,-1405.7585289984
282,0.0203562582365019,0.0201749444903286,0.000696852829900692,-1405.62593131278
283,0.0247929876867211,0.0199087257279513,0.000572776343186266,-1405.87028057865
284,0.0260373372182308,0.0148917511248349,0.00131746726390339,-1409.49955316381
285,0.022075422127248,0.0114449296352435,0.000841777875215203,-1410.67815259006
286,0.0240788862570014,0.0134821651092333,0.000885382317734029,-1407.59802056698
287,0.025453767149389,0.0170501888814052,0.000949673840045579,-1406.19223555075
288,0.0223228714295252,0.0236724038451415,0.000632491473568814,-1405.85285749353
289,0.0269575330528525,0.0238781866233561,0.000671140477870802,-1406.76877406066
290,0.0174620537828633,0.0263678905250955,0.000638414778566664,-1406.88272149034
291,0.0168856682042151,0.0275054473865529,0.000789158482692388,-1407.06601665899
292,0.0233494826962274,0.0251159457202752,0.000754031588404648,-1406.38864364947
293,0.0215991303159683,0.0260718062019891,0.000633595174572427,-1406.53629468643
294,0.0239123067423015,0.0194469720593871,0.00100849585959865,-1406.39919065788
295,0.0180923561734393,0.0223108572394106,0.000835947430436212,-1405.99141892661
296,0.0194487672492374,0.0209926346887171,0.000714241104946573,-1405.70325626538
297,0.0239176983067045,0.0208014198739583,0.000845147238750593,-1405.52852227103
298,0.0161619442320695,0.0296229748738984,0.000677820764472359,-1407.97956826828
299,0.023416763586167,0.0317452215345165,0.000400318790475232,-1411.8879714499
300,0.0250634328789662,0.0199531477425302,0.00102857124525925,-1406.85279001441
301,0.0182323093334099,0.0208959755426702,0.000894612667109926,-1406.15875459043
302,0.0252766061903793,0.0162848604455877,0.000602530116818759,-1406.40360806536
303,0.0222457739831927,0.0196405295508655,0.000621076476553369,-1405.71383419094
304,0.0190353637192921,0.0245846688920373,0.000586971175495022,-1406.57623878851
305,0.0189967292104987,0.0243106375961433,0.000583518118853317,-1406.58304067607
306,0.0237741459908802,0.0241372012590858,0.000467612501989715,-1407.54358101534
307,0.0257338775192061,0.0165234917961033,0.000537585019310135,-1406.88070010775
308,0.0245420536401821,0.0241823859401744,0.000848739292650546,-1406.69853133353
309,0.0186237913451297,0.0210125689666018,0.000744646575565007,-1405.90005947804
310,0.0292641024227205,0.016718393968572,0.000850870208472091,-1406.31182954048
311,0.0211126131757579,0.0251680217359527,0.000554273743984428,-1406.7308043473
312,0.0185749318683107,0.0228751885509198,0.000879062598322697,-1406.02517144678
313,0.022497607410262,0.0220753095753071,0.000586366347817701,-1405.86258217928
314,0.0229339853714279,0.019670837498065,0.000841759115732152,-1405.37020810847
315,0.0202450237820679,0.0242311104323993,0.000596791378984091,-1406.24650687866
316,0.0196389552197959,0.0202868476516922,0.000626758811152869,-1406.22855802626
317,0.0231334565852533,0.0241769920246332,0.000527798065981144,-1406.76155952598
318,0.0226417937907066,0.0194779722188727,0.000938989503647054,-1405.81634251934
319,0.0217770611708421,0.0258137066002735,0.000366219488684786,-1410.07654557599
320,0.0243413590302367,0.0185513361152321,0.000344265198119887,-1410.52275664592
321,0.0309147070274572,0.0198244086263062,0.000485699583578347,-1407.64523636008
322,0.0282069107861142,0.0197421752057802,0.000831102066922425,-1406.23902260112
323,0.0262557168311556,0.0176952865602514,0.000806089195084419,-1405.56839016683
324,0.0262708069051732,0.0178740887465254,0.000658163900177234,-1405.58923313481
325,0.0287148801878733,0.0201054398558742,0.000547240202943863,-1406.57336919306
326,0.0191179113129608,0.0290222248811448,0.000607363052358254,-1407.71433979256
327,0.0213650056971691,0.024222889361315,0.000996368913291356,-1407.07677135129
328,0.0233989962185128,0.0207676558103855,0.000822804899694986,-1405.38253504227
329,0.0237332360084495,0.0183126301651226,0.000681163574357593,-1405.47484382917
330,0.0258079036633578,0.0190249936533465,0.000721691921781899,-1405.36096180861
331,0.027315539887761,0.0194703317940867,0.000755701404783894,-1405.68060294932
332,0.0194728872383518,0.0241495436931195,0.000785577206193171,-1405.83901090719
333,0.0218904849347232,0.0192255875091198,0.000806309568349029,-1405.3761385879
334,0.025750121421513,0.0263445454620452,0.000613479371562732,-1407.6002690051
335,0.0134351489188566,0.0257872851128836,0.000553169591623499,-1409.88187340702
336,0.0217278467873472,0.0263526008208894,0.0006538892664967,-1406.59915465385
337,0.0208965033616533,0.025390721525476,0.000622914376029232,-1406.32202066356
338,0.0199539491544584,0.0258832248735853,0.000662805074889383,-1406.32640674999
339,0.0156143825123535,0.022933199328334,0.000769042509692087,-1407.0629257355
340,0.018818090919436,0.023453834360429,0.000912511938596027,-1406.21803148834
341,0.0202111517420347,0.024306934941528,0.000830898063289222,-1405.96606050242
342,0.0184844943419621,0.0206090480553969,0.000667860176870967,-1406.34418733611
343,0.0275709492815045,0.0219408132291916,0.000663638697874341,-1406.24300673171
344,0.024216780225817,0.016846999100531,0.000601877940322197,-1406.34333684435
345,0.0266771458600133,0.0180318869378604,0.000721937452533207,-1405.48864351185
346,0.0242258046799344,0.0188820758451195,0.000786241734516266,-1405.2944432844
347,0.0272423690497414,0.0165506624405564,0.000520150054789187,-1406.94153682191
348,0.0350115063727681,0.0132733298270444,0.000654102007609831,-1407.77845244287
349,0.0273583597244187,0.00988318416507921,0.00174759423990975,-1412.19831517145
350,0.0163843981268307,0.0114773884087314,0.00169530455555049,-1411.73037919529
351,0.0234079012963413,0.00840756298344564,0.00140468467702604,-1410.11034202957
352,0.0233429869920113,0.012966700197514,0.000913454182635024,-1408.23135954157
353,0.0347506012250053,0.0140220242729979,0.000941984659954118,-1408.57879642111
354,0.0217311714196208,0.0254303331372431,0.00114018318414181,-1409.21072299486
355,0.015820452073265,0.0178954785984578,0.000876475287880329,-1408.62579376271
356,0.0298949570717077,0.0201011369922767,0.000880271582825904,-1407.25024512424
357,0.0297131319215242,0.0211153121515978,0.00085243251337216,-1407.34941161739
358,0.0262887917294147,0.0207024947055951,0.000796694591364052,-1405.76790235739
359,0.0253468663893387,0.0170054748528972,0.000671413973332222,-1405.73008942796
360,0.0261980811764022,0.0180349157310659,0.00063101582481028,-1405.67774208878
361,0.0275516691466374,0.0166103904675329,0.000757843249529728,-1405.76035517102
362,0.0285036154434322,0.0201010443481065,0.000875063250192318,-1406.68425296291
363,0.0217076819230341,0.0240262187864313,0.000674307391032919,-1405.78281709619
364,0.0190485187432966,0.0233180987892562,0.000990374982949062,-1406.66015030682
365,0.0221400450832447,0.0255290493819519,0.000538261797206399,-1406.99251185209
366,0.0222728532664482,0.0179973852729055,0.000944178956498415,-1406.00180128162
367,0.0198764231341668,0.0183717889951762,0.00103092841849715,-1406.74924711678
368,0.0271642203109135,0.0142696493594429,0.000933135295424773,-1406.92314257406
369,0.023145420400778,0.0246769945865252,0.000738248983583202,-1406.13784433501
370,0.0211190835638718,0.0250142675513478,0.00077736759236122,-1406.06358522457
371,0.0195409176358291,0.020778640376691,0.000914845488928654,-1405.90165871763
372,0.0199910577307258,0.0204122179959491,0.000734890770287979,-1405.57713603807
373,0.0205310942514132,0.023658123950578,0.000874787718683741,-1405.98361893186
374,0.0168056004547545,0.0247631388873371,0.000965735228191856,-1407.13843774409
375,0.0169006253974543,0.0249168024878927,0.000706480595813973,-1406.54895180792
376,0.0272977569826168,0.0183036197614136,0.00084883265942522,-1405.88229189791
377,0.0308123134782176,0.010377281214775,0.000838803351686149,-1408.9806692753
378,0.0240919984647876,0.00969308762756315,0.00120861372488963,-1409.79576340164
379,0.0238387415688589,0.00857841438896821,0.00175629294492833,-1410.88138394538
380,0.0291736256908537,0.00777658972769785,0.00200619257453334,-1413.93114997224
381,0.0206768176695175,0.00952146370482078,0.00105067229002917,-1412.06442426987
382,0.0423659128208954,0.00697023300361243,0.000588017647133376,-1413.63827151351
383,0.0440530721104547,0.0227781568489306,0.000514679999812208,-1415.50518251036
384,0.0170466674005196,0.0285477509654395,0.000532104692007938,-1408.42449920511
385,0.0184636687742494,0.0205939915291192,0.00077960464028176,-1405.97801709891
386,0.0284024988741795,0.01604538701184,0.000641385898155361,-1406.13310419556
387,0.0266822356253899,0.0207893253621177,0.000552679609549341,-1406.24442123416
388,0.021875105373146,0.0235782799771549,0.000755109931577572,-1405.64136135639
389,0.0175474185165132,0.022093501543997,0.000744800491549498,-1406.20314909689
390,0.0212570924374907,0.0232775662965669,0.00109062024728334,-1407.62092777574
391,0.0187296243604207,0.019818569223468,0.00120208384804413,-1408.11994147438
392,0.0237125881634587,0.0228347813428895,0.000599862427275949,-1405.91760332536
393,0.0202606772444844,0.0250952694858389,0.000653028597323478,-1406.12620246148
394,0.0201801478039408,0.0161738965667518,0.000996630024216098,-1407.30984508965
395,0.0295441516724113,0.0159296049678432,0.000506862034555563,-1407.28997516633
396,0.0330681604570994,0.0184887301599806,0.000822633746510883,-1407.72775484536
397,0.0286850441107348,0.0183128201251816,0.000795867522071087,-1405.99553119404
398,0.0202051219557699,0.0235895582519205,0.000748005314027248,-1405.63801661224
399,0.0220252560295907,0.0191388875044383,0.0011393997526332,-1407.37076026164
400,0.0284041669476546,0.0219204129608315,0.00034412603561473,-1410.11073924595
401,0.023736155362567,0.0241443841062453,0.000424489460994349,-1408.28189161486
402,0.0296476657405264,0.0241674464957281,0.000577374573916958,-1408.05717013795
403,0.0290913321762347,0.0116252538057235,0.000637034186102797,-1408.69189143493
404,0.0234918524550099,0.0281544031568814,0.000780317477041142,-1408.07973671596
405,0.0189081434197453,0.0246587230263522,0.000565243906631374,-1406.81629278657
406,0.0178360402704465,0.0213643111093912,0.000884137670146604,-1406.22756287907
407,0.0180447974298863,0.0224719221939192,0.00099085171115764,-1406.68368822596
408,0.0216796114922284,0.0213636523672619,0.000746517988932116,-1405.2715171886
409,0.0255014907572201,0.0209853416897188,0.000729842266086984,-1405.50610869753
410,0.0216577513472103,0.0184511230547511,0.000982576071407704,-1406.18676253986
411,0.0268379130927052,0.0154731414810669,0.000748365944613826,-1406.03453901151
412,0.0270029460439459,0.0165853395106275,0.00061740651993999,-1406.06389384385
413,0.0264074655229504,0.0185483691780528,0.000568159935751331,-1406.03633315435
414,0.0244536991789749,0.0214728266003762,0.000789630280011051,-1405.52856727787
415,0.0142823200132044,0.0276132631824573,0.000716280242850365,-1407.99047563786
416,0.0296094752721196,0.0208647035068355,0.000254099742994633,-1413.32842931773
417,0.0297991964531538,0.0196342637671504,0.000653823317585967,-1406.32699478754
418,0.0274812055506585,0.0202340967339111,0.000973798541362799,-1407.12982063743
419,0.0180334688750869,0.0229208452721007,0.000752626397433783,-1405.97307109047
420,0.0159890827787282,0.0232620121801059,0.000891162030854057,-1406.933588757
421,0.0191079002121637,0.0206160979021689,0.000606956307736641,-1406.53218822894
422,0.0332604812342597,0.0137649643084597,0.000719371824946512,-1407.23218218991
423,0.0246865496509919,0.0176659649102563,0.000767846490167075,-1405.43842185964
424,0.0324123097087002,0.0131970483259844,0.00081443396499864,-1407.40424550183
425,0.0281816998952344,0.0189221435151842,0.000657882129765236,-1405.80614439391
426,0.0208975115998225,0.0184811037888867,0.000907615655538281,-1405.9235624148
427,0.0254369113148698,0.0166692675219675,0.000664866367486514,-1405.85641929972
428,0.0244010385456516,0.0202639563795523,0.000740253483875088,-1405.26705569723
429,0.0267241410197944,0.0183558394657115,0.00100215628501111,-1406.77384765513
430,0.0244839738877867,0.0150048417259854,0.00097234202310526,-1406.85622368006
431,0.0296421684400541,0.0158867874865801,0.000735226070696826,-1406.14581253446
432,0.0277183391219537,0.018745591873737,0.000817608602691959,-1405.87755005708
433,0.0277969074023616,0.0166507752322973,0.000761265150283097,-1405.78491508337
434,0.0256800318604693,0.0208379990723831,0.000728421057619967,-1405.51135811609
435,0.019357654278299,0.0234049785782562,0.000832603844846337,-1405.81747599243
436,0.0166675320981342,0.0260023208130363,0.000719918680011627,-1406.73816125538
437,0.0196021858432602,0.0258487719489706,0.000884699680858477,-1406.70215821571
438,0.019643842397193,0.0230727768221426,0.000672875883926878,-1405.77221660079
439,0.0224162572057038,0.024373982158498,0.000803845674818512,-1406.07271207239
440,0.0204697345652859,0.021489178647319,0.000621013928211913,-1405.85501819722
441,0.0283158229461414,0.0223510522161463,0.000882969324185053,-1407.49019721566
442,0.0225201552958236,0.0214826654243368,0.000888559617156435,-1405.69092446634
443,0.0268568237995234,0.014575043371794,0.00079071521803168,-1406.42086648474
444,0.0267697624816763,0.0169279199410309,0.000869921842725873,-1405.92708773853
445,0.0247514341784379,0.0190084601753703,0.000762445370510295,-1405.28372295628
446,0.0236645452732943,0.0166648444910147,0.000755383859266187,-1405.8256545425
447,0.026042731817232,0.0204811822225194,0.000660639123570581,-1405.56508201826
448,0.0272353405330819,0.0191138282938601,0.00102760653503117,-1407.2610219013
449,0.0252280686358479,0.0204152896139977,0.000904232448762071,-1406.00720776268
450,0.0303263871309646,0.0178438944060562,0.000477316360216376,-1407.45704454948
451,0.0301561941576199,0.0191995538396491,0.000811832511542778,-1406.67668399658
452,0.0184059973349093,0.0227933903334993,0.00073039984285733,-1405.89117198936
453,0.0253743666728024,0.0232621012195111,0.00089823898860155,-1406.89001150738
454,0.0209036387083672,0.0192861148566664,0.000680219873051202,-1405.73760050943
455,0.023181126287938,0.0257415882257469,0.000722404697029775,-1406.56186473038
456,0.0234209253757473,0.0178485936252533,0.000715644224934137,-1405.52232771369
457,0.0260928271682055,0.0261869392870826,0.000572644109921731,-1407.77340621157
458,0.0234559788329115,0.0226939200943935,0.000685830999300451,-1405.56543329251
459,0.0202898490969378,0.0206446126134501,0.000705886903259241,-1405.54616377518
460,0.0177967491735445,0.0212529395019494,0.000934913721383353,-1406.43036071097
461,0.0191531982643969,0.0208422930450453,0.000729720055313789,-1405.77280953083
462,0.0252598256768735,0.0171071300157717,0.000789780471427516,-1405.57088018498
463,0.0222233259243269,0.017773119710125,0.000824299433911419,-1405.67410630536
464,0.0212572889702704,0.0172887962404824,0.00055322591068476,-1407.58412863237
465,0.0226864556901001,0.0240830556275444,0.000662369286602097,-1405.89114177094
466,0.0201024419539685,0.0250867864088121,0.000712404349785048,-1406.00102657986
467,0.0151971438819153,0.0205386342944543,0.000874515663629336,-1407.89475327308
468,0.0179642332925063,0.0220448814028495,0.000684245650917133,-1406.2378144903
469,0.0208287064002428,0.0253597972245323,0.000709928106861722,-1406.09223799613
470,0.0160233526213543,0.0241060095957847,0.000833127733971226,-1406.78287179386
471,0.0222563773088606,0.0160504514366448,0.000959733460961419,-1406.6789092948
472,0.023487138523672,0.0236694258252242,0.000946123458018856,-1406.87518415233
473,0.0207649488773413,0.0202809789789219,0.00058967972006821,-1406.1837109719
474,0.0226709007482791,0.0204356039071484,0.000796638786716598,-1405.25545679561
475,0.0220113204410822,0.0221798956881771,0.00089562176207766,-1405.81907893063
476,0.02317064965016,0.020091739685609,0.00105074279724864,-1406.73156282362
477,0.0226557743705449,0.0173803955612764,0.00084492751918298,-1405.76069602212
478,0.0223701439425098,0.0195422287917466,0.000601248466071216,-1405.85836010424
479,0.0224867353183589,0.0237022275186947,0.000845142500653815,-1406.02620748052
480,0.0208892897057004,0.0184634438512719,0.000818852279227696,-1405.7291707999
481,0.0230040543263963,0.0143192364864389,0.00110360924767675,-1407.89286460612
482,0.0281588312069372,0.0152867122268409,0.000526246940783416,-1407.30589631516
483,0.0347614812665005,0.0156258633907058,0.00101622389175809,-1409.37678679241
484,0.0211179161954056,0.0202433432577576,0.000673420846838229,-1405.53537171663
485,0.0245473876087311,0.0178194766335517,0.00103183758127807,-1406.61919492445
486,0.0214976461592959,0.016492899771607,0.000918562423800755,-1406.51608159329
487,0.0213714836090267,0.0200146596844526,0.000827562084328431,-1405.38652255978
488,0.0231842101053726,0.0216383279024503,0.000711662749271863,-1405.3214216907
489,0.0251197343774531,0.0195953170198903,0.000756068867432338,-1405.31307279572
490,0.022729169612244,0.0175468594672256,0.00083291851395407,-1405.67795267984
491,0.0233282027798058,0.0188475389578175,0.000901253938562943,-1405.64886663358
492,0.018656849860964,0.0231535007949141,0.000689634741619479,-1405.93954038793
493,0.0264917089736374,0.0196157961570243,0.000758703886660377,-1405.52974726689
494,0.0257237689347529,0.019906096947431,0.000760866592656424,-1405.42709182329
495,0.0280872761958081,0.0171978077712287,0.000624680944396315,-1405.95254121441
496,0.0279877605556595,0.0223310241444553,0.000679568215881855,-1406.50237772092
497,0.0261931955760606,0.0142934224743865,0.000784050800109756,-1406.62424835047
498,0.0244985200856142,0.0156059676801688,0.000627145768945114,-1406.71552818802
499,0.0320992575209618,0.0112563861133432,0.000801286559250534,-1408.28099321364
500,0.0304040357832276,0.0226037915551005,0.000739743920584905,-1407.70461024858
501,0.0203330805913257,0.0204863022417204,0.000702946447037558,-1405.564350558
502,0.024845006165741,0.0284293159333453,0.000663104242094664,-1408.40713174581
503,0.0257226661653202,0.0195600094656855,0.000915047672841067,-1406.04074556593
504,0.0237194147026541,0.0162875800915458,0.00118200854723943,-1407.9324696845
505,0.0225748577871501,0.0197372831779069,0.000687102693742103,-1405.33485776895
506,0.0233301029966971,0.0194086421217376,0.000727581537844192,-1405.2382474422
507,0.0190965622595804,0.0217468633523283,0.00136194176635782,-1410.1762152586
508,0.0161674849394535,0.0135753413369951,0.00140858802582192,-1410.9438771377
509,0.0207686825682773,0.0126331199570311,0.00121790944596807,-1409.2321733281
510,0.0226379873164595,0.0151568220455417,0.000466954718420544,-1410.03408305229
511,0.0389479096799988,0.0130662420834327,0.000484369273853658,-1409.86069779461
512,0.0332770982005299,0.017611160702288,0.00057800136836439,-1407.31214835813
513,0.0281609690640486,0.0207648512475253,0.000687155357980164,-1406.07657644868
514,0.0287083373872107,0.0146874784064534,0.000801652650059378,-1406.41572579439
515,0.0318465451348639,0.0172659026501988,0.000581197075715882,-1406.85139463054
516,0.0306712829094914,0.0178502158429528,0.000709130108709069,-1406.31178515833
517,0.0208841419866842,0.0184783948562719,0.000739796317802099,-1405.77988251869
518,0.0265211398938464,0.0190907024404225,0.000962676821263107,-1406.49822310949
519,0.0224140349261721,0.0213489941758527,0.000566069689068533,-1406.0065330569
520,0.0214873313985092,0.0196498407407389,0.00086515827079216,-1405.50582787494
521,0.0234903738982518,0.0191057979676701,0.000872040930732029,-1405.5092780647
522,0.0187540952488323,0.0203222954918692,0.00138076837900413,-1410.04866126733
523,0.017821751858368,0.0204026457154952,0.000831595093026679,-1406.27945588152
524,0.0159946142551183,0.0277867866013493,0.000841903939089613,-1407.47188306703
525,0.0207035945728632,0.0290172398785424,0.000529432842548163,-1408.32481171729
526,0.019733751120514,0.0243710854005363,0.000955476513287183,-1406.66003390519
527,0.0183192674718902,0.0203552944089291,0.000709115687444255,-1406.27187745855
528,0.0293274719887052,0.0151328875671439,0.000606848614100376,-1406.63225314515
529,0.0301737334683893,0.0191342265762861,0.000544503940118878,-1406.80347721329
530,0.0224933340504606,0.0194154018668423,0.000649091540373544,-1405.54488284882
531,0.0221128836303431,0.020278109710986,0.000656387065697294,-1405.45174595625
532,0.0228159114564181,0.0260397974254388,0.00083278316104681,-1406.99531519694
533,0.021748116206097,0.0174241941071856,0.000936844265280653,-1406.1755525062
534,0.0240814282535892,0.0196022252000865,0.000859592844707787,-1405.49487044376
535,0.022279231364879,0.0207696048293589,0.000610114413105312,-1405.67080340456
536,0.0265018228868508,0.0133903300969722,0.00122963431350085,-1408.91217549647
537,0.0219654144149293,0.0168489682737831,0.000767531169139676,-1406.09544659105
538,0.0286796869635369,0.0184748827935922,0.000541287007666251,-1406.48997681311
539,0.0295113973237826,0.0266379736875444,0.000736645905099916,-1409.55447615248
540,0.0136200335109626,0.0226754588428912,0.000925045264694309,-1408.67941841981
541,0.0263807724723379,0.0145792433744091,0.000772481563057241,-1406.45076041876
542,0.0302249949916855,0.0166627727118247,0.000575300034754981,-1406.57362981313
543,0.028494194601384,0.0197976703908616,0.000630816393835903,-1406.04463618615
544,0.0214481794421571,0.0236374326699735,0.00087090535286557,-1406.0075740309
545,0.0184621234712201,0.0190426543921016,0.00140311580944522,-1410.07188174246
546,0.021379052611985,0.0123156651781423,0.00113002269976199,-1409.20096704203
547,0.0250712142876013,0.0128445288250472,0.000743949997073195,-1408.06723696198
548,0.0324494921342366,0.0179461615515191,0.000562215185248914,-1407.17376039751
549,0.0245355743216712,0.0244912482689617,0.000803833685486733,-1406.59788664933
550,0.026391645097047,0.0157830659471934,0.000738565751039113,-1405.9338250741
551,0.0314778332614702,0.0159451636756554,0.000792214586262784,-1406.65785011973
552,0.0287519640177152,0.0208146389385485,0.000870075094483985,-1406.9665779963
553,0.0264141631029934,0.0232744924083384,0.000920434984791791,-1407.43685009243
554,0.023570421228333,0.0146999457241301,0.000878252277470892,-1406.88132723469
555,0.0300625056237963,0.017403551715876,0.000720522074840639,-1406.12753906163
556,0.0350410407236997,0.0136836121941563,0.00059095202275274,-1407.89966495851
557,0.0283898783515194,0.0244116855368707,0.000810930660786333,-1408.05680832629
558,0.0256967763185954,0.0228251983108981,0.000777037287544428,-1406.15743043849
559,0.0183179315478994,0.0214369709230385,0.000837068861029796,-1405.9490158901
560,0.0288442178401803,0.0134245463088512,0.00084048558894691,-1407.03099258986
561,0.0270347744531955,0.0123395644716344,0.000943109266135127,-1407.97562930988
562,0.0327172618548645,0.0114294582645766,0.000846829043037944,-1408.29449231488
563,0.0277041435743115,0.0215711957106724,0.000685247967509583,-1406.16270607483
564,0.016047408455594,0.0346427458861036,0.000777994879620681,-1410.63599327862
565,0.0139880977569496,0.0308276300495149,0.00082809614034983,-1409.06877457251
566,0.0116973571566282,0.0272261614287403,0.000607258639624483,-1410.71979059684
567,0.0233680257015046,0.0152461478192804,0.00116921373594543,-1407.97405303909
568,0.0261347600868471,0.0211801789254128,0.000539178763520581,-1406.33696905406
569,0.0209163904766121,0.0211462757104693,0.000534232581385404,-1406.6310772581
570,0.0206241294482567,0.018487025076003,0.000851357879009651,-1405.82760480882
571,0.025526378030727,0.0242075186539359,0.000591480499956496,-1406.66500946193
572,0.0281410801254453,0.0153999301828609,0.000794927551454138,-1406.13832745416
573,0.021916244435963,0.0254083329625593,0.000735582958331451,-1406.217269282
574,0.0249185181870365,0.0194230416022173,0.00076404563690334,-1405.29616044222
575,0.0270438353085664,0.0147589790809832,0.000810970776213812,-1406.35059663456
576,0.026094812625475,0.0247180659096853,0.000606373916753903,-1406.96072669914
577,0.0208853783878644,0.0209597208448746,0.000925126338753455,-1405.7972924329
578,0.0215954075491202,0.0221718580678165,0.000578144330465593,-1406.004710619
579,0.0265043842763786,0.0203851199436294,0.000844033227659536,-1405.95872817782
580,0.0252461789249681,0.0200375791383036,0.000801843225230229,-1405.46271905099
581,0.0229633840578846,0.0171326505225103,0.000877220191752482,-1405.87759575333
582,0.0237812297519428,0.016880686748896,0.000652395638772099,-1406.05664226643
583,0.0227687372818488,0.0200217776933752,0.000779964791372694,-1405.22652872546
584,0.0253514822599824,0.0160035300269117,0.000772511840674339,-1405.88344116456
585,0.0252043057902965,0.0181040871695475,0.000830992835355097,-1405.51050132426
586,0.0242687851701414,0.0181635798203233,0.000788655923131701,-1405.3736239157
587,0.0243316929045323,0.0190117192354173,0.000461068452021153,-1407.43958230622
588,0.0296665717509779,0.0216917346774021,0.000747961775785519,-1407.01858233774
589,0.0175710720134069,0.0219978249533928,0.000890934560558965,-1406.31019715067
590,0.0238739364619084,0.0209236701362668,0.000881370941856151,-1405.71747154218
591,0.0245278466700566,0.0210407866277168,0.000807075282760125,-1405.51199610666
592,0.025145585901359,0.0223915529823531,0.000632087159913185,-1405.85806543774
593,0.017024837978253,0.0288682041766023,0.000751753655867859,-1407.48800444461
594,0.0168276937004969,0.0268089768078312,0.000674510306718502,-1406.97686386304
595,0.0242729456673115,0.0170151202602912,0.000881549066625719,-1405.83287934064
596,0.0277618048364813,0.0162122630449612,0.000624909892971278,-1406.13773606804
597,0.0260933123834448,0.0214402880136291,0.000645801191962906,-1405.77529910441
598,0.0307650829127541,0.0211889523452186,0.000880258759336787,-1408.05573030055
599,0.0170472343153803,0.0224767100474097,0.000899717907763327,-1406.5203812791
600,0.0195037586378187,0.0180615278443553,0.000950200734817952,-1406.54816300777
601,0.0166933696841713,0.018125628445763,0.000984886615784853,-1407.91352766277
602,0.0319362466787195,0.0142152924060735,0.000518266248480162,-1407.84848739276
603,0.0317536995062362,0.0148618073092281,0.000857060868973589,-1407.0813262949
604,0.0266827875849549,0.0215409437403339,0.000908138843891107,-1406.73910408426
605,0.0214033550323444,0.0180051540648588,0.00107098031718918,-1406.86411833543
606,0.0210446067573261,0.0186485591538274,0.000603770092434072,-1406.42304865959
607,0.0174543236394647,0.0220800934958528,0.000894265499184196,-1406.36033233515
608,0.0241568177198036,0.0224136558950669,0.000861368273352049,-1406.01425638196
609,0.0301383590472205,0.0221323146610714,0.000652554445310737,-1407.21861886831
610,0.0200147763474653,0.0233341006698513,0.000738878400872751,-1405.61195209825
611,0.0191130845588441,0.0179406235103456,0.000939712848630832,-1406.69134073256
612,0.0227510885555863,0.0227454899937567,0.000788523590686865,-1405.5738668713
613,0.0193679596064194,0.0233377119230994,0.000993918867684632,-1406.67112563936
614,0.0208172372429912,0.0240892853169658,0.00107326090559164,-1407.67515338061
615,0.0203330910238205,0.0227115729208061,0.00109729696085959,-1407.42467979574
616,0.0244473070470118,0.0247926009923642,0.000781002524430106,-1406.61116402296
617,0.0210142369166201,0.0225370074555937,0.000833800274062853,-1405.57177089626
618,0.0236230487799588,0.0192317068550081,0.000494755106524692,-1406.93811095753
619,0.0244396526744709,0.0208668457517212,0.0012993800090792,-1410.07814637203
620,0.0230150522751155,0.0151524374783782,0.000657793761916353,-1407.27036421514
621,0.0244413667243134,0.0221826724383277,0.000907015379341695,-1406.29099258079
622,0.0180978011370796,0.018989209818644,0.000796413811883333,-1406.59544037486
623,0.0253414476914335,0.0211495924548802,0.000649838284423798,-1405.58240609579
624,0.0196663085963581,0.0197674226255712,0.000699209247153066,-1405.91536203573
625,0.0199138233703452,0.0250000280040375,0.000761682191574278,-1405.99210209313
626,0.0216288576558954,0.0189921443008877,0.000734953644414156,-1405.47121756522
627,0.0218867730233338,0.0229449911980585,0.000790301333424073,-1405.55122320652
628,0.0207110638371491,0.0224639698387051,0.000801127910714408,-1405.48123324616
629,0.0211799975888563,0.01895815882717,0.000614135783243684,-1406.17881606124
630,0.0220323088197495,0.0153658049898848,0.00074955068351514,-1407.02643024521
631,0.0327523656635953,0.0140541062503748,0.000704406048479601,-1407.06040342096
632,0.0320419122176189,0.0140608340767373,0.000780755090946426,-1407.00500469188
633,0.0286605180391998,0.0193461372680657,0.00100560132330244,-1407.59220675378
634,0.01996112540592,0.0192593778052528,0.000970835135962951,-1406.22969134355
635,0.026507974471391,0.019041349010884,0.00113658494674425,-1408.15196388467
636,0.0199932524616104,0.0224178268767334,0.000651751951159089,-1405.76096243485
637,0.0246245665519237,0.0186223489825054,0.000796736121446458,-1405.34648832541
638,0.0255381087138988,0.0254182155764991,0.0008069647078345,-1407.39090535419
639,0.0275279932065373,0.0187336155852632,0.000911223752889373,-1406.33370474757
640,0.0271996342679241,0.0207474661347538,0.000700380994257719,-1405.81309602437
641,0.0278149752681645,0.0222885955790605,0.000746888286903128,-1406.53963319545
642,0.0203404310475133,0.0206393890901897,0.000828615112956252,-1405.49002178119
643,0.0253387757175373,0.0167528701082533,0.000751817295827275,-1405.64176867664
644,0.024922590884185,0.01887013789564,0.000796929340652973,-1405.35535972107
645,0.0170566432095044,0.0185636944168321,0.00073722742126029,-1407.65104191086
646,0.0302351157103809,0.0150591188951469,0.000601624970295377,-1406.74258116985
647,0.0306081956424229,0.0159340146236893,0.000648911109648101,-1406.38990182131
648,0.0211460253698929,0.0296306613507108,0.000646709750066925,-1408.07910192898
649,0.0188170873145729,0.028840288676986,0.000689679402412812,-1407.39180841138
650,0.0207233609974773,0.0224471972314534,0.00067842934813624,-1405.53622512507
651,0.0203997337819015,0.0220413624195018,0.00109503256142659,-1407.24376613044
652,0.0196753719995535,0.0140109295630464,0.00105659131757056,-1408.90240093247
653,0.0197936513654227,0.0159003384910626,0.000519477540137006,-1410.14457665132
654,0.0397113834523401,0.0134168997181988,0.000749920531513594,-1409.37699634084
655,0.0278257701283297,0.0265196928771974,0.000653971137933698,-1408.44977297863
656,0.0197102639526105,0.0314823249681388,0.00106741303661213,-1411.49912508237
657,0.0123340110542462,0.0312856168656912,0.000904173910350804,-1410.20579928595
658,0.0216887889678678,0.0305914029982535,0.0005023100147568,-1409.48549644561
659,0.0173193280972208,0.0264114059748033,0.000885733354080872,-1406.99285864978
660,0.0204600938175834,0.0260167696567948,0.000444573959871506,-1408.47277205115
661,0.0316017811077676,0.0219360054325924,0.000489123839359089,-1408.4226895577
662,0.0210094369378524,0.0212553975987627,0.00112699690321568,-1407.43024902104
663,0.0207724899500352,0.0180457822053727,0.0008955929801554,-1406.03046882503
664,0.029462477018775,0.0166978476095978,0.000822285325456315,-1406.23464135606
665,0.0302716690539359,0.0203325705202577,0.00125427944748566,-1411.72696824613
666,0.0314351070587469,0.0138979363244224,0.000915991781076837,-1407.4844624105
667,0.0254494714855395,0.0103945037683437,0.00134133822180685,-1409.62752542669
668,0.0249068677368287,0.0155134278576968,0.000420414534822393,-1409.74497684322
669,0.0246047498009579,0.0187155940763799,0.000745009351186425,-1405.28533698496
670,0.0228384790394075,0.024070603727895,0.000660399828359246,-1405.90785622432
671,0.0206607849102088,0.0249476247514163,0.000635148469424706,-1406.14631098418
672,0.0214966081398166,0.024370495667398,0.000604576196608934,-1406.14772192834
673,0.0194952340369621,0.0249946553797546,0.000521334580554155,-1407.23546741839
674,0.0184775050938984,0.0236466006397464,0.000550672052134268,-1407.04224248985
675,0.020079280287717,0.0217477323366291,0.000845495630851455,-1405.57545384218
676,0.0203628030700986,0.0180450769603621,0.00108274601885476,-1407.06313997808
677,0.020679432154116,0.0251137976128645,0.000932675635265875,-1406.81948842275
678,0.0189038286793283,0.0178475411608154,0.000615071162093188,-1407.7605157877
679,0.0273593985238354,0.0188161224484415,0.000619805045245823,-1405.78466623887
680,0.0206335800872111,0.0263263046360741,0.000931969387271182,-1407.32199513007
681,0.0174731213883889,0.029828290548425,0.000650343840345361,-1407.95201498583
682,0.0175427194819473,0.0172230531281548,0.000731855812310994,-1408.22089066097
683,0.0183887579949958,0.0200994169731614,0.000549842820449498,-1407.72790256569
684,0.0268385619774381,0.0230152350224333,0.000726123143162344,-1406.43564407182
685,0.0249391356425698,0.0215486429138127,0.000879071061094591,-1406.04762329202
686,0.019645594284857,0.0212918237414841,0.000865815094299903,-1405.68822640798
687,0.0242498525495375,0.0177557505806374,0.00122434710577943,-1408.39684947954
688,0.0203809010381438,0.0152559105087104,0.0011450265194673,-1408.23078098829
689,0.0208838808066743,0.0197138756667629,0.00110362966862786,-1407.04142085135
690,0.0205585938544224,0.0229044671034652,0.000837194759957732,-1405.65766787683
691,0.0241709256437237,0.0192207668794997,0.00073860875189794,-1405.24070906625
692,0.0251572824266592,0.0206460471324369,0.000841848898839001,-1405.69242110339
693,0.0188181889738127,0.0232967623791171,0.000638574079539221,-1406.14552962657
694,0.02257036001528,0.0177049374185016,0.000804370956519678,-1405.61842932536
695,0.0227388819479678,0.0145542156434131,0.000889335438996091,-1407.21368499276
696,0.0368124942676924,0.0148578876840313,0.00091477995053912,-1409.23054546026
697,0.026420244876348,0.0244757007920299,0.000565095767773998,-1407.1353522897
698,0.021559184087074,0.0268654417065051,0.000671413656574172,-1406.75975433986
699,0.018633855160425,0.0236091314525655,0.00101124886405483,-1406.91616057994
700,0.024150772943961,0.0173435576570066,0.000551960577543869,-1406.64351584665
701,0.0295512717544056,0.0213780788278286,0.000473829185588329,-1407.75573671411
702,0.0262599093746186,0.0215286502088731,0.00102623216896523,-1407.62765328853
703,0.018604423297269,0.0221125681967087,0.000931081586158782,-1406.18864162823
704,0.0296611050428426,0.0120025388527712,0.000724831573389062,-1407.87739052478
705,0.0272377247196458,0.0196139973502889,0.000675398464608637,-1405.65006260895
706,0.0256193003964773,0.0203165089369802,0.000712817021372541,-1405.41734923083
707,0.0232647070948663,0.0269553032545888,0.000592026964478939,-1407.31523119331
708,0.0213832833359876,0.0186903393234107,0.000606726473859569,-1406.27106629793
709,0.0232964112943247,0.0241260699420915,0.000687546880136654,-1405.94443699066
710,0.0203139703804698,0.0187234974809903,0.000938349379540291,-1406.10322543887
711,0.0260449594498916,0.0196610143707405,0.000956383213705888,-1406.42422922129
712,0.0267217482936598,0.0182793747610892,0.000962062743401659,-1406.44815109601
713,0.0244390437062639,0.0184281062468202,0.000684848891925106,-1405.40153359057
714,0.0187086882347644,0.0258585810930241,0.000779071716346028,-1406.32274432247
715,0.021885488248563,0.0209558266124694,0.000505398432502193,-1406.82777788484
716,0.0216666629547417,0.0210882298768743,0.000535750678801652,-1406.45005313913
717,0.0335823614028912,0.0160735001127737,0.000669298239429318,-1407.07325360255
718,0.0361420119033359,0.0150227991350518,0.000508294804959256,-1408.5563906576
719,0.0351435941783409,0.0162277483292214,0.000766019526408622,-1407.82290438917
720,0.0260926260215394,0.020101604398294,0.000604966626464229,-1405.74332018488
721,0.0297439100201172,0.0197872813461347,0.000792719993904046,-1406.58774658479
722,0.0260960730242636,0.0201028573139103,0.000728604135268821,-1405.47523223826
723,0.0209809795130836,0.0249318477071587,0.000813436621637071,-1406.13150395409
724,0.0198510281002941,0.0213916643769246,0.00074890740284091,-1405.50439197481
725,0.0169481326779211,0.0259270118641182,0.000819800134373338,-1406.68542618778
726,0.0211541150582158,0.0275959551406671,0.000683815808974372,-1407.01859106638
727,0.0157197697438682,0.0267094222439227,0.00067540874914282,-1407.3269380509
728,0.0239449725347953,0.0190145911250103,0.0006597101895542,-1405.42337349877
729,0.0307665121431466,0.0143069012697429,0.000827513616262703,-1406.85109234745
730,0.0334514838136037,0.0185976694883655,0.000796928239939661,-1407.78653816826
731,0.0242335840454025,0.0185365602317142,0.000902094457863885,-1405.7074947133
732,0.0252831242311325,0.0227023642819582,0.000471515509155168,-1407.28478221843
733,0.0206869479473579,0.0208124143472847,0.00116308687135036,-1407.70839129236
734,0.0177276304910152,0.0199440622056058,0.00115935797705129,-1407.96364975338
735,0.0253166029027845,0.0169906653850511,0.000802365275207064,-1405.61493651883
736,0.0311832259259731,0.0150958354065215,0.000716425999750006,-1406.54482360095
737,0.0305193268068912,0.0138412277526124,0.000746865848978327,-1406.81291952459
738,0.0272103796525705,0.0205610933719695,0.000909020300724355,-1406.61181862445
739,0.017927509105097,0.0242780801442711,0.000647641337449114,-1406.40535500451
740,0.0190511866754738,0.02098650016815,0.000943431061993509,-1406.12817366962
741,0.0188235323077168,0.0211260309886892,0.000670860601266711,-1406.0796447914
742,0.0249066602886241,0.0196600285348154,0.000951368041431956,-1406.14252908473
743,0.0266615413894929,0.0205006144734703,0.000964963852462125,-1406.85943974201
744,0.0245284404931503,0.0200073226023603,0.00105764802864827,-1407.016539552
745,0.0240760975127125,0.0153546455032097,0.000658415725122479,-1406.76755079756
746,0.031093082790544,0.0166170282086029,0.000818860450256016,-1406.65388873546
747,0.0307760960063529,0.0192630440831787,0.000905731091638427,-1407.5405246801
748,0.0248849357458696,0.0199130440111875,0.00074294275335115,-1405.29278488485
749,0.021896715134031,0.0196785032772597,0.000904927211473601,-1405.6367696275
750,0.0271678946770537,0.0165254081198385,0.000771368303254927,-1405.75346504065
751,0.0297493565921947,0.0180688029266186,0.000990932300383352,-1407.55734729343
752,0.025277415756606,0.0179761560344093,0.000968216499352489,-1406.22801004566
753,0.0189832682136855,0.0176013230570082,0.000710986492918769,-1407.10895432287
754,0.0243984369312603,0.0198328891167371,0.000747154492072253,-1405.24793793245
755,0.0290287265608191,0.013517453343044,0.000621524443069149,-1407.31890029861
756,0.0330948060738289,0.0260481469419465,0.000452001284666247,-1411.46166147386
757,0.0247084486189199,0.0212075760271465,0.000644459836811646,-1405.52807715751
758,0.0253323654742579,0.0210654288117663,0.00102419265822926,-1407.15685088663
759,0.0252211100877163,0.0208792559568747,0.00102157359762411,-1407.04720388737
760,0.0241029236333112,0.0218413534049154,0.000945442739798687,-1406.38822934566
761,0.0211190793376161,0.0183394426473859,0.000954771594318617,-1406.12015603482
762,0.0280958138368536,0.0174095885884935,0.000902821376629305,-1406.31682434113
763,0.0270248469256308,0.0159107524220826,0.000859623864535295,-1406.0918848635
764,0.0273195346170083,0.0190237729428959,0.00102279334890663,-1407.22295591896
765,0.0225350557877907,0.0190304385479929,0.000814232229387922,-1405.35746299054
766,0.0270289222342932,0.0219618594322632,0.000820595134818064,-1406.45006299547
767,0.0190580491084178,0.0219990892975603,0.00077690427784714,-1405.66585213985
768,0.0220843240932134,0.0234780043823173,0.00114663551248593,-1408.46996806145
769,0.0198997280336955,0.0206891139672379,0.0010323331283264,-1406.55210092798
770,0.0195759176573813,0.028217385224041,0.00092301259696249,-1408.01978390108
771,0.0147059807111373,0.0262847139997076,0.000881716639238573,-1407.69078089565
772,0.0141599638111024,0.0295755217768153,0.000648670316054691,-1408.75001146957
773,0.0183181059825999,0.0247211558409169,0.000688868491654197,-1406.17598809195
774,0.0133286634241883,0.0318391405277448,0.0008346485406544,-1409.72727790691
775,0.0201615556197991,0.033533825638148,0.000963443211774637,-1412.00425813254
776,0.0177119055470698,0.0254248400535928,0.000813159868149535,-1406.40301972602
777,0.0208630328330894,0.0212263105406826,0.00090808628095161,-1405.72707694581
778,0.0198562530413351,0.0226548506370268,0.000545275364344342,-1406.68514709276
779,0.0224580356245235,0.0236245948217656,0.000501151729976644,-1406.94473169627
780,0.0205037358202579,0.0236501298727314,0.00092086288593761,-1406.2385134844
781,0.0218603142387038,0.0209491833101106,0.000878641012503793,-1405.54490300723
782,0.0183209211174809,0.0233541979151159,0.000795894833505729,-1405.91646440791
783,0.0184630352403522,0.0156483915870157,0.000918939828095096,-1408.33444453786
784,0.0316851895929101,0.0164017874236531,0.000749996693108915,-1406.59104456411
785,0.0256050601737581,0.0171337619851696,0.000705316047443869,-1405.58926221704
786,0.0249067005531637,0.0174648836238657,0.000794956628395105,-1405.50276086062
787,0.0237344133631421,0.0200910286522652,0.000702708454121336,-1405.24257513311
788,0.0256916355406495,0.0190748471151434,0.000813867478850786,-1405.49264294779
789,0.0315994326854206,0.0194233213562443,0.00104730778881863,-1409.32967980075
790,0.0208574877901996,0.0199740433623066,0.00088690461007327,-1405.62617199744
791,0.0204446639673997,0.0211800082379046,0.000667367138342542,-1405.6103845111
792,0.0243267713396415,0.0235862488376235,0.000681943423477077,-1405.95135687111
793,0.0202334002437729,0.0262263482780687,0.000998054753340961,-1407.76460066291
794,0.0208494093536064,0.0165736406934941,0.000880653372783885,-1406.58877134771
795,0.022593967520156,0.0204793865475596,0.000747178920313867,-1405.20900731212
796,0.0220793855206473,0.0188893049817525,0.000941048838474939,-1405.8676533277
797,0.0245296967811315,0.0232400972615799,0.000759702756628155,-1405.95098469499
798,0.0169716530289865,0.0239647385975683,0.000783090787191561,-1406.35231766028
799,0.0262741542743882,0.0226895863579458,0.00060239545316739,-1406.28085327992
800,0.0191967701503672,0.0225524442323585,0.000988198561419975,-1406.48932408118
801,0.0198358831047894,0.0214478972505372,0.0005623319371075,-1406.56903065732
802,0.0205835080582203,0.0218738399006768,0.000937124773674786,-1405.96632746139
803,0.0181229172003738,0.025599559352907,0.000678082499679786,-1406.4075945777
804,0.0205361839587617,0.0251930986758694,0.000820549018624008,-1406.21466738792
805,0.0179697237018549,0.0229113685099571,0.000736613382678912,-1406.01643327625
806,0.0202058176120699,0.0221540357177739,0.000977122822713894,-1406.27959957949
807,0.0266925507242685,0.019743815957721,0.000889006410761991,-1406.13338811284
808,0.020912206979683,0.0244744230930413,0.000698728969882097,-1405.84225475918
809,0.0224691661824962,0.0236856694707898,0.000674463002933505,-1405.73574558433
810,0.0260843585229763,0.0219787727672392,0.000775216604963147,-1405.97840988798
811,0.0255614339331915,0.0183677198141596,0.000653242876379979,-1405.51743402213
812,0.0249133513461088,0.0203231629850126,0.000835540774069479,-1405.56758186124
813,0.0232380267319214,0.0178978416757242,0.000686368597596273,-1405.62011737245
814,0.0255803681924338,0.0170589550921743,0.000498015582825861,-1407.22439962244
815,0.0265768570144421,0.0200480184557897,0.000992468049029509,-1406.95228381977
816,0.0179581665732707,0.0218947448581305,0.000730585367571027,-1406.08605372627
817,0.0235377565304586,0.0180166323944367,0.000680909634350887,-1405.56676835877
818,0.0247864532446237,0.0218849954733708,0.000617229360906287,-1405.75327671066
819,0.0210656860157448,0.0205951437955162,0.000978354409171886,-1406.09220167953
820,0.0257439116385366,0.0220982306698394,0.000692213161906438,-1405.79793281892
821,0.0248462817065661,0.0170175651057108,0.000760066229108252,-1405.58529075872
822,0.0308731023349487,0.0184970978005085,0.000658808264335148,-1406.45300721892
823,0.0215527505558565,0.0248955336667824,0.000750642303831613,-1406.00992972004
824,0.0227309145228121,0.0304289969379958,0.000557011408831518,-1409.19406210946
825,0.0160583034142821,0.0263901832230101,0.000564025648171626,-1407.98850843846
826,0.0194649920975759,0.0237236459261682,0.000914693817996211,-1406.22811911935
827,0.022090205722206,0.0172872995936934,0.000614443039429892,-1406.57916286235
828,0.0288065474023214,0.0186276714520276,0.000810729522169897,-1406.12202118831
829,0.0312338368305452,0.0159285121112344,0.000767394748595873,-1406.52197136319
830,0.031771163484592,0.0164684583421963,0.000763895371412597,-1406.6520933371
831,0.0241252891473911,0.0204935260921227,0.000642828693185611,-1405.43073066115
832,0.0206927857469973,0.0185246896212083,0.000725978218166302,-1405.85659869491
833,0.0201263421702351,0.0207595559853223,0.000753984022590914,-1405.478042824
834,0.0185644227111993,0.0256901383510092,0.000685589987698013,-1406.3299594471
835,0.0214607493353182,0.0200146694907619,0.00097180444977009,-1406.01918233113
836,0.0269277030537709,0.0209632294122589,0.000970492873970936,-1407.13563334437
837,0.0176519247613487,0.0178189163942582,0.000940445973918824,-1407.41067217768
838,0.0284567466974758,0.0239042812909226,0.000563160078543289,-1407.54540905343
839,0.026626510619166,0.0153671055885318,0.000954572847864999,-1406.64012410542
840,0.0252410386876222,0.025251604630908,0.00096386126253592,-1408.3705482606
841,0.0176374918974256,0.0282680657269135,0.00100846599939615,-1408.58136145784
842,0.0147737721204409,0.0257920602849154,0.000722202187082876,-1407.51978953331
843,0.022441405781685,0.0217767529228171,0.000872719939373996,-1405.65511631777
844,0.0208910299572634,0.0249446852406654,0.000880804881845918,-1406.44330104535
845,0.0243715222323802,0.0237348971260879,0.000511461313123666,-1406.92504330712
846,0.020737109295139,0.0224725203381424,0.000998524310049918,-1406.50201954216
847,0.020086721829318,0.0231838393474614,0.000908252960733455,-1406.04695621319
848,0.0184599332729404,0.0247687765750492,0.000641620210310234,-1406.34971427605
849,0.018891294611716,0.0247261781749801,0.000773241358666422,-1406.00492119925
850,0.017696815376594,0.0205805440793299,0.00100702721115909,-1406.87312692765
851,0.025336854408989,0.0211519629379056,0.0011122629957199,-1408.10717008398
852,0.0242614107044548,0.0161533585806804,0.000935998327906229,-1406.29364105524
853,0.0244404290213548,0.0218611316128594,0.000991988410866744,-1406.85937416811
854,0.0254816516097961,0.0231060470133748,0.000715397645861194,-1406.05657652662
855,0.0256025842517722,0.0199028869439936,0.000395878151992217,-1408.54288251958
856,0.0217078051860785,0.022359410534584,0.000984681870743513,-1406.43470101616
857,0.03014115803864,0.0204199428073075,0.000778703210182163,-1406.86753576221
858,0.0288785088932203,0.0194365091091199,0.00057675969523034,-1406.32002838244
859,0.0245428841469638,0.0177818574222218,0.000963938900637166,-1406.13468787175
860,0.0185787742640731,0.0283576857527448,0.000560189258304616,-1407.80485490192
861,0.0221377728605086,0.0217789457845514,0.000683213112489536,-1405.36651205122
862,0.0184307114384511,0.0215006119440616,0.000637931629125943,-1406.39217853866
863,0.0280229884618435,0.0203276988854705,0.000709690005221529,-1405.94498353183
864,0.0187858727579062,0.0249611500104336,0.000997434181760236,-1407.16434599874
865,0.0195384407472865,0.0184768531701441,0.000724954170305918,-1406.30605938184
866,0.0304988788893281,0.0128890797257759,0.00105128156796302,-1408.43314699083
867,0.0222588291420891,0.0206142510057632,0.000606010043078282,-1405.70986895288
868,0.0207996520933081,0.020409177952257,0.000787364070127799,-1405.37671158755
869,0.0244383382259253,0.0166891224194989,0.00093815190962181,-1406.15379139736
870,0.0225804262280052,0.0220320129587753,0.000706829674336184,-1405.35445820896
871,0.0322282230929059,0.0204745068715383,0.000735035937807028,-1407.605786967
872,0.0305266726203083,0.0137869229138792,0.000829759677215368,-1406.97674912794
873,0.0270515958467552,0.0238061022272297,0.000647896463382933,-1406.78046480462
874,0.0152915002834457,0.0284824383329097,0.000965642200271542,-1408.53417834926
875,0.0173349638743474,0.0276916003374073,0.000886665814384528,-1407.44177920573
876,0.0198492082301871,0.0233825406133528,0.000624388984061204,-1406.0059648633
877,0.0243436505591595,0.0196973627553466,0.00079880679397724,-1405.31676853837
878,0.0257428824070586,0.0187210805073525,0.000842914181676427,-1405.59498279693
879,0.0233108891325287,0.0198845684131357,0.000865831324486856,-1405.47542986845
880,0.0287372090604593,0.0105369066495051,0.00081597371564641,-1409.15151164115
881,0.0299917041258104,0.0180876300660826,0.000677365269810282,-1406.14104647915
882,0.0246390641098507,0.0221517910004407,0.000852066391188149,-1405.99436477818
883,0.0256905326486696,0.0251226304931338,0.00087085715593608,-1407.69411378915
884,0.0167594324216962,0.0248051763447239,0.000684437865548153,-1406.66834815111
885,0.0139563820745104,0.0237759664400946,0.000870368456019405,-1408.07968852596
886,0.0219668960573856,0.022490355766355,0.000639871601873732,-1405.60169473026
887,0.022062944713576,0.0197933120014926,0.00129601872771938,-1409.16136983334
888,0.0155301250152441,0.022678454082025,0.00136329537113076,-1410.95809605602
889,0.0144193105928681,0.0232727004822371,0.000592666908904665,-1409.03193688167
890,0.0312750420218182,0.0149064792114105,0.000824993740332158,-1406.82048598589
891,0.0205873121582879,0.0189272839942276,0.000836561202188333,-1405.69576269544
892,0.0243783153093629,0.0210984400066845,0.000911677621718045,-1406.02050153906
893,0.0147449649477121,0.023103115409526,0.000901636549643753,-1407.68095133841
894,0.0247312688691965,0.0145126377692966,0.000757309188952857,-1406.76223624126
895,0.0386164795645703,0.0121899964578035,0.000708044469697129,-1409.00494447109
896,0.031521268603411,0.0211542949873306,0.000597690852371294,-1407.47474684173
897,0.0284761496020506,0.0204604831205033,0.000718654070952139,-1406.11891746631
898,0.0251081398952595,0.0187994284993788,0.000703820023978578,-1405.32692556384
899,0.0239753921669056,0.0186273682367109,0.000671650789934143,-1405.43171896715
900,0.0256637170833848,0.0185810169964458,0.000611970570734846,-1405.69729667418
901,0.0242987536930893,0.019741245933111,0.000808992385224678,-1405.34113589915
902,0.0200373756566965,0.0256529410791594,0.000653942842039004,-1406.28382938208
903,0.0179054936406886,0.0230705556988818,0.00107628742820527,-1407.4410824064
904,0.0184199984028455,0.026562927560804,0.00047888369194176,-1408.36174928016
905,0.0249666360212708,0.0156690358246375,0.00104652586438404,-1407.04233642159
906,0.0209777935331928,0.0198069750532962,0.00072222515138622,-1405.46625908002
907,0.0261095512195565,0.0155263729388144,0.000895667594166855,-1406.28951150244
908,0.0203659635268489,0.0197930807039117,0.000642159805401145,-1405.98450872111
909,0.0217086036730181,0.0197705833159968,0.000825609300594258,-1405.36749393422
910,0.0213142430004654,0.0183855145288847,0.000769389390613777,-1405.65367380274
911,0.030659409633045,0.0215557952153246,0.000697964902073154,-1407.24200887641
912,0.0137043236474456,0.0237613200926205,0.000939430296281362,-1408.45878511327
913,0.0284290069567222,0.0101501129097957,0.00094689566923628,-1409.37070337091
914,0.0331962818354085,0.0156304394871573,0.000847644851067322,-1407.43305977501
915,0.0271010366768736,0.0195968285040312,0.000848661150528757,-1405.98421061003
916,0.018402908776522,0.0184673751859075,0.000821918866269282,-1406.63387572788
917,0.0234554124517444,0.0251986860473022,0.000770556167843927,-1406.4952497336
918,0.0216519452801127,0.0237937782123879,0.000743394704296453,-1405.67287829984
919,0.0226323510887254,0.0173886238625019,0.000621389924769732,-1406.30830226286
920,0.0244845731805464,0.0163261353659657,0.00111863289816292,-1407.44173451116
921,0.0229562656568463,0.0155849648106727,0.000585869837877441,-1407.61251170234
922,0.0330054766339582,0.0213072523127194,0.000439767605767278,-1409.27519395561
923,0.0199384113799139,0.024344226654481,0.00102325156811601,-1407.20442337044
924,0.0219439809578993,0.0209264108588238,0.00103943513920196,-1406.61925056593
925,0.0203091067955886,0.0219766130262602,0.00087409850791688,-1405.67311127342
926,0.0191701598171434,0.027144993421453,0.000826213345304659,-1406.90856407214
927,0.0151248669425252,0.022486083498907,0.000750920493759199,-1407.52331121369
928,0.0172470627838661,0.0263554943509006,0.000801328824575005,-1406.68856302208
929,0.0228352393464334,0.0273181204815933,0.000712815619576632,-1407.22178795142
930,0.0219613560877656,0.0226285496410043,0.000729586780049014,-1405.42020405736
931,0.0192555644947951,0.024707908665977,0.000727948548399118,-1405.95086898529
932,0.01648993666863,0.0293699292761569,0.000894347524827778,-1408.25989312244
933,0.015240330584448,0.0258072500200098,0.000661772197639447,-1407.5267351607
934,0.0193058356594775,0.0227722901052658,0.000873404655574803,-1405.87106582734
935,0.0191285087223241,0.0307268402676193,0.000839386748993867,-1408.79933898787
936,0.0199799114759691,0.0251382597648867,0.000904030490453044,-1406.57779797687
937,0.0227451286239462,0.0235435015495496,0.000658484551175591,-1405.75781241103
938,0.0238273022881839,0.022032081368522,0.000778906569785609,-1405.52110113089
939,0.0216633830323247,0.0198508809563767,0.000707432861001819,-1405.37354466861
940,0.0239974414321009,0.0209596870510859,0.0008592868947326,-1405.62899438726
941,0.0188304444345759,0.0189040139336088,0.00107162751930252,-1407.14220532943
942,0.0175989979265516,0.0159777123661008,0.000842578858450771,-1408.74980895207
943,0.026645777296164,0.0121824410659463,0.00068431125460177,-1408.49082544841
944,0.0370126655604404,0.0177077535527358,0.000706830461678037,-1408.80309253069
945,0.0186169594385375,0.0244797729627029,0.000660483514847246,-1406.1815200457
946,0.0245443655389459,0.0146014064074992,0.000894048514081177,-1406.78120867251
947,0.0320136236209753,0.0189545588904914,0.000842043823187522,-1407.52325267416
948,0.0292690939152944,0.0146671238664692,0.000886755461319238,-1406.76572876132
949,0.0249283923943625,0.0180620622657394,0.000895100751892803,-1405.75206660574
950,0.01905890855094,0.0192598233190859,0.000769825717940146,-1406.09094091448
951,0.0264799613967147,0.0180540522873299,0.000737706757034657,-1405.46596454363
952,0.0252893891551452,0.0191843092727476,0.000665166286542971,-1405.40228278341
953,0.0275166257043493,0.0225517471084373,0.000480136784891909,-1407.49439325874
954,0.0269953073554564,0.021638638205498,0.000837683856281093,-1406.41819432673
955,0.0241090886445031,0.0251944601527159,0.000745324470651721,-1406.58601647846
956,0.0187722440596384,0.0278590419054386,0.000709219724177237,-1406.96640723316
957,0.0152289441103319,0.0243439650173589,0.000835452625639591,-1407.17352406691
958,0.0255474607224997,0.0275198665243592,0.000669678476013454,-1408.12859700842
959,0.0120612992505862,0.0280477985505275,0.000800476170668082,-1409.37656506596
960,0.0127073589748908,0.0276740093998546,0.000759896042443569,-1408.88937378589
961,0.0270781965245698,0.0117894568222028,0.000973890536342505,-1408.39184860466
962,0.022458229979055,0.020202051527045,0.000813544542056944,-1405.28763741389
963,0.0232610175409502,0.0204202541162548,0.000737301007760394,-1405.20933354667
964,0.020767341369058,0.0245451420077104,0.000531545964163167,-1406.84950271657
965,0.0225564864620342,0.017966481279194,0.00100980420226019,-1406.37285480065
966,0.0231340976001004,0.0248341665251261,0.000682631479385858,-1406.17048615244
967,0.0246280437615662,0.021579909423005,0.000705884112145793,-1405.46573658527
968,0.0237594352947097,0.0194403210775808,0.00068191273208805,-1405.31072447974
969,0.0229052602481419,0.0191813585011402,0.000963555337988901,-1405.97827324665
970,0.0232758531145562,0.0207560511140041,0.000637418083484651,-1405.45244101541
971,0.0233091538287976,0.0209320602732671,0.000845204511624849,-1405.47685487731
972,0.021289870125991,0.0176767117572211,0.00077102949003465,-1405.91233911167
973,0.0264390736525468,0.0208075265213291,0.000969398617993663,-1406.91578718842
974,0.0264568253447423,0.0166577762096271,0.00067948550526239,-1405.76866478137
975,0.026368751364338,0.0212399150217989,0.000785591799874075,-1405.87860207651
976,0.0207397295530938,0.0212807769795476,0.000828383500311165,-1405.43541950754
977,0.0195465958544316,0.0227366504874569,0.000990971214377792,-1406.51273574436
978,0.0242876201931796,0.0162226127106486,0.00081404446252983,-1405.91742584477
979,0.0256736266580496,0.0214383091614146,0.000878683816193483,-1406.20074112753
980,0.0273960928737861,0.0158943568883028,0.000825621119893605,-1406.01803834709
981,0.0263691044304263,0.0138210156906659,0.000612830768735989,-1407.59668220325
982,0.0319977810651339,0.0132160301453697,0.0011549457745611,-1409.59713658978
983,0.0234286985232213,0.020443306752312,0.000427110106195756,-1408.01404779176
984,0.0190755898632415,0.0252575626888722,0.00067565011509111,-1406.18844178128
985,0.0209904564678509,0.0197314364744294,0.000956534275823494,-1405.9591915406
986,0.0234487537873962,0.0247312087082635,0.00068611276263971,-1406.18507282463
987,0.0199761161548356,0.0303210867226221,0.000597736036685155,-1408.42360346719
988,0.0181734882213871,0.0226429593799485,0.000731632957802067,-1405.96137341193
989,0.0192565726250641,0.0233702385406766,0.00063253118745037,-1406.07571408844
990,0.0271638638427013,0.0157335662216436,0.00080531081506145,-1405.99680859109
991,0.0264666330399839,0.0211181278276051,0.000390970609203756,-1408.64382008022
992,0.02098513780885,0.0276906147867365,0.00103067354797981,-1409.00120627629
993,0.0172296254406599,0.0226160905447107,0.000783518789033097,-1406.24837147789
994,0.0221337108336037,0.021899507063466,0.00113617780270308,-1407.81069109614
995,0.0173820651155809,0.0173148809232036,0.000771582608463615,-1408.07078340686
996,0.0369010265280172,0.0124995575443594,0.000550592049086958,-1408.90292069663
997,0.027258036442814,0.0287328809356277,0.000477614023845295,-1410.24503496899
998,0.0267217757768886,0.0278021892743626,0.0006001917623802,-1408.79071288553
999,0.015943638858451,0.0281716884976926,0.000971773157639327,-1408.34019452969
1000,0.0156264100388814,0.0273553609865692,0.000563766548754531,-1408.3063005761
