"i","asc1","desc1","pol1","p"
1,0.0288885549493134,0.00232995473384583,0.00444240350480237,-1456.77382834324
2,0.0283719046235281,0.00534000204302358,0.00376171686173058,-1442.48122186014
3,0.0267348435995994,0.00535573490831937,0.000419658174249122,-1436.58401338832
4,0.0487535440853458,0.0303723172063358,0.000574666450432129,-1426.45394091527
5,0.0234412766911216,0.015583518647717,0.00158268275700256,-1417.28594877744
6,0.0190926438022764,0.0158230492983595,0.00143485593166647,-1416.70979131439
7,0.0171415748495502,0.0160749446763651,0.00152235308115299,-1417.87305195451
8,0.0170247964772988,0.0198671808667708,0.00156637853418406,-1419.77143562433
9,0.0185409283980854,0.0185865851358175,0.00143354178727068,-1417.51664039439
10,0.0235558468164274,0.0147492108796159,0.00111867309629936,-1414.18509582406
11,0.0294642853774692,0.0176760396979418,0.00110091876547017,-1414.62902875106
12,0.0183152241157697,0.0141351055956678,0.00120529468922062,-1416.61260535076
13,0.0326301736557487,0.013365761884095,0.000744957434463819,-1413.70706227364
14,0.0296026824208538,0.0184440735693188,0.000653371000367135,-1413.90528956876
15,0.0317621130576686,0.0176040689007015,0.00104255314846851,-1414.64954624798
16,0.0291581605636844,0.00919762499663878,0.00101958939387093,-1415.72139306637
17,0.0373269462465806,0.0134398315942464,0.000636373778704491,-1414.15019638821
18,0.0333970176957579,0.0154359095348827,0.00100105317878131,-1414.17326338787
19,0.024711652570058,0.0159409531801784,0.000653696855834741,-1415.31586708845
20,0.0341183289598505,0.0178541175419681,0.000990746801590989,-1414.95712288282
21,0.0229675390524311,0.0181085821639963,0.000835183090675947,-1414.46050253992
22,0.0264923173675068,0.0145006859771658,0.000820981487545916,-1413.83370404695
23,0.0329597377260435,0.0160653678813234,0.00101907475484753,-1414.31963108707
24,0.0326480553808609,0.0165660314424156,0.000935374145067437,-1413.91588500848
25,0.0326821113015255,0.0123414582716261,0.00104752530075344,-1414.19354178035
26,0.0248229080774751,0.0141797490758636,0.000977783550643036,-1413.86548591063
27,0.0319292330607702,0.0113089978361706,0.000944997502782981,-1414.15852157545
28,0.035428947182156,0.010539115023574,0.000709471137812565,-1414.77269320821
29,0.0352023607484082,0.0199762824914727,0.000550362741074115,-1415.02820947661
30,0.0384315552971808,0.0118159850239597,0.000820312428281712,-1414.17750983648
31,0.0428169836476844,0.0112825242744839,0.00090331434481598,-1415.02868131691
32,0.0339191464494847,0.0118787664012184,0.000924660926545137,-1413.9948491746
33,0.0269444345710965,0.0169690275080195,0.000853747672327367,-1413.50919595977
34,0.0330996206972215,0.0118251351971175,0.000710562886586933,-1414.35173114689
35,0.0358908405112165,0.0161295421439537,0.000784580690389134,-1413.91541075601
36,0.0314510419526432,0.0166739803195071,0.000797850704021404,-1413.43188351095
37,0.0291745383032427,0.0193148801600678,0.000706681303957533,-1413.8460182293
38,0.0281815064856936,0.0187018940328505,0.000659856109529954,-1414.01245683241
39,0.0306695855036408,0.0138294467166523,0.00108573883143741,-1414.01992904947
40,0.0300658544468491,0.0137509202656048,0.00059261216050223,-1415.01746180646
41,0.0352467168714581,0.0184321460783426,0.00075305521251971,-1414.29067697001
42,0.0302427194409885,0.0173921287327818,0.000741625088091028,-1413.50005605121
43,0.0224630030909067,0.0171086822659679,0.000955289158477468,-1414.40052464205
44,0.0265269806749512,0.0130686273646046,0.00100437327319624,-1413.82058936947
45,0.0404770236137881,0.0134189045637169,0.00100296200747469,-1415.46697314005
46,0.0385641549554672,0.0157824250269418,0.00104059138934598,-1415.93529302302
47,0.0260846114328837,0.0168163489936808,0.000859263307615695,-1413.61238639962
48,0.0244055700952194,0.0199431563522158,0.000934291967581484,-1414.36325356284
49,0.0291807732745812,0.0193640118185102,0.000894744661623976,-1414.01811437758
50,0.0221341151633572,0.0194804309121372,0.000942910208210512,-1414.71630579337
51,0.0327822525329046,0.0131578031175677,0.000961321037878682,-1413.78652412775
52,0.0297687319454204,0.0169305383629698,0.00090174929868331,-1413.5026874568
53,0.0275478509196137,0.0146988378939751,0.000971149322535124,-1413.46472798624
54,0.0280675573286435,0.0146577192074444,0.00100978574792253,-1413.52832896582
55,0.0368662658158758,0.0146056981220028,0.0011102158259873,-1415.64754032058
56,0.0219701789568712,0.011292054209544,0.00132643741145555,-1415.85533261582
57,0.0282861365169588,0.0129272707574653,0.000799462349169343,-1414.08192220465
58,0.0350967957000027,0.017943559508174,0.000599743084216888,-1414.30554982132
59,0.0300239014728938,0.0212549339414492,0.00068600814649022,-1414.3880778987
60,0.0315274451032736,0.0223070623021705,0.000488030108813841,-1415.83228413744
61,0.0360709825908521,0.0106781516195407,0.0012885317005936,-1416.52798406801
62,0.0317356571432891,0.0120640514071998,0.00102451777483075,-1414.07458832734
63,0.0373529126529571,0.0117132016402674,0.000962885758084879,-1414.4832279215
64,0.0413893357157137,0.0103122759543831,0.00102957259518177,-1415.52315206034
65,0.0425680525824323,0.00931751703325352,0.000619343938935447,-1415.52917721873
66,0.0366348184794316,0.0177574607867856,0.000585839223458242,-1414.53749786217
67,0.0386386218460725,0.0125428335843189,0.00087906693114065,-1414.30196788632
68,0.031783190712005,0.0148731996025006,0.000957555268120817,-1413.63710258456
69,0.0316553932075139,0.0170244098063838,0.000949658900406543,-1413.9152272911
70,0.0307961298520427,0.0150065373874036,0.000880313488836466,-1413.37040603573
71,0.0365327643112728,0.0150291247159615,0.000948374751142209,-1414.48161912269
72,0.0253701910615207,0.0148980952231819,0.00108660069433141,-1413.82447595414
73,0.0296068896461445,0.0147066219247493,0.00124524869796767,-1414.94547389212
74,0.0311240081687159,0.010681369530446,0.00108856619254232,-1414.69658093999
75,0.0268223134855377,0.0116322367230561,0.000865112059619307,-1414.76083510028
76,0.0298459673188962,0.0180496292653757,0.00065353327544409,-1413.86002496663
77,0.0317034157239935,0.0179497835421451,0.000625046684563948,-1413.96030592867
78,0.0278563717949645,0.0242799953937513,0.000665270192404122,-1415.45267803128
79,0.0303367255821593,0.0152345327608445,0.000819689372839862,-1413.34096828963
80,0.0273871803188561,0.0211957403326797,0.000796932350602499,-1414.27962422558
81,0.028308850604215,0.0177629338226183,0.000870967726496449,-1413.53447005621
82,0.0277040373407322,0.0135651331125709,0.00127256306635869,-1414.72402415755
83,0.0273439284521871,0.0124792302360476,0.000837915151912736,-1414.28644861307
84,0.0369304389568064,0.0113869740853968,0.000849066025030984,-1414.1707664809
85,0.0372733633030637,0.0158827178939049,0.000551834415933451,-1414.57095881633
86,0.0299284375251236,0.0181354480502171,0.00127406023191147,-1416.42466839159
87,0.0232411235897301,0.0192781633678693,0.000902167661160687,-1414.38761440372
88,0.0321171741790324,0.0142420601541511,0.000703794568801697,-1413.70002628574
89,0.0327547494069435,0.018269554679854,0.000766875570293815,-1413.82536643259
90,0.0256553223982203,0.0213185614098694,0.000951609444424766,-1414.7733357159
91,0.0228414262906165,0.0136474927651129,0.000683452777578286,-1417.01943557192
92,0.02478356283195,0.013949715036589,0.000888595542126074,-1414.13847634663
93,0.0374244048462869,0.016408303955705,0.000768341748790768,-1414.24653253317
94,0.0293269994016425,0.0157447465302611,0.00103392861626213,-1413.75184950375
95,0.0329319539376222,0.0147074761847555,0.00074787105188227,-1413.50046342712
96,0.0336129717178463,0.014583844765789,0.000644386686778038,-1413.89782823661
97,0.0333960006211753,0.0194230109781751,0.000612711383541298,-1414.36445897781
98,0.0385998260720711,0.0122930927713868,0.000871814879494903,-1414.27557011135
99,0.0270838641110736,0.0194053499525212,0.000747436446098756,-1413.89146423157
100,0.0344689306658364,0.0113389414708162,0.000630683841087118,-1414.97842249514
101,0.0294190092579366,0.0119036186357526,0.000617897159861129,-1415.94567718515
102,0.0444640713762396,0.0114639329158034,0.000966624446589326,-1415.75468490023
103,0.0451219413481324,0.0111105904302839,0.000632037209422467,-1415.07260093947
104,0.0366661755836473,0.0163852790040465,0.00100331639512181,-1415.25872368109
105,0.0314124911007143,0.0157111707452801,0.000712076341095101,-1413.52545135777
106,0.0325239258033226,0.0125818756056135,0.000968234700275146,-1413.86012584898
107,0.0277454814908795,0.0181861190532435,0.0012266355458494,-1415.52883486507
108,0.022579710855817,0.0180977139117995,0.00139907256476489,-1416.59188912248
109,0.0322574224161147,0.0185150686370247,0.00050407696622925,-1414.98612163484
110,0.0340974179430795,0.0190981037870676,0.000577570744691984,-1414.5273244323
111,0.0265441343779425,0.0171445271060535,0.00107708879619173,-1414.05999400836
112,0.0207601221833995,0.0135362540001167,0.00125588780892026,-1415.53309224658
113,0.0324001977505701,0.0125367122312193,0.000571601837513877,-1415.31880855915
114,0.0478928650093316,0.0154092610651046,0.000671536059813948,-1416.37230399645
115,0.0506625243404233,0.0135553134308932,0.000549495842891312,-1416.94746367861
116,0.0321199267617306,0.0199680452459063,0.000472741526424348,-1415.51516254376
117,0.0367413143142006,0.0175282281528358,0.000831052974610052,-1414.61025982817
118,0.0368700348874899,0.0122608911724893,0.000679083523371391,-1414.16601586407
119,0.04983980079666,0.00814541749087353,0.000694657156980265,-1418.74429736915
120,0.0261119027287488,0.0234708447396448,0.000687800893170962,-1415.15339825104
121,0.0274697653347966,0.012342607962038,0.00140128043462918,-1415.62209108532
122,0.0248403689533504,0.00565345094011633,0.00137426845791497,-1418.75528714011
123,0.0273941036084466,0.00626023094703911,0.00134445755698931,-1417.68768701808
124,0.0282490637138288,0.0079264012819715,0.00115963873960523,-1416.84155317813
125,0.0371654392792412,0.0153952137396531,0.000391291546837727,-1416.65784341617
126,0.0400129690564512,0.0132459137538308,0.000531637686046836,-1415.00276137182
127,0.0311045057398372,0.0149203441009717,0.000610015274959124,-1414.26646700435
128,0.0339520492423027,0.0185932860750333,0.000715912607595079,-1414.05354988528
129,0.0311505123836853,0.0155308430009811,0.000897609811009477,-1413.43891152472
130,0.0207332200074507,0.0248180085161758,0.000880173985514255,-1416.70527089573
131,0.0238288212749036,0.0142901699851168,0.000895844868613505,-1414.33993393106
132,0.0276017458440829,0.0180383794255223,0.000980017347497498,-1413.87930478804
133,0.0337717761988845,0.0158739036683593,0.000765609188012967,-1413.55467013852
134,0.0275460460341396,0.0181345972992381,0.000946105684793916,-1413.7810938548
135,0.0277110825207031,0.0184378101335594,0.00132681855643158,-1416.58184234063
136,0.0268357386992087,0.00805183559908567,0.0013173095839423,-1416.75819381027
137,0.0357066367330663,0.00527762494973594,0.00180481184858665,-1419.9846505821
138,0.0347108617883576,0.0043314664292595,0.00142501632918117,-1418.8504946768
139,0.0321126563938135,0.0151688173491967,0.000993483277096318,-1413.86021446017
140,0.0267391696564002,0.0162909805388183,0.000858434551091724,-1413.50662352785
141,0.0357522464600937,0.0118666055069235,0.000828703515087585,-1413.97772940579
142,0.035201510436352,0.0187807402647323,0.000918754451427114,-1415.1301152282
143,0.0286805857648222,0.0171485166713353,0.0007215277330307,-1413.612715773
144,0.0311366725074444,0.0177227036677828,0.00087057209471098,-1413.70014671917
145,0.0288359545843759,0.0169838212159352,0.00101579165399967,-1413.8507007593
146,0.0281292328068446,0.0143801176609594,0.00156850590849784,-1417.56758141377
147,0.0251511990400654,0.00894882873702926,0.00145435587816196,-1416.53452694248
148,0.0381371636752271,0.0102268843826478,0.00138427239774833,-1417.85764294438
149,0.0336337357045074,0.0207675792316167,0.000270593060368988,-1419.96912283767
150,0.0323129547200554,0.0209987421327905,0.000461932256764619,-1415.82690922548
151,0.0342098028479067,0.0198923975105799,0.000622961108125884,-1414.56153584701
152,0.0366058902845874,0.0158535273789131,0.000650532911089387,-1414.02258657579
153,0.0338014275058894,0.0156059786767169,0.000808425237971451,-1413.56367046107
154,0.035871783780891,0.0127151129737081,0.000834185881063455,-1413.84149987318
155,0.0335693152042827,0.0111031203960351,0.00126841322634209,-1415.83665622179
156,0.0261801633417939,0.0188034366904169,0.000618894286477729,-1414.67993421331
157,0.0229367196404288,0.0217125931732001,0.000979519716543235,-1415.2301887711
158,0.031487774829907,0.0141833759784144,0.00073644069188681,-1413.60892389903
159,0.0309059851830768,0.0191703545873896,0.000657135089953134,-1413.97542946129
160,0.0323097585995272,0.0177219562931415,0.000581623031064851,-1414.21684104299
161,0.0383480926845279,0.00944989604756413,0.00107471342250607,-1415.57553844044
162,0.0311129455651679,0.0201522166440968,0.00119395178736001,-1416.96117486457
163,0.0311527605393259,0.018799706364137,0.000701401182263655,-1413.80126097267
164,0.0268484811848086,0.0149507201571649,0.00118905277466713,-1414.22663561969
165,0.0227383597804475,0.0125450415328955,0.00114673986387518,-1414.85971134122
166,0.0257418379187466,0.0199645418215655,0.000894203721539747,-1414.14980417763
167,0.0315072666422718,0.0145465274177603,0.000866866440734311,-1413.40341606549
168,0.0315142112456599,0.015407834010303,0.00107122448868612,-1414.21740427032
169,0.0322514322978878,0.0127222465413734,0.0010601866052012,-1414.15423480438
170,0.0345282576096212,0.0127870036066462,0.000512581766973346,-1415.58305603762
171,0.0368537354144702,0.0138511977708042,0.000723252625313218,-1413.84118370166
172,0.0333009612824881,0.0138988479413807,0.000660062600811692,-1413.93614001799
173,0.0326470707773599,0.0208053860691621,0.000928917691881647,-1415.38780838664
174,0.0196934068261138,0.0146202382246469,0.00144413855501692,-1416.51975202476
175,0.0269825750830077,0.013957604492709,0.000807631079802035,-1413.9287230789
176,0.0351999390614644,0.0142882683107303,0.000877411926300533,-1413.80944539819
177,0.0331963515431324,0.0155584840076106,0.00072597813933393,-1413.5281381608
178,0.0298395847188944,0.0147464755069304,0.000869375206390596,-1413.35247000334
179,0.0214174497964473,0.0211594108121077,0.000758238633045115,-1415.49933641052
180,0.0354739372005833,0.0107833780846625,0.000915989729415745,-1414.37025084673
181,0.035124912256995,0.0131364846811407,0.000671082826379927,-1413.99475136236
182,0.030455913409163,0.0143727193298992,0.000663160093424151,-1414.05856793094
183,0.0356794457263496,0.0181635034352133,0.000631970942052195,-1414.3183576514
184,0.0296503472478544,0.0157760415487478,0.000571158523561907,-1414.71380398178
185,0.0300013693969879,0.0163669228271479,0.000953751232325046,-1413.58810176809
186,0.0312386764501171,0.0112278185384479,0.000819113160165497,-1414.39406644548
187,0.0383301825429011,0.0141238616533475,0.000834215614314581,-1414.19910115491
188,0.0341765342042945,0.0119313007950077,0.000808321553521883,-1413.93478691035
189,0.0368139763539973,0.0174747414582964,0.000703223984573262,-1414.28963222812
190,0.0264655203555611,0.0173302200350461,0.000903901492896079,-1413.59793197061
191,0.029441164595065,0.0120212033627571,0.00107688590348797,-1414.13775419441
192,0.0317323943195765,0.018792687962927,0.00107324192021259,-1415.33046171817
193,0.021106121560347,0.0167561228551912,0.000972547053223251,-1414.86971935258
194,0.0365926628058357,0.0146101744668568,0.000732764043092647,-1413.81020028854
195,0.0366620051214052,0.0170978189317054,0.000833187870162212,-1414.46435704605
196,0.0361348788956226,0.0116441225844054,0.00084407083756563,-1414.05822242208
197,0.0256911468171793,0.0158598140096608,0.00105548208712522,-1413.77639252339
198,0.0255197297248104,0.0129266793845771,0.00119605058781724,-1414.30701420871
199,0.026810391576942,0.0117216583846958,0.00117344001927335,-1414.52441327487
200,0.0256728643573634,0.015525643682979,0.00118702978065625,-1414.2677782256
201,0.0243832886460794,0.0100803432746427,0.00140051324606317,-1416.03127787525
202,0.0289377848267647,0.0154732304307036,0.0014182715205176,-1416.5469606313
203,0.0203634291824976,0.0114150625396862,0.00103310397361901,-1417.15615598862
204,0.048508187233107,0.0123106787774351,0.000587218424141635,-1415.9597547863
205,0.0425925424823396,0.015157609401394,0.000612656065873586,-1415.03573794958
206,0.0288239784630107,0.0236685244447388,0.000864524767408641,-1415.6264209528
207,0.0251869125990987,0.0152261485279305,0.000897937542741183,-1413.7709285955
208,0.0271801147321408,0.0163813872485096,0.000756204155853871,-1413.70213357146
209,0.0269004898615229,0.0149138576037623,0.000595495562723888,-1415.47734557478
210,0.0345976283460712,0.0145775118425627,0.000769184132705468,-1413.58483254651
211,0.0313499972530264,0.0243914557125929,0.00110346128214206,-1418.66807246309
212,0.0390606533962089,0.0128477731113055,0.000964607548759898,-1414.79575666096
213,0.0266168321568772,0.0168281040322102,0.00105743752252029,-1413.90126933499
214,0.0293848146571899,0.0220709250646282,0.000743751724706157,-1414.61119144404
215,0.0294929812140831,0.0140717866508978,0.000876449490158479,-1413.43095106148
216,0.0312345082942343,0.0158507899582775,0.000938554609855877,-1413.5948332757
217,0.0234838198803545,0.0171619113452888,0.00136942357762973,-1415.97535773312
218,0.0322677585636678,0.016553744677671,0.000483833061812906,-1415.29814451249
219,0.0470826267172529,0.0116386540444053,0.000850060921068295,-1415.90850315277
220,0.0459493473586573,0.0120044289430442,0.000942363410444457,-1416.08897984354
221,0.0271128708809794,0.015997205427203,0.000807971545838911,-1413.55895497907
222,0.0319242330292187,0.0141750504240886,0.000626458252871567,-1414.20823261081
223,0.0249640138368768,0.0170240284922094,0.00114479955677205,-1414.39244706395
224,0.0268116869788309,0.0173155661356429,0.000802508814821773,-1413.60814792179
225,0.0328885353538133,0.0140394373378045,0.000862398104715463,-1413.51282900346
226,0.0234770099433529,0.0220133880453515,0.000801093766158102,-1414.91492330898
227,0.0318008962625373,0.0131763750184426,0.000921495287416191,-1413.61964773851
228,0.0243781871006554,0.0147536485627468,0.000758150288588521,-1414.82644707505
229,0.0311652919477047,0.0182357006844085,0.000615623506317481,-1414.04037618856
230,0.031073858125248,0.0175458803972788,0.000809068384319254,-1413.53422406804
231,0.0274315477841496,0.0168903947863087,0.000764292848709659,-1413.61216802065
232,0.0295375909677436,0.0181163095157696,0.000765420420728293,-1413.55420251225
233,0.0411761761809629,0.0163678455657714,0.000859997576674171,-1415.63553745163
234,0.0269921828188165,0.0164597443632471,0.00112790074561375,-1414.16949615931
235,0.0266337258347001,0.0219626217211519,0.000358430461247937,-1418.88336236274
236,0.0383120182571158,0.0170321378350879,0.000603883543124559,-1414.60053047752
237,0.0354506785093731,0.0131758470306925,0.000955022483599601,-1414.10283489516
238,0.0280231784540618,0.0166736058473872,0.000831329179761132,-1413.41316166782
239,0.0259961182330092,0.0165991964103299,0.00106001090425353,-1413.88066843132
240,0.0350253184543046,0.015784861747396,0.00118847912607472,-1416.17383869746
241,0.0218541955432677,0.0133620221098279,0.000898660426431395,-1415.59982980215
242,0.0390538581600934,0.0133187728776689,0.00106862851918172,-1415.59145981323
243,0.0277964551178228,0.0137858993542192,0.00107236465029628,-1413.74143469792
244,0.0268425437157038,0.0159980075195709,0.0010504020200367,-1413.72921359967
245,0.0264885580077329,0.0188348383765038,0.0011215643389942,-1414.84240811957
246,0.0193585310585678,0.0202639804977359,0.000902311604294518,-1415.95589797187
247,0.0392099482324554,0.0193645104999057,0.000971571111365675,-1417.20667994162
248,0.028050717639236,0.0111905014681499,0.00102892066720034,-1414.45056691213
249,0.0348369749918927,0.018988791795574,0.000792692461982574,-1414.48629514517
250,0.0222485945145411,0.0180225982643067,0.000807401583437133,-1414.83354345382
251,0.0397903358251832,0.0155870587077792,0.00081245162013711,-1414.74089822393
252,0.0373316655945775,0.0119373536707702,0.000836615591466217,-1414.07898617709
253,0.0275271501187725,0.0193136819545747,0.00110849131870728,-1415.028843131
254,0.0344924099385563,0.00713941640639226,0.00109419516427503,-1416.89673278184
255,0.0357046086083922,0.0171617406878808,0.000643488149883979,-1414.09554626712
256,0.0274921846597979,0.0203171466421242,0.00066889228515216,-1414.24629354538
257,0.0359424419199174,0.0184409563209069,0.000478097593279652,-1415.3705524029
258,0.0343092487467045,0.014839972474607,0.00069193098769103,-1413.68009872217
259,0.0303331161536207,0.0241623737348449,0.000716771981800867,-1415.59669616577
260,0.0275877999116835,0.0273159092731979,0.000744319530482751,-1417.00984074836
261,0.0255799701716919,0.0262212953392655,0.000726276082130496,-1416.33253031192
262,0.0260779117518817,0.0205713873191975,0.000839343539200909,-1414.19196503074
263,0.0282094188887788,0.0162829926685436,0.000910189813073768,-1413.40160535418
264,0.0255101982294976,0.0159219983907879,0.00108682347946416,-1413.8956941444
265,0.0344240535803203,0.0169724454363572,0.000691508171030512,-1413.80427245793
266,0.0319104166951625,0.0151158527553052,0.00102171960865015,-1413.96156813645
267,0.0307632465667686,0.0135381951531475,0.000788385480818659,-1413.62243977893
268,0.0378818959396308,0.01499822472795,0.000854214578023535,-1414.31733496963
269,0.0381275435879922,0.0121406891481261,0.000637934710000996,-1414.40032337632
270,0.0371750547137439,0.0169556298455465,0.00085408796653825,-1414.64625229538
271,0.0339584678750115,0.0190824491479855,0.000732442840223417,-1414.20265848378
272,0.0254276339016717,0.0231963792321617,0.000723331777972967,-1415.05375628981
273,0.0311526434767388,0.0129173395463377,0.000642739945621006,-1414.62799752337
274,0.0309500153256443,0.0153800369871026,0.000678310251781959,-1413.71975997457
275,0.0318818074713733,0.0150407264519759,0.000764464335710265,-1413.42619754435
276,0.02768294195624,0.0133610827707263,0.000911645633715692,-1413.67297528497
277,0.0277914279711472,0.0179904160702877,0.000836326278352349,-1413.55342280586
278,0.0261520364204694,0.0148220217407724,0.00080488347578966,-1413.91647576043
279,0.0376053876178431,0.013675144059955,0.000832949776030797,-1414.02787570334
280,0.0320642463840869,0.0190457075021685,0.00114307528927748,-1416.16012637488
281,0.026310847291458,0.0162740518091469,0.00110362499664438,-1413.99175455156
282,0.0282221612102112,0.0166624520235592,0.000939214093383777,-1413.49421087114
283,0.0278490922750273,0.0130482638349432,0.00102077825173023,-1413.74551651315
284,0.0255022946899125,0.0129862856909306,0.00122902197808048,-1414.42548519206
285,0.0268464702243575,0.0155597555155074,0.00132147863111046,-1415.25295624281
286,0.0258728935093591,0.0171287864990793,0.00114208773649396,-1414.38735684637
287,0.0266380656719207,0.0138949628918692,0.00100135059178905,-1413.62970689008
288,0.0277553655106078,0.0172163071908783,0.000719946200009683,-1413.73014941549
289,0.0304354932891872,0.0157306742776912,0.000932480722124597,-1413.48164771627
290,0.0281107615495535,0.0175902648646645,0.000887782029456965,-1413.53232436242
291,0.0241948760813818,0.0168019384080572,0.00105646063202063,-1414.07801887854
292,0.0392396589653351,0.0177444864559155,0.00052778761992233,-1415.27445820938
293,0.0317646655752411,0.0200451288038426,0.000712837869684875,-1414.15236646964
294,0.0297662634790215,0.0130941824585226,0.000750622830776695,-1414.01962241708
295,0.0318246190826679,0.018251836120963,0.000775063493537725,-1413.71319306028
296,0.0287672348339614,0.016798210993709,0.00111210258481499,-1414.32874581438
297,0.0252415741610079,0.0120904733390869,0.000973550394822855,-1414.48010174026
298,0.0272384750108438,0.014433614189964,0.000704940675735019,-1414.37436333353
299,0.0298061861249356,0.0136473414479469,0.000728306052628454,-1413.94268755936
300,0.0198287053103911,0.018577615357674,0.000860449477548235,-1415.70443011936
301,0.0321749543564979,0.0182675404651503,0.00057636137868519,-1414.29823280597
302,0.033263238375972,0.0142998126321543,0.000730631053871958,-1413.58273150949
303,0.0392216979505615,0.0136290522216658,0.00064976841897752,-1414.2408413318
304,0.0315048703368641,0.0209060389093486,0.000642931072096363,-1414.47814052532
305,0.0309504079329477,0.0114747959382729,0.000594014637644137,-1416.0796306176
306,0.0290226220285682,0.0230125713687054,0.000516303148205373,-1415.78597486323
307,0.0277271971958618,0.0146019453088314,0.00131500667819889,-1415.12542432989
308,0.021452870607093,0.0138568029506195,0.00145212547696185,-1416.0480853462
309,0.0272295090050739,0.0110379341631627,0.000805703267790229,-1415.44950436996
310,0.0381967303894762,0.0125483471739304,0.000926307941130214,-1414.41890066254
311,0.0358085734700556,0.0168373662482365,0.0009570999769702,-1414.8355256449
312,0.0255084649728182,0.0147422195072967,0.000676603680958358,-1415.12481722873
313,0.0300515747175588,0.0170161366352329,0.00103086876339264,-1414.08085209562
314,0.022251865845899,0.0217590208778953,0.000773301536927036,-1415.23195863308
315,0.0230093102727104,0.0145476049031694,0.000739132555110325,-1415.75893319371
316,0.0437273709929334,0.0109312307957404,0.000721981437293847,-1414.75462423779
317,0.031352271544097,0.0103216836146156,0.0013024504405686,-1415.84787226498
318,0.027111075199863,0.0119825732822607,0.00127719508181808,-1414.86816312432
319,0.027931353656236,0.0137183187023414,0.00116201763026432,-1414.10972286354
320,0.0247349545040037,0.0133522147208359,0.000889454731727793,-1414.34252696667
321,0.0340124317863173,0.0163928131542898,0.000598011145880839,-1414.0785517104
322,0.0316500040176939,0.0175880666711811,0.000611207702048538,-1414.01358883496
323,0.0266923115877816,0.0189206993741684,0.000975801050098883,-1414.08823349082
324,0.0210120644138576,0.01933063366788,0.000852755742254006,-1415.17047596182
325,0.0257593020165488,0.0219187687143578,0.000907239429672836,-1414.81509818335
326,0.0253389667602517,0.0187483114921111,0.00122160227142489,-1415.47034111966
327,0.0204274031108274,0.0128298686482564,0.00110983953971111,-1415.91775694528
328,0.0389108837386421,0.009739376064408,0.000916877926582233,-1414.89413949214
329,0.0353709287886512,0.0104303732062443,0.000787249644657541,-1414.55006772148
330,0.040898392731216,0.0127583650816981,0.000823648992223143,-1414.49872973676
331,0.0378300221487104,0.0203556869367315,0.000588936856729296,-1415.52764932897
332,0.040544657838593,0.0144084945102866,0.000652520303756304,-1414.45738496162
333,0.0420807952389975,0.0133191750648063,0.000640429368920056,-1414.62019807613
334,0.0375953556178293,0.0151666888750819,0.00107963400160724,-1415.76157292466
335,0.0193904961365198,0.0187260775823266,0.000974313867532137,-1415.62801238751
336,0.0268141826424903,0.0168833000523524,0.00108409975954665,-1414.03549149197
337,0.0323431414480244,0.0174482107211983,0.000887746462573958,-1413.86738271413
338,0.0374925515792948,0.00951277251997111,0.000584866267827028,-1416.14356196991
339,0.0469154187416808,0.0103054645532191,0.000840224234260646,-1415.97348804484
340,0.0480212072563508,0.0112187745555917,0.000663220823067842,-1415.81333743759
341,0.0338084401131076,0.0117393639415702,0.000866969550235424,-1413.96653634124
342,0.033809821065206,0.0187312159575954,0.000580646241148611,-1414.41158072456
343,0.0305336242029451,0.0185844609480783,0.00105335130330582,-1414.8172797824
344,0.0234833803681431,0.0130433800850841,0.00106702003669536,-1414.43230143192
345,0.0372377920780571,0.00943369095751294,0.000544916887333603,-1416.73415155587
346,0.0346312915284427,0.00901846919311227,0.000682949737928737,-1416.22220684339
347,0.0460169883795323,0.00825491992389143,0.000836172112330792,-1416.64679933827
348,0.0332306434342179,0.0122771035702946,0.00103817800878092,-1414.22455668796
349,0.0300794201104469,0.014661211935752,0.000749205127465641,-1413.56718761591
350,0.0313195238068268,0.0176107530287419,0.000502920719960935,-1415.05387566715
351,0.0351895473240293,0.0124995172976468,0.00046505505657217,-1416.35158291141
352,0.0373026889162788,0.0217650011989767,0.000771593226155822,-1416.33747302103
353,0.0310489899212911,0.0144060149047537,0.000787679075443133,-1413.44693529726
354,0.030824064363837,0.0149134903013021,0.000701879351412298,-1413.67208182408
355,0.0318256320863392,0.0173513208593954,0.0008754288938764,-1413.72199982026
356,0.0338077751244547,0.0106267579297552,0.000755546203663019,-1414.67976398708
357,0.0456701567345487,0.0101026903439025,0.000854000258829875,-1415.61726948882
358,0.0512685425358314,0.0169377301640753,0.000669633602361562,-1418.28042290286
359,0.0278412220865909,0.0150344884331523,0.00107701981201898,-1413.74908361504
360,0.0287620703356072,0.0130030903743246,0.000939685521662975,-1413.66566800081
361,0.0305918048334505,0.0151791590030437,0.00104349969302006,-1413.87817721199
362,0.0210871034962089,0.0207864420574634,0.000961252296915717,-1415.31797279941
363,0.0338633710555879,0.00921578284481176,0.000931198994379464,-1415.2174880924
364,0.0317312914205163,0.0149565641906097,0.00069699894229599,-1413.63740199939
365,0.0333738740091054,0.0163382011923225,0.000653991264613053,-1413.7650345997
366,0.0349485454517386,0.0125147134743615,0.000959718379956836,-1414.08192991863
367,0.0343909052697948,0.0156194077187901,0.000541207566462623,-1414.55880978692
368,0.0334268520700519,0.0155295306123312,0.000862936889116602,-1413.61177369153
369,0.0421751997647813,0.0105762586456708,0.000550280246631241,-1415.46796065126
370,0.0437858377202499,0.0131510135608942,0.000680616734288918,-1414.80171474263
371,0.0376548933363918,0.0153593734065809,0.000648014811217601,-1414.11930737597
372,0.0292901856704548,0.018604777821786,0.000761019539666422,-1413.63539502707
373,0.0310982435816454,0.0174025826382956,0.000871449550663146,-1413.62868184808
374,0.0258967430323383,0.0200969458519055,0.000695315868952803,-1414.31958842391
375,0.0357828526820118,0.0170650183664395,0.000947592650641965,-1414.84115095974
376,0.0326002838006771,0.0180577998087001,0.000685568851619018,-1413.79841992397
377,0.0356514035407981,0.0150614114187602,0.000860734318479698,-1413.90464614005
378,0.0352574608072701,0.0194428177595354,0.000415424075996844,-1416.29237027435
379,0.0345825209657724,0.01626063058065,0.000418535406635484,-1416.18254753372
380,0.0345704789104454,0.016424689413152,0.000396055482725261,-1416.60390244578
381,0.0329223006221979,0.0217505049615647,0.000639017866525448,-1414.94925574506
382,0.0279747790672166,0.0240842024232741,0.000746466467544402,-1415.35561504322
383,0.0276862993471895,0.0230221389137689,0.000695404734092582,-1414.90956314604
384,0.0281376568818899,0.0148973023420214,0.00118404874005756,-1414.30744694582
385,0.0240768332357487,0.0158598827287104,0.00102049584046802,-1413.93971207469
386,0.0245865186986482,0.0133079115219429,0.000928361784092657,-1414.25506781753
387,0.035386935265429,0.0109865073350489,0.000708827110173687,-1414.54583370509
388,0.0337590941425149,0.0105282714493575,0.000702142740696947,-1415.03704053332
389,0.0431222857911341,0.0078638539396229,0.000800634943566017,-1416.08734407554
390,0.0376354764439766,0.0159550647036999,0.000697697429762666,-1414.12307648481
391,0.0224303568441323,0.0263999977730826,0.000863353651271646,-1416.97797035235
392,0.0252224070335408,0.0204017663428705,0.000808816059654092,-1414.22303453274
393,0.0234676333101967,0.0221687360778305,0.000833040623599627,-1414.95923011238
394,0.0200976071132982,0.0226028737519521,0.000846903646829892,-1416.1700916827
395,0.0358067618993513,0.0235464307231027,0.000695831239186618,-1416.49840978904
396,0.0230301297241758,0.0229514961037841,0.000625415047706987,-1415.96743968736
397,0.0260141704221658,0.0143166000660173,0.00141603143573409,-1415.64322165961
398,0.0183064860036766,0.0172241806775694,0.000858113654890528,-1416.83550633004
399,0.0182837445168227,0.0204391463307698,0.000898910790063196,-1416.66227658874
400,0.0429517008474499,0.00863729514485905,0.000672053958618332,-1415.70932715116
401,0.0370128988545704,0.0154986651316799,0.000723851959208727,-1413.94792123191
402,0.0338911720491098,0.0147051729680281,0.000820323765076932,-1413.53957059006
403,0.0374754725434993,0.0176941595753664,0.00054360987675842,-1414.87293069535
404,0.0399172804915289,0.0125551569763347,0.000786492390193455,-1414.25608973334
405,0.0277803952005635,0.0153222648509321,0.001091760276215,-1413.83445505106
406,0.0256264628708969,0.0129185273442263,0.000879988867561725,-1414.29674478262
407,0.0371359193010534,0.0172737389933342,0.000927614424159778,-1415.170618309
408,0.0260174644395522,0.018590992284674,0.000839545031016254,-1413.79280873923
409,0.0272898739249848,0.0135487554068359,0.00108470562291893,-1413.80001285274
410,0.0276869813613531,0.0174109225428517,0.00133264689911983,-1416.15320113728
411,0.0198471452392662,0.0119839508932976,0.00135241250696021,-1416.57960346938
412,0.0201121855828703,0.0152808739630271,0.00109133814980022,-1415.33879040256
413,0.030642829999563,0.0196623095982008,0.000853040497905,-1414.13041794823
414,0.029207362857836,0.0133219839911906,0.001095294363739,-1413.93597069607
415,0.0245368528733632,0.0158169091392772,0.000857865487488596,-1413.99424780012
416,0.0347363005360302,0.0158630170264799,0.000637447461080544,-1413.8925432061
417,0.0311559617423206,0.016068153011152,0.00080965149809357,-1413.36843931509
418,0.0320023013365442,0.0203290652572927,0.000864405273615836,-1414.6557549523
419,0.0191395412907922,0.0199449391388181,0.000985597881374021,-1415.93761744868
420,0.0362914845629349,0.00846843888841555,0.00103308350154392,-1415.75537158194
421,0.0254588146251846,0.00853059619255815,0.00119497202509975,-1416.83029737417
422,0.0298370244555395,0.0145348500217356,0.00071102582343349,-1413.79461517074
423,0.0296047111589215,0.019125745513502,0.0011018780493973,-1415.22191573275
424,0.0225245828008266,0.0137067885951182,0.00110410367096933,-1414.58179137947
425,0.0288701609257595,0.0193993420552521,0.00111784577320362,-1415.33267555993
426,0.0313058579152669,0.00983633989650323,0.0013863522165898,-1416.48111152561
427,0.0270152720235508,0.0105542923564141,0.00104018774403622,-1414.98243280703
428,0.0433329795528423,0.0102757939803919,0.00106352528358008,-1416.14333893589
429,0.0398170575562439,0.00816290856209109,0.00111451935705077,-1416.41922683456
430,0.0302734876652055,0.0139859926132249,0.000706674065316189,-1413.90201146496
431,0.0417390443115348,0.00974581060964266,0.000830443550852339,-1414.88666627347
432,0.0340355098656544,0.0143695716346914,0.000692552048939228,-1413.70411030003
433,0.033591755885368,0.0135961699808084,0.000942937536657308,-1413.78999098965
434,0.0326446749441491,0.0143812165509498,0.000894603449293398,-1413.53623916048
435,0.0264343406316291,0.0151721001527792,0.00119673548704042,-1414.27825680076
436,0.0284133549224052,0.0130154304096464,0.000730846826178312,-1414.43610662613
437,0.0291448863490184,0.0146988545910346,0.000896234935153666,-1413.36692577336
438,0.0293615802765523,0.0145213849292368,0.000955869153844947,-1413.44315789554
439,0.0287965270239472,0.0149226733407579,0.000644635991078763,-1414.35702790886
440,0.0311458543705959,0.0102891809215918,0.00121230003889233,-1415.34201125627
441,0.0315600996921277,0.0159340375485281,0.00073842815827713,-1413.44784890898
442,0.0334904778952304,0.0210600594178923,0.000919986168065688,-1415.68154112735
443,0.029923399633338,0.0148040121942942,0.000807420213854481,-1413.39741091548
444,0.0389508134884762,0.0114744649501775,0.0014490546154563,-1418.98821264342
445,0.0167989452469398,0.0120128442487351,0.00119855653495948,-1419.18273889016
446,0.0458932896132817,0.00875005866646738,0.000807943681240715,-1416.16724947895
447,0.0419826738950566,0.0100821137359485,0.000982793691454216,-1415.37252511296
448,0.041709107345702,0.0113332553358856,0.00102809795590156,-1415.56317328886
449,0.0364314309619073,0.0151042562826129,0.00101280000983585,-1414.88697410601
450,0.0377571445228471,0.0125319204134312,0.000993219855838088,-1414.68202181981
451,0.0263572990453363,0.0164847710434957,0.00101222911523961,-1413.69159835897
452,0.0301885184363489,0.0151001051575115,0.000693487299322643,-1413.74248809536
453,0.0381591220557166,0.0128559165948939,0.000762745849219126,-1414.00504106561
454,0.0282345669368167,0.017791288538412,0.000842373646477656,-1413.51148034607
455,0.0277348846003415,0.0134647657813223,0.00110086420261146,-1413.86562818726
456,0.0210049051061659,0.0141847402591908,0.00139245419552861,-1415.86504981351
457,0.0265509405334919,0.014219187688839,0.00112424735640491,-1413.88137592849
458,0.0242902895051261,0.0136367155733015,0.00105801075056257,-1414.06065539838
459,0.0207348531577368,0.0188695000630677,0.000885589313186726,-1415.18223167273
460,0.0351681789152654,0.012213913584191,0.000622706686594544,-1414.56249461953
461,0.0332401744595329,0.0212637548081974,0.000763808045199627,-1414.9186375114
462,0.022598277623699,0.0153408711470828,0.000805307226063239,-1415.12742680685
463,0.0403686903722301,0.0106254181274843,0.000930061477856083,-1414.84082599038
464,0.0279021817779351,0.018402037615416,0.000590327469401119,-1414.55686400478
465,0.0288444315414023,0.0200985410466894,0.000466392426142144,-1415.93379268618
466,0.0311438360015002,0.0208243431108209,0.000943863464828185,-1415.13555702053
467,0.0336449286063226,0.0191408156223499,0.000779795081764745,-1414.24515013294
468,0.0286894172153708,0.0139801239946294,0.000880926213508099,-1413.48210473499
469,0.0302497575964889,0.0181798457981893,0.00102699179082808,-1414.43830723889
470,0.0278725253292814,0.0167179038319844,0.00114664509151429,-1414.41912595439
471,0.0271503986480402,0.0131739820426413,0.00112282608308716,-1413.9717851506
472,0.0230282886807444,0.0178990447043102,0.000712639259120254,-1415.08898494996
473,0.034407176041974,0.0167643836037437,0.000697113021699089,-1413.76544701575
474,0.0352780417316344,0.0127234892078481,0.000533287126234248,-1415.23417020837
475,0.0416428751272535,0.0142902736302655,0.000572078089701227,-1414.87857281355
476,0.0347333428823065,0.0200523384262229,0.000629412753266497,-1414.68148732525
477,0.0249884588028096,0.0134448103388117,0.00091785604640133,-1414.12688311876
478,0.032206289799061,0.0140593922326408,0.000761650838262263,-1413.53520301482
479,0.0347463115176571,0.0167150496243566,0.000747164534259404,-1413.78138875941
480,0.0315348758017319,0.0146708475996989,0.00084821670069537,-1413.38651636971
481,0.0444673421654758,0.0117545089700471,0.000753051077939485,-1414.84472761001
482,0.0316437137299913,0.0207146667816175,0.000683939780428181,-1414.36093299201
483,0.0383488433543122,0.00929286245545018,0.00101893059727672,-1415.36789715731
484,0.0403839344059345,0.011287876672074,0.000595364564846485,-1414.90521256471
485,0.0423177463460709,0.0110087006686201,0.000864465148226793,-1414.79867851966
486,0.028705505140265,0.0123724835280041,0.000882286089491343,-1413.95542729991
487,0.0371567812766875,0.0118917664618642,0.000828325533796696,-1414.06133429159
488,0.0352135993334042,0.0153425717442142,0.000998939884970786,-1414.54457158349
489,0.0335645721890919,0.0128710692973012,0.000756808797221055,-1413.77128709879
490,0.026469944363083,0.0228376949614411,0.000789288588809749,-1414.85264435845
491,0.0273544171212467,0.0133595312778933,0.000636786979585696,-1415.50399358875
492,0.044952422553696,0.0132883933041855,0.000866551251835322,-1415.60531214815
493,0.038789374446356,0.0128072517774678,0.00051457538709989,-1415.21670719492
494,0.0385378443820928,0.0112095776575762,0.000965492021971326,-1414.70388595241
495,0.0245329593982649,0.013100024104482,0.000976149668462053,-1414.21496106567
496,0.032566610114722,0.0158142471895232,0.0010371540093726,-1414.2929775929
497,0.0316329159014434,0.0150676234695232,0.000842687110523566,-1413.37902418036
498,0.028368926091844,0.0140674650764428,0.000934496751393282,-1413.46567531695
499,0.0349978345018325,0.00985823473819554,0.00133136871040885,-1416.73652860207
500,0.0354519672623565,0.0106866973460276,0.000675894680759801,-1414.87861227879
501,0.0420785301339077,0.0123020743804678,0.000833808486604529,-1414.68507242231
502,0.0412248343613427,0.0137724304556176,0.000669686132950373,-1414.47935186665
503,0.0386888876205971,0.0123723453034075,0.000661798011134592,-1414.26847017285
504,0.0332329171738084,0.0211965866210998,0.000728352222759024,-1414.80627361756
505,0.0260770587858707,0.0142058336937157,0.00134050052164563,-1415.05392859726
506,0.0234928029020024,0.0121458992403024,0.00155099492486308,-1416.31644316961
507,0.0222811951486849,0.015693904127439,0.00112749238528053,-1414.54303355171
508,0.0393497306638988,0.00939127645492171,0.000842377463137038,-1414.9369470213
509,0.0428241438199192,0.0104343480548381,0.000833454516438528,-1414.84152271799
510,0.0436589958232487,0.00993605364233757,0.000761288300633586,-1414.97487983677
511,0.0413550376077535,0.0152908462876386,0.00068356299221343,-1414.74528267897
512,0.0439417919544791,0.0146412265141892,0.000610929206948224,-1415.18831332026
513,0.0425382524323953,0.0148354846905383,0.000613407566947774,-1414.95724137735
514,0.039235066873629,0.0122041319718516,0.000963498731423096,-1414.77443045936
515,0.0387906811454915,0.0100579014999181,0.000630992539494331,-1415.2257152936
516,0.0465848288188339,0.0156751504513755,0.00066369803101444,-1416.10962639975
517,0.0359524617269751,0.0163679518273421,0.000645401040232565,-1414.01117162719
518,0.0316255752282922,0.0176408633714404,0.0008959541440343,-1413.83254335182
519,0.0315686608804837,0.0199434082869764,0.000933582414874217,-1414.77858757741
520,0.0296838036392062,0.0119765547497755,0.00114878279277573,-1414.42464229128
521,0.0287965910784417,0.0107315904197468,0.00121994454661829,-1415.07358298545
522,0.0226930989882891,0.0112077204484212,0.00125272052728589,-1415.56399321356
523,0.0235964975117921,0.0175702049994328,0.000960511371668145,-1414.12605741102
524,0.0224084272014193,0.020996401675646,0.000661620722691915,-1415.64006826981
525,0.0336475478411169,0.020897380306823,0.00087448279130404,-1415.35184792049
526,0.0217798612650234,0.0126074327429709,0.000857080043605315,-1416.38666605071
527,0.0355206649833574,0.0146287888210343,0.000726439203148813,-1413.69834083697
528,0.0290726519535511,0.0144824013502433,0.000740789214792888,-1413.75067867548
529,0.0402427038973878,0.0146879326362026,0.000722396271834116,-1414.41721317179
530,0.0352923608343595,0.018130922274208,0.000986295303837653,-1415.37013258209
531,0.034035897261565,0.0105068690497631,0.000827681312003306,-1414.50786721323
532,0.0371229173756293,0.0169288962206779,0.000676190920606168,-1414.22581399364
533,0.0258055168398511,0.0185895515922698,0.00100508282974572,-1414.1321353195
534,0.0331107658657529,0.0121346104141472,0.00088898359625251,-1413.84948427407
535,0.0282570994146918,0.0158422328240402,0.000763255028524907,-1413.5516488735
536,0.0293929455748577,0.0123757685512746,0.000905932287109399,-1413.84870939828
537,0.0344049584306362,0.0123723004954574,0.000712928417121286,-1414.03352826619
538,0.0367207049760553,0.0139092941074391,0.000757495747775531,-1413.80822600776
539,0.0383841895881393,0.0120140677970277,0.000745952702600338,-1414.12373999338
540,0.0338955074537131,0.0205625054079636,0.00059995020753701,-1414.78579286737
541,0.0315282359338416,0.0143063980842477,0.00117501586211571,-1414.75501428675
542,0.0282780816970013,0.00968478871651485,0.00107432766193277,-1415.41544737457
543,0.0334128872850065,0.0182353228943765,0.00121116883274932,-1416.89423364658
544,0.0170533352030527,0.0144774037259102,0.00157170119297989,-1418.04460172577
545,0.020681263119789,0.0157933559031245,0.000797805563540388,-1416.14196392431
546,0.0279125584511935,0.0156268902290865,0.000827856716821592,-1413.43129956258
547,0.028387508761136,0.0218202299759694,0.000813596654846955,-1414.55871279823
548,0.0281512466842525,0.0229943937699317,0.000934890431943858,-1415.58494963911
549,0.0230760221384914,0.0177176233591751,0.000790105205500076,-1414.60898429118
550,0.0255506865796383,0.0142504691007088,0.000725747516261907,-1414.80920404683
551,0.0443898529989833,0.00845206006080746,0.00072786731791103,-1415.88952718693
552,0.0372251392285994,0.0229888013702892,0.000535437354232277,-1416.62781842831
553,0.0320737967127653,0.0234916044283035,0.000676601974250365,-1415.52145807247
554,0.0311926632467453,0.0241113518268178,0.000653784128447195,-1415.66413856417
555,0.0237622124231754,0.022751115276045,0.0007477224316738,-1415.13215620994
556,0.0297183317089609,0.0113166368659305,0.000761746330542077,-1414.88612958007
557,0.0314605919156465,0.0117004766000519,0.00100933625385179,-1414.11735059568
558,0.0314956833044936,0.0142933662891358,0.000684679522985541,-1413.82431465928
559,0.0342666695942063,0.0241476106242947,0.000640845034481906,-1416.29102742477
560,0.0361386599964116,0.0094172595145552,0.00103508484527772,-1415.25629767821
561,0.0339784444324078,0.0117328795930634,0.00107544229046512,-1414.57423880239
562,0.0280730169573437,0.0105098542340156,0.00132063226995594,-1415.56110601113
563,0.0322058525982883,0.0056431447344888,0.0011516545630137,-1418.32913357444
564,0.0318228102476562,0.0125874739669651,0.00108088835698891,-1414.21418045521
565,0.0311675754780614,0.012517680625401,0.000588477958316114,-1415.40616945355
566,0.0412592033074669,0.0142373977135564,0.000502350153641898,-1415.31461573487
567,0.0348050323277212,0.0181118993882951,0.00092213137963137,-1414.78138904302
568,0.0251927160605987,0.0140686250996996,0.00115342443429448,-1414.04876921373
569,0.0301913252808585,0.0144050603054684,0.000670851710201654,-1414.03243683655
570,0.0306175685792877,0.0164455730566739,0.00103988113680534,-1414.08221685984
571,0.025459085169037,0.0214272021884083,0.000910659245904726,-1414.65537852194
572,0.0242381367226347,0.0167120715573647,0.00123199741695691,-1414.83227038533
573,0.0238589983904782,0.0176864473654494,0.000983512167751765,-1414.1105798153
574,0.0258458511245717,0.0197539638594749,0.00105345075282483,-1414.7293639904
575,0.024764223982189,0.0164385879864941,0.000917903950786974,-1413.79671515131
576,0.0320828382086525,0.0125578393256907,0.000768088458587285,-1413.89250217515
577,0.0512862004977403,0.0157286413600791,0.00079652750551323,-1418.4129560897
578,0.0287755947991259,0.013766386749142,0.00112058618200868,-1413.98014001845
579,0.0265471976796383,0.0135671335851628,0.00142759567790928,-1415.70794429384
580,0.0231751428460584,0.0142547453052917,0.00100171480704129,-1414.29473043771
581,0.0252932107368327,0.0118983088706008,0.00132625338526295,-1415.09314132659
582,0.0232710240184638,0.0114033106586268,0.00138846659665547,-1415.64741404942
583,0.0227673022563183,0.0142276534865162,0.00123280757589706,-1414.70425523729
584,0.0298369837111635,0.0109599044387945,0.000891759949781039,-1414.52056809433
585,0.0348755814698472,0.0121428136399965,0.00087728266496801,-1413.91307245533
586,0.039208623091163,0.0138416867815674,0.000720678739782452,-1414.13937582395
587,0.0358208671640687,0.0141149698225143,0.000495018190955307,-1415.25401576272
588,0.0322279987776967,0.0203867687092456,0.000640622692861894,-1414.40209016812
589,0.0320465182639933,0.0215307745359665,0.000475367194631742,-1415.77965911992
590,0.0471007445805515,0.0153609609219617,0.000781901441755425,-1416.51563262671
591,0.0367714494248661,0.0133633055723644,0.000753652572179599,-1413.83263745412
592,0.0301633384016151,0.0144166747809043,0.000888397899528105,-1413.38423367753
593,0.0324118116354549,0.0154479715550905,0.00086241640883629,-1413.4800545391
594,0.0232136058946498,0.0182114774731341,0.000930644517148759,-1414.2674317146
595,0.0243495953775835,0.0196685003740391,0.000903129800419703,-1414.24844271189
596,0.0187470236099683,0.0169604930851691,0.00097201723894934,-1416.0017603498
597,0.0387864290602647,0.00926360249715301,0.00101291911390741,-1415.38305968559
598,0.0358127928923609,0.0150210524906518,0.000990626052286102,-1414.56535194067
599,0.0263766126529573,0.0153404720750951,0.000901814530665867,-1413.53258678359
600,0.0269549835854634,0.0152534291879239,0.000949042234429787,-1413.46253856479
601,0.0412757180736088,0.018006291803458,0.000590038173185352,-1415.56746566819
602,0.0259082487659517,0.0226580431282019,0.000972681646834305,-1415.44412055935
603,0.0269246430251069,0.0190202887745073,0.000929658284434455,-1413.95035453056
604,0.0308779061896746,0.0182336534073238,0.000566591800406241,-1414.40612375531
605,0.0305949701416979,0.0189514767836959,0.000876530992870349,-1413.9798779371
606,0.0397371563902257,0.012953702416708,0.000567452010501932,-1414.73872186602
607,0.0376738803855159,0.0126919165995966,0.000670340952775271,-1414.13323510825
608,0.0380187262025754,0.0162324094621281,0.000681280934037033,-1414.24916718028
609,0.0271053708202298,0.0178231058019305,0.00083896141122733,-1413.57664747422
610,0.0312648047283384,0.0177425340537539,0.000836302073155207,-1413.63305614038
611,0.0294303254916017,0.0110621002329838,0.00125220674768311,-1415.14527447209
612,0.0254355461869306,0.00926865794408118,0.00138274950948524,-1416.27063117076
613,0.0352080066091997,0.00533733184603958,0.00132988300452607,-1418.27611854699
614,0.0275339076639193,0.0203310104725,0.000429721487778062,-1416.89579718272
615,0.0261215936111093,0.0213772723568972,0.000778144824624816,-1414.37604039923
616,0.0265487138887704,0.0140034397174136,0.000730280140629507,-1414.52158645541
617,0.0422204750032234,0.0132736582681999,0.000780805307606238,-1414.67446224805
618,0.0395021615581656,0.0133463455990536,0.000676752774069444,-1414.21150982852
619,0.0396193490272045,0.0160572924876849,0.000546016531889227,-1414.91263200326
620,0.0256450546216575,0.0193437985552039,0.000769847338378795,-1414.02821770709
621,0.0246553652655831,0.013552161525908,0.00103389510777536,-1413.99434737368
622,0.0324530656245771,0.0128390810859387,0.000979709272566673,-1413.84885143666
623,0.0338665466234937,0.0159376339152301,0.000557840241644503,-1414.39023881319
624,0.0321644932853396,0.0213063644782918,0.000560303149320161,-1415.0005533924
625,0.0355281675385183,0.0109671632207975,0.00119345126121977,-1415.65056339292
626,0.0304775066609366,0.00965453134419882,0.000821688579818672,-1415.66899653741
627,0.0344163322365801,0.0171230490592171,0.000391314145214334,-1416.64529778556
628,0.040168666590028,0.0144005096292251,0.000712068731941164,-1414.35273917593
629,0.0385826979593835,0.0150495327024849,0.000796587985582552,-1414.27985456094
630,0.0371883643183853,0.019304500310487,0.000714827338663031,-1414.97750268802
631,0.0383535814080849,0.0130834996579409,0.000777112309353615,-1414.02780552977
632,0.0314394767293469,0.0131097212530741,0.000810483754540972,-1413.64608746162
633,0.0295569940668759,0.0202857980335947,0.00050932445946168,-1415.26271168178
634,0.0377424675130747,0.0184694842941944,0.000740671372465257,-1414.87678184896
635,0.0286482369337179,0.0143687351126233,0.000918241244960044,-1413.41415670293
636,0.0288237280019507,0.0141304625740051,0.000937095621390623,-1413.44637915694
637,0.0375396088849701,0.0156900726037133,0.00057904761977756,-1414.4118396924
638,0.0359504803856317,0.0150381877041222,0.000839895287083893,-1413.89029800541
639,0.0338486948997397,0.0138583626114184,0.000639566557603347,-1414.04449515898
640,0.0345193134152946,0.0130065366478989,0.000643770872156277,-1414.19597791641
641,0.0328223268703778,0.0203986095439995,0.00061259177753556,-1414.55562748471
642,0.0305370168434014,0.0125962844928973,0.00146805587705141,-1416.86139727159
643,0.0211757711302512,0.0171965967713403,0.000849037627092961,-1415.19293189147
644,0.0397723928500506,0.0124676681057564,0.000817359082142037,-1414.29344423591
645,0.0290832456870777,0.0155429511567176,0.00069439508485171,-1413.80239343824
646,0.0358574072956647,0.0146182283301902,0.000981723716010824,-1414.44467389632
647,0.0297279804440635,0.0136094087380747,0.000644058192329178,-1414.60660013967
648,0.0272431503101905,0.0179173072484556,0.000869809057145542,-1413.59000000041
649,0.0395340244959063,0.0221902221433221,0.00037824147476505,-1418.15152358377
650,0.0298390918119114,0.0221766068841945,0.000661663641557756,-1414.72329153403
651,0.0300114989329052,0.0216103002823805,0.000880779759625323,-1414.91143611549
652,0.0286446078157688,0.0151235631802709,0.000905137206779211,-1413.35804171908
653,0.0315500835612586,0.0145801113486232,0.000870060953793381,-1413.40740327025
654,0.0299864844227785,0.0145738720322253,0.000684125629437578,-1413.92853035291
655,0.0409358461315683,0.0143266593281871,0.000684669878149768,-1414.48294307064
656,0.031873129009496,0.0176490608033672,0.00131741188779704,-1417.25348928249
657,0.0280068979727106,0.0163084774247048,0.000621439990475756,-1414.44021856743
658,0.0330457738363806,0.0160537098310798,0.000535404602954003,-1414.63323546686
659,0.0341363760285647,0.0136029406189363,0.000783701443736744,-1413.60500141702
660,0.029867839388024,0.0122511906379977,0.00100694016181574,-1413.91379776912
661,0.0228754093651994,0.0171237901393235,0.0009825919853646,-1414.27661527592
662,0.0311621134021189,0.0161335031961957,0.00115467669952117,-1414.89622581381
663,0.0250341171052727,0.0124752638570452,0.00130172725494741,-1414.8570786467
664,0.0242386941163527,0.0160840427840082,0.000868328403487004,-1414.02915707579
665,0.0314260984008191,0.0231447275368916,0.00053953501642433,-1415.66738581764
666,0.0292513539275042,0.0176793146174914,0.0012649105933934,-1415.95748072495
667,0.0292649506089398,0.011662889621861,0.00137745897327051,-1415.79273975764
668,0.0248549269774117,0.0156552362600277,0.00124944550915675,-1414.65633207656
669,0.0256012203304974,0.014036510565769,0.000944506273657782,-1413.76874411291
670,0.0359462385942872,0.0160264591768469,0.00103148463875333,-1415.14943527829
671,0.0287002650792191,0.0107038614192611,0.00102545543743507,-1414.66552625389
672,0.0335593339361612,0.0107630862518121,0.00105836691075399,-1414.68346202473
673,0.0287982025858376,0.0147983344669129,0.000783239771017553,-1413.54483228894
674,0.0285186837668193,0.0151826715715137,0.000698672355041674,-1413.93080941171
675,0.0359551711117279,0.0151053666146989,0.000911736703901803,-1414.17572024899
676,0.0388532344356917,0.016050754276901,0.000933018772666629,-1415.28419859578
677,0.042002907060859,0.00897040440172674,0.000677097768239925,-1415.43818424042
678,0.0395310953566378,0.0190606065203588,0.000647072774571721,-1415.43732142828
679,0.0401704434466355,0.00840784797680925,0.000827749890098163,-1415.4948171569
680,0.0392740454208145,0.014489670715741,0.000761986761569746,-1414.24929759119
681,0.0263382207704049,0.0145062481265787,0.000838112272111794,-1413.79778432437
682,0.0350803242177742,0.0148607462499111,0.000636633836310574,-1413.92785633212
683,0.0369910623806335,0.0105802244332207,0.000870962942426971,-1414.43074401464
684,0.0415504517651864,0.0120481698098428,0.000659516159714664,-1414.52027584835
685,0.035744330985565,0.0191004664207263,0.000698499938439604,-1414.5344239701
686,0.0350609510357126,0.0189617472833408,0.00070556829710643,-1414.35341268383
687,0.0311400429525513,0.0133633549827304,0.000954677470521193,-1413.61954961332
688,0.0312798467641331,0.0137954600841485,0.000819395900013208,-1413.48678384434
689,0.0379740927389373,0.0160067779781975,0.000659009550962379,-1414.22509440781
690,0.0308110476349729,0.0163376995619216,0.00082024402975193,-1413.37260200282
691,0.028397817827041,0.016958232870681,0.000906128089181157,-1413.46763070328
692,0.0263341464909098,0.0193369303491029,0.000710333019539012,-1414.09309741244
693,0.0319049943126395,0.0192151249809021,0.000692522537824462,-1413.96079820858
694,0.0301635003479087,0.0142331326617681,0.000838815464095841,-1413.41672216978
695,0.0327276250104141,0.0180113224868593,0.000603334221516057,-1414.11017763268
696,0.0256289564006683,0.0213069337087157,0.000718897833476661,-1414.49667528603
697,0.0288111881363392,0.0231777921188329,0.000790124024017135,-1415.10020784789
698,0.0283778068513165,0.0137597998103882,0.00109371589229127,-1413.83868728713
699,0.0331182590752489,0.0126997692995683,0.000961025505787497,-1413.86986600678
700,0.0314367633694665,0.0198384028601954,0.000868435005237848,-1414.37582772972
701,0.0322867042479453,0.0196969708595685,0.00081112318319902,-1414.26433693291
702,0.0307470113806374,0.0241595101219758,0.000727380735170521,-1415.6793777767
703,0.0190800013070873,0.0275448702893144,0.000677108987227041,-1418.67940888731
704,0.02361469322262,0.0211906046695698,0.00086738144985459,-1414.68104594792
705,0.0242110897404668,0.0183023134487062,0.00102022980756327,-1414.24802423444
706,0.029142358447915,0.0121764418586391,0.000888225181393343,-1413.97773296397
707,0.0363802225334639,0.0170552372947813,0.000966211015777364,-1415.1345172874
708,0.0242103382348713,0.01539697976648,0.00118706004377466,-1414.33438662569
709,0.0262583521688055,0.0204664657267055,0.00120372642561267,-1416.18140936882
710,0.0199185501882215,0.015973956596317,0.000909274637161813,-1415.77867517573
711,0.0329792536416682,0.0136418230364683,0.000768505301977001,-1413.58726133194
712,0.0285481023607378,0.0194545657400812,0.000709708943001772,-1413.88198678926
713,0.0297548156984684,0.0186096495974062,0.000618064204749875,-1414.11117446935
714,0.0282522602882475,0.0135641079078613,0.000923359235645433,-1413.56260445759
715,0.034890999586648,0.0122616046230294,0.00096229326098223,-1414.11203141642
716,0.024605959042091,0.0201902922514628,0.000892686389077176,-1414.31397383155
717,0.0288517092988516,0.01986699429965,0.00114210208230648,-1415.74955603941
718,0.0260080204429028,0.0160009700308991,0.000872803390525223,-1413.60301590084
719,0.0333759078248327,0.0202788837217595,0.000745244652466705,-1414.51183258115
720,0.0328407245749763,0.0116278158997014,0.00131621562052874,-1416.0293208148
721,0.0294790621000964,0.0125771299361302,0.000756492571912784,-1414.25250898761
722,0.0434712615293839,0.0135411891726229,0.00063147228787237,-1414.86221105674
723,0.0352804672315873,0.0138707952510975,0.00111560803501507,-1415.10971388782
724,0.0256182848726804,0.014695969519549,0.00084590100380371,-1413.89863609661
725,0.036382270782528,0.0102729461159446,0.000848275952697849,-1414.52616224204
726,0.0331373057721122,0.0148827059829962,0.000792660823849609,-1413.46131386463
727,0.0300137248904066,0.0153653443859546,0.00081322217447754,-1413.34460908344
728,0.030370749362782,0.0189132256756193,0.000505223520314664,-1415.1213212873
729,0.035045069607152,0.0131938990047789,0.000620911440526013,-1414.27360424629
730,0.0398897482851085,0.0135537848712152,0.000665443899024961,-1414.282026086
731,0.038834776649697,0.0128596696387277,0.000640607581940212,-1414.28914501039
732,0.0330907587826981,0.0140622876973367,0.00104701964961593,-1414.19974352984
733,0.0242107593380178,0.0176504398273546,0.000924319464277035,-1413.98647015581
734,0.0214797873760651,0.0192511331999837,0.000968699382633794,-1414.88482391349
735,0.0291822376074589,0.0165241650188367,0.000793969598407283,-1413.38482489487
736,0.029224746867534,0.0233193107758955,0.00080244462340455,-1415.24999605338
737,0.0194752939859492,0.0196840492874211,0.000822835346796452,-1416.08928577736
738,0.0213392956159397,0.0185578210083211,0.00102913709072287,-1414.89100082083
739,0.0213613730348836,0.0149773217145232,0.0010341526440653,-1414.86455277719
740,0.0397623339018741,0.0138886187174419,0.000556896053854701,-1414.73891947525
741,0.0391597045654366,0.0102961441847454,0.000771690460475486,-1414.57672084428
742,0.034314440851978,0.0228282792250628,0.000498720213690384,-1416.15792266649
743,0.0324723941338947,0.0158323468062391,0.000791264461694219,-1413.43499731425
744,0.0295713524396065,0.0158773351477831,0.000968889867892448,-1413.53803388325
745,0.0267074001620453,0.0184799854823772,0.000690155852560021,-1414.06271018844
746,0.0285534699818515,0.0178773551270983,0.000716935386192706,-1413.66878185679
747,0.0428940703631309,0.0117532587797067,0.00080893596795582,-1414.70284262632
748,0.0291221147419582,0.0173203667561675,0.000852974225429784,-1413.44866087178
749,0.0357485827447078,0.0107111785420889,0.0008739798685707,-1414.35183258533
750,0.0342425922052865,0.0118410149766339,0.000898294517922822,-1413.97659787259
751,0.023158519108061,0.0111564750508612,0.000921546438679705,-1416.1660697845
752,0.0314939217259672,0.0164780917053317,0.000694243955535009,-1413.57600928724
753,0.0292300578348249,0.0193775141950264,0.0005565493594166,-1414.70734134747
754,0.0302270366052507,0.0178415919172149,0.00100941751794285,-1414.21862802829
755,0.0306264920479727,0.0198717938345428,0.00123690624701186,-1417.12201464681
756,0.0253730809175518,0.0181477194266797,0.000659345813942466,-1414.60241167439
757,0.0347068660000533,0.00973706581086693,0.000885156258101472,-1414.83983456073
758,0.0337276093084326,0.019142374417133,0.000548417888230276,-1414.68609737455
759,0.043658060243815,0.00736011810076137,0.000822768644641717,-1416.67217424876
760,0.0428672270886079,0.00983044604425775,0.000815297451908798,-1414.95357553975
761,0.0304923907474093,0.0190520726790139,0.000774154530719486,-1413.77496943547
762,0.0228044536405187,0.0180882714786918,0.000871974837548657,-1414.42440048882
763,0.04014841246176,0.0161263471749264,0.000911388075309315,-1415.55608032264
764,0.0210984454969538,0.0179145336571625,0.00103430345205245,-1414.88746032433
765,0.0291211501557066,0.018311354859303,0.000797657551320929,-1413.571805102
766,0.0236816539308441,0.0166191932303032,0.000819254037413459,-1414.34732459119
767,0.0360029522233501,0.0155884788837124,0.000705124752377138,-1413.82057609234
768,0.0333886675748153,0.0168835578520438,0.000701306864537742,-1413.66970978911
769,0.0329136885680993,0.0139548959430597,0.000667229572238173,-1413.90219784631
770,0.0318031094813057,0.016960983120697,0.00100945307565017,-1414.24682153089
771,0.035877217776169,0.0120152895556534,0.000741316294934553,-1414.02701144028
772,0.0344437442485708,0.0187467055285121,0.000834580732145048,-1414.46589374182
773,0.0314332152347545,0.0104662294615064,0.00102551803970966,-1414.64899793135
774,0.0237318193373735,0.0240920023142188,0.000542228878475091,-1416.78278389271
775,0.0403198949408001,0.00740525334429132,0.000907046186439058,-1416.31546051134
776,0.0415308496853225,0.00896414813683667,0.000748171453820854,-1415.2307087928
777,0.0367410151327138,0.0148874268975837,0.000799523661810829,-1413.90987906627
778,0.0262148929912706,0.0140656330334285,0.00135622425178972,-1415.16507734865
779,0.0295017492683979,0.0108912243431642,0.000863656398276306,-1414.69953503098
780,0.0326799895004977,0.00931999399147912,0.000960912936110488,-1415.23392053434
781,0.0380250896189504,0.0131222768633809,0.00095017631334669,-1414.53331007398
782,0.0278286872071123,0.0140878116336205,0.000980669987677916,-1413.51588179029
783,0.0352301738128056,0.016946475522129,0.000807081762867845,-1414.01225420566
784,0.0350686181258262,0.0191516620356991,0.000823809475250396,-1414.72138427547
785,0.0310117855379536,0.0127305619523973,0.000820932204061041,-1413.75634937038
786,0.0425792842241642,0.0136105719519892,0.00064352755203725,-1414.71210500454
787,0.0370767267427186,0.0206618381613513,0.000905553315879815,-1416.54039642364
788,0.0195560121469355,0.0244635603239828,0.000733194280247616,-1417.24847067797
789,0.0310771629635896,0.0163580528360403,0.000963254247833284,-1413.74864578318
790,0.0395993507528334,0.0132333381641226,0.000775640484398938,-1414.20804457603
791,0.0354693379826129,0.0160980052562932,0.000685732799838438,-1413.83048229922
792,0.0295333155018727,0.0175718207786463,0.000891221065349711,-1413.57598260691
793,0.0402092082304166,0.0120551528262223,0.000686548668933866,-1414.34567808645
794,0.0423060778485119,0.0125033893566281,0.000827025919756523,-1414.7203450316
795,0.0397892291741885,0.0135763136812421,0.000812932306246471,-1414.34894475613
796,0.0249151832621751,0.0206838226169749,0.000801240327464502,-1414.33148732777
797,0.0211057004497593,0.0215102031545974,0.00106698660399085,-1415.87581232704
798,0.0278524817036671,0.016606560563108,0.000944366200253928,-1413.49802713845
799,0.0323380106468115,0.0105305454194062,0.000671733324643005,-1415.5528516397
800,0.0377715264140058,0.00875272249122899,0.00102842469924014,-1415.61253851559
801,0.026694187579992,0.0191134838461997,0.00079305986400957,-1413.81894119748
802,0.0419416361726549,0.0186074865833245,0.00066931121379301,-1416.0051300334
803,0.0259893008694713,0.0193654766594157,0.000950897390169817,-1414.1353185442
804,0.0227716961990665,0.0197138879670703,0.00088244336215395,-1414.56645580831
805,0.0329491227727937,0.0175463494611527,0.000812086851015571,-1413.75934859023
806,0.0295971909255426,0.0143339409162461,0.000915643351059334,-1413.4048703783
807,0.0269100927698765,0.0171018589324471,0.000839782466875911,-1413.53147832791
808,0.0264803016984205,0.0187746103190976,0.000794430362396229,-1413.79231596347
809,0.024852761844238,0.0193431208842364,0.000904246032344067,-1414.11290924643
810,0.0283356207271504,0.0147653362364904,0.000945062876380011,-1413.40983517519
811,0.0276235055198536,0.0169235772608943,0.000920834199576619,-1413.49758713957
812,0.0274304159408776,0.013096729672181,0.000845242583780994,-1413.96865738407
813,0.0359275847299599,0.0158737145337377,0.000888974449156424,-1414.21668973241
814,0.0362241539976202,0.0211921603143766,0.00082137808251061,-1415.95377515447
815,0.0323115451217955,0.0100522011690973,0.00102484981262354,-1414.85198887784
816,0.0420535371930198,0.00894680591360517,0.00089210499488178,-1415.3591792767
817,0.0355319678755084,0.0141004769100279,0.000991419166745612,-1414.3564741798
818,0.024039866578819,0.0143790693276696,0.00137873211685742,-1415.29348686097
819,0.026314033675632,0.011456531478727,0.00144840913204049,-1415.88728139244
820,0.0266625410280615,0.0095866112261565,0.000912652394808696,-1416.3487288439
821,0.0262641457734094,0.0175441713661208,0.00090055870947394,-1413.64184906442
822,0.0327676639644489,0.0114020144816983,0.000848429195369562,-1414.11544190857
823,0.0315573054448995,0.011864216278773,0.00116276484800726,-1414.70724962547
824,0.0362000898145898,0.013823576771049,0.000958290359881009,-1414.28056186411
825,0.044821760331403,0.00949836257170534,0.00101250065374916,-1416.36518428846
826,0.0353503589243921,0.0147880722087689,0.000766959362224615,-1413.66559198871
827,0.0288835231869928,0.0171882136022109,0.000873088543473326,-1413.45112987238
828,0.0286115998554405,0.018049077705327,0.00118982968141097,-1415.30606914877
829,0.0232237135207642,0.0164722395372873,0.000936396897796862,-1414.18185812353
830,0.0243285884195889,0.0153030146196048,0.00100764616584717,-1413.86832465304
831,0.0255947571802683,0.0203686797183347,0.00107641767682736,-1415.0967037941
832,0.0248148975909042,0.0197939042584147,0.0009949892280662,-1414.48091217388
833,0.0210365736147121,0.014513612768907,0.00131017024672202,-1415.48681624017
834,0.0342760248448664,0.00722349571254184,0.00106473597152127,-1416.82982098269
835,0.0395786272313643,0.0144727318418723,0.00108702299740187,-1416.20908279637
836,0.0311130758224253,0.0135168161789358,0.00107293885724407,-1414.01961541534
837,0.0228020785425022,0.0124839654755802,0.00119474930279553,-1414.90621999051
838,0.0246095426665317,0.0131329765644417,0.000833359759357936,-1414.78854346101
839,0.0435586862613249,0.0106607583334596,0.00066093982944975,-1414.87422851354
840,0.043116276936609,0.0133637300254902,0.000778305928489914,-1414.85149617129
841,0.0311836493786459,0.0180071969757706,0.000495555776852698,-1415.1526976595
842,0.032765510479178,0.0171465779868105,0.000582267583804347,-1414.18491961447
843,0.0343533541153748,0.0162668119944006,0.00106184819477857,-1415.01480167383
844,0.0311074320178344,0.0139620580245115,0.000795201811483182,-1413.49988181562
845,0.0490655388432653,0.0109334816615164,0.00103577293918501,-1418.35933861223
846,0.043735342042577,0.0107847166086291,0.000975250828751479,-1415.60920927929
847,0.0279916049661628,0.0126752144887993,0.00147359345461436,-1416.29053451522
848,0.0281263709774176,0.0108840195633367,0.000743192110513618,-1415.80709405565
849,0.0299129058025713,0.024011757915899,0.000732613984870539,-1415.49076285925
850,0.02915132256848,0.0178924289343825,0.00112449450962739,-1414.82298850434
851,0.0284661480065833,0.0149349653106074,0.000961053405111214,-1413.42637856784
852,0.026960368679786,0.0150149549545611,0.00111193731886753,-1413.86005666559
853,0.0266916452760248,0.0118891474121139,0.000745542344742323,-1415.48073118717
854,0.0454984932540921,0.0111607264882075,0.00042400774952989,-1416.83797199094
855,0.0406127170466358,0.0102765894319052,0.00101485502142958,-1415.32791138496
856,0.0266906712810846,0.0215349701156961,0.000768362089183863,-1414.38762132771
857,0.0280093397541774,0.0191510469622949,0.000985315788589602,-1414.24939973546
858,0.0263356107810942,0.0146705931266671,0.0010883977177551,-1413.76241532504
859,0.0281165545581042,0.0126279823147807,0.00110676201153062,-1414.03808461985
860,0.030022524734206,0.0147352283639716,0.000960822129216785,-1413.4795422029
861,0.0316126501405054,0.0152820145673846,0.00081878875654541,-1413.36872597884
862,0.0265063138970915,0.0189539266740071,0.00124476294075529,-1415.85432532153
863,0.0346055521300571,0.0164279471153992,0.00109071695509832,-1415.37142140778
864,0.021912910865624,0.0150232984975827,0.00100089071707069,-1414.66590875872
865,0.0214740057310427,0.0182412837020503,0.000970439122352747,-1414.76637342683
866,0.0202578323242126,0.0148551400295181,0.00122538957331475,-1415.47567845432
867,0.0203420157640578,0.0160786868016657,0.00125696740465985,-1415.51108564001
868,0.0292850266578359,0.0100969264350718,0.00126261560399133,-1415.52147117261
869,0.0211293644176315,0.00957312073285484,0.00143179329930818,-1417.01016121348
870,0.020055740863549,0.00872920085104498,0.00163788489741393,-1417.77262974409
871,0.0201948918909269,0.0133251958070913,0.00179337304985403,-1418.38060883462
872,0.022460354800333,0.0137402664161669,0.00176321396377864,-1418.23707026639
873,0.0221675277138331,0.0108883749454199,0.00154887752332639,-1416.4851381533
874,0.0276951659949064,0.00767278931814959,0.00135742379837013,-1416.87741421383
875,0.0278045740310108,0.009777211360675,0.00162747673671967,-1417.35713389418
876,0.0194825312376999,0.0117076732224186,0.00132711719427998,-1416.89634024319
877,0.0217014021147787,0.0172499278277724,0.00140604197607106,-1416.36981937572
878,0.0249840057315584,0.0130966408711259,0.00145528957342905,-1415.72617170111
879,0.0257368077145237,0.0131991199413572,0.000918168365181785,-1414.02316779028
880,0.0324019460781058,0.0102809027602207,0.00119574995055165,-1415.37599621707
881,0.0251423996691172,0.0189048261890368,0.000861680223837707,-1413.9599386249
882,0.0295737085937903,0.0211805271059222,0.000721837785018821,-1414.30668243529
883,0.0331447046772429,0.0155360317457881,0.000983156787172098,-1414.04288864044
884,0.0257920432120816,0.0148357553298705,0.00112003577324312,-1413.8949896043
885,0.0251391576611422,0.0148451177262883,0.00128337890028936,-1414.71652419236
886,0.0277033016112618,0.0118389522866761,0.00108277501763073,-1414.22742798384
887,0.0448973536019432,0.00983355223068652,0.00052807506352296,-1416.07031760523
888,0.0392022186041329,0.0171809757125113,0.000833142158153944,-1415.18809341385
889,0.0346191808742969,0.0183983277422568,0.000867068336583284,-1414.53300973228
890,0.0254278739502569,0.0228194353121292,0.000862254893145113,-1415.02417082577
891,0.0316728560950039,0.0179600365429212,0.000728948111091262,-1413.64484483632
892,0.0483268618737603,0.0175620545977055,0.000694893670045395,-1417.64692277282
893,0.0248169073971011,0.02212913158818,0.000705331551447194,-1414.86562744263
894,0.0288726575418658,0.0155550515370708,0.00072276064665929,-1413.67557390612
895,0.0287179616769593,0.0165725100990183,0.000863514566171493,-1413.37414651383
896,0.0274863014275635,0.0146930479123056,0.00110284971727751,-1413.81943217611
897,0.031629159093279,0.0121114495048891,0.000683000503154714,-1414.59677457203
898,0.0427799055698126,0.0141152051280695,0.000630130209672286,-1414.83885277428
899,0.0284540390756245,0.0242189997488815,0.000713037763822664,-1415.41821955249
900,0.0271745605253446,0.0196431633953443,0.000977538604608596,-1414.32814289454
901,0.0222151546560293,0.0244307325238282,0.000653837054240969,-1416.4410099556
902,0.0315263759033997,0.0173173954902743,0.000920473646777814,-1413.83565838225
903,0.030684329526756,0.0123836873954918,0.000866000992320343,-1413.81228183131
904,0.0440696071377267,0.0123630316945527,0.000614236179145384,-1414.8960377637
905,0.0401727118234393,0.0127997220855009,0.000611427204895184,-1414.52285337518
906,0.0370675888812455,0.0149462502700778,0.000635216984142323,-1414.06825203387
907,0.0282917321508581,0.0139971606921472,0.0010347455023035,-1413.62621608545
908,0.0283201668385764,0.0154717266770427,0.000924424935540463,-1413.37721873576
909,0.0353154970995266,0.0144454907303806,0.000668838627318199,-1413.8259376883
910,0.0337689121633651,0.0141297371298746,0.000761434518969868,-1413.55604739103
911,0.0336761297013777,0.0168076941945304,0.000586997572186187,-1414.15206724186
912,0.0318421670002981,0.0190399706002039,0.000508617962505284,-1414.98957768717
913,0.0300971617493944,0.0206233684349053,0.00097570819266102,-1415.04211244875
914,0.03012802671114,0.0191707359553029,0.0009162569335298,-1414.14859774362
915,0.0328721018214223,0.014197553392846,0.000748151100346291,-1413.54744389477
916,0.0329489804303485,0.0145372114617813,0.000773616925433477,-1413.4749659167
917,0.0284436348443901,0.0177799494533176,0.000863630833738794,-1413.52711219786
918,0.0245228240980817,0.0180502159707586,0.001042381803508,-1414.23044407484
919,0.0242989621793669,0.0120408783226898,0.00102629557252683,-1414.65174576054
920,0.0360096292096241,0.0126284327343963,0.00102672589631573,-1414.55693361373
921,0.0302428618609723,0.0226180837946171,0.000476318715280356,-1416.05073784945
922,0.0367327414941792,0.0256028028521379,0.000490193802841545,-1417.96820487636
923,0.029823493838618,0.0223970517941908,0.000950716856903517,-1415.66887494097
924,0.0281850697383409,0.0212749753131456,0.00100034820991505,-1415.19248204508
925,0.028529532404453,0.0172142361840857,0.000991092137742542,-1413.77082788867
926,0.0255005165312089,0.0133157282613251,0.000884929975589672,-1414.15150486258
927,0.0291068423097689,0.0125899259478228,0.000955357427638424,-1413.77130897657
928,0.0301468486517687,0.017448778235002,0.00106135596906665,-1414.40400680782
929,0.0263346167196939,0.0153030526900641,0.000809720891184169,-1413.7682837635
930,0.0241029569099806,0.0165225513725905,0.00118022468577183,-1414.5109016527
931,0.026277735739612,0.0130619956534854,0.00103872618900395,-1413.86387504489
932,0.0286212150949015,0.0149458988159757,0.000543260501805181,-1415.60043589458
933,0.0352508017945454,0.0141821167269175,0.00112230359223795,-1415.20994082499
934,0.0222259276772967,0.0161726290868467,0.000905476387708809,-1414.62409733514
935,0.0328429653011846,0.0122966798145423,0.00112733987700295,-1414.63159462401
936,0.0255077891370128,0.0169090523457952,0.000741436497143942,-1414.11654305656
937,0.030202592611303,0.0170583022152726,0.000902537383759597,-1413.55946657186
938,0.0263124543295144,0.0200111081768849,0.00102258339147895,-1414.65863190944
939,0.0337201369200968,0.020025245656315,0.00102757306585941,-1416.08439830115
940,0.0279271549885293,0.0112272283424947,0.000966589263859636,-1414.47950758724
941,0.0404879057390024,0.0092474823632834,0.00101031574905329,-1415.51729267931
942,0.022969834048218,0.0105071785352516,0.00140149195857756,-1416.04534088048
943,0.0262882883891006,0.0118566979485053,0.00102125616002051,-1414.32061217213
944,0.0331388971159941,0.0107609319264213,0.00108186228203535,-1414.74734143421
945,0.0240291427423251,0.0251224250076275,0.00101364256805032,-1416.93727061415
946,0.0283516758876483,0.025083989227743,0.000408843746475103,-1417.86257197011
947,0.0318251827986662,0.0255326691941062,0.000479276376227295,-1417.09434555633
948,0.0291789933893393,0.0157184217928147,0.00123076868108695,-1414.96095719907
949,0.0304802620779356,0.0113116108116288,0.000662349540255173,-1415.53366867986
950,0.0412620709558769,0.0129592474550301,0.000536870947288677,-1415.06237177331
951,0.0360110125270881,0.0190785199268315,0.000568878238615739,-1414.81762340084
952,0.034236830969036,0.0131544191242469,0.00109291004954436,-1414.64373637813
953,0.0351293756881006,0.012286835600832,0.000743352569358134,-1413.94570702213
954,0.0319348491540387,0.0144907772285636,0.00070989958607273,-1413.63953919498
955,0.0374959951572329,0.0135576928577909,0.000915316786330543,-1414.29677059659
956,0.0269919400764088,0.0159659771339094,0.000939386502871954,-1413.46593719039
957,0.0334638576819519,0.0157593680310663,0.000454908444583259,-1415.72905820587
958,0.0375681340456043,0.0152820014865205,0.000660539569482338,-1414.07091247909
959,0.038928042469084,0.011566367688301,0.00107365762249818,-1415.38460423083
960,0.0317201375466976,0.0119337969245886,0.000946881491475081,-1413.93810223129
961,0.0312692191894138,0.0174439589610588,0.00128294562217952,-1416.58740724057
962,0.0199006089850533,0.0121710120824651,0.00114614453185675,-1416.55748202785
963,0.0230408712374137,0.014219815698829,0.00102907452994109,-1414.31740923118
964,0.0308190846807331,0.0161390175573939,0.000664164881095844,-1413.73722019809
965,0.0339071840223398,0.014421581924294,0.00052392620447769,-1414.96891785102
966,0.0485646168312005,0.0120206270751114,0.000948529266151946,-1417.24387127763
967,0.0469682722207106,0.0124067349127568,0.000578976956014845,-1415.52211647381
968,0.0387033867123601,0.0103251579788278,0.000907172770272332,-1414.67310485012
969,0.0398581730151383,0.0123126054334685,0.000541604854603239,-1415.06346688246
970,0.0265309130413292,0.0251990464300148,0.00112799473907467,-1418.20467760408
971,0.0194492819490636,0.0251012475290189,0.000931082678424206,-1417.4376957151
972,0.0213778490409281,0.010235312012289,0.00188301330064492,-1418.05136000603
973,0.0196660957739715,0.0099825737809575,0.00143284691418403,-1417.51771362435
974,0.0303545085540058,0.0136658352919434,0.00106172510626335,-1413.87487891646
975,0.02770924895052,0.013929151134981,0.00132373902110312,-1415.10368907584
976,0.0195349160562516,0.0142854548537694,0.00152610267031775,-1416.98657103694
977,0.0292270046170815,0.00533664876902001,0.00134719375505017,-1418.01013937475
978,0.0284240789097399,0.016749993712988,0.000980415127823082,-1413.63249816034
979,0.0241641858652331,0.0153216915151469,0.00094489010732014,-1413.93839858634
980,0.0249464241296181,0.017216553255859,0.000819674594919341,-1413.93005617495
981,0.0283087850722419,0.0137272747603851,0.000847010517743596,-1413.63317933478
982,0.0310220559608592,0.0216945833188157,0.000771845161405312,-1414.70265886265
983,0.0245909655332268,0.0145378085763953,0.00118455457463245,-1414.2154590297
984,0.0207223638299788,0.0187228044122093,0.00108089110639291,-1415.19839625844
985,0.0301281179819347,0.0144063002856547,0.00107917357577409,-1413.93067435324
986,0.0238484639600709,0.0144055495640602,0.000856630228218333,-1414.48588497039
987,0.0349891466865407,0.0159873382450167,0.000609049341859285,-1414.04913617746
988,0.0291458341425838,0.0180104012464696,0.00100757846437766,-1414.11119090472
989,0.0231079568751684,0.018163242064277,0.000718157224232261,-1414.98180734581
990,0.0348702615682625,0.0105853060821543,0.00072862057422762,-1414.70923330201
991,0.0370750719847049,0.0141798670939408,0.000753280047110593,-1413.8548646705
992,0.0396153508326418,0.0160166400842141,0.000795572277371965,-1414.75113074282
993,0.0328795728618035,0.0182690832645172,0.000855625810367608,-1414.06398697098
994,0.0294314991334209,0.0200725297338685,0.00077663681979278,-1413.97704335748
995,0.0313107291453885,0.0137520998564905,0.00095785032235219,-1413.59809533622
996,0.0291073522141665,0.0222040987370659,0.000676539007420553,-1414.6708401283
997,0.0343637674307214,0.0148249932486098,0.000883942665087426,-1413.74061259311
998,0.0297480717877567,0.025334767898559,0.000704185885215948,-1416.08566834727
999,0.0267476461846388,0.0203154353620163,0.000987450876359055,-1414.59593609037
1000,0.031194088298083,0.0223619282623431,0.000852219915380683,-1415.33727414488
