"i","asc1","desc1","pol1","p"
1,0.0089242206685411,0.0073074062068015,0.00464310742139921,-1445.56932340005
2,0.0421524764555803,0.00447508666144451,0.00435853715147964,-1426.75206089835
3,0.0193821108626973,0.00666988364231875,0.00260273621592798,-1398.44171840773
4,0.0281852738211652,0.0072223496724122,0.00225522071476455,-1393.07272685657
5,0.0276226734560238,0.00519374763838391,0.00226279626377123,-1394.98212385572
6,0.0311934314372782,0.00911185834844682,0.000943418476529985,-1393.48690579967
7,0.0339658621967137,0.0168168701228892,0.00107451771078362,-1390.10168455208
8,0.0364521702503851,0.017320708025855,0.000919637275732426,-1390.40726127315
9,0.0296631571425656,0.0177386118807206,0.00122111295638984,-1389.79194496623
10,0.0244237739377576,0.0126965909777517,0.00217795984277392,-1391.31679983012
11,0.0183274619125758,0.0130405140140212,0.00192836037327418,-1389.91734212769
12,0.0192058747663136,0.0166417897717679,0.00122843419954521,-1390.5027518263
13,0.022560103277787,0.0099293525953895,0.00228106501138178,-1391.73235064376
14,0.0266515510159822,0.0119518401813113,0.00111138136781161,-1390.10153683513
15,0.0282691007809617,0.0111661609060947,0.00129160237809983,-1389.58985024149
16,0.0259495687309726,0.0136260159096051,0.00152984147736537,-1388.67606490654
17,0.0267561860857837,0.0160693908176077,0.00130508215941564,-1389.09715872603
18,0.0303477245903708,0.0123025408383124,0.00112495543510266,-1390.01707145201
19,0.0300267258725639,0.013321511268667,0.00162611662294329,-1390.18544109964
20,0.0173532283574328,0.0114161020357208,0.00170034357585443,-1390.55327769107
21,0.0259877295295753,0.0109167587703022,0.00139646238906676,-1389.22099523437
22,0.022207907143715,0.0157266268594584,0.00144562373761455,-1388.76814670211
23,0.0245898593996793,0.0125159541148101,0.00162036783606171,-1388.52727564419
24,0.0250632899157565,0.0149774569787193,0.00137856171890341,-1388.64289472208
25,0.0307473074389716,0.011516802167391,0.0013730526961994,-1389.73690705095
26,0.0299132230488445,0.0148701814474567,0.00117994931114128,-1389.42249747366
27,0.024058348579614,0.0146479608637048,0.0015866693928371,-1388.61177095421
28,0.0251736251733057,0.0133661405877063,0.00150697535018891,-1388.47467450608
29,0.0235171229704075,0.0133996769551548,0.00149155269392268,-1388.27580105126
30,0.0226136800675795,0.0142735428724276,0.00116538172102438,-1389.44420337383
31,0.0224445982440284,0.0133930392132622,0.00145610544394212,-1388.31161748207
32,0.0243712935680644,0.0139936345477604,0.00113440941913262,-1389.41616010428
33,0.0302371830531708,0.0153429459493856,0.00129969315106723,-1389.61421848691
34,0.0284567983130246,0.0127186230177567,0.00142055569989993,-1389.1251263503
35,0.0237621821607494,0.0148202468777288,0.00148294546059887,-1388.4873408944
36,0.0250977627018397,0.0118430537969807,0.00158434375263374,-1388.66599903803
37,0.0287383149942081,0.0117053848405199,0.00133283765801324,-1389.37777679102
38,0.0232714636835009,0.0144872669466822,0.00131120094675169,-1388.63707146791
39,0.024427324139153,0.0136791641233845,0.00133768565011042,-1388.5319872384
40,0.0219402106775357,0.0132564468406308,0.00156939673931363,-1388.27646159465
41,0.0211531324523816,0.0138035565237538,0.00114045797304417,-1390.14000243125
42,0.0283029929928539,0.0165430905439796,0.00116317597803182,-1389.31351056051
43,0.0344753817570919,0.0123749154244545,0.00144672723966406,-1390.86792178921
44,0.0285138364608224,0.0110269011853491,0.00116529621561977,-1390.22779726296
45,0.035547221233899,0.01477889259092,0.00109287963491853,-1390.51832450109
46,0.0359501416871727,0.0131635492331111,0.000989192634481172,-1390.92482305699
47,0.0259672738123157,0.0194058137130221,0.00156520739237667,-1391.37351584194
48,0.0300816500030731,0.0179000924791035,0.000841207848716392,-1389.86439189736
49,0.0343844691536197,0.030340256241482,0.000806320422225785,-1394.29638336787
50,0.0221601526007795,0.0192918837155865,0.000790264451954378,-1392.03994353622
51,0.0368254801750069,0.0227452558515545,0.000748137328133869,-1391.4028436649
52,0.0234959539794587,0.0263937192367108,0.00110560181409444,-1392.38649549286
53,0.0192281030773257,0.0144569180382874,0.00158103507306815,-1389.10244749225
54,0.0192191501295033,0.012144071537991,0.00173359708760788,-1389.10209896655
55,0.0197669820706714,0.0139665401423913,0.00131461958891402,-1389.48517958858
56,0.0429935979371313,0.0149732767310091,0.00082333376183563,-1392.06037755558
57,0.0338089904916523,0.0175007986821099,0.00103663353944687,-1390.0368323082
58,0.0255795333742913,0.0164301790906935,0.00146017294462973,-1389.24555422581
59,0.025306667577406,0.0140781745849996,0.00135750557154853,-1388.56788762435
60,0.0224140515795763,0.0125815106673985,0.00194068158928508,-1389.27070458453
61,0.0259035999600067,0.0122723896065172,0.00098831663395671,-1391.12835839837
62,0.0260696389770096,0.0126983769146636,0.00178400085760906,-1389.41765334117
63,0.0209826410290152,0.013090527263208,0.00173515467429877,-1388.56328601594
64,0.0249424968052097,0.0126648081882389,0.0013388910819049,-1388.67644957272
65,0.0276196458361125,0.0137196169120956,0.00158066137884322,-1389.26403725949
66,0.0200733188872239,0.0114492105114838,0.00133203015878608,-1390.05202599239
67,0.0276698831592467,0.0120051559829644,0.00150776746935011,-1389.07939995803
68,0.0203514451275826,0.0118814311220669,0.0018326729567252,-1388.977545188
69,0.0223631266243167,0.0111489413851,0.00136751622568528,-1389.31211234049
70,0.0231657092688625,0.017916868523921,0.00141998825381921,-1389.66199099179
71,0.0263581166688704,0.00952022647100328,0.00181011274434597,-1389.9912277571
72,0.0237596086163091,0.0109464218159237,0.00194335260040564,-1389.63694127681
73,0.0246972241789272,0.00894619166771383,0.00129774025966384,-1391.3015690356
74,0.0320465975867341,0.0157478786948941,0.000873810879868216,-1390.05693940578
75,0.0377109856038577,0.0212537771859262,0.000692639041159051,-1391.3119050718
76,0.0298613491249028,0.0202112376981775,0.000956749668907861,-1389.80063541886
77,0.0217516339121657,0.0192045918401099,0.00141472949095741,-1390.38538954463
78,0.0201830546928402,0.0113312861935263,0.00180384663212696,-1389.11599040988
79,0.0255160466847774,0.013923257462903,0.00106047858285384,-1389.82674742891
80,0.0242298909369912,0.0159250275612793,0.0012811316655735,-1388.91611140339
81,0.0252207557719527,0.0108937816237549,0.00132845102349741,-1389.43466332636
82,0.0339052659419504,0.0119385396700829,0.00172264930678429,-1391.77559101528
83,0.0257458929990605,0.0125664127774082,0.00182645645642551,-1389.50042764085
84,0.0180015177071209,0.0150024250903178,0.00121940971377803,-1391.20766028817
85,0.0217964491439055,0.0149426508399799,0.00183463692859328,-1389.36099377694
86,0.0231347390458694,0.0141139725267291,0.00180012101365993,-1389.01049766912
87,0.0216171309490929,0.0105479712414425,0.0017123897867713,-1389.1258289126
88,0.0226602767350248,0.0133222394042634,0.00194720706252644,-1389.4491311341
89,0.0186930204222307,0.0120486301783226,0.00232248558113276,-1391.86974139137
90,0.0175329810617587,0.00969689665331953,0.00153181740630342,-1392.43285566684
91,0.031644448848919,0.0155426409292033,0.00118599758680312,-1389.7616821338
92,0.0338952163708103,0.0123576023765605,0.00139127873013395,-1390.54013608264
93,0.0266181315210587,0.0137705517073636,0.00110168143927021,-1389.53037826514
94,0.0231904897472761,0.0153277725525581,0.00118511275384476,-1389.22585132648
95,0.0223903881922769,0.0138400268242878,0.00134397341577847,-1388.58043884129
96,0.0220472240164117,0.0113166943595536,0.00133311889790105,-1389.44544903807
97,0.0218360724357828,0.0132799320952991,0.0014847093503473,-1388.33172937068
98,0.0226407400409072,0.0134876554629939,0.00146894832995211,-1388.28424822014
99,0.0231630814181953,0.0132097648794626,0.00187046753708695,-1389.11866883712
100,0.0223483818923521,0.0126259348328615,0.00197841441284146,-1389.45992521942
101,0.0211133955950548,0.0107717016479436,0.00145327973845421,-1389.49602030439
102,0.0275871432849836,0.0113625013877595,0.00164455696494324,-1389.38497654373
103,0.0331033142835911,0.010949134891673,0.00127494710229141,-1390.36385738132
104,0.0312501659068938,0.0118534786277497,0.00137802148469975,-1389.81150567167
105,0.031187114510169,0.0108958562150179,0.00155972305378912,-1390.06932964775
106,0.0319297932424543,0.00989310669328393,0.0014287787632037,-1390.17358656816
107,0.02121180944538,0.0104858155165346,0.00192736322078836,-1389.62765345646
108,0.0213215276331853,0.0144956213995924,0.00152232191012842,-1388.49215595218
109,0.0267186752860129,0.0126364074072752,0.00155944063028689,-1388.87811850858
110,0.0212385829513364,0.0143524332686389,0.00131904270085409,-1388.91527062089
111,0.0287778314972001,0.0161440002417952,0.00123488656878607,-1389.35684022384
112,0.0250113925768233,0.0175704177945576,0.00148424155509129,-1389.75664886688
113,0.0238146698728058,0.0145805154510032,0.00145808632188739,-1388.43069185729
114,0.0198562839581951,0.0136492522846415,0.00138298539899319,-1389.13643472177
115,0.0200635466760801,0.0151720313352685,0.00189048102963919,-1389.87992805492
116,0.0200275229482851,0.0126931976808853,0.00205690477579145,-1389.89971233764
117,0.0187795557073074,0.0121076491207865,0.00204367873999266,-1390.15691487208
118,0.0175798966971977,0.0122375027128312,0.00139058518302998,-1390.99127129244
119,0.024734088341903,0.0117493091526031,0.00127792744158862,-1389.2152289364
120,0.0206900030800487,0.0198737727474382,0.00144399295103376,-1390.9607268724
121,0.0205304631488006,0.00949149880318496,0.0022905374581517,-1392.13806528179
122,0.0185176920429644,0.0121927084624672,0.00218357839452906,-1391.00304097568
123,0.0157799492057957,0.0129141693461591,0.00175230979934341,-1391.6884181673
124,0.0195987524565975,0.0124720123393257,0.0018206204657816,-1389.05909891229
125,0.0202453562520412,0.0123478779119433,0.00184922569839206,-1388.97858033475
126,0.0235297645909679,0.0141076446083648,0.0014097483610843,-1388.38091674143
127,0.0257153635924838,0.0123705400787863,0.00180936145748255,-1389.3990565577
128,0.0260944015897277,0.0134067740384826,0.00114795448023138,-1389.35767505292
129,0.0296394562126302,0.0173539172478447,0.00105016923055171,-1389.46798065142
130,0.0264869999279892,0.0151582685037245,0.00130146338193053,-1388.88345489571
131,0.0265415374369053,0.0195983759786049,0.00100695670294916,-1389.71672418161
132,0.026900811494763,0.0150234529687837,0.000752381129104052,-1392.00736880107
133,0.0298271127520445,0.0145905844295597,0.000753481498241764,-1391.51095135948
134,0.0302693855115802,0.0198058594376935,0.000898859719633929,-1389.77190626479
135,0.0283023891068964,0.0191586950209115,0.00127577835340739,-1390.19636612159
136,0.0239232717789678,0.0190553613335483,0.000788415927626464,-1391.31269720323
137,0.0391663419150303,0.0200192493137801,0.00122550253034015,-1393.43965420326
138,0.024382313615558,0.02027885152692,0.0011756868876584,-1390.11760507419
139,0.0243937995357164,0.0112949854764703,0.0013559766056223,-1389.10466230483
140,0.0262132880414306,0.0167907731372013,0.00119419643494041,-1389.21582012806
141,0.023380809060827,0.01471425602842,0.0012033308972369,-1389.07867322075
142,0.0369571173298807,0.0157264516360673,0.000848655947880048,-1390.65246161271
143,0.0302144329502292,0.0176233450993245,0.00108387495660017,-1389.56083140248
144,0.0266898737544572,0.0146662579746266,0.00151616333420415,-1389.01653370292
145,0.0239842374534544,0.0158383012765135,0.00133447816313961,-1388.81970664131
146,0.0267058142679674,0.0198512503413262,0.000918166318123876,-1389.86960081734
147,0.0321017687118543,0.0213287334082218,0.000860323129925513,-1390.19527931037
148,0.0389680064655771,0.0150234965496964,0.000691994049992333,-1391.75653577064
149,0.0292243989457307,0.02702140322775,0.000817576084884836,-1391.73916020178
150,0.0364741834344971,0.0220425793214491,0.000735754100892128,-1391.14209560891
151,0.0363483781319694,0.0144121364001906,0.00132328791343912,-1391.41960600158
152,0.0294232518810663,0.012987122420008,0.00144819597250565,-1389.39616462754
153,0.0295154528376815,0.014074384508613,0.00102667159257611,-1389.84823499336
154,0.0299690448223257,0.0211828431048249,0.000955419138496892,-1390.01694665333
155,0.0274515828159747,0.0243977627046457,0.00109432134916462,-1391.36634557067
156,0.0309092147835407,0.0241893309163679,0.000750498528482077,-1390.89175297772
157,0.0313288425806088,0.0169706688282364,0.000860087735376024,-1389.8714571997
158,0.0299944740242303,0.0182507027551313,0.000937977877542916,-1389.59191939037
159,0.0254640693312674,0.0203888421776306,0.00112672164421257,-1390.00174717045
160,0.0293033593487623,0.0198016885615067,0.00088995566266277,-1389.76850993038
161,0.026222370160853,0.0183674510169742,0.000869925267055306,-1390.12904345401
162,0.0327233612060638,0.0217985768017093,0.000702353720997836,-1390.64777782017
163,0.0272572030094045,0.0251796840918162,0.0012359152975643,-1392.59269026336
164,0.0255831193998514,0.013743510413161,0.00155420890731548,-1388.64874765586
165,0.0245741518045503,0.0118386289749772,0.00190297452912606,-1389.50970259501
166,0.025676514808038,0.00876737483959375,0.0020449653686793,-1391.10264340843
167,0.0244360199495487,0.00875918624551758,0.00209118194020086,-1391.26907748621
168,0.0203439875826508,0.0108034040452379,0.00213108938771887,-1390.49653819331
169,0.0236308798449559,0.0123146768576398,0.00119757566755759,-1389.51812462281
170,0.0357622497477315,0.0143129621916616,0.00114901978360877,-1390.69378258918
171,0.0364095888256074,0.0136089543457298,0.000901139028732816,-1391.03772913962
172,0.0300392278435153,0.0226400369839468,0.00108083469077168,-1390.86447211885
173,0.0325390970907153,0.0197246534594292,0.00108641740739057,-1390.34478238752
174,0.0301385463307591,0.0213230826549585,0.000759090893696322,-1390.28741677872
175,0.0320565165943678,0.0201585343127492,0.000574582634887456,-1391.56609509179
176,0.0336430960495494,0.0315289807348865,0.00080578366943746,-1394.78351368282
177,0.0173684599318526,0.0311124865771174,0.000824242365748244,-1396.38815585081
178,0.0184991152357489,0.0204033558971617,0.00193779575435176,-1394.39428184428
179,0.0235695281993078,0.0146682642036823,0.00210498219323541,-1391.22706181356
180,0.0222063685353928,0.0161265808758566,0.00203591396467957,-1391.31590709494
181,0.0181652693872901,0.0142127510224243,0.00204711727376991,-1390.83462193515
182,0.0233539056689379,0.0115231232936448,0.00109560060070093,-1390.92938948592
183,0.0329543065566237,0.0105464809369948,0.00114320919182595,-1390.84759827539
184,0.031774508475968,0.0100476568647614,0.00141835051718192,-1390.12752662641
185,0.0281669934737862,0.0143430274981493,0.000935636005908603,-1390.31836934117
186,0.0308819393622186,0.0181534087167541,0.00112428904498869,-1389.80628797771
187,0.0189243714980743,0.0185669666925922,0.00160051763265801,-1391.08903379918
188,0.0205783067447096,0.0116932650635511,0.00137050217515544,-1389.45650989851
189,0.0207197483985335,0.0122362157412598,0.00176001374190196,-1388.68876655771
190,0.0225117048083626,0.0138624959520794,0.00131709531368592,-1388.66308066892
191,0.0259635086670617,0.0154309629455311,0.00132886639713002,-1388.85647610005
192,0.0251707613461982,0.016450603263719,0.00125080963161234,-1389.07874515406
193,0.0277927894794015,0.0136083854297397,0.00126369242039112,-1389.03640928758
194,0.0211487549881144,0.0159419063909377,0.00176269202528216,-1389.5811696749
195,0.020401879694183,0.0108780365044826,0.00143173445697801,-1389.76077211378
196,0.0241550371124275,0.0160310656359391,0.00158812869606467,-1389.16338544548
197,0.0218199782306551,0.0155778277907958,0.00178501328541273,-1389.4517906873
198,0.0283891921163144,0.0114789425883938,0.00212203786498709,-1392.20161718935
199,0.0263842877027522,0.0109888262321992,0.00100608760694231,-1391.75805282625
200,0.0410021068504735,0.00849155745255931,0.00116277803318298,-1392.99536157425
201,0.0231041758989263,0.0217682279447339,0.00109404584573771,-1390.60464345998
202,0.0228166613559252,0.0181981477716485,0.00102566695163729,-1390.23949303981
203,0.0266860954675139,0.0165135931995132,0.00149859936030229,-1389.61755280303
204,0.0269691583696534,0.0149818170530453,0.00179507195775728,-1390.42932704567
205,0.0186537923702984,0.00950465383023461,0.0021483521461059,-1392.0551164111
206,0.0289873291570707,0.00974637137631662,0.00140337382733734,-1389.92690103555
207,0.0249429839025265,0.0165209981630208,0.00148001922007795,-1389.22792757799
208,0.0245888369264573,0.0147368810217659,0.00163968814830106,-1388.87435925672
209,0.0207207054429514,0.0150917916127777,0.00142539087765101,-1388.86125182134
210,0.0185489452089242,0.0110305967743852,0.00191371641813883,-1390.10366427928
211,0.0176357516961397,0.0131286858863009,0.00174748659956644,-1389.93442759128
212,0.0229342118662076,0.0119510240918116,0.00126566302795837,-1389.32371352086
213,0.0285314121030508,0.0134754253733205,0.00125437147466324,-1389.172078584
214,0.0253405188229621,0.0128250113304705,0.00171043081887842,-1388.92119459424
215,0.0258050105465876,0.0119617898480936,0.00158273356342067,-1388.77191469298
216,0.0191487883715909,0.0166587864560975,0.00176574897603982,-1390.41117807336
217,0.0265873820893718,0.0157682274681019,0.000731018562805441,-1391.98963183
218,0.0404320177456849,0.0188908904115871,0.000636234071398301,-1391.84544613335
219,0.0430406226450794,0.0192688565791049,0.000835194211242868,-1392.44176361416
220,0.031891949317463,0.0181927322799503,0.0011217396737767,-1389.98378916913
221,0.0263590769210036,0.022575375655964,0.000685560187625289,-1391.25989485447
222,0.0314675100544838,0.0218118805412069,0.000883186802034859,-1390.24583883098
223,0.0373189425630166,0.0159188055846939,0.000881339295622148,-1390.65048997525
224,0.0263601089497001,0.0248444811182468,0.000785005309132442,-1391.09599931418
225,0.0330467858620763,0.0182623506045806,0.000695891001897447,-1390.59523869552
226,0.032617592238852,0.0160209337204268,0.00114822978370277,-1389.9288241124
227,0.0342858874338755,0.0187017054895475,0.000995173199330411,-1390.1961451722
228,0.0221792341602901,0.0184821409545443,0.00106027401048513,-1390.30796629878
229,0.0324072891036416,0.0159284525444032,0.000836553067931538,-1390.17927280894
230,0.0401085664290837,0.0115239495602435,0.00134365610778209,-1392.31861669982
231,0.0267463670709305,0.0130397622669115,0.0012843236446334,-1388.91786866083
232,0.0241136039050573,0.0108256684793158,0.00182235713881747,-1389.26577382428
233,0.0237614908848129,0.00955867696995587,0.00156762964470619,-1389.72108136048
234,0.0257365793114128,0.0163358147672119,0.00133054745661402,-1389.05998121061
235,0.0248831072982932,0.0162372250709367,0.0011864576700804,-1389.15627037191
236,0.0236326195915563,0.0150451652007235,0.00125242513090852,-1388.86641588695
237,0.0211459589053744,0.0138135617846214,0.00198058129137396,-1389.65196998323
238,0.0257313472141845,0.014242080888996,0.0015307767741919,-1388.71967016507
239,0.0216766988204549,0.0134378962857473,0.00134718593443555,-1388.70462987853
240,0.036866443124622,0.0101648671431865,0.00134380990702703,-1391.27972580435
241,0.0295792506607961,0.0194991189413273,0.000715126252725464,-1390.51743285007
242,0.0306699880101731,0.019722684061379,0.00128258874231888,-1390.90829000377
243,0.0170453738534973,0.0136986473996581,0.00216806546435397,-1391.94788474206
244,0.0199960001205477,0.0100229027512386,0.00187275371380789,-1390.06474281599
245,0.0244623348273325,0.0140965901403125,0.00135508237270533,-1388.50307197714
246,0.0313136687221791,0.0125879350001595,0.00121746580523936,-1389.82784376264
247,0.0350012228770036,0.0158109678656465,0.000715171733364232,-1390.99492673503
248,0.0307658894767373,0.0263020946846835,0.000884408658340651,-1391.73966045772
249,0.0251710796115615,0.0279676234952899,0.000902769538040206,-1392.29608796232
250,0.0309294242180346,0.024485848160854,0.00108025989447667,-1391.83159303414
251,0.0267379624492417,0.0191021609329828,0.000996236479080187,-1389.651982861
252,0.0306905839591215,0.0161681964399167,0.00108530989569344,-1389.54008875881
253,0.0316143457699263,0.0136628948734995,0.000925685113700902,-1390.52805135496
254,0.0277949756201379,0.0167810677701064,0.00133121136700299,-1389.4892020051
255,0.0198235176715952,0.0186960797786781,0.000990257947898236,-1391.70363496921
256,0.0277817990207764,0.0260034317062566,0.00108924957558593,-1392.13175950914
257,0.024529147259852,0.0105435557264932,0.00114615901061971,-1390.97065247994
258,0.0270364441709901,0.0168492919575438,0.00188686844608293,-1392.16149206404
259,0.0194209323555539,0.012835820221699,0.001515989857158,-1389.0156521745
260,0.0204859785064199,0.012444350844665,0.00164683339028937,-1388.5785386467
261,0.0261250226698658,0.0114090583082023,0.001452007058139,-1388.93680583145
262,0.0265803208254769,0.0152224302315354,0.0013562299191078,-1388.90157657805
263,0.0237577421673733,0.0129003680777074,0.00159980929519858,-1388.35295360137
264,0.0255608999460396,0.0139842693506776,0.00133740359179831,-1388.61978271966
265,0.0200845098756879,0.0154905503805528,0.00165926666146756,-1389.21748364428
266,0.0203770231863006,0.014868719275909,0.00131224221021549,-1389.27825030914
267,0.0242535291064198,0.015603474865262,0.00162313018455839,-1389.09220988986
268,0.0202255832763754,0.0142472498767213,0.00188191291256312,-1389.40395851878
269,0.0209869006570958,0.0155821109775356,0.00139750615490803,-1388.9755445714
270,0.0223533385952998,0.0162228701186704,0.00159956076839719,-1389.15112498157
271,0.0232207428115286,0.0114486474875674,0.00163147680503795,-1388.60219905262
272,0.0222719243160277,0.0124028187160927,0.00134164538187196,-1388.83891895461
273,0.024094997073263,0.0163987482754129,0.00176986185590958,-1390.12017667949
274,0.0222560108211079,0.0165606464141303,0.00134992690207945,-1389.13602991811
275,0.0297686353673415,0.00975145108326991,0.00133112873028677,-1390.15236142256
276,0.0287265813345931,0.0195640187075365,0.000789762477278894,-1390.13138699205
277,0.0311158399327562,0.0191971682692554,0.0011527302773463,-1390.18198943179
278,0.0236786151502651,0.0187909859269716,0.000923071137116898,-1390.46097686065
279,0.0207574971060172,0.0225577704994294,0.00151560673754863,-1392.84661986309
280,0.0246037004097668,0.014539222528069,0.00149703082344462,-1388.52433430718
281,0.0212524429243255,0.0138410368339772,0.00156553900620868,-1388.3890764103
282,0.0237545844215905,0.0123866770851744,0.00157976569784773,-1388.37855802279
283,0.0228250094621466,0.0157144003813474,0.00167008717856764,-1389.11695969971
284,0.0203968368933327,0.0174946188905828,0.00153163824323774,-1389.90821238364
285,0.0189127540613386,0.00821728959285358,0.00160460524093103,-1393.30828144036
286,0.0391501131754696,0.0095425723775544,0.00107836741449584,-1392.41349892814
287,0.0282177447549879,0.0183948741794218,0.00100453052751527,-1389.51347271257
288,0.0233222676824299,0.0159176476744549,0.00116552820805543,-1389.35011587527
289,0.0310633214778361,0.0136544119607304,0.00149617643389274,-1390.09248564533
290,0.0291233413254297,0.013277753121642,0.00119560036130844,-1389.40118160573
291,0.0334018910438209,0.0168985108785397,0.00109214210738432,-1390.02836907958
292,0.0266733669680231,0.0135779957933185,0.00111507162622528,-1389.49789452926
293,0.026660006206987,0.0124622872248732,0.00106550651098488,-1390.21183261914
294,0.0345951700547736,0.0156965688169408,0.000734063129756857,-1390.88321077088
295,0.0394320745063041,0.0239905260713012,0.00099982209078319,-1393.67183262855
296,0.0359768414284362,0.0172779627317968,0.000723565461515165,-1390.71011662119
297,0.0299054672784294,0.0189739204059792,0.00132108484748014,-1390.65152567352
298,0.0370565957431362,0.00674950734539204,0.00116261887456026,-1393.33953584767
299,0.0376331403943781,0.0191924466577523,0.000747718499667329,-1390.86841212054
300,0.0330994227404489,0.0149139773088439,0.000913599805991221,-1390.19641805458
301,0.0285730512770227,0.0157461327606045,0.00133732816604605,-1389.38016090964
302,0.0272725299952649,0.0177910493771864,0.00152686840641952,-1390.51227436709
303,0.0241962545886267,0.00983544271558134,0.00181025049495917,-1389.6473932495
304,0.028614621838671,0.0124544392681098,0.0020702786523447,-1392.18591328222
305,0.0238052645954535,0.0123462055089286,0.0020797314628628,-1390.3378899566
306,0.0209794058935014,0.0125330972083733,0.00122715527686854,-1389.83387841238
307,0.0297016839551735,0.015564711868682,0.00105938795354954,-1389.4955903059
308,0.0267205035002199,0.0217987414886598,0.00096326902825761,-1390.12846131307
309,0.0259272149693693,0.0204769009031623,0.000930430638526988,-1390.00269684028
310,0.0396778087690246,0.0245148735324887,0.000924756700905062,-1393.54945396774
311,0.0277311749491149,0.0263132653059706,0.000694550403550755,-1391.65084610989
312,0.0355577806869994,0.0275631945613985,0.000649887592583385,-1392.92086260507
313,0.0316242960362469,0.0278733144193636,0.000796024542140509,-1392.35614433475
314,0.02278055345479,0.026938880348646,0.000914661170022214,-1392.28162025643
315,0.0315745880060099,0.0145252365629868,0.00138771990680479,-1390.06607479658
316,0.0282261650799475,0.0155366159213921,0.00107620375172516,-1389.39480397387
317,0.0253260954252378,0.0250622685619611,0.000956356248241907,-1391.19079925706
318,0.0217423147521381,0.0147833911250676,0.00196351841890612,-1389.97117933863
319,0.0238460706097153,0.0129963162230852,0.00131723988427907,-1388.65667388295
320,0.0265114276406701,0.0149103550663309,0.00108672731382369,-1389.4241991773
321,0.029051642895892,0.0188540411646763,0.00106341266205905,-1389.60535196119
322,0.0310814900201337,0.0148974334109023,0.00141537941458453,-1390.07465930091
323,0.0202565956363324,0.0131054450302899,0.00175640710639515,-1388.73726997527
324,0.0196613876996897,0.014999955423251,0.00153201401446926,-1389.06804485533
325,0.0203073891534806,0.0127187986231353,0.0014766091041636,-1388.76168979584
326,0.0339042934491394,0.0122733438908978,0.00151315146214062,-1390.87871894621
327,0.0338330732804585,0.00835485602344091,0.0012670439178726,-1391.2711204408
328,0.028037011737758,0.012777966113963,0.00148151353635257,-1389.08140025282
329,0.0270571842320322,0.0150480529836825,0.00116627602112994,-1389.13886848699
330,0.0413701683452644,0.0157743782444288,0.000771869920619902,-1391.68664499618
331,0.0322646547620942,0.0213160511802873,0.000966918801890825,-1390.3545870487
332,0.0251442816338095,0.0182872388252279,0.00156047801884324,-1390.48218003426
333,0.0164361835584725,0.0156382211050008,0.00144655684787514,-1391.49870406672
334,0.0261262238194683,0.0152190615983351,0.00104163262890152,-1389.63381860885
335,0.0258730144123918,0.0221774765097906,0.000895507001870955,-1390.33592524553
336,0.024234398719185,0.0178148653162548,0.0017237232943356,-1390.83691572881
337,0.0279121513770716,0.00649587532383089,0.00176494149981897,-1391.67010735116
338,0.0272416965319819,0.0127710940067421,0.00123862349161544,-1389.15256255627
339,0.0233480264827187,0.014978633482102,0.00176736177417791,-1389.21811484396
340,0.0212090829294023,0.0108341696609974,0.00163798891288228,-1389.02279775784
341,0.0213032637172712,0.0132881596815247,0.00179399160354378,-1388.70867948948
342,0.0284810407472761,0.00683336760053857,0.00183294478180383,-1391.3794689711
343,0.0277872444238299,0.0115518718009534,0.00135874169865437,-1389.2391173485
344,0.0194309515129362,0.0171934627763209,0.00180342750285741,-1390.82414921854
345,0.0218335706311246,0.00755580013140095,0.00175776153933712,-1392.26420767574
346,0.0339560962261688,0.00972285063635897,0.00125872145679769,-1390.81575217251
347,0.0388897314622821,0.0160656514095735,0.000672708593174949,-1391.58640367782
348,0.0397119535395931,0.0161287652662508,0.000863830234180532,-1391.1736861732
349,0.0408832929843277,0.0166941401588516,0.000880297906268716,-1391.48500375136
350,0.042991548972566,0.0161468832026953,0.000748469405067929,-1392.08051310961
351,0.0248626088540418,0.0320397988891545,0.000689975700950478,-1394.14094598314
352,0.0268274475717334,0.0262940957187292,0.000624216593831528,-1392.14893201105
353,0.0362115991262487,0.0212359845938011,0.00100884253231966,-1391.40862103478
354,0.0237715009283741,0.0156226726467106,0.00111454491845169,-1389.51216274421
355,0.0245444690783172,0.0168546052146087,0.00113611670744874,-1389.39399153038
356,0.0339787042888944,0.00757831209598473,0.00120926940517846,-1392.04840786561
357,0.0370555609491982,0.0144916143039813,0.00132921393608788,-1391.71429934152
358,0.0211406090305515,0.0125498686138294,0.00109456127554361,-1391.04421482587
359,0.0296192254351548,0.0208203165478991,0.000702330538756012,-1390.58000666194
360,0.0387086683579512,0.016381661552729,0.000544447014909624,-1392.66963494314
361,0.0298189685923771,0.0177996157857151,0.00146326622778891,-1390.91383729778
362,0.0201463490425033,0.010693251242846,0.00154238769268835,-1389.59402683463
363,0.0261852256663732,0.0142997633230101,0.00161448067708099,-1389.06561363964
364,0.0194321032132499,0.0124076572000466,0.00172815022622389,-1388.96574195336
365,0.0214963148137566,0.0129250874309608,0.0014180877582257,-1388.56315439654
366,0.0213600625105446,0.0119297382759436,0.00186225424522386,-1388.9326641593
367,0.0206118726959798,0.0133724638558537,0.00161118552295527,-1388.48506389836
368,0.0269046881666898,0.00952741601871477,0.00140131808449194,-1390.01869884922
369,0.0195546558497965,0.0175872160349704,0.00121340536406675,-1390.57703981888
370,0.0284984826542929,0.016275568840935,0.00176853006878911,-1391.54185148024
371,0.0201176156222846,0.0138274231161888,0.00121310011987338,-1389.98415055501
372,0.0311499169025829,0.0142742789544732,0.000883873052485068,-1390.4936678921
373,0.0307989221059277,0.0147226785358608,0.00153570558841263,-1390.41586689999
374,0.0244526290231767,0.010287868981024,0.00162649107411397,-1389.19129981821
375,0.0225949284364556,0.0210307212427035,0.000978639566950828,-1390.6686834713
376,0.0352508451325362,0.00936009074861738,0.00160906651786176,-1391.20705546883
377,0.0207408098954442,0.0102554511368653,0.00158321455191598,-1389.62805674469
378,0.021314885039822,0.0144373771405457,0.00142949244103647,-1388.57486233184
379,0.020664950591522,0.012725914726701,0.00140183928291333,-1388.87544533694
380,0.0265369743094414,0.0138982640706461,0.00152057754450963,-1388.83388850531
381,0.0208221983512517,0.00882697502869862,0.00152392148230478,-1391.3820648672
382,0.0362616951679931,0.0102230421663582,0.000917498342892591,-1392.72781111879
383,0.035726643437231,0.0127879393789437,0.0010281397195316,-1390.92909097452
384,0.0378543699894531,0.0166910855104878,0.000759598608413209,-1390.89600026911
385,0.0284606202680349,0.0231860857355708,0.000953478518287275,-1390.49437727208
386,0.0285838627621159,0.0218452194472842,0.00119779772660918,-1390.91212804693
387,0.0196320231615892,0.0115170602963373,0.00123322188788549,-1391.02596945907
388,0.0271070217689535,0.0111247337784452,0.00187671939649842,-1390.13879868942
389,0.0324967752126314,0.0113454754693035,0.00116546429130439,-1390.43530756238
390,0.0228070195087917,0.0160022864194942,0.00134356952267393,-1388.90073902947
391,0.0238709762795783,0.0163849764922779,0.00150605416615709,-1389.09416511845
392,0.0278799022339609,0.0141061781105346,0.00130685997520258,-1388.99381289815
393,0.0280325534368353,0.0137946069094469,0.0013538012718115,-1389.00000090824
394,0.026538299561101,0.015687926884099,0.00114048749697944,-1389.19860282101
395,0.0343578932028683,0.0158302341554484,0.000986820637253951,-1390.08261744946
396,0.0329354315809859,0.0165187331624034,0.00162681232215671,-1392.5829611394
397,0.0353480557812479,0.0170532769298228,0.00115678886854135,-1390.76042213727
398,0.0317456092620252,0.012441171119791,0.000886988901533797,-1391.4421369894
399,0.0260401930934447,0.0112388279374088,0.00195013708697227,-1390.19381274253
400,0.0256243971408272,0.0111640181796393,0.00147179617621764,-1388.94911180823
401,0.0258857080103976,0.0154960800307594,0.00140994740589897,-1388.88974383345
402,0.0248098660566786,0.0136467374717731,0.00168143810311475,-1388.78187235003
403,0.0206574110021452,0.0125393439253932,0.00155388847075312,-1388.55422058961
404,0.0265827117619212,0.0180294557369935,0.00130992757106119,-1389.67843491267
405,0.0226529789621865,0.0101185555835643,0.00223851908970205,-1391.37916841568
406,0.0230068407496189,0.0133050334691063,0.00132834510315954,-1388.60892991064
407,0.0304499377259969,0.0175617707722627,0.000798170881227585,-1390.09502929234
408,0.0324184027776107,0.0197096305118681,0.000597038982757828,-1391.33563626276
409,0.0358416539721893,0.0196587005216022,0.00124052973099716,-1392.14165068383
410,0.0257703214778103,0.0186908509866992,0.00176479868151958,-1392.13327898605
411,0.0161345939006752,0.00963895050673336,0.00189268588541584,-1393.41291413867
412,0.0260801803510499,0.0115903073614774,0.00242344246492065,-1393.86831351163
413,0.023681770509654,0.016621423466438,0.00158346621557586,-1389.38695083509
414,0.0204442401876303,0.00878204828627562,0.00222493131270381,-1392.39299121491
415,0.0191275145104483,0.0144661198550797,0.00226545015637438,-1392.07840054939
416,0.022391719774469,0.0108029386920819,0.00171216682379042,-1388.92633611076
417,0.0235573210245202,0.00924455793313715,0.0016498034448928,-1389.90430051511
418,0.026661097210574,0.0118808931696047,0.00149480921463872,-1388.88065991682
419,0.0218825151653942,0.0135827885767729,0.00159993826379879,-1388.3112576998
420,0.022257588730465,0.0111877679910224,0.00170360670654581,-1388.74920329698
421,0.0211708898299891,0.0120390872406487,0.00151643862936891,-1388.62110100038
422,0.021631691352446,0.0144305523641056,0.00152539156920339,-1388.4336232411
423,0.0213354973164903,0.0153368066656051,0.00154179031595094,-1388.74460772358
424,0.0202407056707989,0.0123938936336319,0.00143498551870312,-1388.99575603049
425,0.0281349823867154,0.0155077141874198,0.00121861124325052,-1389.18093615995
426,0.0271847641118617,0.0132621112709416,0.00165158495401472,-1389.29927705964
427,0.0184437459737158,0.0113036847401063,0.00173709383299781,-1389.79066150247
428,0.0212310296106565,0.0150345580481577,0.00129032682800407,-1389.11431791347
429,0.0272885926039603,0.0107120590159394,0.00131013637811165,-1389.66141631938
430,0.0315874927334547,0.00847558284876422,0.00128236659392773,-1390.99092973083
431,0.0315922800409487,0.0201293935469773,0.000930151922111981,-1389.91673544196
432,0.0253865816078726,0.0185398070750015,0.00098997733284291,-1389.78699661443
433,0.0345284958832793,0.0175333219758889,0.00106343961731102,-1390.26536711737
434,0.0243410188252049,0.0174427737375677,0.00153570084508313,-1389.76433666956
435,0.021305702204461,0.00939694335525409,0.00155850955848154,-1390.35060506212
436,0.0208526020499146,0.0159110316305609,0.00132251283458006,-1389.28665973957
437,0.0222410440504803,0.0161206179185438,0.00173353922468647,-1389.53994677963
438,0.0183684360705102,0.0127677461317873,0.00192387627420952,-1389.85906280154
439,0.0180605056591584,0.014933849142259,0.00224248662874573,-1392.5074557341
440,0.0194461586266161,0.0148901447392535,0.00120083053539745,-1390.37647785626
441,0.0238723553039703,0.0164393398765708,0.00140852572893728,-1388.99689934572
442,0.0282535031350433,0.0160476523816785,0.00147349048912122,-1389.75721846648
443,0.0274991418147098,0.0104991034900736,0.00152720981052906,-1389.40167149887
444,0.021496233115474,0.0134936172392652,0.00152941197645213,-1388.33360636935
445,0.026202681675744,0.0132291182302301,0.00189078859883156,-1390.11418622273
446,0.0169580812885936,0.0123937593405731,0.00182972861836736,-1390.60812901348
447,0.0290959458932092,0.00808853083376447,0.00134082090957161,-1391.04787408268
448,0.0309434129219081,0.00737415475835497,0.00175390834064783,-1390.89229491364
449,0.0281619697995293,0.0081184293340216,0.00139739311526769,-1390.87371421888
450,0.0365317198343054,0.00769479496007881,0.00151826811283601,-1391.60202943832
451,0.0309058820239911,0.0117662636679808,0.00117102606123267,-1390.07526292292
452,0.0272990883819005,0.0133999231465372,0.0016035015617609,-1389.18963405449
453,0.0254539430055479,0.011906063807381,0.0014070649817794,-1388.76031426542
454,0.0384299866261994,0.00849926337839348,0.00164063763689235,-1392.3543019305
455,0.0235118078714896,0.0126207610674646,0.00168613396359186,-1388.48365378362
456,0.0199437261625017,0.013091124645842,0.00140006580532107,-1389.08492650829
457,0.0295555281081947,0.0149138271822009,0.00128960923330902,-1389.3847483788
458,0.029432293994311,0.0119324889307257,0.00161743322493863,-1389.78395904601
459,0.025219400372124,0.0141739403812744,0.00141307762984794,-1388.52140784715
460,0.0186081382468903,0.0173808228261366,0.00160476298948659,-1390.55906065403
461,0.0206386765182852,0.0169876885040494,0.00155698005149775,-1389.63037852947
462,0.0249826753371996,0.0105809134166265,0.00158899573109621,-1389.07979831077
463,0.0203070943105983,0.0125428042626894,0.00148996282000836,-1388.7677002735
464,0.0193374681910517,0.0125105214994992,0.00182215329980288,-1389.14935013435
465,0.0251573210925812,0.0114531975938723,0.00127963724026267,-1389.34694862744
466,0.0237741479342587,0.0114435286543394,0.00176919264346637,-1388.89086313161
467,0.0201265474005726,0.0119631773171542,0.00204691187695843,-1389.82126011928
468,0.0191850180247248,0.0134752085634023,0.00172260100573369,-1389.05757346941
469,0.0271477703903433,0.00982718809728144,0.00157183890837436,-1389.60931100297
470,0.0220840762209201,0.0159587683760147,0.00123636660312287,-1389.29005206786
471,0.0330181225050527,0.00892840797067145,0.00176431360687579,-1391.04297800718
472,0.0285047330667784,0.0149069758763821,0.000925376418104707,-1390.15307234891
473,0.0292732033971935,0.017280416078978,0.000738897086524672,-1390.69095927721
474,0.0388412524238932,0.0151550221782604,0.0010376641033482,-1391.23992054793
475,0.0250359516459755,0.0237622378861492,0.000770984788728806,-1391.14734230548
476,0.0312259622808849,0.0239309054377567,0.000589713618114598,-1391.59788882157
477,0.0296487977801893,0.0253063703847429,0.000657409718196846,-1391.45892667735
478,0.0302476859084168,0.0219388894649068,0.000663084352278114,-1390.85899759001
479,0.0431144356611954,0.0132397581459743,0.00107353497149886,-1392.55173084561
480,0.0231339176407387,0.0145903149024636,0.00141437749849469,-1388.43813885757
481,0.027784360549846,0.0142746115805624,0.00128925984898614,-1388.99580182486
482,0.0227046268513608,0.015691015751245,0.00140437423361249,-1388.74110805121
483,0.0249959265079664,0.0152437246243675,0.00126078389309829,-1388.83936169854
484,0.0294209792950693,0.0169291418371178,0.0013260857377877,-1389.85540190606
485,0.0252957451213362,0.0137989779187986,0.00175603642995402,-1389.23143743013
486,0.0234314552180214,0.0118130713958961,0.00175916468947094,-1388.74040534624
487,0.0225551545113518,0.0161195233853503,0.00105752984197795,-1390.15528298623
488,0.0356085895372606,0.0131057173727282,0.000993170630269074,-1390.88056796457
489,0.0366802490754742,0.0224217372871994,0.00103932597027462,-1392.19331984893
490,0.0179370758988652,0.0143189439695155,0.00212488431968563,-1391.43174309384
491,0.0204970645741589,0.0129168403441378,0.00207841741194301,-1390.00174956817
492,0.0198272081970003,0.0138651175533713,0.00196895978381442,-1389.75091658319
493,0.0178593455406309,0.0126021944481007,0.00178487143673752,-1389.83854718013
494,0.0196921316814067,0.0120399444393126,0.00143516453989789,-1389.36253085857
495,0.0319484944014036,0.0113739764128125,0.00152008519804578,-1390.19012920804
496,0.0270312773884664,0.0141468892887925,0.00158061866873184,-1389.16789796366
497,0.0213133807445335,0.0127867539324543,0.00234258138874033,-1391.89854331357
498,0.0196251921954007,0.0105419868675038,0.00258041569320438,-1394.03306543065
499,0.0264433564109403,0.0104912444006639,0.00122898356090253,-1390.18056278155
500,0.0316158257499012,0.0203999802425257,0.000539729609460595,-1392.01800564407
501,0.0339702554797307,0.0216599688239622,0.000489015437947201,-1392.50451434692
502,0.0387223554886461,0.0180045766325196,0.000913777931281974,-1391.02084677824
503,0.0264071132701279,0.0200923115248115,0.000782872090816417,-1390.52073230949
504,0.0263398537684388,0.0212692541536708,0.000783602411134207,-1390.54531484997
505,0.0284616034628711,0.0191822194317189,0.00120347588187902,-1389.95385559815
506,0.0274975016540992,0.0123691107511034,0.00130933720331716,-1389.0777853449
507,0.0204771807938975,0.0153082956516091,0.00176403551585118,-1389.34361200021
508,0.0230528035807119,0.0152693891652024,0.00143901020033372,-1388.58077111903
509,0.0246456019158295,0.0121023958379265,0.00150680608794564,-1388.51699080324
510,0.0241942922790108,0.0143467194469607,0.00153116757532674,-1388.46340856975
511,0.0208208648246519,0.0174087151466597,0.00140199251012038,-1389.68618325423
512,0.0263430497633223,0.0143036575075433,0.00134034764431554,-1388.73384915196
513,0.0297098854039958,0.015201399679165,0.00114972567260868,-1389.40836425915
514,0.0302984742904943,0.0193033293077569,0.00176884698131852,-1394.35002560193
515,0.0195377382382913,0.0131897425634866,0.00170399224885339,-1388.86936541933
516,0.020861557070588,0.0159461741083709,0.00143865340136754,-1389.06898543528
517,0.0273920453538242,0.0108033993163786,0.00145829097243803,-1389.30851289638
518,0.0264037712372519,0.0136426113646477,0.00148793037603921,-1388.72169712025
519,0.028760161403041,0.013419556634564,0.00106009105795971,-1389.85582640243
520,0.0320421817510721,0.0128336246443615,0.00126927475679204,-1389.91339118488
521,0.0258029879709377,0.0187085274152392,0.00109764432063204,-1389.59293964722
522,0.0199169861283586,0.015091561198228,0.00199875087338611,-1390.44389187209
523,0.0231638952441663,0.00895567109756811,0.00158225091566849,-1390.31552005074
524,0.0266761089064667,0.0219993085370202,0.00136785746924957,-1391.74649628343
525,0.0264172646445476,0.0222072167057267,0.000976086558929413,-1390.24973275521
526,0.0285955605563961,0.0131166843617523,0.00101137046843302,-1390.25355717759
527,0.0320322047106709,0.0232486090984151,0.000616380411819811,-1391.3004056846
528,0.0297466414387824,0.022870316868409,0.000698070009094057,-1390.77428898391
529,0.0274311305149246,0.0244856465667425,0.00127133592844499,-1392.49783737225
530,0.0246038055885747,0.0106393898413613,0.00163800408284204,-1389.03754126613
531,0.0183820538382908,0.0107210874361646,0.00168347014157125,-1390.21795243884
532,0.0250222899571225,0.0154493167818001,0.00140223202017943,-1388.75049047479
533,0.0249675739926217,0.0126736273220649,0.00149520545407446,-1388.46392391766
534,0.0265711676798414,0.0150798522812688,0.000863795845662396,-1390.86882215199
535,0.0348487444105692,0.0157897613965116,0.000900210020423218,-1390.22318403734
536,0.0358034106088937,0.0158105966333889,0.000937073013923848,-1390.34599731973
537,0.0241985120349035,0.0230908400862135,0.00138987440970988,-1392.25213288141
538,0.0355797188008839,0.0180013647683038,0.000948290292160655,-1390.29118522305
539,0.0270753403766483,0.0202888649320531,0.000900613169920454,-1389.91335284053
540,0.0256224238126519,0.027255705645175,0.00098220588769705,-1392.15802236409
541,0.0274602820528186,0.0124955271952385,0.00192984717400896,-1390.69346986715
542,0.0208603820089851,0.0125471924437636,0.00174910105465597,-1388.61293919821
543,0.0200083230115375,0.0121750897969249,0.00184292123705936,-1389.03005278354
544,0.0289493040835319,0.00753742746185878,0.00166230828267146,-1390.6746830984
545,0.035051695791918,0.0111285806617364,0.00179232718466869,-1392.35148517383
546,0.0366114836111732,0.00892935498779296,0.00115887941842521,-1391.88340799031
547,0.0234538962252272,0.0270304593029965,0.00084694807586728,-1392.16814082465
548,0.0308495922447533,0.0154007991691557,0.00178423974801668,-1392.25246380295
549,0.0157145960284282,0.016123069930715,0.0013333523848277,-1392.7370544088
550,0.0344382189226921,0.0133293244008252,0.000917101416657348,-1390.87577499023
551,0.0292029037958977,0.020333294193678,0.000844104966948766,-1389.924666507
552,0.0257879436668975,0.0214433318711618,0.000996611823092194,-1390.11900392232
553,0.0241336447272252,0.0158515800810143,0.00103502179816417,-1389.90410247644
554,0.033595807841703,0.0204245468129128,0.00121149312750817,-1391.51426758374
555,0.0270667367548251,0.00977762044176492,0.00117048770107087,-1391.08898300336
556,0.0337099163729965,0.010873443852029,0.00145781144897432,-1390.52216459637
557,0.0226976536903073,0.0161043556829348,0.00138381932096164,-1388.89646878275
558,0.0272185729863876,0.013530542102283,0.00182162751635376,-1390.17359118287
559,0.0198313803052169,0.0130949283661453,0.00172830249933721,-1388.79829150842
560,0.0255416376848722,0.0143160981158886,0.00165788481187969,-1389.03936283991
561,0.0242397797490897,0.0148210335426891,0.00103878597834779,-1389.99086679299
562,0.0314111323693882,0.0214412553764109,0.000672888224104878,-1390.72165677151
563,0.0378441533518537,0.0157836595126821,0.00101729201724103,-1390.9017625507
564,0.0409325082774089,0.0153583145639415,0.00114795271429282,-1392.30596037507
565,0.0198382238786715,0.0139806755216581,0.00160883666942876,-1388.77388931662
566,0.0183441725325525,0.0138351693126771,0.00154039751510419,-1389.52955810518
567,0.0277592129917571,0.0129960346260537,0.00137590745773411,-1388.95205331025
568,0.029580143503797,0.0141287811688809,0.00102157698606385,-1389.85720564516
569,0.028368896520905,0.0227484590296801,0.00101829263917122,-1390.49270067059
570,0.0256573450233543,0.0190390001604967,0.00107210801112931,-1389.66772661512
571,0.0294990335473314,0.011989360753091,0.001501511056319,-1389.51390270843
572,0.0302283182842645,0.0149790782439702,0.000981355941126243,-1389.81268002572
573,0.0291375168569607,0.0241185695556172,0.000815428716504126,-1390.71787477318
574,0.0304924749801379,0.0257230815423832,0.000785622664346002,-1391.31715124141
575,0.029450296566447,0.0213154490909623,0.000992277414033442,-1390.06733070635
576,0.0266393471610245,0.0207543169668143,0.00112214067190957,-1390.07396302295
577,0.0233701688261914,0.0117595922800678,0.00222839142766173,-1391.22075186924
578,0.0181192744753535,0.0155334544469795,0.00186177346827558,-1390.60160629346
579,0.0198436325953776,0.0148946612829343,0.00161779299870921,-1389.00041374448
580,0.0205142082716074,0.0124741252830718,0.00162970445603662,-1388.56383104153
581,0.0206304122873913,0.0131284263693029,0.00146950777612647,-1388.61448855365
582,0.0239727188969828,0.0160059086385905,0.00170699980374651,-1389.56044252954
583,0.0235738494216053,0.01268734299273,0.00142665011126773,-1388.40766484575
584,0.0261024595561492,0.0186574172708229,0.00132334887514116,-1389.90485403633
585,0.0230624834018835,0.0172440360080822,0.00125046349113163,-1389.39492814838
586,0.026074818023814,0.0151288434216062,0.00141970476535011,-1388.83434894433
587,0.0217160345974087,0.0130911909686997,0.00173420685237369,-1388.50461732187
588,0.0265577751447788,0.0100055012111817,0.001230910090677,-1390.51703723747
589,0.0373071744982495,0.0120242780052856,0.00126990967431186,-1391.34580281839
590,0.0308078308629516,0.0219004856888869,0.000991523872707838,-1390.3789655479
591,0.0283750391591872,0.0189769959861145,0.00116577341434784,-1389.77485641571
592,0.0287634210283934,0.0197306317146296,0.00102689723056979,-1389.70866760902
593,0.0281757279109508,0.0188772689520741,0.00108659383982826,-1389.59045200125
594,0.0287985627759307,0.0123698506305749,0.00123895503419404,-1389.42366306759
595,0.0221481461771591,0.0127037383607691,0.00174604844137746,-1388.52271831982
596,0.0260986582965425,0.0132900227978798,0.00107710879306495,-1389.83839832064
597,0.0245718493490875,0.0132692671811132,0.00109133478952206,-1389.87934167762
598,0.0313827439755131,0.00879253442713607,0.00188822922551173,-1391.15183642633
599,0.0284970838419557,0.0103802989356694,0.00152916087619573,-1389.57163247988
600,0.0290479202947695,0.0100653591018207,0.00148573081738859,-1389.72309668915
601,0.0254826249785138,0.00986753531198856,0.00218074003306994,-1391.55176536883
602,0.0265206507621448,0.0107917991989006,0.00203139642347573,-1390.81444285028
603,0.0193993833071396,0.0105501567413954,0.00183959533497096,-1389.84415248435
604,0.0220416674087021,0.0141389705575242,0.00174576943213183,-1388.714755331
605,0.0196472374596334,0.0170114478479973,0.00179355666920017,-1390.60307025442
606,0.0231867426680672,0.00865808477330903,0.00164452027414166,-1390.51206961875
607,0.0317077359971647,0.0122988020496448,0.00149955609028395,-1390.13251827529
608,0.0341274779379419,0.0124597629828151,0.00122573354153643,-1390.44404058617
609,0.0227457237110524,0.0143784320099842,0.00147336341411572,-1388.36009300936
610,0.0293877641751195,0.0166912501814071,0.000761634871670275,-1390.63399496025
611,0.0363371015794838,0.0172175536375605,0.00084421731798288,-1390.39753841299
612,0.0271444143434551,0.0242645583067202,0.00111054058229095,-1391.36247784778
613,0.0236386254864775,0.0233617083800457,0.000826851251331296,-1391.19442707852
614,0.0331040309595207,0.0154997657313676,0.00077408860874217,-1390.65444195801
615,0.0306635033852218,0.0162781650000652,0.000973528850650391,-1389.6279316854
616,0.0278718627502728,0.0203122981919143,0.000864337233817439,-1389.93880658592
617,0.0240624137143804,0.0214336179180732,0.000953533436520705,-1390.41088146863
618,0.0286298386486679,0.0142924589384072,0.00184029427251637,-1391.13770113539
619,0.026810066545728,0.00889868848807691,0.00189208368102817,-1390.49703793496
620,0.0244924473967913,0.0158144164159825,0.000659958270193563,-1394.00401951925
621,0.0433243347566911,0.0163722372620604,0.00102305843737324,-1392.62307813198
622,0.0321028959613862,0.0141117598796369,0.00125337448916716,-1389.89525597023
623,0.0215934468940923,0.013251730767785,0.00134339741070093,-1388.75960721102
624,0.0293801313769164,0.0152685148162147,0.00163581026989072,-1390.57767693306
625,0.027535515886275,0.00871518699648636,0.00157037038974428,-1390.12411943825
626,0.0318050137689817,0.0126219630113255,0.00125482378332607,-1389.88255414292
627,0.0243538333512392,0.0145727757557911,0.00154120873920568,-1388.55149420012
628,0.0246492615248324,0.0135837939765916,0.00162244635356073,-1388.57194253405
629,0.0264534659366143,0.0134385230164101,0.00183756148953405,-1389.94820749307
630,0.0218087729239777,0.0134482628402124,0.00177775352316925,-1388.66551556972
631,0.0277928099417068,0.0142942575253114,0.000809493093506803,-1391.50971740906
632,0.0365210452817554,0.0207872484056545,0.00068207600359506,-1391.03933506624
633,0.0348827967358627,0.0137162450384847,0.000843174693707182,-1391.05900646497
634,0.0360158054289975,0.0220302667345274,0.00113980786219173,-1392.47040395841
635,0.0403653640902469,0.0109184602342899,0.00121123060631152,-1392.15571587059
636,0.0407557285781818,0.0116296943732264,0.00114357376884488,-1392.17232108288
637,0.0207422634674337,0.0201170443078296,0.00136304437371805,-1390.88952682446
638,0.0159783408916191,0.0127474878935224,0.00232892132400671,-1393.5844741208
639,0.0181178544978712,0.0125063921253852,0.00209289575624649,-1390.686373097
640,0.0226304630334357,0.0131306272479674,0.00159734150221478,-1388.2720526357
641,0.0232921099571845,0.0160388018776864,0.00147082451960677,-1388.86201109085
642,0.0283839845577123,0.0136548091645907,0.00141090101173574,-1389.10478584192
643,0.0223484437639079,0.0123648249136321,0.0016966187826645,-1388.44050733061
644,0.0223500753076001,0.0144783748864725,0.00140373397842772,-1388.47579740426
645,0.0196873172456247,0.0165370868656336,0.00151227170402441,-1389.62060220012
646,0.021905287508954,0.0171414575373835,0.00157599816646218,-1389.60332702245
647,0.0240052792344556,0.0128857682638388,0.00145250653265774,-1388.35825767322
648,0.022105887739124,0.0121043654267961,0.00166357386616985,-1388.43767770828
649,0.0227808350339963,0.00855104814718969,0.0019609570187036,-1390.99023742551
650,0.0251075862514053,0.0155157026848514,0.00119136856427429,-1389.05465678561
651,0.0306881104837663,0.0112151245744383,0.00160964399548656,-1390.08044079575
652,0.0182606039606293,0.0113013432727239,0.00200038180219185,-1390.40208845243
653,0.0223560355866586,0.0134920653055161,0.00132101301414473,-1388.688947516
654,0.0235868180084301,0.0141339559165442,0.00164007368001901,-1388.53446217183
655,0.0201738498333467,0.0144895339191212,0.00166781134490449,-1388.84583892696
656,0.0234705507201896,0.0150002433453929,0.00136117496489142,-1388.58544805427
657,0.0260439599193541,0.0177032387278464,0.000998100911684541,-1389.64908652056
658,0.0286316712710915,0.0196724505884371,0.00112729509000127,-1389.87805688755
659,0.0351251737506037,0.0169420044560438,0.00132133901165812,-1391.53609384032
660,0.0239496913280042,0.017457620948525,0.00142830201354546,-1389.46556137087
661,0.0191490584558473,0.0126064454476999,0.00175348362047661,-1389.09125266428
662,0.0251615113797263,0.00948840291734767,0.00170609122214976,-1389.71234344423
663,0.027758861294821,0.0137481758653576,0.00130556841323057,-1388.96902493404
664,0.0284838164741136,0.0103086660050245,0.00136903887786194,-1389.74448845201
665,0.0298253848252073,0.0105666176307893,0.00160405718831335,-1389.86696364805
666,0.0322490730747301,0.0102663972462474,0.00119826624733877,-1390.63275581164
667,0.0333588859300082,0.0184620335885736,0.000823462335338336,-1390.01248437107
668,0.0311956763033347,0.0196315706430661,0.000953099906071075,-1389.80206809129
669,0.0212708915639261,0.0199057182942671,0.0017660186512464,-1392.40276147506
670,0.0200329190439835,0.00758170672533247,0.00184414102291633,-1393.22883504877
671,0.029686656492631,0.00648353921367466,0.00193463729581424,-1391.84037316444
672,0.028244224304095,0.0067429035640191,0.00200803915940471,-1392.01075172068
673,0.0297362358619198,0.0109270979661319,0.00181526127068404,-1390.60087475861
674,0.0228973246945627,0.0123103298655855,0.00198646181300827,-1389.56171662552
675,0.0203810376038868,0.0164746017188708,0.00127510899562438,-1389.74356465139
676,0.0220748635463114,0.0172620368462232,0.00154087996294772,-1389.57900323742
677,0.0183692090584701,0.0151772645157472,0.00168824882557432,-1389.81431839549
678,0.0239480506490953,0.0110613409398422,0.00163650742630966,-1388.79966068443
679,0.025338833488388,0.0132801335353575,0.00172204610335433,-1389.00537634455
680,0.0207500272694314,0.0126663106446531,0.00151348040885211,-1388.56136599559
681,0.0238710115289992,0.0166774428315605,0.00157700454655127,-1389.41835350203
682,0.0260350702871993,0.0147736893680789,0.00140719086044258,-1388.73995197138
683,0.0242525538841787,0.0174492884702142,0.00147636364450003,-1389.58456922596
684,0.0292477582693392,0.0180555290759496,0.00144194620142297,-1390.74466691374
685,0.0250757551169315,0.0160247620835375,0.00149764586500532,-1389.07567752987
686,0.0248210543110871,0.0104016809274658,0.00206757597715977,-1390.6060828991
687,0.0192367352101526,0.0108452739601839,0.00204959314174364,-1390.361766375
688,0.0259116227950205,0.0142097579911235,0.000907689564300619,-1390.98387100009
689,0.0250808856941159,0.015383808823058,0.00152317587697287,-1388.8867589791
690,0.0282908010792442,0.0113417261822732,0.00138667325295665,-1389.33298887886
691,0.0292851345007758,0.013522447163514,0.00127411374416628,-1389.27690610896
692,0.0320081906124468,0.014537799108133,0.000736890562146039,-1391.4135439869
693,0.0335423071850308,0.0186083251878191,0.00100435526430567,-1390.05297052426
694,0.0281588395201818,0.0151747828228022,0.00080837048679535,-1390.98996150137
695,0.0359739980349302,0.0160306305292877,0.00109072787980727,-1390.59578004232
696,0.0410451683046756,0.0105845511480559,0.00141592707635253,-1392.74342580668
697,0.0225489101057867,0.0217301333544612,0.00127275320757339,-1391.0569329292
698,0.0300676255447394,0.00849226518248429,0.00190111937545631,-1390.9706821569
699,0.0257237811846182,0.0165828292110921,0.00120987292536101,-1389.15641493766
700,0.034280540168703,0.0122632076504161,0.00130375063955497,-1390.51940802048
701,0.0359900474667069,0.0181813503297178,0.000887614352930783,-1390.33546731768
702,0.0303746829773178,0.0159819154699466,0.00142723405733781,-1390.19372530289
703,0.0173009979264923,0.0168104004647248,0.00161438496985083,-1391.03165778313
704,0.0153899071707354,0.0121464855273939,0.00191130093719908,-1392.43505530591
705,0.0215662881979449,0.014075944598289,0.00166712553310771,-1388.50450014451
706,0.0215598039308294,0.0142202231698574,0.00149732478156658,-1388.41300705527
707,0.0251284681324173,0.0155211811064647,0.00147474333702597,-1388.85419861652
708,0.02322756007761,0.0153763531081283,0.00149416605917875,-1388.63020039627
709,0.0217685028100729,0.0135370188399247,0.00142836160937385,-1388.43182364652
710,0.0168889834363357,0.0115596275408174,0.00212655276585896,-1391.76919015976
711,0.0181284375219018,0.0142678348516542,0.00184787245561895,-1390.02314435336
712,0.0268815278340241,0.0133780277914563,0.00170910853055133,-1389.44698986725
713,0.0240461640458897,0.0167001328912852,0.00163967812103744,-1389.6774681416
714,0.0168013742501755,0.0130161445187071,0.00151756286899176,-1390.90727218634
715,0.0183240593360877,0.0130547864579749,0.00143942153119674,-1389.87113972202
716,0.0199125870125742,0.0128331335825389,0.00141046880912054,-1389.1060830293
717,0.0218861476973072,0.0164792766085817,0.00116506806404733,-1389.74125143096
718,0.0244900798351412,0.0157775287227447,0.00138269020731999,-1388.79374355328
719,0.022207034851039,0.0144915190247991,0.00182912174698298,-1389.16388998361
720,0.0273546181733944,0.0159915859554833,0.000889111091712979,-1390.20355258756
721,0.030818956163548,0.0147800976130352,0.00100474947555809,-1389.81041008076
722,0.0305044004233361,0.0228065873890123,0.000818458689431465,-1390.42099176405
723,0.0289315784625749,0.0138979931058988,0.00165613552859782,-1390.05359172156
724,0.0227195470061193,0.0127698935400564,0.00158862018867892,-1388.2808505533
725,0.0232780705930127,0.015906780492176,0.00136135080923141,-1388.82093618786
726,0.0262493902509959,0.00958505677845984,0.00137695329120663,-1390.0915013749
727,0.0319055511594445,0.00901208893704461,0.00118193346339791,-1391.25966725079
728,0.0310036443062011,0.015095105248329,0.000817774049980109,-1390.57718632079
729,0.0351076886335039,0.0168488987675572,0.001005783861965,-1390.21139101083
730,0.02727284376662,0.0263256685539319,0.00110033085532586,-1392.30909251301
731,0.0220036545247452,0.0262926389575081,0.000833067923540776,-1392.39653740772
732,0.0301109164068277,0.014235183766158,0.000920101224197645,-1390.32889845212
733,0.0273290948850884,0.0247322548646477,0.00108363358042615,-1391.45577935194
734,0.0256518125302608,0.0143828063463091,0.0014860128409806,-1388.66038975939
735,0.0209576918303252,0.0123727145768758,0.00171837048456951,-1388.56265541504
736,0.023305855969462,0.0170955346114756,0.00146378938796872,-1389.32976285612
737,0.0224165393866807,0.0128624350597457,0.00163951890885274,-1388.31855400518
738,0.0249602307250233,0.0114485102445426,0.00144082255381293,-1388.81958872514
739,0.0232529507695673,0.0117458853354285,0.00176466496972712,-1388.7456464398
740,0.0236175784628049,0.0122623318653975,0.00138420003277564,-1388.61253191223
741,0.0272207336326896,0.0183411465107441,0.000798776316113934,-1390.37745416625
742,0.0334347296791451,0.0267732479622912,0.000899959411549723,-1392.5514654453
743,0.0365813589754582,0.0232415438830013,0.000994738193873074,-1392.26067673744
744,0.0285938087271128,0.0166981782530439,0.00105823661993466,-1389.39578087998
745,0.0313111184369902,0.0144861032275682,0.00113403959721768,-1389.69138807667
746,0.0275219513214015,0.0148623389051565,0.00107580685241822,-1389.45776659112
747,0.0295950062900354,0.0188844970450212,0.000530210930071441,-1392.83593493541
748,0.0357796120914669,0.0212413537134829,0.00127831422837236,-1393.1182598293
749,0.0254618131121193,0.014642457717675,0.00122605485082456,-1388.89683200143
750,0.023808196384743,0.0153848172167056,0.00128163362564837,-1388.81689608818
751,0.0214784613778262,0.0154560536020483,0.00144084687968568,-1388.77436669937
752,0.0306854994924186,0.0143416735775016,0.00120841105781954,-1389.5556218962
753,0.0190596737530621,0.0144712347930476,0.00147251720769556,-1389.29706172014
754,0.0199019567602853,0.0149866791767922,0.00169661432731064,-1389.14336505653
755,0.0196812000851243,0.0150612701555404,0.00129543140850267,-1389.67876220415
756,0.0270639129227646,0.0173438989564794,0.000982553300622429,-1389.59125565862
757,0.0292189004694032,0.0171784886805227,0.00122224814573754,-1389.59595809998
758,0.0230904356694804,0.0159889635803065,0.0012527036646333,-1389.07080632047
759,0.0247105784502173,0.0139555397030551,0.00142480014641082,-1388.43245082165
760,0.0273335786428265,0.0143638867099997,0.00148396791843476,-1389.04520196153
761,0.0250131404200214,0.014872123737031,0.00116375181361263,-1389.13780300107
762,0.0250541800842026,0.0159926243964491,0.00120958349450677,-1389.06147649155
763,0.0231038879057862,0.0165624491501855,0.00155048100762022,-1389.22364060422
764,0.0209614992587365,0.0131105758022306,0.00154632841491051,-1388.42065742829
765,0.0193175020499391,0.0133897841074647,0.00175384246190115,-1389.04620722165
766,0.0185691378895728,0.014264151506759,0.00162016876723595,-1389.39272809072
767,0.0184601412143935,0.0121868037429031,0.00173141059015157,-1389.47438816979
768,0.0242229399614965,0.0104692973829392,0.00144223750040797,-1389.31311781572
769,0.0219068916282382,0.010703652570787,0.00206835960013489,-1390.10469713959
770,0.0236298432494512,0.010117550964811,0.00212009989622438,-1390.75722022084
771,0.0233441779418148,0.011506178191771,0.00179214563976369,-1388.88295579397
772,0.0181006152118554,0.0128678334302423,0.00162666053440888,-1389.61560581715
773,0.0199214405574791,0.0140957028877661,0.00168763855064753,-1388.84699967711
774,0.0196826129693018,0.0116447826566846,0.00194110505104967,-1389.51417296139
775,0.0227235725418048,0.0116144769438981,0.00176518946765427,-1388.72863620343
776,0.0263804746550589,0.0126179398425741,0.00156352916510724,-1388.80376514705
777,0.0272179749830009,0.0140585314004336,0.00173605757999415,-1389.85369862892
778,0.0245801193733548,0.00907511219306644,0.00184840998401813,-1390.17996756799
779,0.025204477169629,0.0125704289595687,0.00124193098510796,-1389.07905292158
780,0.0272086484207155,0.0138478104634038,0.00113435397600715,-1389.35532659526
781,0.0252273964777221,0.014943431632739,0.00123395798013784,-1388.88236143627
782,0.0266677863043225,0.0152343770921193,0.00146515691846929,-1389.05287779838
783,0.0310591802542522,0.0142489727029074,0.00131217432826755,-1389.70995363645
784,0.0287566178712442,0.0170104914352735,0.00127810245121308,-1389.60568154977
785,0.0287605457478996,0.0111148005063617,0.00121718426408424,-1389.92966998086
786,0.0316903153072361,0.0115669725466957,0.00148865241281934,-1390.0608243628
787,0.0257783171199744,0.0115349834775313,0.00154871655712355,-1388.82652037895
788,0.0236087849281279,0.0147026154968131,0.00194120244371458,-1390.08869741598
789,0.0250258666690887,0.0115690805335704,0.0014057457818464,-1388.84611106708
790,0.0232104212978555,0.0128737687662168,0.00138954334969405,-1388.46290311163
791,0.0214061875360395,0.0145998666510045,0.001589350438441,-1388.53561177525
792,0.0231267950979108,0.0146591768950401,0.00180552333207041,-1389.22452835458
793,0.0243645172540142,0.0121378111946685,0.00181985421866886,-1389.07892779633
794,0.0204259056213394,0.0142369957409686,0.00161855012442914,-1388.65324014164
795,0.0241305998805695,0.0128679529833494,0.00170333458721112,-1388.6239691186
796,0.0244532690237061,0.0110002630882211,0.00190575055311423,-1389.59324215934
797,0.0206737852835274,0.0156392407873872,0.00164834203243244,-1389.1302761919
798,0.0313590822376212,0.00917408643428219,0.00144995391376629,-1390.22940805426
799,0.0252147822238735,0.0185373418159828,0.000817507751528875,-1390.70490505544
800,0.0286231827422665,0.0186149264862573,0.000884285238034613,-1389.74563126264
801,0.0319528580722786,0.0215667764046913,0.000638037264485352,-1390.96431102615
802,0.0255321454140046,0.0194332221053462,0.00100921067784487,-1389.79556029574
803,0.0270746483759876,0.0172681816881999,0.000873508993848091,-1390.07794330615
804,0.0344839326053547,0.0191572232426964,0.000817791292747835,-1390.19256277168
805,0.0313632756228247,0.0171573454333086,0.00148617512325169,-1391.27873793355
806,0.020624126173675,0.0167761832424056,0.00135870305233979,-1389.53230226032
807,0.0238839786864398,0.0138031350013416,0.00130829206656266,-1388.60562518958
808,0.0376019963187471,0.0140835105287925,0.0012488168359702,-1391.51401553055
809,0.0356853981967855,0.015244284335247,0.00151685393767158,-1392.44794831477
810,0.0317950897018632,0.0121782087149794,0.00140320426903537,-1389.95606527765
811,0.0277905742211477,0.00764857539142656,0.00143283294775975,-1391.1529371869
812,0.0329355120228899,0.0117058867984376,0.00139017935841933,-1390.2409481142
813,0.0256508322864135,0.0146563987451691,0.0014178109915857,-1388.65783625429
814,0.0279115721857238,0.012267023186969,0.00157961662119951,-1389.24498311032
815,0.0165962945117136,0.0161955765670361,0.00206584258986835,-1392.97659032923
816,0.0253257395333237,0.0144840843255594,0.00153898221493858,-1388.70001801331
817,0.0245728653011238,0.0118491775440657,0.00154013038075935,-1388.56694032011
818,0.0267811191801307,0.0114409630583192,0.00169371945100402,-1389.30824490084
819,0.0222225923307919,0.0132462452003791,0.00141576267588263,-1388.41741089893
820,0.0253299114592556,0.00999799815137528,0.00181865514177208,-1389.71687483839
821,0.0225819295004089,0.0132457643203496,0.00168071472531029,-1388.40012556518
822,0.0215290511943006,0.0119618088450254,0.00145430711059676,-1388.71962086426
823,0.0223311290589005,0.0140758630465276,0.00122951879786342,-1389.10685484138
824,0.0265332466880968,0.0246147922359391,0.000948229372857549,-1390.95114591505
825,0.0300839128723312,0.0137088225201222,0.00167995709437186,-1390.56765650668
826,0.0210889010481198,0.0148171392962786,0.00172666169176817,-1388.92405972346
827,0.0210738874764601,0.0148435835551997,0.00141916375398608,-1388.72399956769
828,0.0178003675579745,0.016829604378275,0.00137258908250925,-1390.8298554026
829,0.0298212892331057,0.0103498482051793,0.00140956271113682,-1389.79129811147
830,0.0256669443236885,0.00986155128281317,0.00171842205515259,-1389.58279029726
831,0.0282046268885711,0.0106203808944007,0.00160313007307077,-1389.54546505039
832,0.024524400339647,0.0107370682954588,0.00154628721466635,-1388.98344819183
833,0.0199675511075172,0.015441075455441,0.00143986596879629,-1389.16972259429
834,0.0266382859569264,0.0127226581510803,0.00153503959958754,-1388.81565497062
835,0.0246219860710952,0.0142036861103618,0.0012493964195497,-1388.80095764685
836,0.0244312918401772,0.0146673096766468,0.00114859997877279,-1389.25794991015
837,0.0252454815106449,0.013343247247255,0.00162775781196436,-1388.6883345214
838,0.0204477484590978,0.0163047173299344,0.00179303076114415,-1389.99934616229
839,0.0193813345964205,0.0151323131236411,0.0018350709084529,-1389.7874532027
840,0.0200008722396136,0.0106704357989994,0.00155158510169858,-1389.64603481753
841,0.0262893755821386,0.0145853933873209,0.00112579972365082,-1389.28633234228
842,0.0262907191367911,0.0113019302835987,0.00102744768920105,-1391.28942187441
843,0.0307632657093848,0.0257097177422905,0.00103163965695289,-1392.11293708669
844,0.0303721836981542,0.0139088022287929,0.00138140446861258,-1389.60612865803
845,0.0322835182423105,0.0137237639600405,0.00161697476833822,-1391.1017495643
846,0.0296742453254419,0.00873665433185179,0.00163455585675078,-1390.17498779961
847,0.0317474473271513,0.010993015552369,0.000841908062917178,-1392.99843167393
848,0.0420180645287916,0.0201113934323294,0.000781748466475977,-1392.20337848139
849,0.0458068233535269,0.0192811337938402,0.000602470913277319,-1393.49780313856
850,0.0459420370078988,0.0212144219993949,0.000514882858699965,-1394.41969086679
851,0.0339442035404992,0.022512244022247,0.000991050009470244,-1391.18967853653
852,0.0201064269435386,0.0154689215134632,0.00176325532872351,-1389.4903935934
853,0.0221721676821977,0.0150097483908797,0.00157936408535384,-1388.59235970552
854,0.0250506515520316,0.00997612267823226,0.00148585685727691,-1389.52230322443
855,0.0274243629670335,0.0108640559259262,0.00155373506350512,-1389.29501168091
856,0.0182089382051749,0.0123438801333226,0.00150553057587542,-1389.89415377103
857,0.0275356882207122,0.0123932840727705,0.00131104005370824,-1389.0741705195
858,0.0293491182999712,0.0180214089548753,0.000915103634820639,-1389.63192560443
859,0.0338983011984525,0.0185636463375854,0.000828879062749867,-1390.0606919468
860,0.0317880332093806,0.0175473889283928,0.0011894700651825,-1390.0639488754
861,0.0214141393775528,0.0124488936254847,0.00160498629788447,-1388.39897651558
862,0.0237633038633169,0.0129742088621643,0.00159804070131897,-1388.34988589406
863,0.0220827972801068,0.0136428509373844,0.0016026030288573,-1388.30986460562
864,0.0215581936994365,0.0157933474766251,0.00155566551835105,-1388.91145696182
865,0.0186325007703651,0.0168651072852474,0.00168247033073862,-1390.45422930848
866,0.0201912668225096,0.0159617474998056,0.0014151375397295,-1389.29164077155
867,0.0236501451663677,0.0160911842839036,0.00120484992776511,-1389.17572751935
868,0.0322621305573271,0.017921578185067,0.000961477337378796,-1389.73104112182
869,0.0255067106179801,0.0180842746409772,0.0012551749933165,-1389.52725996932
870,0.0281800163755567,0.0180426738692166,0.00107348507583099,-1389.4571175627
871,0.0273937976166513,0.0181525802052066,0.000837245698694592,-1390.12061543315
872,0.0351209664950966,0.0183011552053328,0.00104690284446014,-1390.47029605097
873,0.0330661710237436,0.0150955305127717,0.000912173473256561,-1390.1482125279
874,0.030461373547377,0.0185038476347081,0.0009701692818194,-1389.60333724732
875,0.0320846204910715,0.0189118180025635,0.00133437277591511,-1391.28614892995
876,0.0224580905437292,0.0104463884248199,0.00182297672618837,-1389.29079726453
877,0.0227996579676921,0.00995691936416734,0.00155190765485061,-1389.51757927587
878,0.0380405206401189,0.00944949550881736,0.00124121616300429,-1391.74111217201
879,0.0258162148946718,0.00989420596514117,0.00211101330412461,-1391.17564795657
880,0.0244950911042103,0.0151055481556874,0.0011124625935647,-1389.42969255729
881,0.0223631932743801,0.0126606142153425,0.00183250658356126,-1388.80280099435
882,0.0248679594624996,0.0133747043481549,0.0018209556666107,-1389.31553084189
883,0.0229933135663368,0.0111474742181586,0.00169650445866318,-1388.7627047307
884,0.0191531815444735,0.0153366944639931,0.00137850285758102,-1389.64425127314
885,0.0244408228671328,0.0133396423779569,0.0016789155336523,-1388.64853020371
886,0.0223695875831893,0.0125105063323346,0.00157574935195106,-1388.31025159719
887,0.0206872507172298,0.0151468903482695,0.00150731144715196,-1388.80077356504
888,0.0227282423750401,0.0141384950624061,0.00151707878435825,-1388.31457125633
889,0.0259726942171014,0.0139106644107931,0.00137239719076643,-1388.6293092533
890,0.0217355288606214,0.0142552445934195,0.00148039189791189,-1388.40726364247
891,0.0225092266709854,0.013812002935218,0.00143918661407952,-1388.33754742997
892,0.0221372172096652,0.0140949488174143,0.00168822297877602,-1388.53830934847
893,0.0233319362739088,0.0132028020747212,0.00170077358875393,-1388.50978355064
894,0.0208605689208941,0.0109484131257023,0.00172590301340226,-1389.03649347307
895,0.0235043561507089,0.0105190057265503,0.00192369710001753,-1389.64149847098
896,0.023009023121022,0.0144775169086082,0.0019441590652418,-1389.87509155852
897,0.0176919377362451,0.0128865823389399,0.00176489912829481,-1389.91427757514
898,0.023130069621639,0.0124310405557078,0.00134672844274751,-1388.7101105353
899,0.0244353988050799,0.0122567300288506,0.00153133728761309,-1388.45728999447
900,0.0233284764928753,0.0102392372555531,0.0013578324387079,-1389.89923381576
901,0.0233863408120126,0.0116169373834276,0.00148125230917882,-1388.61839393789
902,0.0186790342943986,0.0149499911333205,0.00186205687429958,-1390.065723713
903,0.0201246930855802,0.0167192240247274,0.00130809199465874,-1389.7931750104
904,0.0256651937055741,0.0157290139522407,0.00150313236501503,-1389.08148032301
905,0.0209992253928086,0.0112218070795065,0.00194042186469801,-1389.39129316456
906,0.0243953899866755,0.0109227646266603,0.00192881607369093,-1389.69851586277
907,0.0222562386847421,0.0130664825159661,0.00118025618681783,-1389.62867225801
908,0.0209827752588636,0.0202279127793224,0.00120151260517404,-1390.72054443745
909,0.0357375275062018,0.00924761931950312,0.000962410911704476,-1392.96500072774
910,0.0354108480214218,0.016287943596616,0.000924411254617991,-1390.22889157882
911,0.0348316800386488,0.0170154684367725,0.000898227287146403,-1390.09876084158
912,0.0349885812234908,0.0152787375355508,0.00116454377612109,-1390.51798904512
913,0.0240417712253314,0.0217492999246826,0.00144769428296927,-1391.84921144183
914,0.025218560821659,0.00866446757740504,0.00136858687911361,-1391.04334068348
915,0.0291701133523864,0.0153814867153547,0.00116179204702949,-1389.33310989192
916,0.0352833513098798,0.0165238525775846,0.00084510412703281,-1390.28019313444
917,0.0256415668992041,0.0185693940784074,0.00154624883624902,-1390.67887307343
918,0.0214776462072688,0.0148075872425911,0.00141781607887419,-1388.63259916392
919,0.0239427454908861,0.0127155079463367,0.00132292056429078,-1388.69193866756
920,0.0247231089167207,0.0155923409933978,0.00174836284064395,-1389.70853848015
921,0.0225891769575992,0.0150925048292623,0.00154907223446467,-1388.57465686733
922,0.0201305417578541,0.0104365249928696,0.00154534042603276,-1389.79720004823
923,0.0314613380363084,0.0151165376236694,0.00146185018555899,-1390.43924038377
924,0.0316925411035646,0.00996971955794252,0.00133392315951062,-1390.24030409265
925,0.0334941734771607,0.0133687330222775,0.00127230290842533,-1390.27329594907
926,0.0197915040743667,0.0128298757374179,0.00190265116296068,-1389.25631064857
927,0.0192579603021499,0.0152783657428616,0.001963391375078,-1390.49706689983
928,0.0245816474495847,0.0156513835976406,0.00195330369743008,-1390.95523284843
929,0.0197091943936734,0.0123716396247672,0.00135553825666578,-1389.60174760361
930,0.0276042144422288,0.0127477840720945,0.0013500293181241,-1388.96439729473
931,0.027937833525317,0.0116689541134787,0.0013641094820868,-1389.21853481085
932,0.0249744519379038,0.0173743939742715,0.00135177871547758,-1389.37052335752
933,0.0229257878552472,0.0103137572697656,0.00198287907740797,-1389.90680266708
934,0.0219663565266743,0.0139992367571419,0.00135991212742813,-1388.5896606999
935,0.0244392295140872,0.0179531609416207,0.00137139063656274,-1389.61265698949
936,0.0270753712848629,0.00998624416042774,0.00157225116243191,-1389.54069596936
937,0.0263698152334405,0.0161807826356516,0.00115196970907111,-1389.19736414278
938,0.0401543663826048,0.00920982320023959,0.00139475258031183,-1392.37244139373
939,0.0219869130603178,0.0136763542457211,0.00152763457173533,-1388.28967837048
940,0.024611228141971,0.0134953485957644,0.00129059484700198,-1388.68778885392
941,0.0231591405760587,0.0147104319678591,0.00139239281218568,-1388.48749417842
942,0.0299331875362757,0.017151421433405,0.00129729635123846,-1389.93894875168
943,0.0245511909214637,0.0111854585964437,0.00223432078265863,-1391.59173736862
944,0.0219224710888613,0.0121862754501181,0.00207709095374959,-1389.94013140976
945,0.0202136647290325,0.0121214343115443,0.00132825604695675,-1389.62523373444
946,0.0301392018944151,0.0157337500353958,0.00144687680870879,-1390.11930062704
947,0.0224832434735154,0.0124532384833447,0.00155589938401131,-1388.31827486093
948,0.0256790706144073,0.013543042862518,0.00098586536942609,-1390.55462366635
949,0.0292379582710478,0.022065565129218,0.000653479522851658,-1391.01791792041
950,0.0254518340251322,0.0184953755972091,0.0011541468127863,-1389.56933830607
951,0.0173550957559521,0.012472267028957,0.00254251599884187,-1394.26888753666
952,0.0231007909048456,0.0137539601331421,0.00199784925737479,-1389.94969195799
953,0.0183222743684999,0.0117548045580557,0.00140218806171851,-1390.52704586016
954,0.0313748261562423,0.0188249437189093,0.00146580756720227,-1391.92779189349
955,0.0260992443795656,0.00992755220619874,0.00191528788812297,-1390.20810124309
956,0.0215543449486978,0.0086801870277193,0.00215077542138299,-1391.83022983895
957,0.0271252438881905,0.0135159426143818,0.00104740034803328,-1389.91754441822
958,0.0303457952472292,0.0182378059760907,0.000636944595514325,-1391.33038252018
959,0.0423891288427606,0.0221297813231575,0.000725982657883507,-1392.85851099827
960,0.037070675504673,0.0144927066997847,0.0010670657764637,-1390.87857722811
961,0.0347379884285856,0.019506218090138,0.000951427992845137,-1390.34133956403
962,0.028515953962548,0.0226946052784068,0.000924589708408113,-1390.31168235728
963,0.0204667609771447,0.0207870930711183,0.00158842126848559,-1392.0999042091
964,0.0223792378615982,0.0120773848650377,0.00177985210425984,-1388.6629983344
965,0.018490647803915,0.0108641671388042,0.0016975441258966,-1390.03266280965
966,0.0307189621429585,0.013268258825624,0.00103836400199048,-1390.1034922401
967,0.0245259808759105,0.0192759644207967,0.00091112240693689,-1390.27029053081
968,0.0362339781309111,0.0119764042061478,0.00153686158396461,-1391.7396322111
969,0.0304317794106724,0.0155570951162986,0.000697532739903175,-1391.52015968016
970,0.0408439235322233,0.0236102311872793,0.000480642072811337,-1393.74154884589
971,0.0420364572783755,0.0202190204560672,0.00109635355809031,-1393.6874278603
972,0.0409433804875514,0.0129226116813406,0.000959162722809694,-1391.95000617646
973,0.0277748861215585,0.019359933722293,0.00146503727410088,-1391.15148343013
974,0.0299666188821471,0.0165142862997428,0.0013192428079485,-1389.84681438981
975,0.0311824565707049,0.0168475832161719,0.00140094693827391,-1390.62116195219
976,0.0180946820008139,0.0103400793427361,0.00203150478809787,-1391.15830254392
977,0.0270132382935415,0.00847186928600928,0.00188621259878338,-1390.64422024371
978,0.0235145055609683,0.0143709316505112,0.00135887049906137,-1388.49418074267
979,0.0219073835290664,0.0180604824621579,0.00136470969073324,-1389.76887174975
980,0.0233767601860001,0.0112810804816651,0.00168686314220576,-1388.7241872212
981,0.022464264396545,0.0138734246488731,0.00163409290841386,-1388.38219697664
982,0.0203647263655582,0.014212863116256,0.00145195469378594,-1388.75355221894
983,0.021624310280232,0.0159588948506068,0.00141649026361568,-1388.94191322626
984,0.0281689298623365,0.0149248934587368,0.001457247571913,-1389.33435991447
985,0.0250037868582302,0.00955622323920463,0.00170242473791611,-1389.66439740537
986,0.0219919396817253,0.011103697520904,0.00167317760915986,-1388.7748239809
987,0.0220955909062617,0.0150692109445713,0.0011891923394847,-1389.40536059726
988,0.0227414017364822,0.0180191283796586,0.00115824893445021,-1389.80874736568
989,0.023763443463529,0.0245838089329328,0.00103791335814411,-1391.33819630738
990,0.0283373067317535,0.010938583104233,0.00110028479020658,-1390.715584423
991,0.0271347522293688,0.0154148498466609,0.00110157941484132,-1389.31577819892
992,0.0321135031390008,0.0148651800757877,0.000930075710977026,-1390.09140949855
993,0.0321433335082282,0.0153838406542686,0.00123882836448941,-1389.96324024587
994,0.0233849740016337,0.0149459282971823,0.0016530871881403,-1388.78728625797
995,0.0243174525419443,0.0115599869536622,0.00140984652661771,-1388.80698145943
996,0.0306264164846583,0.0120409511845487,0.00156551516367315,-1389.97863336271
997,0.0223332016082757,0.015804706327775,0.00141058694686078,-1388.80254388761
998,0.0296156729102533,0.0125038727659994,0.000958908690265734,-1390.9034541618
999,0.0384072274852409,0.0231301791755999,0.000872641601871871,-1392.2191605381
1000,0.028445861787382,0.0188454777776558,0.00127807603849534,-1390.11588134689
