"i","asc1","desc1","pol1","p"
1,0.0519760661688998,0.0444342784162892,0.010794786371883,-1680.08499220271
2,0.0589202510236184,0.0287701634636508,0.01049060121616,-1653.6648870234
3,0.026230596530826,0.00165613794735607,0.00799291327509009,-1540.04662812883
4,0.0270371047341947,0.00280381375307476,0.00356623620466846,-1441.49299152003
5,0.029640609820147,0.00560619354075457,0.00145653047508004,-1416.19208797265
6,0.0213378850849936,0.0109191567735018,0.00133212283208876,-1411.132791005
7,0.0199559100706954,0.0139443494680024,0.00131971784043703,-1412.30961840213
8,0.0203967508678915,0.0142622151462048,0.00130890618611472,-1412.54891258258
9,0.0166898172932434,0.00929371496757737,0.00153533902902734,-1412.05305192696
10,0.0194571637058981,0.0112991859752039,0.00138045954440971,-1411.06150885286
11,0.0180768277263151,0.0118915548560801,0.00146802131296376,-1411.4044879439
12,0.0189788927954038,0.0124857185345348,0.00136958831877779,-1411.52282623677
13,0.0211863360020996,0.011771714887309,0.00131899235062632,-1411.32779232389
14,0.0215539680149327,0.0135406689927376,0.00123929253945351,-1412.33096641252
15,0.0225591053860183,0.00806150338542515,0.00181369237561205,-1412.74205343904
16,0.0214922792692439,0.0102117773852923,0.00142897328738453,-1411.00877486918
17,0.0151114910589147,0.0118582816886629,0.00162190411897936,-1412.60210537368
18,0.0242028505215086,0.00884244860190589,0.0012504027061714,-1412.6093859137
19,0.0241610812018687,0.00828175893411262,0.00149431543543377,-1412.41740200491
20,0.0178238281693604,0.011536387480908,0.00157504364175891,-1411.43408798284
21,0.0216411501809783,0.0115521583739243,0.00148815232913874,-1411.36968370697
22,0.017427359490708,0.0111287392185978,0.00156335579263678,-1411.44129344365
23,0.0172665570338318,0.0124138741546986,0.00127843200248133,-1412.18085241804
24,0.0234360827052615,0.00782487164228119,0.0021857998187647,-1416.08424553653
25,0.0217831547786829,0.00787074776911027,0.00127994133769888,-1412.62426500695
26,0.0202876956633071,0.0137959242715252,0.00132654484762931,-1412.23461720706
27,0.0196845855359,0.00809978210807162,0.00170496911592691,-1411.706971778
28,0.0197450941147196,0.0120331479055999,0.00121159314257933,-1411.75081874965
29,0.0167536198111863,0.0155404027929489,0.00146239996367291,-1413.45903737909
30,0.0187041117662585,0.00888367304943557,0.00143158228772139,-1411.49603379897
31,0.0223875557500422,0.0125912152443127,0.0013647060636818,-1411.92339006362
32,0.0162078401373919,0.0137407328660646,0.00136210131642128,-1412.63448622389
33,0.0183530810397106,0.0104873875142316,0.00151644038667126,-1411.05315402125
34,0.0227587350619978,0.00846536030748902,0.00143405903152252,-1411.83013475775
35,0.019250236548345,0.0142995503369162,0.00124796376682647,-1412.60542064203
36,0.0186454509242449,0.0133247662202829,0.00134444636839969,-1411.97420534339
37,0.0165398046574566,0.0177459220607871,0.0012081442007382,-1414.80265743755
38,0.0210133092719872,0.00940097040791197,0.00124379100859573,-1411.66417875773
39,0.0195395564850942,0.00940900847442581,0.00184324306328522,-1411.8029261566
40,0.0192893430269295,0.0127679366398274,0.00138483586283979,-1411.61057514425
41,0.0177826669211937,0.0139630754549935,0.00134125579300227,-1412.37618208787
42,0.0210415846582909,0.0156388270781625,0.00130262791705373,-1413.59635271973
43,0.0242837072743695,0.0119764433964638,0.00120830703708631,-1412.52492815084
44,0.0208186814200442,0.0117417455314675,0.00162872383258573,-1411.66830912223
45,0.0152766233087128,0.0107168931185159,0.00151317506632809,-1412.632187532
46,0.0249515824586319,0.00990013274294705,0.00141683401930883,-1412.42892676025
47,0.0239853667416464,0.00938294048241669,0.0013197367738548,-1412.10046750943
48,0.0249565010952775,0.0112113847401472,0.00137770302365805,-1412.55785577764
49,0.0206187303220865,0.0109765393084859,0.00174040363334623,-1411.78145260619
50,0.0168835514295172,0.0107604628481344,0.00146745700863336,-1411.70199063401
51,0.018276507749997,0.00975836846265235,0.00160082426950372,-1411.14925592255
52,0.0184788211339165,0.0101157214853486,0.00147393727387778,-1411.05848055315
53,0.019860881581589,0.00991284096089928,0.00160137172073528,-1410.95873881252
54,0.0178145952545153,0.0100430528368773,0.00162360997415288,-1411.27817367308
55,0.0178082123427094,0.0110153533500993,0.00146805269271878,-1411.28996779813
56,0.0230133889673679,0.00585645879233731,0.00167554959687914,-1414.41517757354
57,0.0262158125501837,0.0061027087797975,0.00162664601072015,-1414.62043943741
58,0.0231806591480262,0.00834703255036758,0.00161878122876257,-1412.15778156369
59,0.0246905645372802,0.0102612350248676,0.00118720203231338,-1412.64578171752
60,0.0175926604029373,0.0113414924726438,0.00127111295932455,-1411.99436049205
61,0.0235845764598921,0.0115024650905153,0.00137589749125612,-1411.92850610044
62,0.0212449107710013,0.0108189120296513,0.00159537452140671,-1411.28094710515
63,0.0189445771355325,0.0110993927163032,0.00168339213699739,-1411.39441325247
64,0.0201242220535144,0.00804147877130631,0.00197270177985181,-1412.96118523832
65,0.019286980526416,0.00776752182683994,0.00132837272896071,-1412.71222738509
66,0.0229632843072749,0.0138265840906269,0.00130353724731238,-1412.81321370579
67,0.0218208604913195,0.0126415147251302,0.00109813079391615,-1412.55789617564
68,0.0276776245985885,0.0125872931595044,0.00147504471837319,-1415.24847899153
69,0.0263118956840751,0.0120697619670555,0.00167215425913929,-1415.09883103988
70,0.0213897275904709,0.0110749704037854,0.00155530014944758,-1411.28230748095
71,0.0180813121779706,0.0113899884415619,0.00148585571594279,-1411.2602582604
72,0.0220974231988541,0.011054400468941,0.00170128291934937,-1412.10232794188
73,0.017289799827572,0.00862866493368885,0.0015989154275111,-1412.00513813663
74,0.0201964779959452,0.0111441661414708,0.00149796683605486,-1410.99256818923
75,0.0202106801087429,0.00832521864803578,0.00184830109889811,-1412.12487439409
76,0.0203086097390224,0.0114988504337617,0.0014595726798449,-1411.07430209262
77,0.0185440882470499,0.0111170450052419,0.00164325109475988,-1411.30468711074
78,0.0181888925688581,0.0153660434744739,0.00147800166404398,-1413.33735914654
79,0.0215816731539572,0.00586046201416597,0.00212429332655738,-1416.62366420504
80,0.0239925299058685,0.00734420127038754,0.00148043447186065,-1412.90285339636
81,0.0191126206397794,0.00951582390049595,0.00113801194189264,-1412.78877342091
82,0.0253827455925772,0.0116185981422256,0.0014699806333169,-1413.15140864112
83,0.0197700954492221,0.012527161277745,0.00155198819622289,-1411.6781119944
84,0.0193976554591788,0.00986893154360174,0.00178966337429484,-1411.55692743651
85,0.0169411137355106,0.0118913796143974,0.00163052272841692,-1411.88559261277
86,0.018218491596364,0.0105218414421082,0.00144647514146507,-1411.14518286553
87,0.018875287507489,0.0101954508730768,0.00153604439261944,-1410.94733417211
88,0.0206361612058856,0.0103368122301344,0.00122373949567701,-1411.50344820274
89,0.0218473636285575,0.00997935746324626,0.00173478661497056,-1411.85300010005
90,0.0209786033209724,0.00941915782128989,0.00164682268053924,-1411.21952405224
91,0.0213559040872899,0.0108344970528691,0.00143075196912188,-1411.03543885606
92,0.0203418147067397,0.00977110440943989,0.00139965113076057,-1410.96196895559
93,0.0194972381298799,0.0106307889129607,0.00154395043509554,-1410.92339890776
94,0.0176554659681551,0.012319688459124,0.00139592468582201,-1411.69820875672
95,0.0225532045675598,0.00844126410168742,0.00131555584174223,-1412.09104633022
96,0.0236569226552186,0.00880192943635637,0.00137961581286383,-1412.05541468271
97,0.0208883546563716,0.00893002562269556,0.00166500819944186,-1411.33800789803
98,0.0228373642027275,0.0114323020095051,0.00119801934571024,-1411.92999955605
99,0.0168844165216795,0.0117969309327599,0.00171708946570497,-1412.11766652692
100,0.0227010222064081,0.00832956835125175,0.00131201169415819,-1412.21382492427
101,0.0228573874057253,0.0105838502279632,0.00160672894475958,-1411.86227101299
102,0.0162344474259414,0.0110805870083106,0.00107135363313464,-1414.70506425067
103,0.0248467254737762,0.0119683725520448,0.00160978696259383,-1413.59316481388
104,0.0189768322045353,0.010614575298298,0.00101022540006581,-1413.84043968589
105,0.0240844712628868,0.0134943346770916,0.000909853261767697,-1414.55365296749
106,0.0195070302983848,0.0218959478011098,0.000893457410411285,-1416.79388308281
107,0.0199420836014421,0.0104919821266065,0.00155312858153522,-1410.91871463468
108,0.0200346899932556,0.00970153213703309,0.00134206805120842,-1411.14761800984
109,0.0203934953177242,0.0103490060262964,0.0014957326907744,-1410.86845741221
110,0.0202477082982536,0.0100047606419725,0.0014131831289091,-1410.90525321665
111,0.0207359053728979,0.0137915572829498,0.00121924396471372,-1412.42801515792
112,0.0190640280860828,0.00996318014864156,0.0018522522730778,-1411.86940898301
113,0.0189264282317701,0.00883929152146971,0.00155158957754979,-1411.25816088289
114,0.0235469402639008,0.0121437784458097,0.00136657625571031,-1412.14329403888
115,0.0231050603045662,0.0122935198128509,0.0014946713420125,-1412.28081683562
116,0.0201231951862215,0.0101001259275763,0.00168396644663348,-1411.21019231479
117,0.0186305670249478,0.00977408072090633,0.00188223679304638,-1412.01871623757
118,0.0172782745088187,0.00931838762634168,0.00144262433126014,-1411.88521363861
119,0.0169444385626486,0.00999519071443672,0.0014266174731886,-1411.88421596053
120,0.0238129392523824,0.00890780528585882,0.00175908221164797,-1412.89641674067
121,0.0236663552044,0.00980615032442791,0.00172487352963981,-1412.68595555695
122,0.0206895929813009,0.0111025918760285,0.00166302955324478,-1411.48993712768
123,0.0202723212243469,0.00856227174181903,0.00159414194641983,-1411.26968781746
124,0.0213359511025081,0.00826709362407981,0.00156352664284119,-1411.54551371607
125,0.0205957271180413,0.00733432294413144,0.00156157089963266,-1412.24951757626
126,0.0244023441852833,0.00969571558084582,0.00167225154253132,-1412.83987582655
127,0.0189621464537288,0.0105925242556766,0.00165753177013883,-1411.173349248
128,0.018946626937913,0.00812103080291314,0.0016226429104589,-1411.6869715562
129,0.0213351526583695,0.0102197151936373,0.00133302449711741,-1411.11307072142
130,0.0214566583299228,0.0105097889023623,0.00139015701687076,-1411.03248913332
131,0.0193625169444513,0.0107339141335161,0.00131708209324021,-1411.18065475371
132,0.0187311347586418,0.00930529909100325,0.00196715490911713,-1412.51510274313
133,0.0208341902369786,0.00967505025038437,0.0011091156370458,-1412.56225623657
134,0.0218952950125292,0.0101419292189813,0.00175605063545604,-1412.01218263761
135,0.0179439991275046,0.00783755090257996,0.0016417528791365,-1412.32180047103
136,0.0195117673364349,0.0138069267119152,0.00135145878242215,-1412.19554092452
137,0.0187525804131173,0.0110075327501919,0.00136630127953385,-1411.16983350598
138,0.0258596311138624,0.00970409078849622,0.0013362388836106,-1412.9228455387
139,0.0193200319934733,0.0114790754903262,0.00182674889131941,-1412.27108438758
140,0.0201541015038101,0.00809602432097203,0.00179170278565984,-1411.98958735971
141,0.0200727668497268,0.00942588516130078,0.00117469662183126,-1412.21490814401
142,0.0258795511184002,0.0109620525116423,0.00095447425335777,-1414.64021528872
143,0.0263135457871457,0.0132061704134324,0.00131152134546415,-1414.07429921638
144,0.0166404547828158,0.0135896325328577,0.0016398567736555,-1412.7236164021
145,0.0181181655950755,0.0134134313881986,0.00185206470562727,-1413.67964369147
146,0.0172853652397837,0.0137639738714589,0.00157676217484404,-1412.53839438268
147,0.0160999890942866,0.0143948469819302,0.00125280442758293,-1413.20839099918
148,0.0129605656044831,0.0138720293611986,0.00175728094123538,-1414.9613283733
149,0.0125464419673491,0.0111686453028928,0.0018335737770481,-1415.23617085143
150,0.0207148977245964,0.00674002645520486,0.00187730494513288,-1413.66875230532
151,0.0181308115536175,0.0101607449764913,0.00154790733273156,-1411.12007011279
152,0.0175693939933149,0.0107352083191949,0.00137340566918968,-1411.57986789619
153,0.0204888763688948,0.0109794473101238,0.00108191290523174,-1412.50471583969
154,0.0196141425484387,0.0112917288451775,0.00135735256395899,-1411.08700398529
155,0.0236679389593944,0.011792645028149,0.00133682318867564,-1412.04733635566
156,0.0173697907408668,0.016132051903497,0.00119712244566787,-1413.78770670784
157,0.0211508744910561,0.0148747471105588,0.0014112793465816,-1413.24010593261
158,0.0214066940465594,0.0133252213081264,0.00174577473314987,-1413.60427963129
159,0.0157834235722084,0.00836869089917991,0.00167960540776183,-1413.32012628462
160,0.0220171535950504,0.0104491732115363,0.00171034803650727,-1411.90357555281
161,0.0219450484014234,0.00866263629605272,0.00160062353170888,-1411.55685355382
162,0.021681458428813,0.0106872399467184,0.00129713307869446,-1411.25169429988
163,0.0164254030836828,0.00839077107758737,0.00149081891261797,-1413.03345307785
164,0.0163317130310616,0.00772878749155427,0.00177963992982108,-1413.65699347709
165,0.0226917097491997,0.0120455450255202,0.00148676413541073,-1411.94844359561
166,0.0238018338651415,0.0120014595372419,0.00147634808869638,-1412.41258963565
167,0.0253100870416518,0.00780395121775428,0.00148314498935665,-1413.12664593674
168,0.0250562442577463,0.0110151878653695,0.00102949917871832,-1413.66668278074
169,0.0280332769520529,0.0160343871541457,0.00128459339437486,-1416.88367651268
170,0.0197873842436623,0.015406155992208,0.00110184547296671,-1413.60897085543
171,0.0195863575678465,0.0136583384655352,0.00143279584404027,-1412.14497926234
172,0.0171734288481211,0.0123072813871321,0.00145099021389722,-1411.77632644903
173,0.0212270931509517,0.00994624689422964,0.00132660411313944,-1411.15262343934
174,0.021667512956534,0.0106332894804211,0.00148307386519947,-1411.10811485785
175,0.0175830247835058,0.0124537896751356,0.00122012142542148,-1412.3667752586
176,0.0223430634763194,0.00984834042517577,0.0016462465944733,-1411.66348765742
177,0.0217617036660711,0.00832960380534432,0.00142818412352234,-1411.67474772458
178,0.0228402543964606,0.0133421424260235,0.00148058761258941,-1412.79550773211
179,0.020650201018721,0.0108268736788067,0.0015113379123545,-1410.97838549454
180,0.0208735803375394,0.00858352272688385,0.00130055513929052,-1411.84533548084
181,0.0189239878737042,0.0136886457862862,0.00118866321200342,-1412.55658167817
182,0.0271118157952233,0.0145252757835789,0.00122382455567796,-1415.12047213323
183,0.0290242087232555,0.0124378829238224,0.00106351170944966,-1415.45037747301
184,0.0276502254351415,0.00909933066619652,0.00104294786610169,-1415.10415289885
185,0.0183665674967515,0.0104726060302904,0.00144587887000985,-1411.10090422156
186,0.0216414161370124,0.014762022797598,0.00149632079708617,-1413.56806900283
187,0.019594400378688,0.00778607918425173,0.00138262932953117,-1412.30725194531
188,0.0203662615552566,0.0140348127464562,0.00129604229447732,-1412.40985587611
189,0.0180287565808997,0.00933156344571925,0.00131607134572326,-1412.01873483873
190,0.0187970173693204,0.0131761285533219,0.00145656860603115,-1411.87287245317
191,0.0192050510273956,0.0108430337931051,0.00143777856119483,-1410.94971224745
192,0.0192742419726623,0.0100877602597902,0.00136820068420944,-1411.08898802908
193,0.0213010910591334,0.0103874246831836,0.00118382891357918,-1411.73645087086
194,0.0204467424312209,0.0145371535726099,0.00139990355567469,-1412.81121262105
195,0.0203452028887425,0.0129351643247038,0.00107725685163766,-1412.80088207048
196,0.025358023686808,0.0127655296857255,0.00104876786873343,-1413.77274156949
197,0.0175643649759315,0.0175965387754623,0.00134111816289364,-1414.6284634207
198,0.0171895262508558,0.010102460738227,0.00159850005717477,-1411.50238863136
199,0.0213539774885828,0.00914685472045489,0.00138784029853112,-1411.24896108866
200,0.0216973806857325,0.00971483031461092,0.00129399975926811,-1411.3806779787
201,0.0228734868140839,0.0102892724687496,0.00114852256220681,-1412.22340322975
202,0.0214786191565346,0.0145194628744776,0.00137491622687191,-1412.96111241893
203,0.0163444720586776,0.0108888339434504,0.00152612845732289,-1411.91869734617
204,0.0187407175139305,0.0129625546517007,0.00140608671878573,-1411.74361496358
205,0.0213760573936049,0.0116628091839813,0.00138316048719283,-1411.26034953435
206,0.0213895470734108,0.0125862836088653,0.00175800814441292,-1413.07988755976
207,0.0177831704537286,0.00804633225853005,0.00189777043410524,-1412.83034288413
208,0.0207046071663747,0.00770069371940018,0.00140367551341922,-1412.17826364348
209,0.0194276925892633,0.0121436479133871,0.00138484312709018,-1411.31736179087
210,0.0226013406566803,0.00683312117725926,0.00140058307054599,-1413.27161927978
211,0.0209078983868232,0.00661246029896045,0.00156450676840901,-1413.17274538954
212,0.024401944329285,0.00628931392831095,0.00150902275153457,-1413.94345114409
213,0.0235734181983144,0.00668470605083934,0.00160878616486914,-1413.3877170264
214,0.0197112189754192,0.0105012589069967,0.00189962640598143,-1412.3466866985
215,0.0188380231248205,0.013325362749067,0.00206266316320241,-1415.4590343375
216,0.0161484176866871,0.0126974123812061,0.00193117691981574,-1413.76136659564
217,0.0170765996064878,0.00874123984333877,0.00203118042141167,-1413.39285396973
218,0.0171779527067792,0.0117400255900242,0.000954847782882542,-1415.43221620748
219,0.0204674408925748,0.0150577617316873,0.00163071402624916,-1414.16268828999
220,0.0202667261626202,0.00904461005253499,0.00128992526988213,-1411.62491518602
221,0.0246887260627331,0.0127429837379684,0.001455618603488,-1413.23484799011
222,0.0132814236261047,0.0129056244623571,0.00147093964607285,-1414.10891714554
223,0.0221981255228414,0.0135900165049308,0.00134790774806,-1412.44903642998
224,0.0282587080225786,0.00639652876562548,0.00149791052133103,-1415.09119123597
225,0.0254533911639563,0.00680375332142801,0.00133476902125719,-1414.06648462226
226,0.0193372540548078,0.0105820638322735,0.00158357003989795,-1410.98147851454
227,0.0199310123882344,0.0107490240017943,0.00162391078019571,-1411.12407406833
228,0.0187166534583362,0.0115571303352109,0.0014176568556948,-1411.18659385685
229,0.019249790051079,0.00901634763131763,0.00176485341155533,-1411.507975249
230,0.0209418485288517,0.00940984070719599,0.00129427402644049,-1411.40502199695
231,0.020223158906926,0.0121865400698637,0.0012301586082333,-1411.66904962173
232,0.0218414038065724,0.0111787300625952,0.00130299358799891,-1411.32054404061
233,0.0218496035983488,0.0126290978525882,0.00124237453246767,-1411.92270168073
234,0.0227138162396657,0.0151262760099215,0.00110455848385996,-1413.73632789665
235,0.0219185677129395,0.00953152723197945,0.00132543018233768,-1411.37464935497
236,0.0272582599704578,0.0106350847783789,0.00144690394297522,-1414.0134429476
237,0.0168706601980799,0.0118572670318336,0.00139648745624499,-1411.87842459365
238,0.0252863892645767,0.0110963634810935,0.00124626160057807,-1412.75160423182
239,0.0188092041462222,0.0119910353929236,0.00120763932688875,-1411.95472184489
240,0.020348779897195,0.00933999519365814,0.00123983704915946,-1411.74566760874
241,0.0231200867023643,0.00933779880266145,0.0011775699988906,-1412.42549989527
242,0.0223945818382963,0.0117189849719218,0.00162659240797227,-1412.17407111674
243,0.0148985518746958,0.00887394443736868,0.00204020610344894,-1414.80035337181
244,0.0193598332244619,0.00930915404220645,0.00159435540983751,-1411.03531327874
245,0.0248163253194949,0.0120844814058309,0.00140763767752396,-1412.83014357537
246,0.0261415057602402,0.0115839235851211,0.00115579542347761,-1413.47463236608
247,0.0252180297627315,0.0136741642302736,0.0011521964415816,-1413.68596998811
248,0.0159116426515645,0.0125475380774675,0.00197447341185076,-1414.0038381102
249,0.0189785215630528,0.00820738549133244,0.00136218024113503,-1412.17479442099
250,0.0196333307319334,0.0121104096340009,0.00144335985570251,-1411.28031826438
251,0.0217001678429847,0.0108598826356225,0.00121183935649496,-1411.5842195358
252,0.0185386706957198,0.0137992353669827,0.00178190648004874,-1413.56517555299
253,0.0218897580066031,0.0120006404523699,0.00130983263354279,-1411.54698663803
254,0.0238400331042525,0.0119924129774396,0.0012637135555235,-1412.23641221456
255,0.0190500162165082,0.0105162007273476,0.00176814762615024,-1411.56210321603
256,0.0190792915803102,0.0129341596441411,0.0017835843944238,-1412.95354591301
257,0.0193183791260189,0.0120766696469461,0.00133594586932409,-1411.37634893566
258,0.0205519722259654,0.0113796500504319,0.00172659772718328,-1411.87582205637
259,0.0166411279800597,0.0126028574918771,0.00212397869812805,-1415.14686707384
260,0.0180966962754233,0.0114624831599791,0.00118314105532185,-1412.31781949965
261,0.0273029659189722,0.0107189609139167,0.00119929522746106,-1413.91020165918
262,0.0266256648062235,0.0118911230864875,0.00132773438687523,-1413.71036214415
263,0.0271117210537167,0.0124682855217192,0.00118816118970349,-1414.15620242958
264,0.0145716363897705,0.0114784573159182,0.0014709094643312,-1413.08156080936
265,0.0183230454996046,0.0125618159374788,0.00151402696335441,-1411.66113280673
266,0.0166186071185912,0.00827003145662414,0.00178858433708655,-1412.87293825581
267,0.0171391390450582,0.0112652572707331,0.00175554935069396,-1412.01519775942
268,0.0178775425137749,0.0121658889411626,0.00121364137901079,-1412.25749922514
269,0.0158053632428627,0.012239976076122,0.00152471409229182,-1412.24709489292
270,0.024166016417182,0.00772681553145219,0.00116858604925937,-1413.88402709708
271,0.0228067807591976,0.0123752086175167,0.00131817154188892,-1411.94960853703
272,0.0176693916944544,0.0125854029635593,0.00122041976345701,-1412.35583985151
273,0.0208432282830113,0.0137621611656016,0.00113738810618313,-1412.71890487463
274,0.0203328750349044,0.00920261192578821,0.00123947835017973,-1411.82198002528
275,0.0199470574342088,0.0119647261316981,0.00140827402743221,-1411.2157890219
276,0.0208526423769679,0.0142127746176766,0.0011120916428445,-1413.0469259374
277,0.018895962353886,0.0169867281974153,0.00113431551452824,-1414.22244382165
278,0.0165568096879684,0.0182518002527074,0.00154602675600189,-1416.00601502516
279,0.0171970219820569,0.00645749400095153,0.00154337347328583,-1415.17719581627
280,0.0252775815028761,0.00936555745707106,0.00144976736050033,-1412.66722415507
281,0.0174415763827744,0.0097219051298902,0.00146378601127967,-1411.56950971337
282,0.0196150040913844,0.0115496933838196,0.00144667589136047,-1411.06757650711
283,0.0204041200388539,0.012046250637069,0.00155252556444492,-1411.48221369639
284,0.0182535496985436,0.0118349172991538,0.00139056047210667,-1411.40756817045
285,0.0214449346919236,0.0119175240603685,0.00152408422730894,-1411.5620003279
286,0.0245953400932533,0.0118915592409534,0.00102105763996284,-1413.55006834343
287,0.0278049012615859,0.0197040843618899,0.000698151435496129,-1417.9481615975
288,0.0196984727800376,0.0182247243414901,0.00135191014892346,-1415.35889967072
289,0.0181405866883612,0.0117981416027483,0.00160527345147354,-1411.52036588214
290,0.0177587600163799,0.0106164235622262,0.00187716909202423,-1412.22900002986
291,0.0165003368148031,0.0118252277980745,0.00156447294339961,-1411.90892140989
292,0.0225028196759438,0.0117525726138786,0.00114320160726,-1412.16904585804
293,0.0196358205252245,0.0125476418336094,0.0010960413370336,-1412.65630921781
294,0.0211039628722214,0.0108901757417017,0.00203043080495518,-1413.94908246803
295,0.0220639168194731,0.00855040675124653,0.00174857481412258,-1412.08403802731
296,0.0166671785900897,0.0129541027656563,0.00120595319371662,-1412.87329989153
297,0.0204053481334417,0.00826996094328949,0.00121641283678811,-1412.69706165208
298,0.0237458931921899,0.00986112502648627,0.0012924587647639,-1411.96060317914
299,0.0216377842523667,0.00910008884409036,0.00170930296430559,-1411.65475160325
300,0.0179046214787516,0.0102757689789136,0.00137009661457454,-1411.48190084686
301,0.0177410685965042,0.0108585309733835,0.00171160628424435,-1411.58330360845
302,0.0209733506606797,0.00778570420741688,0.00189039668925299,-1412.7822642207
303,0.0212929229100104,0.0122939296087681,0.00206004914156354,-1415.32860907576
304,0.0188474438199177,0.00951827427451152,0.0022224401460258,-1414.57254210161
305,0.0164417271885663,0.00849080054555094,0.00193845169603558,-1413.33851655038
306,0.0190987692902596,0.010743039666912,0.00146713844554465,-1410.93544906215
307,0.0186245421938393,0.0105689720792272,0.00135651160602866,-1411.22539839901
308,0.0171183727670573,0.0122501796459167,0.00165692581862853,-1412.03944299381
309,0.0150000823561134,0.0103922724633625,0.00144386465739155,-1413.17013574946
310,0.0251203981890608,0.010631813518733,0.00151305628670238,-1412.81033804364
311,0.0197339355854258,0.0121241501006831,0.00148074590053851,-1411.3173351147
312,0.0196062041243491,0.00926885249152054,0.00168479537413318,-1411.19592523284
313,0.0191765150415964,0.0103607246402916,0.00138921583028358,-1411.01929704608
314,0.0200359426475073,0.00820946261075184,0.00172653239301246,-1411.6948223741
315,0.0191358166764534,0.00829090186306599,0.00177231436234469,-1411.82277826259
316,0.0192471153759353,0.0124784895880114,0.00189694810363794,-1413.39662980702
317,0.0167660048139166,0.0123831797122742,0.00171824888913915,-1412.37490499181
318,0.0197101860918042,0.0120799367795252,0.00155625194962452,-1411.43696680299
319,0.0185390245456419,0.00780304308019305,0.00160320795167202,-1412.0897022493
320,0.0230511672769378,0.0101408168716715,0.00121522673147943,-1411.93449910719
321,0.0227490060622741,0.0104992141338191,0.00154920093473492,-1411.60497411236
322,0.0167635707854688,0.00996438323318228,0.00171342873167072,-1411.86935140719
323,0.0184699634043818,0.00979349685549932,0.00209837341056016,-1413.49622491771
324,0.016051140619334,0.0106452522427797,0.0013129946342278,-1412.84077398497
325,0.0235582648829019,0.0142629671864774,0.00149042661412896,-1413.87777478492
326,0.0214438908756204,0.0139642921576379,0.00159508387053138,-1413.2640071261
327,0.021871341531634,0.0118631523233941,0.00133866665560486,-1411.46057098147
328,0.0189726629695356,0.00978611436468646,0.00124202600147309,-1411.84892804428
329,0.0189896019691335,0.0108876980029766,0.00179898336473315,-1411.82394412698
330,0.0154732928981716,0.0141465162239894,0.00107433951447552,-1414.65789856444
331,0.0142375873695448,0.011934851387578,0.00119824158729889,-1414.76025795799
332,0.0140807407947345,0.0148214916760455,0.00148708952259132,-1413.95502551694
333,0.0241922434435008,0.0123321251784196,0.00137212168787394,-1412.54001282471
334,0.0154467090917999,0.0149166059576605,0.00171894893490878,-1414.15259293114
335,0.0155185231573196,0.0129676587172734,0.00170872607454869,-1412.94429822362
336,0.0187217471275048,0.011961885629172,0.00115278863801849,-1412.34037608509
337,0.0204536407316764,0.0139380741128686,0.00154297069625073,-1412.74632115937
338,0.0214397376743372,0.0127928113087233,0.000976016711970618,-1413.60772048311
339,0.0269477963456878,0.00899768712286968,0.000966807076603466,-1415.62956307139
340,0.0254420107032411,0.0140923188251596,0.00173078665696093,-1416.47859295825
341,0.0149413391549453,0.0106297024469025,0.00157199066979425,-1412.81790559414
342,0.0170412040695236,0.00999081265683226,0.00138557342781894,-1411.9706874856
343,0.0178190668077505,0.0111110138364752,0.0014823924671493,-1411.28877202501
344,0.0192401776461228,0.0106918878407891,0.00168060681214958,-1411.25945152883
345,0.0218816777104765,0.0100642015524184,0.00171389984432279,-1411.78031718976
346,0.0185944236098576,0.00947769440777986,0.00138523434956462,-1411.39007154944
347,0.0209520866224563,0.00977272349782169,0.00151885966712155,-1410.94985060818
348,0.021181489310122,0.0102096566245721,0.0015191408177926,-1410.9894222305
349,0.018304475743278,0.011509250524745,0.00139190433443889,-1411.31236773876
350,0.0233206240726173,0.0108199421647821,0.00133899156780521,-1411.6765403731
351,0.0247420917729385,0.012692873157852,0.00148693431709613,-1413.35435003716
352,0.0156962084750374,0.0114753294935585,0.00161257917782403,-1412.25111489676
353,0.0207126569661359,0.0115580580961809,0.00139780718074291,-1411.1217343379
354,0.0183824843866943,0.0088515930728875,0.00137411537535233,-1411.85670298592
355,0.0236925936397823,0.00846125665207094,0.00161154701457951,-1412.32696765737
356,0.0208372931786307,0.0105260258362412,0.00124367417331911,-1411.37668996642
357,0.0254439199571724,0.0104900582088679,0.00146510123994869,-1412.8449142035
358,0.0230549861674424,0.0101335216382732,0.00162628546940131,-1411.94880939554
359,0.0144135826032339,0.0114107852871615,0.00168120454628426,-1413.09821465953
360,0.0140729171817387,0.00941515824740977,0.00172673278580651,-1414.20778530612
361,0.0245774788961252,0.0118640697958389,0.0011787865874986,-1412.7066291189
362,0.0246964187715216,0.0126334303329223,0.00136328809820191,-1412.93644049724
363,0.0185665323709913,0.012930931351426,0.00162637058212754,-1412.14114401043
364,0.018627486539862,0.0103580388821186,0.0013486910223639,-1411.27079333426
365,0.0207723831490119,0.0121330453982567,0.00167058915984587,-1412.06505932366
366,0.0253464767925805,0.00982509578274127,0.00157561994390286,-1413.02788737894
367,0.0204274532996249,0.00809760029558609,0.00156293143385953,-1411.54637004118
368,0.0208426136393425,0.0128546037623958,0.00151891544100501,-1411.94319737194
369,0.0175461232257567,0.0117776673601106,0.00118142022052918,-1412.59085452199
370,0.0200493640420984,0.0117558752248623,0.00163132047678848,-1411.5417253646
371,0.0193192652525173,0.00790611307177835,0.00171248506795068,-1411.89669463919
372,0.0204926680979145,0.0126738389213388,0.00152693297455938,-1411.78450460688
373,0.0159313201479273,0.00909634018645207,0.00213956049418679,-1414.53103413314
374,0.0155795537583023,0.0115245634106537,0.00177100644472662,-1412.65235518512
375,0.018976650699091,0.0116674383284375,0.00175458867707501,-1411.9505824471
376,0.018790188502449,0.00793687574939139,0.00185180571226381,-1412.40415072418
377,0.0228163811089457,0.012188221056911,0.00120554345519131,-1412.08091911009
378,0.0222145441901856,0.0126409349960628,0.00155906038146315,-1412.35481457843
379,0.0174527343403895,0.0106955622752888,0.00119692110403326,-1412.63937458115
380,0.0259547111591329,0.0120713193284918,0.00130302346885049,-1413.33660642021
381,0.0246814876651163,0.00753628703494208,0.00160960993709392,-1413.14632446427
382,0.0182110945843863,0.0160063321781853,0.00142937953071087,-1413.68929277536
383,0.0184737696944973,0.0125950583128981,0.00141026432127576,-1411.60623299994
384,0.0177767013213704,0.0141178537266091,0.0013861653516059,-1412.4221603886
385,0.0192591837186852,0.0132007285127555,0.00154843942682182,-1412.06940641063
386,0.0221768489243237,0.0131992516351802,0.00140282538734742,-1412.25578644534
387,0.0187560767557945,0.0129516371340057,0.00139677518105066,-1411.73956483721
388,0.020253226758548,0.00810703209652055,0.00191479899025063,-1412.59134263302
389,0.0200237462986654,0.00959065269806123,0.00127509326736682,-1411.4752173169
390,0.0285053223213912,0.00570984292858726,0.00134264970829258,-1415.85948881641
391,0.0284213215397013,0.0132259396172471,0.000714677319103055,-1417.68776836839
392,0.0315738981236079,0.0138554027512314,0.00126592145115463,-1417.8748853814
393,0.0223192795291384,0.0131101140555316,0.00134395573317377,-1412.18237271657
394,0.0189431817205231,0.00819685900705827,0.00171424999450889,-1411.75486739121
395,0.0200417825415989,0.00786305663330441,0.00166916633878656,-1411.80444098603
396,0.0198600071131242,0.0102841803250191,0.00146483956241569,-1410.85216975324
397,0.0215922615020759,0.0102129385942189,0.00173499307159105,-1411.79989368078
398,0.0196145623803096,0.00781066979245977,0.0021861388618709,-1414.68013163085
399,0.0221429205135933,0.0105296412784512,0.00122009266458647,-1411.62649869437
400,0.0219121226743588,0.00928068642999551,0.00162356214625956,-1411.44373017881
401,0.0222791957675738,0.0118537610391936,0.00151421569050951,-1411.77007291906
402,0.0212366065577958,0.00892435090973401,0.00146571669734278,-1411.20715624554
403,0.0197343760870342,0.0119798562058502,0.001374683797245,-1411.2463613899
404,0.018390341702494,0.0127274462614824,0.00158789343960478,-1411.90015590556
405,0.0202882062123212,0.0127979798140265,0.00156445159726671,-1411.94779775409
406,0.0182687626029885,0.0103054339873654,0.00184918682595162,-1411.93811485294
407,0.0191463992505553,0.00943510639354687,0.00135496586077061,-1411.3516560415
408,0.0204444875442125,0.0105049794404611,0.00125068335076939,-1411.35161191645
409,0.0246305775921261,0.010744033693455,0.00149993113292294,-1412.50071558321
410,0.018741657568479,0.00986123114284996,0.00137866069042376,-1411.23537378671
411,0.0235588390640006,0.0125482213318435,0.00114709730505872,-1412.62528406206
412,0.0202266178721199,0.0086518015297535,0.00203355878190808,-1413.1791454311
413,0.0204238195024534,0.00904772815152961,0.00185058996719821,-1411.97481711498
414,0.0200027296630849,0.0111013393161957,0.00119506024116217,-1411.67695223811
415,0.0171158889255437,0.0109302125001284,0.00204628239936227,-1413.53546216405
416,0.0203967039319388,0.00972368378707423,0.00138352082200846,-1411.00489819032
417,0.0201570473570702,0.0113455056266803,0.00125914311248336,-1411.3561707786
418,0.0185708197154468,0.0123205153934991,0.00126725290875343,-1411.80608289907
419,0.0146942592631933,0.0159098765959006,0.00149397113719882,-1414.29256623523
420,0.0148372035162158,0.0111005641688076,0.00196696109985161,-1413.78539714347
421,0.022436948420909,0.0126489887565556,0.00171765489355122,-1413.30635317828
422,0.0239028716902906,0.00638947661419861,0.00155266202959678,-1413.73263676785
423,0.0224985481472179,0.0145745984120662,0.00102786565910307,-1413.75378310861
424,0.0193537069504466,0.0120775905628197,0.00194353822543929,-1413.46643947904
425,0.0176505482012259,0.0135444144137848,0.00119994684881242,-1412.69263576809
426,0.023719107513115,0.0128001594648177,0.00156840744597857,-1413.20477849224
427,0.0125027213042818,0.0141593865705367,0.00149310967597795,-1415.07762915645
428,0.0169519379258605,0.0135240413320854,0.00162538548741175,-1412.58803573253
429,0.0129676403071772,0.00980643133860062,0.00173706127279211,-1415.1435363907
430,0.0278167925950413,0.00760953945349981,0.00153160495549679,-1414.47453040465
431,0.0277615440904436,0.0094198355856851,0.000917582675468926,-1416.24351749543
432,0.0249097202242661,0.0169812601870616,0.000883854386458851,-1415.64777374917
433,0.0183138546489255,0.0196035967598428,0.00114589881431072,-1415.63819501425
434,0.0196905410378349,0.0142101739944183,0.00137621590709174,-1412.46184044805
435,0.0138653058963238,0.0112401454255908,0.00144938250136888,-1413.86690552416
436,0.0252851033386224,0.00779038419961633,0.0016233695166472,-1413.3531753255
437,0.0244552349130273,0.010859479260925,0.00139953106675486,-1412.22870568008
438,0.0234453204105025,0.0109151641388453,0.00144388355657232,-1411.78220994922
439,0.0194694728685204,0.0148653069871041,0.00109743021807909,-1413.42422581839
440,0.0240413783191858,0.00860224874601987,0.00165669097030098,-1412.60282126048
441,0.0166991924404089,0.0108416350620745,0.00196301332105677,-1413.03705080408
442,0.0144600856654501,0.00958766874872842,0.00198076755945831,-1414.42088922729
443,0.0202250593984675,0.00979426570854002,0.00190408910955255,-1412.27887121974
444,0.0181225284313028,0.0128732430010845,0.00138331236784427,-1411.79981110104
445,0.0257287903290158,0.00852970394285367,0.00156166664296842,-1413.23786835218
446,0.0227024542581904,0.0098142245024954,0.00138560891018898,-1411.41602642124
447,0.0225705068834973,0.0116892380149514,0.00155223010967208,-1411.9278250164
448,0.0155121211827484,0.00959933591173241,0.00152327592760139,-1412.89550550156
449,0.023919623824443,0.0116238599113936,0.00166119015828069,-1413.10725016859
450,0.0232314093020074,0.00858847248205212,0.00147811027401421,-1411.90905507016
451,0.0184149690934353,0.01176256889207,0.00146467118737349,-1411.28562157456
452,0.0191945808541624,0.0108744760758765,0.00156181313721328,-1411.00474090371
453,0.0200997709544504,0.00870185815311198,0.00155590171002648,-1411.17753283789
454,0.0181602315002715,0.0106086235084023,0.0014958848803314,-1411.11733901258
455,0.020565171524383,0.0106065075235033,0.00159201320830815,-1411.07756600982
456,0.0209715451674776,0.0123376749591959,0.00112338711473578,-1412.26904379635
457,0.0206626480323502,0.0127364776201813,0.00131014188798097,-1411.67782943165
458,0.0184027556520428,0.0159231946120306,0.00151255447902072,-1413.90529926781
459,0.019960787832435,0.0109027437227996,0.00157046205166315,-1411.0305615634
460,0.0199117276006771,0.01164277572367,0.00134818873656792,-1411.16872621551
461,0.0178924891946997,0.0112555911489852,0.00145053117928482,-1411.31115254581
462,0.0203649077969763,0.00770272349692846,0.0015177908413194,-1411.9076757362
463,0.0233145950437594,0.00882998875735382,0.00160417099004266,-1412.0411988251
464,0.0200198156783253,0.00942564282447411,0.00132056213873326,-1411.32472201417
465,0.0201126387155127,0.0101609287740691,0.00146408246954928,-1410.85010540528
466,0.0182959526798413,0.0103110619092168,0.00170161507815509,-1411.33405151084
467,0.019370143365932,0.00904366973709778,0.00170917586706965,-1411.31645381311
468,0.0192702330491062,0.00905511467215784,0.00146795983223631,-1411.17010147713
469,0.0193983850858174,0.0095110896050994,0.00152059486198964,-1410.95376229671
470,0.0199302928639922,0.00932740296985842,0.00145901363131884,-1410.99402701932
471,0.0210050260506579,0.00955828341221791,0.00156379518443068,-1411.03206038807
472,0.021216102994687,0.00890107298696025,0.00159025083054482,-1411.25985024255
473,0.0276473870518497,0.00675778800237535,0.00136940819781522,-1414.70708392263
474,0.0212909178930519,0.0109472759517616,0.00128303432724476,-1411.25512542886
475,0.0211200154702596,0.00890909347772272,0.00149633080963739,-1411.17756071558
476,0.0205338450021799,0.0108823841493279,0.00162552179806987,-1411.24333790034
477,0.0208692637897568,0.0109231420150893,0.00153011448373571,-1411.06558113779
478,0.0203815224171165,0.00901224474397506,0.00176191378088729,-1411.55341357023
479,0.0195437015562221,0.00997355200518815,0.00119342905275923,-1411.94960251838
480,0.0183962633993586,0.0119079514024104,0.00133149100940682,-1411.52016207162
481,0.0258402784481495,0.00949263328063271,0.00137478574421406,-1412.9206408335
482,0.0166966640509515,0.008253894956904,0.00140637848106594,-1413.31695784332
483,0.0252257536635997,0.00804816488075554,0.0013203606448803,-1413.16368169505
484,0.0182544155402999,0.0153533396706446,0.00123713734980992,-1413.21480804641
485,0.0192700541079236,0.0103257704996963,0.00161982155100039,-1411.02393221091
486,0.0206848330726694,0.0100235109870806,0.00156001583735189,-1410.95433327744
487,0.0211402561475835,0.0141342388281617,0.00132995164269079,-1412.56380153751
488,0.0205968446640145,0.0135117835778188,0.00121279030200756,-1412.29297412014
489,0.0207604435813227,0.0152849734766226,0.0011156141905917,-1413.5329160182
490,0.0208415631533447,0.0100091022444706,0.00135904945895189,-1411.02331785663
491,0.0157451207017053,0.0109138027421212,0.00180212937486238,-1412.61807674451
492,0.0212273004514624,0.00835445613259313,0.00159526107018464,-1411.5029986495
493,0.0197568073469894,0.00938510276140364,0.0015288683506457,-1410.9490807775
494,0.0172290445784983,0.0123388221463859,0.00165040516351936,-1412.03515087867
495,0.0188539823963598,0.0127255747336001,0.00144246843665234,-1411.61952848084
496,0.0178232740300068,0.0117764255893067,0.00172041102586422,-1411.93165021512
497,0.0196078010483077,0.0101542861515571,0.00163932518751468,-1411.0494645559
498,0.0185125823902775,0.00891778342208561,0.00161170674398343,-1411.33728096104
499,0.0173692873530728,0.0113606362089445,0.00133243955100211,-1411.82052614674
500,0.0170704287146158,0.0102288529285918,0.00179721715379529,-1411.97623202568
501,0.0201407775210991,0.0123987829059808,0.00168609209831827,-1412.17128499211
502,0.0151244156263667,0.0117815389180303,0.00147786505318736,-1412.62870738502
503,0.0246404415988295,0.0108020390539566,0.00117943904199486,-1412.61954852682
504,0.0259419777416323,0.00942717310904065,0.00154432128110982,-1413.26319083661
505,0.0187458584884347,0.00956772156612606,0.00132788244314751,-1411.53462175319
506,0.0205610781117277,0.00987999146463122,0.00154846645602503,-1410.921662267
507,0.0206048500944617,0.00901831350994545,0.00193515256455595,-1412.52696686689
508,0.021028201133103,0.00958268869241948,0.0020213208178702,-1413.3310601658
509,0.0183832426121895,0.00969597111948613,0.00109161907328354,-1413.5362504113
510,0.0203715774815344,0.0133890317386141,0.00146983228511294,-1412.09958477245
511,0.0204779099998633,0.010371799124813,0.00158502059237915,-1411.00605701811
512,0.0186759886851889,0.00971739298639353,0.00130300411973236,-1411.62139402892
513,0.0185289281891726,0.0120187997467055,0.00147977279346565,-1411.35971919771
514,0.0262802864880791,0.00912724724682518,0.00120772972335036,-1413.53209571635
515,0.0179207083118638,0.015384903196234,0.00118312446420268,-1413.41172668278
516,0.0203454669784778,0.0118125617746483,0.00130330707101165,-1411.30999965401
517,0.0219239056977435,0.0121297800791453,0.00122377515670765,-1411.80100832405
518,0.0195798595785854,0.0119429466966581,0.0015564781021865,-1411.36401682474
519,0.017261075375205,0.00925020737247096,0.00195866530130962,-1412.71980094853
520,0.019590376545285,0.00945859267609503,0.00140277612466788,-1411.09629584621
521,0.0220743540559162,0.0109256719555563,0.00153816205924788,-1411.40283640532
522,0.0184110573229791,0.0173127628772886,0.00125540555991522,-1414.32392429681
523,0.0153335738192491,0.0119952621996785,0.00100278319757489,-1416.00397985976
524,0.0240909899539493,0.0114788589262766,0.00111072921429818,-1412.75711598539
525,0.0208700554207902,0.0107341544650452,0.00178208833336422,-1411.97584432532
526,0.0250715753040978,0.00967245520760689,0.00107516415244957,-1413.62461551832
527,0.0243294525197245,0.0122415177669132,0.00152071546149229,-1412.9864208331
528,0.0249952365269189,0.00592271099638847,0.00173381625019268,-1414.72345749223
529,0.0193202127587519,0.0118241844760895,0.00133026007128901,-1411.30836637411
530,0.0161331053733937,0.0127134874628566,0.00139514134181804,-1412.30927244215
531,0.0164164887600922,0.0114610978772573,0.00124192307124521,-1412.8090671635
532,0.0194392750101042,0.0134585986863764,0.00143119693198902,-1412.00937175786
533,0.0185932737287711,0.0120066772128872,0.00129316176152386,-1411.61644927249
534,0.0197983079899679,0.0092980124553211,0.00164536105988378,-1411.09573791202
535,0.0187857104496077,0.00974277584018501,0.00162009709606976,-1411.07041878471
536,0.019061714968743,0.0117721476261528,0.00165297253619744,-1411.56625896513
537,0.0178543420201065,0.00741091598793887,0.00164385233121965,-1412.85578107534
538,0.0256943734372165,0.0104395903705828,0.00155315480754182,-1413.27760066815
539,0.0215669836847533,0.0105449804246834,0.00120759200628784,-1411.59999664236
540,0.014455354311851,0.0141408367038414,0.00202692384350531,-1415.88414601191
541,0.0154755848761644,0.01457609633384,0.00143791476689231,-1413.16820128941
542,0.0204561148483918,0.0108043935981827,0.00179499093033558,-1411.96912318486
543,0.0160795528057103,0.0107151230159657,0.00138565283661152,-1412.44026713095
544,0.0236734812767121,0.00975445246161953,0.0015256446963359,-1411.92696990102
545,0.0217990681998504,0.0106515472814089,0.00153152797145405,-1411.22971789472
546,0.0172958703138157,0.00908268001095416,0.00100775992239462,-1416.06769194816
547,0.025738134825293,0.0128941646460563,0.00175907994956837,-1415.90940548102
548,0.016894907880242,0.010517191486608,0.00139439743870282,-1411.90841088858
549,0.0236270994023376,0.00978352398746652,0.00145692352069712,-1411.79772136973
550,0.021208617400241,0.00861449243919929,0.00161477298137902,-1411.40397879471
551,0.02020418609225,0.0100786607560717,0.00115149351113647,-1412.10583352825
552,0.0174631678496035,0.0141784080801547,0.00120893758106888,-1412.9005715112
553,0.0197808493638097,0.0136600447880763,0.00137303618377953,-1412.11268037038
554,0.0209863871644349,0.00922232195988751,0.00168202602750552,-1411.35038478254
555,0.01728726324272,0.0112361211374533,0.00143695175475837,-1411.56449301113
556,0.0205373452884003,0.00929854605641108,0.00186356871696906,-1412.05725131305
557,0.0181848056412373,0.00972307208585216,0.00167584857798975,-1411.28977649717
558,0.0184774045027957,0.0122025427309343,0.00184773515778688,-1412.78922281693
559,0.0146171281527685,0.0110042068244448,0.00152824650531497,-1413.0209630259
560,0.0193671352853024,0.0117071978475901,0.00160670706078384,-1411.38389352812
561,0.0179722471140255,0.0118428043917362,0.00160806924374322,-1411.57553156257
562,0.0222862420969806,0.0090933469448779,0.00119734365253523,-1412.24549271668
563,0.0221049645546228,0.00920592634412499,0.00130962257862243,-1411.59019329893
564,0.0193551178224721,0.0146389899377715,0.00160860373426183,-1413.40316991789
565,0.0148773662471792,0.00889854209670055,0.00183986128357074,-1413.98774437976
566,0.022772410691471,0.00918625564912101,0.0010727230732755,-1413.29790350368
567,0.023853657391804,0.0109128253269748,0.00118187648733912,-1412.29073547641
568,0.0245232195426912,0.0114264106645111,0.00154909760960184,-1412.82978249429
569,0.0153221122927002,0.0114886612422406,0.00185983186665995,-1413.09962959567
570,0.0134025952886294,0.0109711993066186,0.00188650019546624,-1414.46033973592
571,0.0150942862221031,0.0104813207915576,0.00174388865352029,-1412.84047010457
572,0.0148992315165328,0.01316362052297,0.00160988344930362,-1413.0318244679
573,0.0199407212100786,0.0147127801811385,0.00147992566810394,-1413.05337162629
574,0.0153622052782543,0.0124292524464033,0.00142314552258141,-1412.60599121051
575,0.0239852662514732,0.0101187575293142,0.00125623260138981,-1412.11789486689
576,0.0168819465642312,0.0140532618289349,0.00122769903436495,-1412.93338096324
577,0.0191281394592702,0.0110725619758474,0.00166502780989879,-1411.31744927174
578,0.0202854947374621,0.010061946062976,0.00154140280481097,-1410.88809585769
579,0.0191897791895,0.00774674221484404,0.0021522612468353,-1414.41108216689
580,0.0175801290697852,0.0116543805190386,0.00121003934509429,-1412.37021195638
581,0.020309177286575,0.012608588279041,0.00157386334567743,-1411.85990844216
582,0.0179501558343441,0.0118338237003574,0.00192287556851229,-1413.04845523883
583,0.0182534231726204,0.0112535924852743,0.00113657500913313,-1412.63194673695
584,0.0202977267462498,0.0101029319445333,0.00193530457608581,-1412.5790062571
585,0.0221065580059827,0.00842911514224433,0.00127660759434982,-1412.19485245073
586,0.0216383451047741,0.0128864673375985,0.00104813118842842,-1412.97031414143
587,0.0205999949991226,0.0121263881441483,0.00118526228591591,-1411.851063774
588,0.0215949248753011,0.0104289413910031,0.00131162778973837,-1411.19635359066
589,0.0241211930734472,0.00962906278574113,0.00107824693982048,-1413.30982804171
590,0.0191604891822309,0.0103918919281077,0.00125274111341942,-1411.55096756421
591,0.0203673258739813,0.0100749979955118,0.00143520641525593,-1410.87476313241
592,0.0210462683639545,0.00806044026152091,0.00167835883172291,-1411.78332579172
593,0.0197537718358346,0.0114721805663533,0.00147777256063328,-1411.05361337656
594,0.0217889853564968,0.0101316137138458,0.00153840497006804,-1411.17250242035
595,0.0178799024752498,0.0111299606386394,0.00191201567827769,-1412.60689269408
596,0.0203976063118007,0.00837611407983529,0.00173698380376867,-1411.67115560214
597,0.0219795982999186,0.00953669720379582,0.00133874332040391,-1411.34968666094
598,0.0229395055622732,0.00878266019184471,0.00119267977176776,-1412.59642345073
599,0.0234765356171997,0.00923284686976973,0.00146629046647053,-1411.8098034632
600,0.0202708201827137,0.0133013795828998,0.00131343940643262,-1411.9493409604
601,0.0182928910617434,0.0117536053936666,0.00152202014082875,-1411.33437184098
602,0.0207437760984709,0.011300672371259,0.00160407070416025,-1411.35970530356
603,0.0214844605724522,0.00780997060954499,0.00142082876881118,-1412.05140711331
604,0.0197595747050215,0.011353294951437,0.00150444978276754,-1411.040827939
605,0.0215220920236866,0.00727768270560555,0.00152534494942725,-1412.37778887711
606,0.0207994596230815,0.0118250284066518,0.00169935612072875,-1412.03422447745
607,0.0200774802655232,0.0100370382654808,0.00153821818150283,-1410.87460191327
608,0.0183681436574504,0.0110646021893736,0.00174746034153825,-1411.67042938138
609,0.0175408186271311,0.0135261878695564,0.000963091815561934,-1414.83781344653
610,0.01720922431873,0.0134982492745846,0.001482318199804,-1412.22044130581
611,0.0224213380761382,0.0125126666773903,0.00141629280207032,-1411.94579305131
612,0.0149017097940832,0.0145554704579998,0.00146183038094425,-1413.3889961006
613,0.020436658834566,0.011902934938236,0.0016603891004019,-1411.80456238016
614,0.0166908228200353,0.0102334413926226,0.00168782180967175,-1411.84248089405
615,0.0135412914644419,0.0128572339240139,0.00155559226003197,-1413.81464501363
616,0.0198490284133727,0.00879596970882095,0.00157741942466191,-1411.14907842117
617,0.0204568732477516,0.0117958674392204,0.00145371754683455,-1411.19301382809
618,0.0193510751168159,0.0108161331644931,0.0015582426222338,-1410.97958531548
619,0.0195266011217684,0.0109272818866647,0.0016716924591715,-1411.3020559238
620,0.0173886531587808,0.0107869073119355,0.00222853020156767,-1414.97196110226
621,0.0206324382367196,0.00637444735616092,0.00134863956562409,-1414.35827232007
622,0.0237897882245802,0.0111089644262066,0.00128460610216821,-1411.97651745752
623,0.0188741358229408,0.0117922543007535,0.00164218870864443,-1411.54345551242
624,0.0184092032651633,0.0120220517593999,0.00146674367762917,-1411.37791954539
625,0.0194868060955859,0.0108074578398869,0.00189281861420298,-1412.38563213413
626,0.0190795711228473,0.00730122455523372,0.00154987119438215,-1412.51507443936
627,0.0157514742558438,0.0108193397267023,0.00150779277075268,-1412.29808348213
628,0.0209534059230932,0.0111233960719997,0.00118733314178045,-1411.67232110627
629,0.0203879216385782,0.0140988523511201,0.0015172238960475,-1412.76835211361
630,0.0189543070844979,0.0139900879592874,0.00118567854499066,-1412.68692922223
631,0.0223747333034329,0.014201657794533,0.00120987395589814,-1412.92257480337
632,0.0236182137652222,0.0165418581584242,0.00106689833481994,-1414.7543540902
633,0.0198945523423886,0.0170713144132175,0.00135392428764573,-1414.5212205628
634,0.0205196986883112,0.00557487000081118,0.00149026998324052,-1415.4271354816
635,0.0287872790079496,0.00715114254578266,0.00134402742729197,-1415.0579300616
636,0.0197480657896657,0.00977651983137957,0.00119877567746266,-1411.93385590079
637,0.0219637077629265,0.0110414071183601,0.00145887910812683,-1411.24962143225
638,0.0208833009981249,0.0108819728948835,0.0012512829171313,-1411.33868867528
639,0.0217134833909835,0.0100261469185599,0.00125240483992789,-1411.47488822382
640,0.0217098509885379,0.0107039719925201,0.00149228986490807,-1411.14395257584
641,0.0209855915944799,0.00909771686274881,0.00149671198965339,-1411.08615981155
642,0.0212391699840844,0.0113981423401468,0.00105020261733349,-1412.73316860671
643,0.0183561357904056,0.0100877200686386,0.00211163993997537,-1413.66201304686
644,0.0179579884043725,0.0108607338122057,0.00157594757463997,-1411.23169488799
645,0.0221503545733698,0.0132625456609512,0.00145199002057638,-1412.39350524471
646,0.0167347882196836,0.00867144580520655,0.00161250533866805,-1412.30881612442
647,0.023904896612495,0.00754771071086056,0.00149534330155262,-1412.71929726253
648,0.0256073058685351,0.0101130110730922,0.00133106169425076,-1412.76971911472
649,0.0206534565029284,0.0111804885024359,0.00135331605390063,-1411.06476810906
650,0.0208414719722189,0.0120562682172347,0.00120973759230086,-1411.71619449559
651,0.0203431595721456,0.00915887405553999,0.00139182165867639,-1411.16559499487
652,0.0246254655142387,0.00976175157095557,0.00153967193614948,-1412.47080408446
653,0.0237859575370783,0.0103733234438829,0.00150359932572372,-1411.97334776471
654,0.0161874276457341,0.00986032093595876,0.00177948074069293,-1412.35932363983
655,0.0221486228830167,0.00992363135882333,0.00156983660639711,-1411.35493509521
656,0.0186423407704696,0.0109038950484835,0.00134470623543234,-1411.25447650619
657,0.0233863609401518,0.0140502986588871,0.00149109955426054,-1413.62372665782
658,0.0226653788862991,0.0151841116537128,0.00109781827635346,-1413.7753355458
659,0.0272255288196685,0.00940925590081685,0.00151635090090419,-1413.98969257691
660,0.0154742572603007,0.0123721546632904,0.00190691065880455,-1413.59555425315
661,0.0130181141796605,0.0104917392344749,0.00178464482408779,-1414.73234400441
662,0.0131174367275871,0.0118692855214554,0.00196376474627591,-1415.12646920354
663,0.0185422435852084,0.0125816183406149,0.00172117951596292,-1412.32747831186
664,0.016806809282042,0.0120325944163359,0.00152441173338139,-1411.81960803341
665,0.0185905600438784,0.0091367749234447,0.0016458820053357,-1411.27029261838
666,0.0174098729338455,0.0115353921977948,0.00131918109151493,-1411.86157954614
667,0.0205434348584691,0.0119012332921759,0.00157454535415591,-1411.49671738809
668,0.0181006819455957,0.00806405320335996,0.00151857303669038,-1412.1424876791
669,0.0183490062841504,0.011686800863768,0.00122625260574661,-1411.94571925209
670,0.0232692228162718,0.0128571008730326,0.00119983170127229,-1412.48335238726
671,0.0263910570246559,0.0110640785600763,0.00138748209860001,-1413.40196734131
672,0.0215076513315983,0.0116160998169899,0.00144735729318838,-1411.2992564929
673,0.0231205905383263,0.0131892573774532,0.00164804299129257,-1413.62283733013
674,0.0151022143281341,0.0140347634208465,0.00130296743384413,-1413.36324452032
675,0.0140875404451551,0.0123867104183493,0.00181546131414445,-1413.84936466028
676,0.0199597158427626,0.0110520033844241,0.00170298441057336,-1411.51014012617
677,0.0176449528509794,0.0124358568126475,0.00149905690597147,-1411.70296031644
678,0.0222181130058175,0.0137312329180948,0.00163425123169626,-1413.56899852592
679,0.0206335780632885,0.0126680506753911,0.00176132235782513,-1412.91179536762
680,0.016368368820098,0.0132247325214872,0.00172191647246438,-1412.88600502307
681,0.018351237106933,0.0131100987549282,0.00165578021298509,-1412.37207839143
682,0.0171240893619412,0.0121436812724841,0.00187189905675504,-1412.96220008091
683,0.0180765193091277,0.0117121708427478,0.00152587315694339,-1411.37012734683
684,0.0242383837577368,0.013970309943677,0.000935428641501103,-1414.44758947768
685,0.0234446278230233,0.0120622865042099,0.00153295866272155,-1412.4521140386
686,0.0278147166005981,0.0106390239578149,0.00155942810446931,-1414.8659426763
687,0.0204000794726973,0.0118921956459205,0.00128637699134083,-1411.3797094484
688,0.0205047337164833,0.0132891432256871,0.00138966282636617,-1411.93938217684
689,0.0224738924768717,0.00973963834760977,0.00178074910637322,-1412.34280677558
690,0.0207407819382499,0.00941227659368611,0.00135824756388651,-1411.16349791508
691,0.0217978950428341,0.0109995005776612,0.00191778002461885,-1413.37498462992
692,0.0231524148398644,0.0103777584632336,0.00126225918634795,-1411.75527740618
693,0.0206051508397016,0.00920345153082651,0.00141710167778424,-1411.09248989891
694,0.0235682941563347,0.00906915987789297,0.00144913124118001,-1411.88164463145
695,0.0159736970384788,0.0165719979030885,0.00161048495982076,-1414.83412960864
696,0.0212589180223126,0.0131881120032039,0.00149488764605718,-1412.19644551624
697,0.0150166548875807,0.0115215964077147,0.00162425384031783,-1412.63493488885
698,0.0217054028002974,0.00900965214388275,0.00123356350175279,-1411.98354509696
699,0.0208231609476926,0.0105073082399952,0.00157009478015068,-1411.0476833551
700,0.0193759825430143,0.00962919781312472,0.00147684177599556,-1410.9546811774
701,0.0198725911601018,0.00993936415113001,0.00142340901829476,-1410.91263442519
702,0.0231071574649112,0.0104844584715409,0.00166968031967622,-1412.2360247225
703,0.0202850448310179,0.00877482863099684,0.00165661425815806,-1411.27617987553
704,0.019544096421047,0.0100374000975946,0.00101490993079873,-1413.78405110427
705,0.0220773644893469,0.00984451274334693,0.00188309633960191,-1412.80960061806
706,0.0153516724216558,0.0118159588721856,0.00201783413184981,-1414.07166762244
707,0.014691207821089,0.0119215278315209,0.00194449311696954,-1413.93302101466
708,0.0176697116954058,0.0099803498131476,0.0016750832631605,-1411.41142918538
709,0.0168438985716823,0.0168953587843175,0.0016653536886655,-1415.39282772368
710,0.0172883368631631,0.00975149364503965,0.00156540641077728,-1411.50711587024
711,0.0199215327182425,0.0104447244300046,0.00174818019905527,-1411.51267016519
712,0.0148912147507178,0.0111466049367184,0.00165850132919764,-1412.75040202422
713,0.021334894040265,0.00959720061303362,0.00155973217307273,-1411.0938473326
714,0.0194095590498492,0.0109810172612355,0.00167777393901209,-1411.33592816118
715,0.0212614263715881,0.00969893096354055,0.00118723964934191,-1411.89811237585
716,0.0219124667588565,0.0118059655793618,0.00144429257127643,-1411.47931621574
717,0.0209955021619741,0.0113979378637219,0.00137904456820372,-1411.11885398217
718,0.0205440856204312,0.01315480116923,0.00127881501588722,-1411.93640565618
719,0.0184465898753786,0.00908205001666805,0.00186007615042474,-1411.97664914705
720,0.0209337507498502,0.00803755966634923,0.00157577609929024,-1411.63604109058
721,0.0188151594128889,0.0117855811437456,0.00136124114916899,-1411.3141979928
722,0.0187863991330313,0.0114354871772281,0.00169537358509031,-1411.57681701274
723,0.0201192113687685,0.0118150034201175,0.00134008350639558,-1411.23094964545
724,0.0181830347451651,0.0125115189238062,0.00143043912474764,-1411.61255807345
725,0.0236448189260707,0.00985698174875476,0.00152396417700685,-1411.90945302149
726,0.0225205516534873,0.0091479231170572,0.00140791671220678,-1411.49503709124
727,0.0216954539869229,0.00924941125971807,0.00128620285652344,-1411.58502864407
728,0.0232206735350278,0.0131484990288243,0.00136129636810129,-1412.53272411542
729,0.0188364569176075,0.0114745162885609,0.0013794721399448,-1411.19580399146
730,0.0252716741942627,0.00816163681721863,0.00139489050002262,-1412.98022301429
731,0.024321891830169,0.00977236460320436,0.00108370692050222,-1413.26734373377
732,0.0244634200027124,0.0115076863597157,0.00112313749836668,-1412.83122045508
733,0.0190689053468783,0.0192375207855608,0.0012511079037553,-1415.64245930813
734,0.0188317888133167,0.010347872865031,0.00181681209895902,-1411.75379920502
735,0.0216452933937483,0.00762710890608223,0.00164700846733668,-1412.13515841628
736,0.025569151989575,0.00708844466173898,0.00134853075135835,-1413.82009405377
737,0.0160464900615389,0.011927938091586,0.00110915041403715,-1414.09081711928
738,0.0147502233116295,0.0121576522264857,0.00143727504920177,-1412.96991548463
739,0.0210450072830649,0.008689399328551,0.00158777419033563,-1411.29933217984
740,0.0164606214918069,0.013042531416937,0.00133203738313836,-1412.40135497228
741,0.0178256424415497,0.00957929711758558,0.00144882774253843,-1411.46580131158
742,0.0220585527245112,0.0109987249448485,0.00102248153464277,-1413.04515624438
743,0.0252509335832128,0.0132698872281293,0.00138760866328249,-1413.66281863806
744,0.0206534567772845,0.0120627356361187,0.00156448983676534,-1411.5696214168
745,0.0172214194868262,0.00905817083211698,0.0016184161675073,-1411.78037321382
746,0.0182919253330016,0.00951122754097999,0.00151558310410123,-1411.19811490364
747,0.0208259863559193,0.0093344716544615,0.00165534425183802,-1411.22025654576
748,0.0205597285317061,0.0106409004157202,0.00157443554715272,-1411.04133786597
749,0.0186270713109388,0.00888815846104228,0.00138348941902158,-1411.69038803145
750,0.0216401275811275,0.00768519942340358,0.00175644333576078,-1412.38958526012
751,0.02276671225189,0.0112090450993672,0.00146526846953661,-1411.59084916281
752,0.0176601821317575,0.016271703704696,0.00141421710873484,-1413.82819415802
753,0.017570710753379,0.0167687453575676,0.00132996238246789,-1414.03685819739
754,0.0187699658100239,0.0146671544296749,0.0014075784333306,-1412.73368569758
755,0.0192860230823359,0.01311479169099,0.00148768361115913,-1411.87207972935
756,0.0189911805611648,0.00910739621223269,0.00156336621358747,-1411.13201475516
757,0.0221789000833193,0.00917904786028752,0.0014483298332702,-1411.34768528878
758,0.0259374596648304,0.00786529607412291,0.00174864433129843,-1414.18209273793
759,0.0192442495687319,0.00820932393294074,0.001516127114399,-1411.59898272601
760,0.0254158482401086,0.0104011047624868,0.00150119827707658,-1412.90870108812
761,0.0144496998694812,0.0137497382840741,0.00154744882609203,-1413.36741280858
762,0.0177682473706955,0.0105855798172322,0.00143649346912486,-1411.32975518767
763,0.0175453462207482,0.0106012286416653,0.00139611247718109,-1411.529088373
764,0.0194794305305837,0.0111926304299625,0.00135168616976909,-1411.09609689594
765,0.0190599280104998,0.013436958590756,0.0015484631774272,-1412.21900219145
766,0.017473151796174,0.00993497529947277,0.00175460025567048,-1411.68007862834
767,0.0247137749504246,0.0109609991256248,0.00121527971078481,-1412.53154869647
768,0.0205971663308777,0.0107579839329544,0.001537459783404,-1410.99681840539
769,0.018605292845469,0.00801298647935799,0.00147951858298417,-1412.04945524762
770,0.0230129452614765,0.00917792353200092,0.00183216595366063,-1412.87573796294
771,0.0226614236529798,0.00721221197660378,0.00131105909405739,-1413.2270220254
772,0.0262567298203714,0.00969924552210904,0.00141520876489351,-1413.17615803081
773,0.0225548227827663,0.0107655212675011,0.00119234398278179,-1411.83873323739
774,0.0159794891695159,0.0148277232460234,0.00125078072386565,-1413.40702451051
775,0.022853068989341,0.00749403815304538,0.00132141243983763,-1412.90157382917
776,0.0258701362193449,0.0085050895340947,0.00134345382018421,-1413.17868667888
777,0.02068479412564,0.0163997877148759,0.00136154703758522,-1414.2043899263
778,0.0162061802275518,0.0110780679515701,0.00177778860233589,-1412.35946291942
779,0.0210756000667327,0.0129926502607024,0.00142645736129343,-1411.87803209534
780,0.0208311693786847,0.0113728615499294,0.00190765240008564,-1413.11752529683
781,0.0178732926094551,0.011948502204407,0.00141800288530372,-1411.50603654366
782,0.0194963415605827,0.0123658145598397,0.0013274237710594,-1411.48404028433
783,0.0189659700439579,0.00989839710191671,0.00155479938722754,-1410.95949983166
784,0.0199108936259945,0.0108785624229008,0.00137214598849733,-1410.97993697416
785,0.0162251872760946,0.012893141433027,0.00134458141309345,-1412.42874357641
786,0.0253346721613783,0.0148135764696549,0.00104511749665388,-1414.47268373609
787,0.0185420211488427,0.017934393022102,0.00110473915776888,-1414.7276408537
788,0.0201196219285996,0.00912652953633472,0.00117399507320828,-1412.39009597519
789,0.0169100155653943,0.0104087308881422,0.00160897519491749,-1411.63118070378
790,0.0163551068542804,0.0103658649912886,0.00121207809930105,-1413.44444570379
791,0.0232406647638929,0.0110064678509884,0.00110625318816068,-1412.51315607529
792,0.019145412998653,0.0122466816489982,0.00120900352448827,-1411.9243885124
793,0.020506346893969,0.00906920863238981,0.00184368450620348,-1411.95292195759
794,0.0177875361985087,0.0108208326480846,0.00173816796900162,-1411.65261608104
795,0.0175823780075171,0.0128258579246728,0.00167926386406769,-1412.3282211647
796,0.0178048457811399,0.0118835549453931,0.00184307239982414,-1412.58674369415
797,0.0168241695477824,0.00802871603421365,0.00156145942931076,-1412.90364936484
798,0.017666938163577,0.0102119388816552,0.00152339078125613,-1411.28506057506
799,0.023339065757817,0.00999661292980317,0.00137451735992985,-1411.64703889339
800,0.0248166508609702,0.00777015485501056,0.00155874791143046,-1412.99902248508
801,0.0163198282951995,0.015350494988628,0.00152576556244519,-1413.53332051991
802,0.0146721357899384,0.0116567751364905,0.00150800798678574,-1412.91032179496
803,0.0283774304892301,0.011543610461581,0.00109795556098409,-1414.85539420528
804,0.0152805964596468,0.0128272903116778,0.00130931810904713,-1413.05109906351
805,0.0221820270907761,0.0117723154326258,0.00109983908015861,-1412.39254174477
806,0.0257661110494214,0.0120573505305003,0.00130137544230254,-1413.21991792023
807,0.0166873598693798,0.0153897454586828,0.00131902907489795,-1413.30718852248
808,0.0167426419950251,0.0133832904173776,0.00180654148690241,-1413.35642937448
809,0.0191138847573817,0.00927083766620229,0.00191247703486194,-1412.17517595013
810,0.0241177017019702,0.0109610004970131,0.00117423168798049,-1412.42592221673
811,0.0212075269835176,0.00951156275498317,0.00162883372717518,-1411.21744782397
812,0.0222178041175753,0.00940202910359201,0.000977021154876662,-1414.24216317941
813,0.0205641873446368,0.0140306646045562,0.00149337438252825,-1412.66971664656
814,0.0209785146808512,0.0150473033874094,0.00130975359726047,-1413.16729813193
815,0.0149026883819774,0.012976928833555,0.00169657796850244,-1413.17615197091
816,0.0197293620205151,0.00713619746978473,0.00142204541107929,-1412.92415977354
817,0.0242056786233226,0.00933633670413054,0.00139522604614328,-1412.10872333814
818,0.0187156795664357,0.00928508587052305,0.00160502363912519,-1411.1527715188
819,0.0187992442285308,0.00941743337035099,0.00169898972643882,-1411.27325185679
820,0.018275453336161,0.0114421384711298,0.00126857844781939,-1411.7202164358
821,0.022096550664269,0.0113406275174594,0.00155383327874698,-1411.59605095609
822,0.0204592192263208,0.00914519792133318,0.00145887942596071,-1411.04563301402
823,0.0230051977486681,0.00794110218309651,0.00131096247208812,-1412.57729941659
824,0.0224862088689823,0.0120195989598505,0.00175099366850494,-1413.10441408201
825,0.0231529070821517,0.014483724599235,0.00167804285366362,-1414.9981076203
826,0.0144743509591461,0.0137314904171294,0.00130299381315517,-1413.67917274103
827,0.017623447571772,0.0123194204090648,0.00126478062002032,-1412.10046389499
828,0.0164402866375007,0.010456128837372,0.00160033532966851,-1411.87579717707
829,0.0229465068416743,0.00918046732959522,0.00126682293316267,-1411.98090528025
830,0.0218233965714302,0.0130102994078557,0.00109188095743702,-1412.71407181102
831,0.0261162488435292,0.0142655478523831,0.00111498526828949,-1414.41475430339
832,0.0160017078371837,0.0117722805259864,0.00230539656478192,-1416.34137796063
833,0.0179083761076668,0.0121127894575928,0.000987075363783888,-1414.43414000469
834,0.0178020169026444,0.0145943805936242,0.00101363941951867,-1414.25821854631
835,0.017108797371736,0.0142917419693649,0.00143978882272684,-1412.61709811411
836,0.0173235971682697,0.0148470102426984,0.00141403148844561,-1412.89451050881
837,0.0224722562099799,0.00871975215344382,0.00130974641615481,-1411.92210881074
838,0.0209555745531815,0.0147472846988278,0.0013976036825503,-1413.06316485404
839,0.0176106132765776,0.0122499824489341,0.00151424922498705,-1411.65443426318
840,0.0207433635842008,0.0105391438989115,0.00134696485810809,-1411.01462066593
841,0.0201667513941381,0.00992915360567003,0.00148610337512168,-1410.85711225352
842,0.0223829732398083,0.0102910345936001,0.001605513118531,-1411.58500345916
843,0.0216339746013796,0.0105626032581232,0.0016240526550905,-1411.42175511383
844,0.0159862584260804,0.013359125798862,0.00142091798768511,-1412.50585332597
845,0.0165217485297245,0.0137823582801924,0.00182263811382132,-1413.75284721001
846,0.0187918564313796,0.0129330965506011,0.00163961673286643,-1412.1946791766
847,0.0244752266782342,0.00890748726959466,0.00132104077469045,-1412.45336794337
848,0.020918800185674,0.00968822030610442,0.00150487031973626,-1410.94389495081
849,0.0209048170893107,0.00971343362854425,0.00152333414093803,-1410.95117781258
850,0.0198016894956567,0.00929026332445094,0.00199897991182261,-1412.79171887598
851,0.0194586775948287,0.00906146671408393,0.00135774175849548,-1411.43742886447
852,0.0354541389810846,0.00519188937164915,0.00129325752715385,-1419.70645435178
853,0.0203023518658236,0.0104725111254173,0.00139954762208775,-1410.90520822789
854,0.0195749339334457,0.0111737833877467,0.00144650981344369,-1410.96783906848
855,0.0205567554738357,0.0102618954862227,0.00155885111806303,-1410.95064287364
856,0.0186520345870302,0.00865099468871294,0.0016524055827897,-1411.46035930553
857,0.0187676126390127,0.00986488007791149,0.00133902792880695,-1411.37132343623
858,0.0229430035089181,0.0117853177254954,0.00166141503419311,-1412.64518822874
859,0.0238390827163072,0.00926884533399807,0.00130118753233275,-1412.12327027638
860,0.0186247890050472,0.0114605488281939,0.00180088804212729,-1412.08133867374
861,0.0189868701088376,0.00946321448236001,0.00179927878300994,-1411.59591792019
862,0.0176738169119141,0.00865177836412012,0.00192844736346844,-1412.63916965328
863,0.0217529557881091,0.00877702619534276,0.00139953953007166,-1411.46870848534
864,0.0168435301989463,0.00883417157725704,0.00187747464261413,-1412.64169692523
865,0.0170748694668677,0.0128155364704304,0.00114460721878922,-1413.11826487677
866,0.0176752009725614,0.0147643055745154,0.00132415960634836,-1412.81918323064
867,0.0152594034349031,0.00940889803720262,0.00192840574370326,-1413.64349627957
868,0.0195762925139812,0.00804162643522632,0.00171738522843147,-1411.78140909781
869,0.0201520662603976,0.00907924786906351,0.00180889237538462,-1411.71429884857
870,0.0219322579630494,0.00767643490797089,0.0018597631814798,-1412.9430991198
871,0.0251694795068609,0.00662232922381151,0.00154834644823812,-1413.80989293781
872,0.0275105907683749,0.00980708009232092,0.00145191559280047,-1414.03685640176
873,0.0275227838317188,0.0077347112535919,0.0013986337973905,-1414.1626833273
874,0.0186738516986025,0.0113853244501299,0.00120080039990458,-1411.96100650801
875,0.0227513788692825,0.0110431962853431,0.00156512535612363,-1411.7923269733
876,0.0167840776236434,0.0106959060466399,0.00151641877529121,-1411.69631918256
877,0.0204433310433087,0.0123413108296661,0.00109459082086304,-1412.50069643044
878,0.0213449758264498,0.011159571750563,0.00153248694673616,-1411.24209669914
879,0.018382012514123,0.00812503893373012,0.00123336875165303,-1413.45976485098
880,0.0271481873384262,0.0103705478522688,0.00129194529249665,-1413.68545080288
881,0.019114968223623,0.00907052239235434,0.001869014486055,-1411.9588444631
882,0.0201267431451531,0.0077048637844696,0.0013216643295522,-1412.61572253702
883,0.0188387110343373,0.0156712000847169,0.00154237047946403,-1413.87717922722
884,0.0191966292003107,0.0146526030843647,0.00135326628961437,-1412.70506401932
885,0.0158529183887719,0.0144776442075151,0.00144617593018189,-1413.00292026444
886,0.0191570338733422,0.0148530917003945,0.00121908425397909,-1412.96117197584
887,0.0155130003749267,0.0196989018645798,0.00121412558271877,-1416.4451442271
888,0.0162395852320161,0.00771884708444223,0.00155091001504661,-1413.83055443468
889,0.019859422947586,0.00814363322410127,0.00169019789079557,-1411.64144506159
890,0.0180608714282312,0.0106075695052346,0.00139213079195285,-1411.31206868267
891,0.0200607302325581,0.00840786086302938,0.00146651572900759,-1411.41949106268
892,0.0202912002063638,0.0146318258014403,0.00140169100614432,-1412.85952227675
893,0.0241290838986452,0.0120626298189059,0.00133571314836002,-1412.35919946594
894,0.0163153186696429,0.0148076850108,0.00159721212733189,-1413.39641652578
895,0.0171123472510452,0.0113089519327663,0.001220735416814,-1412.56265115877
896,0.0232450520733537,0.011238073549662,0.00137753698987642,-1411.70765336525
897,0.0221293748994524,0.0133038057024673,0.00147861708761652,-1412.49095344155
898,0.0211494536023753,0.0139467699218687,0.00138987182634762,-1412.48664623144
899,0.0203109713664651,0.0131079060546664,0.00151054664088708,-1411.99591039335
900,0.0169695305993712,0.00992326919735632,0.00153951280030844,-1411.65698635095
901,0.0172974494023641,0.0111192267716698,0.00138205085302567,-1411.68060745264
902,0.0186476107420559,0.0112350969073506,0.001427495504678,-1411.11694194004
903,0.0184596900574411,0.0102231973797992,0.00156571392462688,-1411.04170546966
904,0.0228836883514202,0.00805322436261698,0.00123017228726862,-1412.89567062154
905,0.0239135541157438,0.00989475035647082,0.00157231277035189,-1412.1809350692
906,0.0190876990037145,0.0103359746406059,0.00144262629472348,-1410.94382750711
907,0.0229599256797902,0.0116137477643136,0.00120304563746864,-1411.97724753701
908,0.0169248670364938,0.0128313313331735,0.00156214682612878,-1412.0858280583
909,0.0193923465648815,0.00723971092239291,0.0016994132592886,-1412.53084660991
910,0.0215075239082249,0.0118964829269081,0.0012280574527182,-1411.65115968839
911,0.0190999082843689,0.0110843800723248,0.00128649088849121,-1411.36070623567
912,0.0213295946372589,0.00967855510990352,0.0016534574567973,-1411.31703594031
913,0.02078487603922,0.00844634375028803,0.00148491808527843,-1411.37810567268
914,0.0209920796208764,0.00752438843875683,0.00190523290305859,-1413.05144388874
915,0.0165356330657198,0.00697391034279975,0.00185889956268943,-1414.83926480748
916,0.02175761937833,0.00955269094369399,0.00165140729360492,-1411.4494814256
917,0.0188001832261934,0.00752725250507632,0.00182470349891607,-1412.65565704602
918,0.0203216869733316,0.0120992963823495,0.00195073961287534,-1413.78506107363
919,0.0174242420139276,0.0103197049373599,0.00135864804159414,-1411.76281327224
920,0.0226636480355655,0.0129497534753826,0.00155364283476301,-1412.72687464974
921,0.0162739249125841,0.0112639474561593,0.00141849454671691,-1412.11032245707
922,0.0195587698821463,0.00941307104863297,0.00162767159519921,-1411.0476467351
923,0.0243438684337891,0.0121047104015541,0.00107151732911326,-1413.14688111834
924,0.0260200533847183,0.0128774895958882,0.00117979993715258,-1413.70147010885
925,0.0225053495640026,0.0119921306260908,0.00134719800381347,-1411.67918781316
926,0.0188678392760904,0.0146451075398914,0.00133078099040206,-1412.68977321558
927,0.0177040702485759,0.0095119092478372,0.00169558287814384,-1411.5004675951
928,0.0227815210207427,0.00937623215987943,0.00132224497611422,-1411.66420908665
929,0.0233577727195403,0.0091291508472491,0.00145872008883629,-1411.7806807934
930,0.0242987091972089,0.00907971047576054,0.00132247301870975,-1412.31527040905
931,0.0176674915907438,0.0149905136320749,0.00186674433445459,-1415.10601738135
932,0.0152724636224409,0.0125057790038969,0.00145379586288374,-1412.61602819596
933,0.0142248675022661,0.0172104455153785,0.00117319443045318,-1415.78377616795
934,0.0168744177907464,0.0171327395971726,0.00141845123754505,-1414.49419747013
935,0.0191638098618482,0.012455761008165,0.00138510251073192,-1411.47302146746
936,0.0168709957116284,0.0107744669123413,0.00143209289155412,-1411.78077309502
937,0.025214934568759,0.00866158816811405,0.00155538566868031,-1412.91653284535
938,0.016755728715555,0.0116815822029185,0.0016004742378488,-1411.8319707775
939,0.017976196970431,0.00986942652354416,0.00148980631148205,-1411.24302973898
940,0.0205792971771622,0.0121901278576748,0.00148023503056456,-1411.4203816253
941,0.018876722835907,0.00902302006847223,0.00186296095206433,-1411.95130383037
942,0.0194333742479507,0.0103950271217126,0.00158669433326957,-1410.95989644487
943,0.0155837549467052,0.0117842777233885,0.00210115204021132,-1414.59533846026
944,0.0169181932697019,0.0105675191660296,0.00150780616242111,-1411.63756840711
945,0.0177161261515132,0.0109105705008243,0.0014476366167037,-1411.3396944379
946,0.0197441330714162,0.0112449275675632,0.00159698872950731,-1411.18412123522
947,0.0204237119163978,0.0125299018273667,0.00162321326644995,-1412.02020634119
948,0.0189815510282701,0.00917151447190684,0.00150145122332162,-1411.13969437542
949,0.0202288251762523,0.0102905565912757,0.00128410463801358,-1411.23503242191
950,0.0206243260271859,0.010937395212419,0.00148026523054925,-1410.96543060258
951,0.019542470650873,0.00841202412165389,0.00172838084590029,-1411.59044959537
952,0.0210107757107272,0.00921106914808817,0.00137449902717148,-1411.21188363713
953,0.0202586063053871,0.0124171590548683,0.00149848203722045,-1411.53232493045
954,0.0170898222047549,0.0121389129323162,0.00186704289380644,-1412.93473989347
955,0.0163814255902301,0.0096669132628777,0.00163607265493698,-1412.05613123967
956,0.0197219877832094,0.00792587126926151,0.00156723913425149,-1411.70157113296
957,0.019424619272419,0.0101092903936386,0.00149273966737129,-1410.87622090536
958,0.0232327630474211,0.0109385761103305,0.00105616846567756,-1412.90124081499
959,0.0292121553913078,0.0169547518839874,0.00105879398217448,-1417.25455927984
960,0.0233234037738754,0.0142133045200597,0.00156551596010813,-1414.10440100394
961,0.022927830843308,0.00798988337370304,0.00156710805542452,-1412.13454214926
962,0.0259469079636568,0.0100264263480534,0.00158181682686565,-1413.47468791656
963,0.0174664420392156,0.0115820757201419,0.00116690152736868,-1412.7515724271
964,0.0237291406501697,0.00980254533043794,0.00211084957351058,-1415.72996106774
965,0.0152321219826408,0.00974282775875931,0.00189134157782967,-1413.38473632115
966,0.0179806077044282,0.0112241030466205,0.00189597323600256,-1412.54241290605
967,0.0184805386723542,0.0115118572393048,0.00114011203154276,-1412.49499905048
968,0.0228930689018743,0.0105264385810669,0.001410595974329,-1411.45537291303
969,0.018943570478988,0.0116872877266861,0.00153133792544047,-1411.22447200819
970,0.0203680476796871,0.00871882100723536,0.00134668208376069,-1411.5504851703
971,0.0196235526588022,0.0107907332915876,0.00152950288555051,-1410.929670091
972,0.019075404281082,0.0111215831298975,0.00154311270547024,-1411.04454731843
973,0.0238404822073005,0.00875283985939672,0.00162299172180033,-1412.35991743901
974,0.0184477266216943,0.0126014012871622,0.0014990585296529,-1411.64578936142
975,0.0221498376592681,0.0129441708499714,0.00120883385745578,-1412.21053314149
976,0.0239922647582753,0.00745605404328479,0.00164997777284833,-1412.99939460551
977,0.0225706136522037,0.00886743800908891,0.00136358738137654,-1411.70198658189
978,0.0201147043670631,0.0146840068800701,0.00109425278597262,-1413.34298306766
979,0.0253028528123485,0.0103482257235014,0.00117502589032735,-1412.95681310307
980,0.0196189838928403,0.0106657266169758,0.00159730856754244,-1411.02134173881
981,0.0172709338658854,0.0113048959188049,0.00170007647027326,-1411.80034010784
982,0.0174364851281276,0.0154655414929453,0.00104111689402107,-1414.30643830897
983,0.0229234094845123,0.0141039623086879,0.00162918797768969,-1414.19061354697
984,0.0142771614037471,0.0141315261503459,0.00109343946108446,-1415.30237745246
985,0.0193035549859046,0.0125585647223598,0.00121014371236739,-1411.98169293543
986,0.0166841501794573,0.0129448146630242,0.00146602865568596,-1412.10261818875
987,0.0184215891664074,0.0123469579840708,0.00162223384653918,-1411.79302167525
988,0.0163612851453,0.00969660511199718,0.00166459899284943,-1412.07759624141
989,0.0232952479834888,0.00900549353955199,0.00144732532883451,-1411.78885849927
990,0.0228300501086991,0.0101096969958073,0.0012406694998142,-1411.76344435873
991,0.021847986683009,0.0101399609290483,0.00161851920259662,-1411.39886239503
992,0.0225946786561153,0.00722067990969302,0.00121321150450745,-1413.87039079657
993,0.0218768306794679,0.0128143088142755,0.00130582318349519,-1411.91032915013
994,0.0214106870592836,0.0107630838826602,0.00202042337818636,-1413.92430500855
995,0.0198297011181525,0.00833017196674899,0.00131822588232212,-1412.05025212985
996,0.0196684698144951,0.00857199212228658,0.00134798714079368,-1411.73892886638
997,0.0201836105232346,0.0143045432310925,0.00147532194527561,-1412.76206180043
998,0.0178273730880567,0.00818087493231529,0.00174012277369617,-1412.18446545604
999,0.0206131004145821,0.00741735065746999,0.00140188578038473,-1412.50542546104
1000,0.0202149651051252,0.012159034142177,0.00152818081757617,-1411.4526439615
