"i","asc1","desc1","pol1","p"
1,0.0279475938970223,0.022865070220114,0.0291430517094281,-1844.68729219709
2,0.0228825836425781,0.013408484416546,0.0170555941222571,-1659.24673094549
3,0.0222115317867323,0.0111008746784775,0.0154009290975912,-1629.36748195007
4,0.0131146257473396,0.00956934315181696,0.0147269633691286,-1611.02373863071
5,0.0122369690147031,0.00862950678801795,0.00222036474375355,-1398.65362029448
6,0.0374152732093156,0.0110674193708205,0.000377999922310215,-1391.76618749344
7,0.0358848619869713,0.0350605991551399,0.000719856157696824,-1391.77766360761
8,0.0310179686402938,0.0279328970844836,0.000781909543778108,-1385.01575459372
9,0.0183395322893425,0.0249883909600067,0.00127753606129607,-1385.44839065839
10,0.0164558743597851,0.0181901781203236,0.0015992685153652,-1386.28517029156
11,0.0281792033018584,0.00994910782360277,0.00123434810485499,-1384.27483430931
12,0.0348163156758987,0.0248117841782124,0.00124344174640061,-1387.52607907774
13,0.0226931823145358,0.0184235132945311,0.00113409906648253,-1382.64270333281
14,0.0304513929805702,0.0201737474900946,0.00127059260914489,-1383.83121434148
15,0.0252264536037606,0.0145744413526818,0.00104301287053735,-1382.87976286528
16,0.0302430655713456,0.0165802722612485,0.000937318939226312,-1382.01850799637
17,0.0239445557387092,0.021748439577417,0.000937657169770933,-1382.07177291937
18,0.0300926198024515,0.0130715793054407,0.00154691884983007,-1384.1456921113
19,0.0193052331090651,0.0151405562013257,0.00159548692221975,-1383.75054535407
20,0.0211942376950877,0.0116623010368421,0.0014525261897561,-1383.96469566074
21,0.0250629578681437,0.0201200005401494,0.000591558861406977,-1384.0933057178
22,0.0285133156321918,0.024654706158895,0.000977042617206562,-1383.15835921338
23,0.0265212291942288,0.0210308521989063,0.00107010093353563,-1382.14347424538
24,0.0303635712912616,0.0186878694026527,0.000914188755162268,-1381.85261805692
25,0.0278797864896555,0.0198053161804593,0.000918820672072856,-1381.70628895641
26,0.0320151325959091,0.0148757303259364,0.000883287225024701,-1382.5875245759
27,0.0275735877128648,0.0148719005288851,0.00135585801267655,-1382.88811104765
28,0.0310642291358002,0.00970429101475608,0.00124269403618396,-1384.15682069525
29,0.032325335446748,0.0141489281535225,0.00123709079820298,-1383.28165842608
30,0.0327374901810922,0.0130436669493637,0.000817795026639651,-1383.64057230161
31,0.0370876829251878,0.0120329909098644,0.000893756787645607,-1383.93990533227
32,0.0313344299684976,0.0250587552629135,0.000919546697367999,-1383.86733716013
33,0.0256887762368655,0.0171436054782602,0.00115758546651248,-1382.22646154829
34,0.0245136062377364,0.0146908048250605,0.000897716598458587,-1383.75005433077
35,0.0285101393249583,0.0154384664776627,0.000929202735924481,-1382.35954249984
36,0.0264301227080146,0.0245952106516446,0.00118746340497446,-1383.98259310705
37,0.0231029273879115,0.0199730585261817,0.00131288098679116,-1383.3288877268
38,0.0265380048004796,0.0158039050720503,0.00111809257525109,-1382.26358062868
39,0.0290882871825599,0.0205010830051321,0.000712785746088397,-1382.29397444882
40,0.0289553910327626,0.0203569973986351,0.000797354322826635,-1381.91588358823
41,0.0285553334246313,0.018232596444803,0.000997094017844446,-1381.80464374093
42,0.0251973165253333,0.0205465290751063,0.00116345777354846,-1382.47465200224
43,0.0272784358733994,0.0194172264325435,0.00105528692323448,-1381.9149947065
44,0.0284185135529139,0.0162212800594069,0.000997915282347158,-1382.05765147176
45,0.0265156431898237,0.0185714638096769,0.00128390711537787,-1382.83251876337
46,0.0241457192389522,0.017192190268475,0.00125107798643622,-1382.58712744345
47,0.0326616208611926,0.0132337706634749,0.00104246354260407,-1383.05881864688
48,0.0231403915425489,0.0239751228016548,0.00105367178046325,-1382.81112611743
49,0.0262967112734873,0.0126284215848174,0.00148046324064765,-1383.21678831877
50,0.0237693261662355,0.0166376114065893,0.000885207194390665,-1383.109908951
51,0.0251536801528086,0.0211617317069559,0.000984073693379352,-1381.9309454073
52,0.0244729032334218,0.0194167118578461,0.00162332089080616,-1385.34570900602
53,0.0223870706991756,0.0167703781883149,0.00118374834914733,-1382.87051740794
54,0.0226200129199771,0.0228947807154241,0.00105151947880068,-1382.62637870703
55,0.0323450229774835,0.0111818811201349,0.0010964606998081,-1383.77465590506
56,0.0288593013998494,0.0234697612128079,0.00100884326583322,-1382.87681208359
57,0.0325025912137414,0.0237664808837779,0.00112054430654355,-1384.7928342686
58,0.0297716036462635,0.0138257285426919,0.00124581326423761,-1382.92617820868
59,0.0224300401399762,0.0225377198814867,0.000642272865952466,-1384.01865618448
60,0.0233581201477127,0.0234094840392379,0.000912501462424181,-1382.37449465081
61,0.0269406766708393,0.0166352954181706,0.00106126638437948,-1382.05615974072
62,0.028798217909123,0.0139122465280976,0.0011229315720345,-1382.68631609247
63,0.0215785580870759,0.0170954671340603,0.000999632414059752,-1383.45513268671
64,0.0323226831012601,0.015165716984759,0.00137869351258794,-1384.07270017172
65,0.0280774555908966,0.01292988898464,0.00119157396762925,-1382.95677467345
66,0.0249364208959726,0.0117954343313443,0.00133101264144987,-1383.38817923111
67,0.0269739496475769,0.0212619053387641,0.0012330550459702,-1383.16028143066
68,0.0315240882550118,0.0217563496235152,0.000527430669921089,-1384.36100610856
69,0.0217280527562586,0.0267581972064378,0.00141768379516307,-1386.68730067752
70,0.0213459255594638,0.011889348225068,0.0017071711577062,-1383.91345259823
71,0.0201520582006889,0.0153038250877332,0.00159648484806575,-1383.58324234889
72,0.021172423937532,0.0137730961868583,0.00179365793445891,-1383.90702603756
73,0.0203076675445961,0.015169882425681,0.00107317135386447,-1384.48587998402
74,0.0289160506844709,0.015615054056925,0.00069656400909123,-1383.54698877672
75,0.0295898408740126,0.0198549740246078,0.000510469765657636,-1384.62313094496
76,0.0364177562164066,0.0177209644079455,0.00109746600843518,-1383.84366227142
77,0.0340948236581094,0.0167235269497898,0.000856454144621548,-1382.45515572397
78,0.0338968997992964,0.0180646911476324,0.000803257522574111,-1382.44620691897
79,0.030428344978105,0.0180892356116043,0.000957251377009446,-1381.90257834044
80,0.0275923569119487,0.0233309970653694,0.00103484822598398,-1382.71427508563
81,0.0285012352156368,0.0205897891298247,0.000691050448959888,-1382.43549159546
82,0.0360144767121793,0.0177351962415347,0.000957222308534858,-1383.06473456464
83,0.0258505999409742,0.0114820663000768,0.000893798717888297,-1385.84959558775
84,0.0324430170613955,0.0149150951383248,0.000913471562028868,-1382.5495458581
85,0.0227214654831829,0.0140713259766888,0.000994018978346601,-1384.21714220895
86,0.0324366174970134,0.0192105994101459,0.00109616580276913,-1382.91438586483
87,0.0299124609694332,0.0217317424555154,0.000828703204793156,-1382.16325758931
88,0.0198716480821119,0.0249695100242816,0.000919546885520464,-1383.5524084472
89,0.0310444396076608,0.0122176750941493,0.00135035540567338,-1383.54499023368
90,0.0316692103208858,0.013346809136672,0.00108795195011039,-1382.97573345639
91,0.0325440640089219,0.0193323382300698,0.00113742212872571,-1383.220091257
92,0.0235668062284007,0.0168647417079565,0.00112165955528864,-1382.54204632702
93,0.028142445099319,0.0119170847936105,0.00181304612401214,-1385.16723953415
94,0.0254258369898774,0.0131369335514539,0.00176069801690678,-1384.25915496498
95,0.0250582777889796,0.0137475231866993,0.00153404169016515,-1383.15113041758
96,0.0327209260103367,0.0128114570001637,0.000705311306528057,-1384.6238091128
97,0.0353055553565771,0.0206185174361184,0.000867876774307896,-1383.23929000686
98,0.0300220935383151,0.0167408281445976,0.0010044333047375,-1382.02266408088
99,0.0232016808892871,0.0227404030040491,0.000954885555423517,-1382.30854134734
100,0.0290928672929798,0.023019286138227,0.000653903123751297,-1383.02811899499
101,0.0407691354773045,0.0137024427668183,0.000902264845672016,-1384.08490445798
102,0.0386958869554606,0.0146507212187865,0.000790702930875574,-1383.61981827744
103,0.0294261535848941,0.024001071649045,0.000691502471212512,-1383.08544646385
104,0.0262393471580664,0.0208508897335504,0.00140925809735454,-1384.33922090731
105,0.022499747254917,0.0222510576644216,0.000899661201098309,-1382.41668078202
106,0.0277829529724163,0.0195011115669555,0.000938031370862778,-1381.70385181243
107,0.0364331612891251,0.0194298961715123,0.000888229927862319,-1383.33302538608
108,0.0349933370475781,0.0168233140900478,0.000754469582572701,-1382.80933103161
109,0.0324739570982645,0.0212405245423297,0.00097364843907592,-1382.85932473617
110,0.0185881467485475,0.0214538983658712,0.000994218821213365,-1384.13584529596
111,0.0206695169630368,0.0199285442274848,0.00118720196489456,-1383.39547952245
112,0.0226432307768716,0.0150539197264385,0.00108976918122752,-1383.29119995993
113,0.0272732579436256,0.0186405029174422,0.000937124648679411,-1381.73061466629
114,0.0283110522763362,0.0191891482307791,0.00110960234187304,-1382.1709925472
115,0.0217127707253464,0.0226179934903497,0.00117136508613353,-1383.24374843578
116,0.0212477718939875,0.0240248649294881,0.000789380602687588,-1383.26767728604
117,0.0280923385114698,0.0221364907417715,0.000949895412784526,-1382.11914612834
118,0.0242474721631942,0.0203471530325112,0.000813305140751363,-1382.25872742615
119,0.0225228237320411,0.0203251365819327,0.000749289785867041,-1383.21231989741
120,0.0246752789806084,0.0223727201484223,0.000838258127453235,-1382.12720541205
121,0.0271092247187502,0.019564249570373,0.000810793191847141,-1381.88741332256
122,0.0313962246700085,0.0197893084044827,0.000853524875634764,-1382.0611196589
123,0.0221948166846177,0.0194354619697228,0.000866246329007136,-1382.8900008951
124,0.0230592725253388,0.0160828919745124,0.00119335943152795,-1382.73800817761
125,0.029498374945369,0.018072168493836,0.00106325472703933,-1382.04713475198
126,0.0319031195728441,0.0188160276426992,0.000531456932545929,-1384.32581236505
127,0.0319285638830908,0.0204736627062142,0.00099168585579253,-1382.5680505712
128,0.0271917532220084,0.0228881937319471,0.000919717307138197,-1382.16862677898
129,0.0260101957195506,0.0194390612339193,0.000928609114062843,-1381.77108157434
130,0.0287608881108763,0.0160616498394695,0.0011200523805007,-1382.24218395027
131,0.0328254254475975,0.0249959476395416,0.000899512940012715,-1384.2591295131
132,0.0242392723383889,0.0169472895724511,0.000956517186951825,-1382.54609560036
133,0.0296623369450955,0.0165174433826897,0.000860552806216986,-1382.12658776615
134,0.0322453936198693,0.0169232992721662,0.00134124288773932,-1384.08103584464
135,0.0266613883348615,0.0164842589111706,0.00103630762056131,-1382.09314231092
136,0.0249706795277925,0.021205642517557,0.000934136791205268,-1381.8993770825
137,0.0213620178169025,0.0185852419057103,0.00109043852732223,-1383.065272096
138,0.0255663339813393,0.0183198184584024,0.0012419040932785,-1382.55428331708
139,0.0302230589916384,0.0149683443767707,0.00100603687416988,-1382.39407095038
140,0.0278067538706176,0.0180688239914588,0.000751640748430841,-1382.33148253447
141,0.0218616091639543,0.0208256670891003,0.00118628639977924,-1383.04865813948
142,0.0311903246660059,0.0142870383527291,0.00120624416074931,-1382.96311967324
143,0.0306663703571818,0.0155861890498217,0.0011334094079681,-1382.52199387448
144,0.0270739653773418,0.0185750999371189,0.000890596758004132,-1381.78556510062
145,0.0290503179811914,0.0146181500455624,0.00129165428587853,-1382.88780494173
146,0.0291506670260412,0.0107393500414704,0.00108580686907665,-1384.20031324924
147,0.0285960108964314,0.0148188647816217,0.00140690945454981,-1383.26606331606
148,0.0288255893868189,0.0142614221657167,0.000975207659831417,-1382.70618409847
149,0.0316314584202501,0.0191683498290947,0.000763505262893682,-1382.21220610794
150,0.0262573210092163,0.0160798171873903,0.00104897417304624,-1382.22145402273
151,0.0314556085413541,0.0174264840009855,0.00125205548265245,-1383.31504375362
152,0.0209418975764173,0.016925621345154,0.00153528736243915,-1383.76093464985
153,0.030420305599516,0.0172807693609162,0.0015931107497118,-1385.7043703516
154,0.0298857325103243,0.0213046712708967,0.00104343897885572,-1382.52950135442
155,0.0294517608503489,0.0134481704179706,0.000916983568728103,-1383.23831668779
156,0.0328973068455309,0.0159483686333565,0.000969057830913591,-1382.39576774591
157,0.0255997155653718,0.0205427525389435,0.00107926299366275,-1382.09883042579
158,0.0284783744465822,0.0197141577217456,0.00077363153032988,-1381.97112270514
159,0.0336783481744061,0.0200318959233786,0.000541226172325305,-1384.26562805478
160,0.0287060956548853,0.0242498720717085,0.00121038355688387,-1384.51527001894
161,0.0192489351274841,0.0170464053771749,0.00134063543195091,-1384.04068681717
162,0.0343739653593325,0.0146478484761726,0.0011647698254576,-1383.3748638375
163,0.0328334774416511,0.0219676641424015,0.000459830384482167,-1385.6256883919
164,0.0334195211500946,0.0210840103084248,0.00129739762392314,-1385.42832671844
165,0.0240396478085399,0.0129116657977813,0.00145220101507414,-1383.0295775571
166,0.0315103659328159,0.0112543065237289,0.000997776618640435,-1384.03234903181
167,0.0335562600110045,0.0176625955088896,0.000675750723567639,-1382.95662587199
168,0.0354276990927608,0.0136367514269793,0.00159014816868663,-1386.29347457148
169,0.0148730842845965,0.0148999347712584,0.00155723070129913,-1386.85701509069
170,0.0156369317314856,0.0172184240695527,0.00149232799075738,-1386.54494852797
171,0.0301060505593924,0.0128262609473867,0.00166889393931449,-1384.84046493268
172,0.018303723380509,0.0145894051899873,0.00195170270435939,-1385.09117970206
173,0.0190190010855479,0.0153607970580582,0.00165079660540641,-1383.98895093079
174,0.0200650995811689,0.0108683503634576,0.00152681830137878,-1384.79488139386
175,0.0247715332388055,0.0137260597568993,0.00154179136037149,-1383.15009816421
176,0.0253483783914583,0.012810669431223,0.0014560061473905,-1383.06834596351
177,0.02497093276031,0.0116659988906945,0.00127878217315016,-1383.54312663472
178,0.0237780407775535,0.0113861968728027,0.00133955766004691,-1383.77834879985
179,0.0270133252360967,0.0111788991119026,0.00137178440930502,-1383.51909598522
180,0.0341690040012232,0.0126319671015733,0.00101264806849555,-1383.36840655431
181,0.0292027552123421,0.0244295027941012,0.00058589039843466,-1383.99258842581
182,0.0269813428129883,0.0188448140503561,0.00102783989200161,-1381.8215188227
183,0.0274504596661495,0.0183253631284749,0.000859725184610308,-1381.85182538928
184,0.0317519589727271,0.0192590533257751,0.000982979918112754,-1382.25839918888
185,0.0281739330529329,0.0158858267180212,0.0013799365439287,-1383.16204547466
186,0.0169729468685717,0.0181995374742533,0.000899109809966533,-1387.24579590464
187,0.0204381135403787,0.0221034161587582,0.000988399276230932,-1383.07591864795
188,0.0240305625557822,0.0181267249148675,0.000764975831340084,-1383.14072581233
189,0.0304636888123691,0.017453432258089,0.00105785309500384,-1382.14888019271
190,0.0333669755543933,0.0174385105529902,0.000697138523162317,-1382.81624249266
191,0.0291224783581593,0.0276860405120564,0.00101766196470853,-1385.12962267375
192,0.0289756988243344,0.0162210270012062,0.00102076692439929,-1382.06874798991
193,0.0298174602002362,0.0234375081027661,0.000550534848553002,-1384.19839628474
194,0.0328099948166162,0.0197331750127254,0.00126551990023799,-1384.38422859706
195,0.0298204453847496,0.0229167342331027,0.00070161573819893,-1382.7786178493
196,0.0259938298842772,0.0197903725862968,0.00145035130264867,-1384.26940503535
197,0.0245987315154124,0.023064040491273,0.00058821319068895,-1384.05780876173
198,0.0298916795143293,0.0226021497012257,0.000715453139293206,-1382.64500361341
199,0.0263275318983327,0.0253802796728324,0.000694592445223791,-1383.29851459619
200,0.0267342414855109,0.0196319514754109,0.000732363056208913,-1382.31605736836
201,0.0311274640611223,0.0213062443172223,0.000829396872994483,-1382.27798230164
202,0.0216000399442938,0.0222405762300257,0.00119203621790185,-1383.30924258772
203,0.0257930808438338,0.0242393049400895,0.000996389732096803,-1382.67566905266
204,0.0185911220111909,0.0210346672790122,0.00112076641936742,-1384.25584995216
205,0.0183160903240579,0.0238135016026438,0.000846761569515353,-1384.43469999846
206,0.0188179186629948,0.0223871779237172,0.00144239617008936,-1385.76116380319
207,0.0307109868307483,0.00821230904066279,0.001211728118312,-1385.24430953359
208,0.0387310458893022,0.00733316801367137,0.00112790812166262,-1385.77349545347
209,0.0384128218930513,0.019875870767327,0.000921242603269572,-1384.28964444962
210,0.0172933607790451,0.0207052926726853,0.00138777343475602,-1385.87873138548
211,0.0223514334469866,0.0241264997522215,0.000545118301525878,-1385.50452143568
212,0.0265845416844655,0.0183122944735092,0.00142562448025143,-1383.68024712724
213,0.0253134107387242,0.0176867640356938,0.0007693713751016,-1382.83395844546
214,0.0263628237985623,0.019176574240875,0.000864477783753518,-1381.83578896546
215,0.0297090325534555,0.0199746824251195,0.000747515476612527,-1382.11957260891
216,0.02245835968924,0.0252877333638896,0.00105233053312286,-1383.27127814904
217,0.0266629495964364,0.0169401608743136,0.00078419059004051,-1382.66984683968
218,0.0324683145546565,0.0145463405826216,0.0012488707232943,-1383.34820495081
219,0.0205689176210879,0.0168077542230108,0.000945969594753057,-1384.42053753865
220,0.0326113655097295,0.0173358155374646,0.000886927012620669,-1382.1718071185
221,0.0262506914885697,0.0198197697578927,0.000626069797208708,-1383.36817157455
222,0.0227545221554201,0.0262017354530649,0.000705888007372817,-1383.80148797486
223,0.0265731732654471,0.0255073888413276,0.000643751359559795,-1383.69319034648
224,0.02700496880548,0.0159469515820168,0.00158457527220496,-1384.10268005417
225,0.0214510826281823,0.0113317222947854,0.00183751868027509,-1384.53191849311
226,0.0236919106589827,0.0140137316489028,0.000863227536927578,-1384.86586968549
227,0.0431257721231516,0.0155127417008197,0.00102518705661189,-1385.2926979482
228,0.0332152250873055,0.0166265145044154,0.00100659199947833,-1382.4739440122
229,0.0362851744475507,0.014665901244765,0.000825818824636739,-1383.13114141475
230,0.0421389338222764,0.013327132968081,0.000730876321381879,-1384.64465806152
231,0.0335109800091978,0.0297461336064039,0.000600285337100019,-1387.1947253714
232,0.0341213089994024,0.0164846221321382,0.000540335419763389,-1384.70938255842
233,0.032772216255647,0.015007876375852,0.000558218843779952,-1385.0813507078
234,0.0436370417988122,0.0151715461353761,0.000807058425169863,-1384.81248802427
235,0.0371348726584072,0.0211008762238071,0.00107724761863866,-1385.10572174133
236,0.0361305326126851,0.00908658414613351,0.00106864245075022,-1384.90517759465
237,0.0355608157198047,0.0149552633766074,0.000650072884425879,-1383.90878569789
238,0.0395669928256415,0.0223834800868285,0.000871928165561569,-1385.65367303225
239,0.0302152804813108,0.0163830015476442,0.000808222031613026,-1382.32884707418
240,0.0281344314405222,0.0231196602962409,0.000691843547520537,-1382.73889946807
241,0.0272697047477706,0.0211393169851238,0.00109143249300643,-1382.31041808511
242,0.0217572806630635,0.0255943357559357,0.000940988811553697,-1383.18157714002
243,0.0204283142244562,0.0262509043621801,0.000935966664701157,-1383.6762262807
244,0.0187492054302364,0.0215125774270772,0.00119651429635351,-1384.33972243992
245,0.0313993775020993,0.0194433408907067,0.00110328739415137,-1382.73312558355
246,0.0327086445943859,0.0175416569250937,0.00121585361229703,-1383.42594055484
247,0.0201983264620359,0.0227415769419439,0.00130091314146975,-1384.40096691906
248,0.0233095581004572,0.0222971310555275,0.000752301181224004,-1382.73720567963
249,0.0249524023319228,0.0235008811394392,0.000756586700014133,-1382.54820360168
250,0.0284678375966099,0.0170878786355497,0.000809648862302496,-1382.20931800702
251,0.0347678409065871,0.0166127331795252,0.00110351564577848,-1383.21417291141
252,0.0339462455402486,0.0138266200478231,0.00128448485548556,-1383.85135165591
253,0.0190697256457884,0.0166508302620188,0.00109131583326819,-1384.78022417651
254,0.0289233298705783,0.0151710485693575,0.000956830279343734,-1382.37706638045
255,0.0370194833873663,0.0175124598942273,0.000542934632830379,-1384.76726612476
256,0.0326601521039739,0.0182290963316787,0.000670192419742012,-1382.85491158001
257,0.0254539372136332,0.0173567981477113,0.00103102677388024,-1382.07743866513
258,0.0258067730816993,0.0237508802490471,0.000877332697256645,-1382.30391886241
259,0.024531693295842,0.0182692130665217,0.000893306887719984,-1382.2641919739
260,0.0258289758003021,0.0234401712517874,0.0013615660834077,-1384.87871859914
261,0.0238781288280555,0.0202227691877788,0.000914747255367431,-1382.08401193461
262,0.0217059442403664,0.0198665555755138,0.00104475072875338,-1382.74604649111
263,0.0266173964161363,0.0201697402629299,0.000913588764018546,-1381.7267515776
264,0.0301698171038465,0.0161789514179052,0.000871303718330755,-1382.18718309674
265,0.0299288641035642,0.0177866014294735,0.000750123001444342,-1382.27344479128
266,0.0233307825028516,0.0268519385414767,0.000813577242040412,-1383.47226334498
267,0.0258585228353063,0.0161250536162277,0.00107995509927474,-1382.25115494184
268,0.0210392332603013,0.0155751265376918,0.00147938625144379,-1383.26302844149
269,0.0245861335743008,0.011827756962462,0.00141909799318488,-1383.35571886289
270,0.0282256808880972,0.0112692603022336,0.0015018596479334,-1383.72159911621
271,0.0256047417562012,0.0141283503026479,0.00100691547812441,-1383.12777078112
272,0.0368366352657901,0.0151472995719596,0.000670484744279862,-1383.79986667714
273,0.0309385991229535,0.0157600936268641,0.000925688202458126,-1382.23234007033
274,0.0293653093443355,0.0180698933737071,0.000929136042935036,-1381.78912180288
275,0.0348629515211087,0.0173422533708593,0.000784439250426465,-1382.66809741923
276,0.0316024462045781,0.0200910900762972,0.000937035532929595,-1382.23781218745
277,0.0280949902878753,0.0188169914643249,0.00087705497475633,-1381.73867696137
278,0.0232878793546376,0.0213430596823925,0.00107216450421075,-1382.37714308705
279,0.0273325043557038,0.0229436425335361,0.000713509360655063,-1382.55631880142
280,0.022685402001566,0.0206660510328137,0.00107100490258619,-1382.45792774825
281,0.0256891921381789,0.0281039991494971,0.000779905093106046,-1384.08227064719
282,0.0223120186619081,0.0222823911661221,0.00112291842220574,-1382.84599244699
283,0.0290172539657301,0.0165317550216274,0.000998347228790996,-1381.99725237354
284,0.0229927103850611,0.0177625253533112,0.0011770653693214,-1382.65301903415
285,0.032026109176572,0.0190929819010009,0.000823610155312297,-1382.12589870474
286,0.0260132932576869,0.0183393637555348,0.00113249150367412,-1382.12290894296
287,0.0238928168498032,0.0194179274096311,0.00110019496519775,-1382.26829322083
288,0.0239485093927063,0.0176835817686672,0.00113635320923786,-1382.38696476488
289,0.0295317277630843,0.0227603647591703,0.000855177907767587,-1382.36766178103
290,0.0246742685606398,0.0220247118468088,0.000831763417579389,-1382.10786913812
291,0.0284327868947173,0.0207316498295175,0.00115313312642804,-1382.70089924937
292,0.0311682149641747,0.0217050183950462,0.000934978963401594,-1382.52288899332
293,0.0202813996462061,0.0289107198776247,0.000894380014766823,-1384.69681483873
294,0.0179118164938551,0.0257286517981708,0.00089046974251268,-1384.6670561417
295,0.0320834117369636,0.0239620954241639,0.00059033339506631,-1384.19418721363
296,0.0249168161441947,0.023428388069108,0.000718593270043243,-1382.7502537584
297,0.0254932503939371,0.0245284647375948,0.000961890791461669,-1382.65384799972
298,0.022714503439431,0.0236288734810797,0.000999616286277951,-1382.61283991266
299,0.0250872114164856,0.0210671301340201,0.000748919614502673,-1382.36880625955
300,0.0295935634122773,0.0242168765920895,0.000876738199091495,-1382.91458388158
301,0.0340408222195814,0.0247327327943855,0.00115969170631187,-1386.29897709921
302,0.022641477842568,0.0260147235994586,0.000775215178758514,-1383.38740550379
303,0.0230027415154824,0.0189922228875929,0.00109797090515437,-1382.46987424623
304,0.0261224313664106,0.0163677638568324,0.00103493347464537,-1382.17712295629
305,0.0303940764473608,0.0180710470503452,0.000758910623546113,-1382.18889705388
306,0.0272027903237358,0.020306613410727,0.00067468288044867,-1382.64788728923
307,0.030114303397548,0.0184054456028127,0.00105276976499821,-1382.10761006759
308,0.0301949299666319,0.0186662167214992,0.000742583269667458,-1382.19990781043
309,0.0331537944963613,0.0179795438118482,0.000991923408440113,-1382.45472320326
310,0.0348341777156752,0.0174243169072893,0.000992964729084752,-1382.82223601548
311,0.0297368063287523,0.0198546824960343,0.000783038282217576,-1381.98078068185
312,0.0268981497416917,0.0200318628093998,0.000769123606901092,-1382.05225238042
313,0.0302108919607362,0.0203325631138547,0.000950170213659701,-1382.04144916067
314,0.030753792280018,0.0202831236456182,0.000908053265198075,-1382.05071539216
315,0.02370739916087,0.02406502124403,0.00100933708367237,-1382.64388333287
316,0.0241145356261745,0.0265035991000789,0.000976777896467563,-1383.42594790851
317,0.0243532971397668,0.0148358666915992,0.00108484401597266,-1382.85856784881
318,0.0315261698239643,0.0185191792718448,0.000578234119019589,-1383.69131481632
319,0.0336909648196932,0.0212357089823425,0.00056006909728062,-1384.15531965284
320,0.0246914827110406,0.0223622346675097,0.00107028281270165,-1382.39580597999
321,0.026390969827541,0.022862266605867,0.000714381917226914,-1382.55815083335
322,0.0340367605341625,0.0236926227443518,0.000591433676793424,-1384.53585458613
323,0.0227485836748682,0.0271161512069071,0.000911767797136251,-1383.58062378283
324,0.022464058339777,0.027408462205758,0.000873010504631028,-1383.7091760581
325,0.0246573801457599,0.0191908102939331,0.000871052692045506,-1382.1094649701
326,0.0355845421578568,0.0145851103443613,0.00091807022627867,-1382.96750039363
327,0.0370997623973358,0.0139610993137776,0.00123548775373218,-1384.41849197002
328,0.0375581408420096,0.0127185679784408,0.000730897489240543,-1384.29628148473
329,0.0388407483208664,0.0228680853387719,0.000920741647057085,-1385.77101034452
330,0.0199002877192544,0.0239364674334327,0.00098311369470222,-1383.3958594137
331,0.0192483613233682,0.0262340511327205,0.00113672124594584,-1384.61670493251
332,0.029598986064726,0.0162221695700256,0.000954349348735987,-1382.06508065188
333,0.0303552854369248,0.0180481427396843,0.000857819519100685,-1381.89199944709
334,0.0307545795906858,0.0185166825477836,0.00135114022962306,-1384.09124802837
335,0.0204944633423641,0.013129315617947,0.00122103776150986,-1384.24705176682
336,0.0256083885032411,0.0198769007478533,0.00100129382445614,-1381.84635561191
337,0.0226606838219061,0.0169464212631489,0.00126132031797336,-1382.83955744712
338,0.0218421209944443,0.0143413425813577,0.000962095820097822,-1384.76944240916
339,0.0469361814085192,0.0141147930450458,0.000673559790260874,-1385.96328630311
340,0.0428305452056493,0.0141029749724652,0.000779619390224357,-1384.56907773546
341,0.0323672320799354,0.0160501406892685,0.00112571346502439,-1382.74517466841
342,0.027305738945446,0.0209152622793596,0.000681774932686125,-1382.56276075282
343,0.0317099881329374,0.0191179115463075,0.00106494061542025,-1382.55005805798
344,0.0241407743610127,0.0171552822822189,0.00109037021988847,-1382.36449809352
345,0.0257072444680764,0.0202839848031675,0.000819416579903359,-1381.96555208271
346,0.0266562042333686,0.0208649072599956,0.000804739715482761,-1381.92331089368
347,0.0269856823256801,0.0194270216413772,0.000526016979468353,-1384.82864507576
348,0.027253255687326,0.0218250576135095,0.00137606466861498,-1384.5860625736
349,0.0267821463396865,0.024456754623434,0.000488471475766116,-1385.44717708439
350,0.0312705080793165,0.0195838204729823,0.00120421161393037,-1383.37606336051
351,0.0309195626216873,0.0151329377633869,0.00122409315448189,-1382.92119086574
352,0.0233662768870162,0.0144657691105618,0.00100515522668073,-1383.65674215104
353,0.0334381070503626,0.0142113278887079,0.00138163716094503,-1384.28251122736
354,0.0291781094527536,0.0147905329688106,0.00136676550736792,-1383.2013214265
355,0.0230372078242229,0.0152620825944372,0.00142889419283227,-1382.89038824908
356,0.0320784481213178,0.0103943163363865,0.00116737705050943,-1383.97180758518
357,0.0309175241985446,0.0128844496989527,0.00122188404143065,-1383.16906602317
358,0.03652983539266,0.0142407792771285,0.00107755105055309,-1383.51772912195
359,0.0388997936672418,0.0111943525116941,0.00090072434289753,-1384.42723487766
360,0.041606376713666,0.00794878702550698,0.00103131054333864,-1386.02712077942
361,0.0321173773909099,0.00878412410433442,0.00176728180899213,-1385.80475854192
362,0.026983868703825,0.0144090165616212,0.00179306893260147,-1385.09887468054
363,0.0350326018042435,0.00648896396394479,0.00115604586550429,-1386.53864623659
364,0.0437765940830835,0.0101947949956091,0.000673908221663036,-1386.3558596629
365,0.0435779272216803,0.0129940648746545,0.000970456387211629,-1384.86348726111
366,0.0335364469549817,0.0192172469508076,0.000833741096549719,-1382.42377028899
367,0.0323156368641835,0.0190898563271102,0.000892473116505942,-1382.16910758599
368,0.0247290370560757,0.0190160628502037,0.00105314489028102,-1382.04145636413
369,0.030487568115564,0.0170074370356522,0.000774351597860568,-1382.31048440701
370,0.0296351485019295,0.0221967660385671,0.000850547866452597,-1382.22597641113
371,0.0284256124855397,0.0213948645478905,0.000919812173691225,-1381.93438270491
372,0.0267695570137633,0.0213939990275631,0.000684283860397954,-1382.59719164591
373,0.0312104084704818,0.0195150618828227,0.000763436955679172,-1382.1729208168
374,0.0225646023442974,0.0214653379310865,0.000943738415705399,-1382.34804624661
375,0.0214274376979158,0.022078676695808,0.000934663873413826,-1382.70368833652
376,0.022229255038682,0.0208820821992244,0.00109370527840314,-1382.63446208562
377,0.030863859404155,0.0211515162042931,0.00107293668675246,-1382.86613101576
378,0.0273947096524965,0.0161147657918867,0.00117405785882507,-1382.29945323047
379,0.0228721010332924,0.0117447121847078,0.00124850375633706,-1384.04370617473
380,0.0295148653988226,0.019378753712649,0.00134002614503781,-1383.91094378028
381,0.021280514570561,0.0128544988934579,0.00133440979782547,-1383.58302876051
382,0.0181514726295394,0.0140589302383525,0.00191595014141519,-1384.85129754361
383,0.0191301145689354,0.013628056101125,0.00141624350297376,-1383.89708898817
384,0.0227830869396708,0.0147898367898039,0.0010524168061422,-1383.49409563579
385,0.0304559499656574,0.0208674316539286,0.000748395638934324,-1382.25648774833
386,0.0338953901690223,0.019945290048899,0.00106757671213521,-1383.37389892368
387,0.0331397136585579,0.016487291177802,0.00056173374303898,-1384.38582201089
388,0.0306696984285514,0.0173127103498413,0.00080726192102108,-1382.11862476307
389,0.0306669641094081,0.0195014953839558,0.000919928022887883,-1381.94756579591
390,0.0364567734512166,0.0127668234465609,0.000912003328496546,-1383.57208916656
391,0.0340352094126986,0.0120048375454464,0.000993310337453964,-1383.62049600823
392,0.0402641458012052,0.0182300401547656,0.000647902247780817,-1384.64230660682
393,0.021283070140833,0.0249204307960013,0.00110847037483882,-1383.56112787412
394,0.0294556949993949,0.0226145860989943,0.000898046598922063,-1382.35406902489
395,0.0297468857751825,0.0180177228907255,0.00103648131748997,-1381.99303367103
396,0.031592039856514,0.0201640572049554,0.000755587447102745,-1382.30126241806
397,0.0343662267371972,0.0206416135589015,0.000889281247033943,-1382.98964680507
398,0.02913544772239,0.0215838587816782,0.00126225437729335,-1383.9055459998
399,0.0192882462030004,0.0198718492478342,0.00094406306203678,-1384.10883226702
400,0.0305273874660449,0.0142101834755368,0.000861396223092191,-1382.95839458627
401,0.0343956985676557,0.0126030635014852,0.00115855820385148,-1383.56897034559
402,0.0341643032180513,0.0197644233227398,0.00110496919353753,-1383.64092162127
403,0.0266650140187085,0.0164699275426956,0.000910724311256101,-1382.26526175235
404,0.0260223444085399,0.0209313701773917,0.000762455566151587,-1382.15585728316
405,0.0295072728943842,0.0216764944403414,0.000992978952640681,-1382.34468435353
406,0.0252463195808063,0.0161022627316164,0.00101981873806288,-1382.4061993775
407,0.0364346630433534,0.0154089065814605,0.00119374576380392,-1384.09286029457
408,0.0265392901075032,0.0153763436408103,0.00108218548632134,-1382.35136069393
409,0.0275260721796152,0.0190379380446139,0.000760405675628224,-1382.13064730575
410,0.0319891106687193,0.0197551485319131,0.000700556829016678,-1382.56654696626
411,0.0355160408187365,0.0178676061127302,0.000932886263263467,-1382.87223806041
412,0.0244390120824357,0.0206551951792524,0.000872528825988079,-1382.01322486613
413,0.0206842600815022,0.0196146862621525,0.00138207880526853,-1384.07490795212
414,0.0217475823738534,0.0300267225207045,0.00110228496746036,-1385.82744533863
415,0.0197867990206159,0.0291262836591091,0.00098400661700875,-1385.02866315559
416,0.0213516441935837,0.019981101495794,0.00106789560130329,-1382.89098443327
417,0.0214933955824865,0.0144656299436678,0.00144165777453402,-1383.05788841634
418,0.029899344418773,0.0167758728625924,0.00182545275896885,-1387.50884051589
419,0.028674320354655,0.0160387532578289,0.0014071400628357,-1383.4325895217
420,0.0282629591691471,0.0185515026165378,0.00092591734229271,-1381.72304065033
421,0.024567283216205,0.0220039750076965,0.000957680590086887,-1382.03901590311
422,0.024497939470192,0.0222615167566903,0.000740444416803674,-1382.54740384408
423,0.0241581406147935,0.0212515917999299,0.000707943695727884,-1382.86057021443
424,0.0254163629129089,0.0210273214759167,0.000719610596805111,-1382.50603258075
425,0.0267041832433341,0.0174809948361627,0.000773050138727528,-1382.5360552922
426,0.0317852392018171,0.0200100234374068,0.000866264629111285,-1382.16366617375
427,0.0238516068238842,0.0218388369165183,0.00105053314391697,-1382.29011634186
428,0.0265847766726355,0.020381725586767,0.000904051585798605,-1381.73784516867
429,0.0242763517802781,0.0187629172827739,0.000827544161440085,-1382.46453743961
430,0.0325419438595152,0.0209226628218571,0.000903406914362629,-1382.57391166574
431,0.0271768598691993,0.0222296864576897,0.00068783372147909,-1382.60999804289
432,0.0282865347452287,0.0233952954312116,0.000804855229913429,-1382.40641440111
433,0.0269848084117022,0.0175049532231057,0.00102431112430601,-1381.89817289883
434,0.0273996074943539,0.0196965818866502,0.000875790417771653,-1381.72003882657
435,0.0277991462601783,0.018616626982961,0.000746228106932131,-1382.25327604358
436,0.0277797783669775,0.018789501746569,0.000990084582056896,-1381.7569458038
437,0.0269642114324254,0.0204357844376171,0.0010459048890283,-1381.97761196766
438,0.0240056880197014,0.0230269531850642,0.000801679659812377,-1382.40702030853
439,0.0273961229357162,0.0160516948354835,0.00104274098644558,-1382.13455750028
440,0.0283735411338814,0.0157584524535047,0.000975202453227845,-1382.18891291783
441,0.027601609449841,0.019663958925975,0.000833552133365377,-1381.79038214105
442,0.0263820709428358,0.0228317506839724,0.00126696089658171,-1383.87122204959
443,0.031044274156806,0.0119177268441637,0.000746124113161539,-1385.26658352739
444,0.0345139537449553,0.0223642486961055,0.00105798443653559,-1384.44422002704
445,0.0232388556451396,0.012819399009455,0.0018857423787709,-1384.5657091484
446,0.0204931663952212,0.0124812695661313,0.00130753579139995,-1384.14219067376
447,0.0218074843131687,0.0239887123080797,0.00130153864052203,-1384.42606792156
448,0.0238676250617706,0.0119505747546992,0.00140255599987639,-1383.36658016981
449,0.0326950562218991,0.0119068600102208,0.00108517494368181,-1383.51434741558
450,0.0326217885667989,0.0169938577032528,0.00103227016642237,-1382.43185020887
451,0.0276023439317391,0.0239928405959379,0.000731660860816437,-1382.72745989753
452,0.0236276141378478,0.0189285261742989,0.00133538155113351,-1383.18637230682
453,0.0245037476371015,0.00999291031931373,0.00168414488529317,-1384.65760639943
454,0.0226143838012564,0.0105695536307556,0.00158541754280446,-1384.34691449002
455,0.0356266394397449,0.0120214972533438,0.000654478395242406,-1385.40263777857
456,0.0369924087886969,0.0125072178379552,0.000896252757498073,-1383.73832261607
457,0.0336743574393019,0.0131630082946423,0.00101719225574146,-1383.15183002473
458,0.0288787734275721,0.0154552239661024,0.00102041900942662,-1382.24075677929
459,0.0265404244889802,0.0179587926667336,0.000912254000130537,-1381.89750589408
460,0.0319279092026397,0.0210468965861633,0.000877751511090015,-1382.40998869264
461,0.0337917028377752,0.0206789253977279,0.000780041424461487,-1382.78337215937
462,0.0230263426662876,0.0242590227041313,0.00087649717932016,-1382.61423209492
463,0.0225801276133616,0.0195871954887559,0.00105807365464109,-1382.49247472619
464,0.0343491032295848,0.0238209016396816,0.000675427666881079,-1384.1831273709
465,0.0330873378970089,0.0179665918546566,0.00128409514667127,-1384.12409043099
466,0.0193349091878903,0.025057046420041,0.00118299818322048,-1384.49156155962
467,0.0281620555225058,0.01925672220367,0.00119599968567946,-1382.60512791116
468,0.0249678842839365,0.0253300502955684,0.00057305896518792,-1384.52023080437
469,0.0290389297516363,0.0255166919103522,0.0010985540754406,-1384.38888317127
470,0.0267206981386336,0.0201530486730922,0.00120058351237109,-1382.64844899831
471,0.0250046437190658,0.0203655552380316,0.00118696182970743,-1382.57032480924
472,0.0316841024239734,0.0117684632239927,0.00106685153798575,-1383.56609171461
473,0.0385432376109716,0.0198821645280279,0.000663306483639493,-1384.33820789623
474,0.0360392336533877,0.0209497257827956,0.000656876872909492,-1383.85463741179
475,0.0390068568700232,0.0164090072120595,0.00100893502099888,-1384.00758251233
476,0.0312159895990981,0.0160807915138601,0.000995733535835389,-1382.20860005375
477,0.0249690127885674,0.0218606424583876,0.00065771633253269,-1383.11275823118
478,0.0237939852613962,0.0241187768478946,0.00100332601518211,-1382.6365757008
479,0.0238684664918284,0.0244046070462931,0.0007303930993921,-1383.00292617509
480,0.0317886313214986,0.0248407347859954,0.000620890965332131,-1384.19651071602
481,0.0245256386438858,0.0190145843769585,0.000853768767033193,-1382.22871962978
482,0.0257274489769431,0.0206731558584428,0.00119377490432373,-1382.66255152665
483,0.0252575650088441,0.0222870181606204,0.000939538474204112,-1382.01672280584
484,0.0198778091034338,0.0308788986229539,0.000665856539747984,-1386.53228284135
485,0.0283488662831794,0.0295713367141208,0.0010408939730051,-1386.26183310577
486,0.0263719429803855,0.0225549946357852,0.000894562978253615,-1382.02334375591
487,0.0284619777955424,0.0194889038004337,0.00086031482608498,-1381.74109194347
488,0.0272843269336579,0.0166511994126842,0.00117773079616225,-1382.274362456
489,0.0238455164912233,0.017781901846885,0.00116030177302168,-1382.44059212548
490,0.0287416597942432,0.016771255269225,0.00143230663005084,-1383.74686711936
491,0.026256272854617,0.0168564550194398,0.00115700659113486,-1382.21116250696
492,0.0336985515418771,0.0168213353645375,0.000637619206644754,-1383.41193149501
493,0.0303714557783857,0.0180277839963425,0.00091354868605598,-1381.86305264399
494,0.0262716412302189,0.0211862480867522,0.000938327993266051,-1381.82417439917
495,0.0308916061867268,0.0251385608382624,0.000908916367932592,-1383.73624802513
496,0.0264273015302613,0.0201999104383676,0.000756408818738905,-1382.15900658729
497,0.0271000379889978,0.0206158079739342,0.000951995532546489,-1381.77705038747
498,0.0248435104908894,0.0249554169896255,0.000659726587031257,-1383.50856970999
499,0.0301416003969971,0.0202872619023605,0.00149997362306566,-1385.94423832326
500,0.0347978095634615,0.0131316009137069,0.000766528123265511,-1383.8071477917
501,0.0434708609338857,0.0112084290015034,0.0010335214705747,-1385.16965512331
502,0.0256123028522364,0.0274133308870939,0.000796124018314798,-1383.72362508619
503,0.0271614087030689,0.0237908472409086,0.000653770080073004,-1383.14300077254
504,0.0316770630847595,0.0243837807184951,0.000970732580200167,-1383.86026588394
505,0.0225039547668003,0.0173872936434978,0.0010824429103125,-1382.80408660648
506,0.0223016996219453,0.0193871877442427,0.00132066190552224,-1383.37729887495
507,0.0229341884199499,0.0156739416931778,0.00127131600742257,-1382.77229193331
508,0.0217800381711187,0.0186704028319357,0.00140174354813958,-1383.67775606111
509,0.0226068608347999,0.0174021972846631,0.000960734253523054,-1382.99187386318
510,0.0339710271171386,0.0220348054309767,0.00089828184420734,-1383.33733683719
511,0.031322916437555,0.0229423065103737,0.000698024460188599,-1383.03825175833
512,0.0228918764774829,0.0204658491530721,0.0012772825858057,-1383.24863370876
513,0.0264847290887173,0.0206691005281411,0.000755058735186654,-1382.14531610311
514,0.0221469274297265,0.0249123196779989,0.00106588762961606,-1383.23812256234
515,0.0307996783532344,0.0100170109675143,0.00108391490291406,-1384.47828216968
516,0.0351372278728551,0.0110506054605583,0.00106434714045443,-1384.0000626642
517,0.0282387177701835,0.0179011892416942,0.000832751345711967,-1381.94778800883
518,0.026864730990937,0.0245052797905202,0.000658704297298868,-1383.28173549744
519,0.0193377660838253,0.02396511699234,0.000660959975575971,-1385.27329354453
520,0.0220928714846325,0.024717699868538,0.000962919197602843,-1382.9026821077
521,0.0277370369179937,0.0144423254355588,0.000948431932871697,-1382.80918545599
522,0.0276307195294477,0.0153838162109821,0.00112360098340456,-1382.31544227543
523,0.0324557852880685,0.0162077018831785,0.000855679825648744,-1382.31442518745
524,0.0293217011321225,0.0207438734614962,0.000644926488633747,-1382.81389653149
525,0.0366393499217351,0.0179663364389186,0.000650553407279431,-1383.62921057005
526,0.0364176221006176,0.017707014494549,0.000617457409019335,-1383.84317745106
527,0.0275976644666784,0.0213583222147044,0.000728061774007729,-1382.25253411257
528,0.0293640621031226,0.0166114171328008,0.00123404636787548,-1382.69974730198
529,0.0242411177402469,0.0176924485754182,0.00123993872425732,-1382.57338904509
530,0.0327691998890242,0.0172669602498262,0.000955162033723568,-1382.26168010455
531,0.0372868696139766,0.014392050610758,0.000920354347508942,-1383.2954924918
532,0.0339851997671807,0.0142540698774583,0.00131681641565457,-1384.05548271787
533,0.0204517034355243,0.014852468849632,0.0014054127992735,-1383.31398619923
534,0.0172418887399528,0.0140341759713253,0.00174591096004459,-1384.69851349421
535,0.0202887853382779,0.013646211303965,0.00124850329883836,-1383.98974580525
536,0.0371680904035431,0.0127941554751614,0.00141237301129132,-1385.37874564045
537,0.0193875752509952,0.0208283408527164,0.000693594108089021,-1385.44274335448
538,0.0251242847291435,0.0222555171988215,0.000766954793914871,-1382.30687742362
539,0.0268332384838382,0.0197579913934013,0.000731842089821253,-1382.29348185261
540,0.0310542476689335,0.0156364990849998,0.00108974140939864,-1382.44028007028
541,0.0280784482848306,0.0173234964902764,0.000770305718142565,-1382.38445616049
542,0.0290373966964602,0.0257680184926623,0.000771164345389531,-1383.43768995982
543,0.0295713144160516,0.0194801878260234,0.000949003663581244,-1381.83856715891
544,0.034533447696612,0.012194884859744,0.00123859298387906,-1383.8512368251
545,0.0327879679835809,0.0142113490942118,0.000791690375873809,-1383.17092093789
546,0.0264664856166288,0.0280022923610849,0.00070751848943508,-1384.2929966737
547,0.0250772534883575,0.0179637515421236,0.000802179220211884,-1382.59272043827
548,0.0329872225158206,0.0217429382732581,0.000696891929647421,-1383.07033400001
549,0.0313292331045317,0.0163483773640946,0.00108894378157992,-1382.41343844547
550,0.0235141306975214,0.0153838699745371,0.00130830768225884,-1382.70030323313
551,0.0200957978656942,0.0149740126009326,0.00164134654481235,-1383.62876983629
552,0.0204841468170013,0.0131462952249678,0.00190664974905086,-1384.41256131346
553,0.0230665522555316,0.01336380551618,0.00118429934407585,-1383.3778925329
554,0.0286156068098794,0.013423830293944,0.00141779455164912,-1383.2688767951
555,0.0200519524993205,0.0185438906085778,0.00136878371246156,-1383.99749744651
556,0.0261891068205067,0.0105819041665599,0.00156493573504497,-1384.01707484121
557,0.0221139531336089,0.018052744970443,0.00105132208282745,-1382.85588757009
558,0.0307143886111595,0.0180822766413451,0.00123263226280508,-1383.10887918309
559,0.0304277593479051,0.0217263517721916,0.000670229837002747,-1382.78373682661
560,0.0281629351139503,0.018448874816513,0.00051468778061407,-1385.0634218786
561,0.0341807564623301,0.0200233201590184,0.000739884731191306,-1382.83794330687
562,0.0242432829855588,0.0248931840096635,0.00100176757069687,-1382.86773197492
563,0.0243163292731969,0.0233032311783673,0.000762397881715753,-1382.56482286085
564,0.0310714583896719,0.0220786294430668,0.000931584504408332,-1382.60446608688
565,0.0225649074719906,0.0269214796897546,0.000970131252750099,-1383.61647251278
566,0.0233162623508238,0.0253084612008471,0.000881223742146787,-1382.85861716257
567,0.023572479767957,0.0188241336539484,0.000984668050479208,-1382.26510929233
568,0.0260310497549904,0.0204026672493758,0.000997697317754051,-1381.84150510564
569,0.0332116406124627,0.0178380221357894,0.000957642725489286,-1382.36457746951
570,0.034826487054567,0.0186572602760837,0.000706165143428089,-1382.95733330401
571,0.0336325598939109,0.0170566831270092,0.00082114368418794,-1382.39925390952
572,0.033916564224057,0.0232008881032569,0.00095240686851722,-1383.99955289756
573,0.0299732944913694,0.0179022287184707,0.00094725820849977,-1381.85139814142
574,0.0292495818472909,0.0191146339429516,0.000864458618606671,-1381.76918746237
575,0.0284702808782201,0.0202957672599114,0.000775968010691225,-1381.96572703941
576,0.0287888181829361,0.0159811431285748,0.000769947642620253,-1382.78766674508
577,0.0348650228219108,0.0192825525675723,0.000801252750257562,-1382.77332196172
578,0.0210507133541562,0.0185003801853541,0.000883827778436543,-1383.7021635268
579,0.0204944962066531,0.0244523088395508,0.000810322067353468,-1383.49758011324
580,0.0247524672407894,0.017844985227278,0.000841180367686697,-1382.51957801489
581,0.0244727649070326,0.0254684292134508,0.000866757619736623,-1382.8481615458
582,0.0249263022835701,0.0235508562703296,0.00106761908509822,-1382.69448415658
583,0.0257749440825634,0.0197664717735635,0.00130779406491022,-1383.18044576063
584,0.022344120774753,0.0185694270373861,0.00163156515344737,-1384.82754723098
585,0.0198064632630531,0.0179660268280057,0.00132438626615556,-1383.91155693286
586,0.0276086968430029,0.0220542073140501,0.00096872754262224,-1382.0927759784
587,0.0232407759247365,0.0225926590067573,0.00062279031127155,-1383.96955478566
588,0.023869038202918,0.0242638731253777,0.00107438431108856,-1382.94665228174
589,0.0243826233788379,0.016233371245626,0.00124308803826672,-1382.52772129037
590,0.0281969716629604,0.0185298709718721,0.000939362404515545,-1381.72524627968
591,0.0245381557756426,0.0204632385462406,0.000956189843710346,-1381.93359803443
592,0.0202933354365639,0.0248176885936383,0.001037555426547,-1383.5092083354
593,0.025846149685001,0.0142753996887683,0.00166689762942356,-1383.92544882227
594,0.0191559999289124,0.0127161957329578,0.00139461826354754,-1384.25800772549
595,0.0320080397297761,0.0160868209587384,0.000576214035910141,-1384.36990545505
596,0.0340716441450229,0.0235085875344669,0.000697037170708698,-1383.90523039116
597,0.0269065565159147,0.0214717508106037,0.000925914074184891,-1381.85493431226
598,0.02564435969738,0.0208466531517195,0.00116377126294275,-1382.52800537652
599,0.026118031807944,0.0140942041053414,0.00151114864134317,-1383.2067656125
600,0.0229969063984015,0.0207749089957098,0.00138590317135255,-1383.99844869642
601,0.0202409325629573,0.0133783416611957,0.00166250788869729,-1383.56115326686
602,0.0219201966375479,0.0149724044333269,0.00114544737699834,-1383.37942612791
603,0.0247996387794188,0.0232175273994385,0.00086347221191203,-1382.20972414273
604,0.0306453139990841,0.0127061597620538,0.00119963521675136,-1383.15158352383
605,0.0329816653202576,0.00669153991187095,0.00163574116079371,-1386.26762316394
606,0.0309062407006084,0.012137435103463,0.00127985375560555,-1383.3908787703
607,0.0232444970122824,0.0124156498740467,0.00181826720046693,-1384.23018956748
608,0.0206373174426983,0.0132307531636946,0.00170772244089864,-1383.6325565124
609,0.0196593234582011,0.016649252277943,0.00228588276244598,-1388.5568756187
610,0.0176155674571051,0.0128773264547493,0.00189715495530885,-1385.00408476611
611,0.0256659585521735,0.0155121345254916,0.00163458975312536,-1383.97838109509
612,0.0308564933912197,0.0166389840941013,0.0014068344112442,-1384.10319310691
613,0.0297950568921049,0.0171855292946168,0.00155040993408986,-1385.07185660491
614,0.0241063587988929,0.017980916309414,0.00157558351524204,-1384.2802498276
615,0.0220142015544667,0.0127254589692643,0.00132899725104246,-1383.44996027306
616,0.0219770716105087,0.0135536068067311,0.00151575733530907,-1383.10529905141
617,0.021057848616085,0.0162131879107971,0.00126970186045004,-1383.27409999244
618,0.0289385439642948,0.0179284347532349,0.00147219966464985,-1384.41015497693
619,0.0240281911768493,0.0165211646481717,0.00146048050285393,-1383.17730629182
620,0.0251544826106147,0.013207171504765,0.00120364182551701,-1382.98398286843
621,0.031016671860961,0.0188956032994999,0.00119207785436375,-1383.06555447554
622,0.0309257606396476,0.0164741838225028,0.00094749088548204,-1382.08181568073
623,0.0400890219268447,0.015754424014511,0.00071870059324661,-1384.06888806059
624,0.0336451675530814,0.019230577002359,0.00089077230150974,-1382.4832755571
625,0.0333058829783756,0.0211240822878996,0.000801494009842892,-1382.7431289698
626,0.020456829919461,0.0271707714268116,0.00072666435173728,-1384.53805428482
627,0.0221594041446967,0.0240671644083932,0.000804582382103974,-1382.92791539869
628,0.0234654470477764,0.0230641249489755,0.000835085342259674,-1382.39995865263
629,0.0210570028125819,0.020894945893648,0.000890539427672574,-1383.01606614609
630,0.0190330008672656,0.0235526904033282,0.000945515592549731,-1383.76852387508
631,0.0305631234870398,0.0121837781924073,0.00154303845408903,-1384.17347531821
632,0.018061186967824,0.0128312135354611,0.00150859560626654,-1384.44660825558
633,0.022435084209808,0.0138078823853977,0.00158039075570558,-1383.17520248067
634,0.0203616303756207,0.0130550058055431,0.00181720577649886,-1384.02985631435
635,0.0253877290827295,0.0129663700071497,0.00131658949245363,-1382.91635639975
636,0.02741039263198,0.015736232651096,0.000986018204448186,-1382.24944903122
637,0.035255340428551,0.00793249727166362,0.00159812040085271,-1385.67460581874
638,0.0348011721503393,0.00859358828915388,0.00151476322721142,-1385.10452648157
639,0.0260539531061922,0.00998851416776993,0.00133600017885828,-1384.33863002818
640,0.036390672719995,0.0182733459627913,0.00115673137686762,-1384.36446540199
641,0.0293102027301485,0.0211314416392898,0.000616561904045013,-1383.10572931513
642,0.0299185721274041,0.0237466469447599,0.000813977840836816,-1382.7605198055
643,0.0246981646485563,0.0213814539241828,0.00125132361474311,-1383.16518238236
644,0.024184287963289,0.0219309785471987,0.00113025154090351,-1382.59636730839
645,0.0283835123887911,0.0158793363658234,0.000723555992931558,-1383.25681386874
646,0.0363592007743354,0.022577566648809,0.00064303460739922,-1384.50426705806
647,0.0260880446701152,0.0199343786735309,0.000795565750223083,-1382.0266010162
648,0.0295344539650325,0.020567572064316,0.000977887589036744,-1382.04418195817
649,0.0260396206229301,0.0227945003415607,0.000761811780228295,-1382.31997907577
650,0.0271241398111264,0.0180053282832178,0.00128825776093129,-1382.81720377215
651,0.0255876105391212,0.0183500752160242,0.00124561561727556,-1382.57420475494
652,0.0283967358172652,0.0156561252511054,0.00111385842464015,-1382.26849240948
653,0.0355058534534429,0.0199840010194056,0.000581763665226607,-1384.10925575174
654,0.0356522783905476,0.0202443095892262,0.000741566644272011,-1383.26314386426
655,0.0311857829376798,0.0198105843062253,0.000930572222612968,-1382.09276485085
656,0.0337633582744952,0.0187836971629322,0.000984439320093656,-1382.67909879702
657,0.0332463378331829,0.0227527911229902,0.000980864724557245,-1383.69571522277
658,0.0274653660225887,0.0193998163526556,0.00112295177798273,-1382.17987263375
659,0.0243669677050222,0.0169495199190597,0.00130790159091632,-1382.70726190148
660,0.0248385840056912,0.00859490912471941,0.00157549983273539,-1385.55726749878
661,0.0314024040240906,0.00894186659279766,0.00133282322240341,-1384.44090640702
662,0.0314271205168908,0.0199480188187354,0.0012414926678196,-1383.80771164449
663,0.0197669339198611,0.0180444892182622,0.00116986740563973,-1383.89025115657
664,0.0360536733458276,0.016483025627807,0.00111131855011104,-1383.60647398877
665,0.0230159851936615,0.0134517414935541,0.00138207583564883,-1382.9526116539
666,0.0254443283263645,0.013114008806688,0.00130566261451775,-1382.87609132183
667,0.0348777416973426,0.0135803688407289,0.000896228213316674,-1383.16472536603
668,0.0405813232600041,0.0152030085764648,0.000824237508285265,-1383.97672660233
669,0.0339863294693227,0.0134511255794028,0.000639066557372394,-1384.75155804462
670,0.0304059788040402,0.0167494481432075,0.000661959576198723,-1383.1994698597
671,0.03693813341652,0.0204143814061591,0.000718849842065809,-1383.75061775485
672,0.0293264290978923,0.0222034529832615,0.000648934439143601,-1382.92633732552
673,0.0309331530074129,0.0213310415211188,0.000777044135609145,-1382.31613229147
674,0.0320673354007772,0.0172262415321598,0.000903384926401577,-1382.10330302133
675,0.0324335014147919,0.0184134049232516,0.00107072130352788,-1382.6435927453
676,0.0230156935072512,0.0132051929006078,0.00136109739660815,-1383.02653297425
677,0.0247419879247676,0.0172237731575435,0.00103869360770471,-1382.22777568
678,0.0299871702319014,0.0150809544502087,0.00098399737833832,-1382.36073892739
679,0.0330987172853433,0.0193739280229928,0.000814345952779121,-1382.36037899191
680,0.0293264900074805,0.0223956091166036,0.000908168890406617,-1382.28351929011
681,0.0266427741497754,0.0175758222534349,0.000702684322565568,-1383.07089809739
682,0.0339527311475278,0.0155670075031258,0.000949204660626728,-1382.5777336093
683,0.0342197805056929,0.0154984410373755,0.00110096555431523,-1383.03870359954
684,0.0278131951329908,0.0170896661975449,0.000963820665615381,-1381.90376001653
685,0.0289176868183943,0.021195003139008,0.000978110104131046,-1382.07899202926
686,0.0249091372249121,0.020599023734675,0.000924257062196266,-1381.880318759
687,0.0301226166384742,0.0219049113686428,0.000875194629803581,-1382.24557444759
688,0.0267381862067134,0.0227551823879125,0.000828109209571363,-1382.11081262271
689,0.0248231393801899,0.0187850705309537,0.000992459235094168,-1381.9834368021
690,0.0252884253832754,0.0223826555954291,0.000680942383932563,-1382.85734220147
691,0.0310556171664512,0.0225968313969425,0.000880321223267402,-1382.65472626015
692,0.0305274651233873,0.0128516575798146,0.00106236465897662,-1383.10906373269
693,0.0269049931391443,0.0184267490763204,0.000883864493458532,-1381.83081268904
694,0.0284254034727181,0.0213400117627535,0.000951143404338509,-1381.97800605695
695,0.0277069802363532,0.0221837990225017,0.000832452106215812,-1382.0232216278
696,0.0301632657492196,0.0132659929916219,0.000968565132085372,-1383.10275834101
697,0.029847618351439,0.023424033542462,0.000716024986263615,-1382.85520257145
698,0.0321216044738855,0.0214030088974352,0.000580393532212555,-1383.71534877169
699,0.030185322204159,0.0230007023207,0.000485864782804355,-1385.11227666501
700,0.0262369911977056,0.0257671944142079,0.000875441897398058,-1383.03028655053
701,0.025663273797437,0.0206536923794302,0.00082947962107436,-1381.93128544655
702,0.0292973047180574,0.014990346017875,0.000813433200643859,-1382.9210957801
703,0.0307128942658388,0.0150550917953497,0.000818086173672103,-1382.74501925473
704,0.034129167109887,0.019354808449887,0.000886888095517161,-1382.62259820677
705,0.0258886621753414,0.0208550080917707,0.00122529669474078,-1382.90095135034
706,0.0240946064576934,0.0176047137173755,0.000905027422720241,-1382.54230970526
707,0.0291813341897505,0.0218732501368436,0.000923358169274644,-1382.14579670351
708,0.0275568073932478,0.0163195784918076,0.000997089274211244,-1382.06907649536
709,0.0354881756686304,0.0146178820253394,0.00106356199443352,-1383.21683530437
710,0.0224088175380068,0.0250350858275409,0.00104129665604884,-1383.15080406967
711,0.0214356692454476,0.0267993457638988,0.000681972788080049,-1384.47295120751
712,0.0195527434431442,0.0228067750184585,0.0013275573406249,-1384.79825457548
713,0.0326781947819709,0.0165218424570502,0.000693408209964518,-1382.95947829852
714,0.0290057915784235,0.0244751172703263,0.00114236106945865,-1384.16372920466
715,0.0274226441644644,0.0212648444577857,0.000894866872132066,-1381.82164281304
716,0.0303644504701765,0.0191648972964982,0.000862359379234346,-1381.8647705679
717,0.0238541463513053,0.017110824672938,0.0011226911287717,-1382.44398664154
718,0.0283684351657876,0.0197164726362234,0.000967621215821923,-1381.77636709199
719,0.0237550429140943,0.0225027269502808,0.0010799785759535,-1382.51566599491
720,0.0240099548020426,0.0215300279813741,0.00161354512387259,-1386.27739164456
721,0.0252671680399849,0.0202870064740457,0.00113591702016094,-1382.30596111905
722,0.0315237801829054,0.0149802516533471,0.000864897344185914,-1382.58655291397
723,0.0310438391880006,0.0250196395675828,0.000887620534302145,-1383.65929569183
724,0.0221293819278352,0.0216026875494923,0.00125921933647266,-1383.46788813012
725,0.0187479054617802,0.0110483035920131,0.00127784081190946,-1386.43731182006
726,0.0366576777015913,0.0119225250522782,0.00068902556080002,-1385.05634578386
727,0.030926325556822,0.0158215933239497,0.00118294253793071,-1382.72792727761
728,0.0332449264247668,0.0153758253743089,0.00100533615736736,-1382.58056851252
729,0.0249298283140851,0.0235302458179099,0.00111472599041692,-1382.92570833281
730,0.0312617667249009,0.0221646610954154,0.00069293392888427,-1382.85104758688
731,0.0259328436461642,0.0251293179760072,0.00105270127613355,-1383.27954727145
732,0.0203140566371283,0.0155322625641329,0.00172752927914587,-1384.03356223918
733,0.0174805093960498,0.0179428750410294,0.00152690322622516,-1385.34826692833
734,0.0215332928591844,0.015947932497604,0.00110626631779688,-1383.44613572418
735,0.022259245018253,0.0191473195976636,0.00124022049539703,-1383.0282431731
736,0.0219964732549498,0.0147099136532366,0.00145009677309977,-1382.98707361578
737,0.0260107535874039,0.0188414721194504,0.00116160385382791,-1382.25051748117
738,0.0249727416909567,0.0182199134842477,0.00133468646420363,-1382.98833828467
739,0.0213299633217078,0.0160598408548145,0.00154241387588988,-1383.4585421352
740,0.0236955428680262,0.0120202982759979,0.00160110602131488,-1383.54443827715
741,0.0220462275450584,0.0169763654177759,0.00103698315889058,-1383.15417947661
742,0.0319050269109652,0.0182267341968593,0.00104497563170362,-1382.38998328575
743,0.0227990562285053,0.0180085094097991,0.00162318679936091,-1384.51121011353
744,0.0201734850333663,0.0121485631738652,0.00158281590034657,-1383.83902450316
745,0.0176417852125218,0.0163599746116998,0.00170426664086462,-1385.00900091343
746,0.0302124165951595,0.013507142061284,0.00100505557855055,-1382.91360521128
747,0.0316633159961305,0.0246101329466889,0.00061993357511893,-1384.09335175081
748,0.0327681854851064,0.0146881106388848,0.00108727395126477,-1382.79823544143
749,0.0242825223121312,0.020604303241197,0.000759392706983582,-1382.50790266677
750,0.0222839567651493,0.0241859480150158,0.00112243234829404,-1383.26387209833
751,0.0243521458097602,0.0141434939775356,0.000999580880317072,-1383.49904778378
752,0.0398831071999512,0.0172132019638755,0.000677541490440244,-1384.24769875443
753,0.0246985187359975,0.0235441467353417,0.000927782592681224,-1382.29121540263
754,0.020815482279278,0.0247718607945409,0.00115975953694525,-1383.87309140257
755,0.0204268862872772,0.0217769937193295,0.00138880995488011,-1384.70107409849
756,0.0268785498112247,0.0187903006508761,0.000779120365979456,-1382.14026780745
757,0.0269609334263525,0.017112459682352,0.000739219407543846,-1382.86026998447
758,0.0352791292575693,0.0121818602506972,0.00137216073013593,-1384.5232155555
759,0.0204348571883189,0.0168332060697835,0.00162421978177254,-1384.11392912656
760,0.0223678750874149,0.0146658286430058,0.00147182546408598,-1382.97142316118
761,0.0215871029171301,0.0161939483762835,0.00128598805418455,-1383.09561523362
762,0.0294099071492115,0.0179976413554282,0.00119352679271836,-1382.60193139754
763,0.0279997878444986,0.0190859273349731,0.00123485116309229,-1382.78527052686
764,0.0183203422530927,0.0159931073766987,0.00144647825466677,-1384.26568911338
765,0.0225327773243648,0.0181298406978224,0.00119627375809218,-1382.79772598853
766,0.0239609484456241,0.0163571250142383,0.00139350216092284,-1382.90663611284
767,0.0252712064001849,0.0132772050622847,0.00127512202655639,-1382.85279873067
768,0.0220726697240151,0.0128951911601467,0.00157447026780549,-1383.29246800526
769,0.0316009832569524,0.0110452632454016,0.00138997680847142,-1383.85391132712
770,0.0282002127112714,0.0220022954483969,0.00118279700036471,-1383.23429182697
771,0.0286412765647643,0.0229269311147046,0.000769000389246116,-1382.39033972383
772,0.0288611210166945,0.0149914973216366,0.00112302900567047,-1382.42277965499
773,0.0281446896031035,0.0196100270966545,0.00105778203091064,-1381.99374151889
774,0.0349115569596414,0.0172454454752395,0.000806199398407305,-1382.63562569712
775,0.0236165373607541,0.0200311101322539,0.000909461610396512,-1382.17190050281
776,0.034836629728554,0.0243118065907398,0.000939144240292488,-1384.8416872067
777,0.0371857328955552,0.00540229842551165,0.00171423688747524,-1387.62386128237
778,0.0366546186829183,0.010629286492483,0.00189966913118119,-1388.24539609817
779,0.0335388873580604,0.00883185339092692,0.00154145311792938,-1384.96077033477
780,0.0331753828511972,0.0153158344513722,0.000829250950140295,-1382.63551290865
781,0.032774206684092,0.0181953809727773,0.000664562394479438,-1382.91126729801
782,0.0308210394448179,0.0182920218635441,0.00114032629737302,-1382.6142255064
783,0.0258161296198421,0.0125220420012341,0.00136352684449493,-1383.04394697704
784,0.027081306404974,0.0178147894808333,0.00106424517949351,-1381.92689377193
785,0.0291496413458881,0.0194220587144382,0.000940061894732143,-1381.77828628125
786,0.0322623065424264,0.0159031773388162,0.000964081690701394,-1382.31447901814
787,0.0295284533176683,0.024679170798907,0.000654251183544867,-1383.53237867828
788,0.0251073998979201,0.0213805457755984,0.00135262531559716,-1383.92912544996
789,0.0251141444488255,0.0104642953900215,0.00127358053487527,-1384.34023110609
790,0.0387213823730418,0.00981747453577767,0.00113159072061732,-1384.75937332196
791,0.040624799640995,0.011041553049413,0.00133814610970636,-1385.65798902079
792,0.0206051686061403,0.0213446389310942,0.00137257523015912,-1384.44157653259
793,0.0191991121943715,0.0155304252086685,0.00140533547797312,-1383.81021416192
794,0.0318137242633059,0.0159964564509142,0.000757815845611905,-1382.67522923121
795,0.0312916077861676,0.0170192238280549,0.000771347551360029,-1382.33659308585
796,0.026115453210531,0.0179477432267972,0.00106234748017156,-1381.95917075475
797,0.0368764377976183,0.012487603898649,0.000936320476383521,-1383.69394430112
798,0.0362703567317546,0.0116585736771382,0.00089046103553676,-1384.07544628537
799,0.0334762699234582,0.018670643700523,0.000798091947760591,-1382.39810817702
800,0.032162727266136,0.0167551680306773,0.00104688139254928,-1382.3967849102
801,0.030243886023195,0.0190992940640644,0.000730721895843384,-1382.23686022794
802,0.029746590373612,0.0172985556121086,0.000838274352085331,-1382.00796966561
803,0.0299105374807422,0.0146130840242942,0.00111982657983428,-1382.56047171415
804,0.0283797009906429,0.017569398892681,0.00107990076254116,-1382.00262675304
805,0.0242896928688674,0.0218651228691593,0.000926557863008996,-1382.03177634861
806,0.0218450836290252,0.0209383072708392,0.00109242927838221,-1382.73753058691
807,0.0264575012737299,0.0183001802752617,0.00134456734319788,-1383.13351525141
808,0.0292588392678761,0.0118475950678701,0.00152748086767841,-1383.85363211717
809,0.0304399137133371,0.0116773489885622,0.0015112553050978,-1384.00514035692
810,0.0211996959120306,0.0147690063661263,0.00140222432337502,-1383.11657670972
811,0.0271498681251463,0.0123269812740684,0.00130551393423692,-1383.09708550803
812,0.0251792889795761,0.0105379607402087,0.00105964489488408,-1385.47055137405
813,0.0312815181762708,0.0141592589340651,0.00101215659751926,-1382.67803247168
814,0.0309150625248236,0.0216409601360926,0.00102611417126669,-1382.78909631748
815,0.0240267173808921,0.0197200019593717,0.000678557237641084,-1383.4214474577
816,0.0286842220512048,0.0234638857736386,0.00106990495197221,-1383.14982918336
817,0.0289413355433279,0.02041219555241,0.000669141575190958,-1382.59750582146
818,0.0238399295709226,0.0209999665734725,0.00120505546647293,-1382.83731960635
819,0.028800385938669,0.00870724082762783,0.00179724210916601,-1385.63368024947
820,0.0278335211722653,0.0113193525987345,0.000989295257904521,-1384.55426860172
821,0.0315485468027887,0.0215307993376529,0.000671628185155069,-1382.88738824734
822,0.0340645816002514,0.0218675434375139,0.000855103519901409,-1383.21236287826
823,0.028411493278668,0.0189300771046387,0.00121030810097573,-1382.66825967712
824,0.0287962560177089,0.0121376118524515,0.000803406490559783,-1385.09641328428
825,0.0362244556108962,0.0229784879640073,0.000847122317326995,-1384.41351396661
826,0.0182442660433247,0.0250086136527817,0.00100034533399801,-1384.32908395811
827,0.016873848565622,0.0254610662332495,0.000944606755260955,-1385.2437448715
828,0.0224550648541197,0.0157738084337666,0.00164265130060643,-1383.69240881647
829,0.0210706656470861,0.0152804009435883,0.00116878307464419,-1383.57771742003
830,0.0198834617774434,0.0165798896553878,0.00163257364865889,-1384.13842004974
831,0.0159422685795197,0.0160204535542026,0.00158048363128009,-1385.88310252345
832,0.0182780382043648,0.0131879537091793,0.00135968538648107,-1384.68023197465
833,0.0254478856200784,0.0145751846337609,0.00153507805273615,-1383.24392540709
834,0.0274530799206545,0.0108017214166549,0.00156373219399674,-1383.96363220426
835,0.02889530035413,0.00852959663684278,0.00177922962104165,-1385.62926851663
836,0.0281324972209255,0.00920824492202789,0.00147128739166762,-1384.48921374044
837,0.0287660567990843,0.0120602565490566,0.00116251059198693,-1383.30264744078
838,0.0250018680279584,0.023139105979695,0.000834297670819208,-1382.22238454817
839,0.0255887328459255,0.0220102335993359,0.00080235147198798,-1382.09220194466
840,0.023669586285565,0.0190106720303697,0.000880896681447051,-1382.38494307863
841,0.0301776198781914,0.0184524754559795,0.000918271970350581,-1381.8339542117
842,0.032738079621748,0.0220695808888121,0.000719386154934584,-1383.01013143208
843,0.0272589848764594,0.0205630665084288,0.000766681683361351,-1382.03036169624
844,0.0297136495678515,0.0217465751704871,0.000856005627236842,-1382.12853010379
845,0.0328840535140208,0.0218464834548644,0.000990523769126022,-1383.26155885316
846,0.033686147247053,0.0201102913295137,0.00070616763191332,-1382.86582134975
847,0.0309544220368003,0.0190383771937558,0.00088762479522067,-1381.92920946972
848,0.0323585572661457,0.0187624179816722,0.00126562021293473,-1383.94563485203
849,0.0259946945156993,0.0138502613378839,0.00107393250817697,-1382.94656258394
850,0.0283958522897304,0.0137196225308457,0.00102727569118353,-1382.86165715327
851,0.0338061649149954,0.0114139348458069,0.00120905785004846,-1383.78771537515
852,0.0268597272688728,0.0172111532105797,0.000829354472504188,-1382.28758366938
853,0.0328967066186685,0.0177354847543838,0.000699011234540472,-1382.72398586569
854,0.0315383651096142,0.0139879298134886,0.000774885775327805,-1383.44669167252
855,0.0388792433066446,0.0176539106307497,0.000651420059921326,-1384.14929877121
856,0.0387345225319884,0.0177995189591722,0.000383369368938292,-1388.04904613407
857,0.0355370059571847,0.0250639336817145,0.000841555430720803,-1385.1522057119
858,0.0310214184835938,0.0169873689589269,0.0013589067086198,-1383.86993766885
859,0.0259688134284144,0.0125392901065938,0.00123355548929312,-1383.11088881043
860,0.0268544619929558,0.0107379766428084,0.00157156841453519,-1383.97994493632
861,0.0256835627282318,0.0125571144633536,0.00123727757532475,-1383.11947429603
862,0.034168535106983,0.0104838021390215,0.001284763075682,-1384.09702946982
863,0.0298780573476304,0.0164145548327202,0.00137625311173918,-1383.58633376141
864,0.0275962253223664,0.0147685648127534,0.0014027449352347,-1383.06033181705
865,0.0251366148383292,0.0223081262669091,0.000880821413691779,-1382.01369650613
866,0.0298450485164674,0.0210202501816473,0.0011278982206116,-1382.90302527178
867,0.0220713627292753,0.0193236667754393,0.00113489003062726,-1382.78985061692
868,0.029475031849926,0.0149567123848987,0.000926632808418738,-1382.48817298717
869,0.0300527719458936,0.0143858526467763,0.00116684392228935,-1382.70072422509
870,0.0245833397764851,0.0105764168605859,0.00128984548527261,-1384.32489108155
871,0.0247541602235335,0.0108706035424678,0.00156691698034925,-1383.93055775418
872,0.024066239434853,0.0156510952129835,0.000835749904796742,-1383.81195962861
873,0.025493756497884,0.021293750519875,0.000962492285353728,-1381.89114215363
874,0.0311689204160132,0.0207334740513932,0.000911838876539538,-1382.22209408879
875,0.0210430367435575,0.0256015973010795,0.000783105566101091,-1383.62609014906
876,0.0288401930991385,0.0245745666654001,0.000678484695510303,-1383.27032000588
877,0.026060103629395,0.0215969347052011,0.0012084185304477,-1382.9918482711
878,0.0275708759480673,0.0208952154749944,0.000528192061651546,-1384.43666755449
879,0.0272382111207137,0.024973702230182,0.000522724993318688,-1384.92303932613
880,0.0345534267866493,0.0236421786781468,0.0010028534733901,-1384.72614921785
881,0.0225180147816401,0.0193075736621229,0.00142660232043998,-1383.87507282877
882,0.020168496321046,0.0225942198551622,0.0010451108444885,-1383.26217348875
883,0.0222723788197499,0.015770904907504,0.00104288563966923,-1383.39459768313
884,0.0362247444058882,0.0132257374314649,0.000793655677675848,-1383.67167833454
885,0.0291446676307704,0.0278749809925502,0.000777185222861403,-1384.4904187504
886,0.0178118467415564,0.0158848687630205,0.00206112398128826,-1386.42132054221
887,0.0196071475137301,0.0173548716682236,0.00206748003809273,-1387.15731898109
888,0.0195242149664162,0.0101228500645835,0.00195139315365981,-1386.10218382882
889,0.0249991624712784,0.0144780530773584,0.00188752679702688,-1385.2348963133
890,0.0221054114394662,0.0114251373664559,0.00140824308438352,-1383.97410686248
891,0.0230439180115544,0.0149901621012366,0.00140829617208984,-1382.83849540425
892,0.0215388123669968,0.0136089047146881,0.0013714835971039,-1383.1894517443
893,0.025580727581806,0.0161022505669775,0.00141755601484164,-1383.00331641585
894,0.023694338626732,0.0115931662450698,0.00117231045359955,-1384.27796579257
895,0.0233898488484547,0.013517043121966,0.00164989318384998,-1383.42704362817
896,0.0235214974456769,0.011701471560324,0.00117882098866459,-1384.21456162812
897,0.0272576061872136,0.0162785854170019,0.00114965108047072,-1382.22725513549
898,0.0265222443905495,0.0211078824709282,0.00130456421080718,-1383.59336590262
899,0.0253843486195542,0.0225986152805564,0.00110157325108277,-1382.59746507491
900,0.0219859772377993,0.024952407339722,0.000952325533523287,-1382.96961361701
901,0.0260901045225673,0.0176779011023191,0.00112673199466126,-1382.10896810919
902,0.0274584200748122,0.0186197046627776,0.000709239532017099,-1382.55404506802
903,0.0268515146398563,0.0258790009028298,0.00117710247912765,-1384.61634688979
904,0.0197078154932233,0.0229256091981913,0.000873664125032822,-1383.54559924722
905,0.0343757544015132,0.0120119618145088,0.00109938624431249,-1383.61246887745
906,0.033508863870736,0.02467660309547,0.000731039651624026,-1384.1352269948
907,0.0302052820932799,0.0267288263990562,0.0006322924120199,-1384.58222841106
908,0.0263359338958961,0.0290154766405718,0.000681908096026153,-1384.88888876459
909,0.0275855489771561,0.0268167041489873,0.000969404038066899,-1383.98310872227
910,0.0207867238954854,0.0187443245038176,0.00144374147263935,-1384.07955156585
911,0.0219809409897988,0.0150566270712782,0.00162512905102461,-1383.43132729987
912,0.0218044087153997,0.0153960077381247,0.000891874089434101,-1384.74119459925
913,0.0267185296342872,0.0244235447428209,0.000971403191739106,-1382.74701882608
914,0.0269052339778243,0.019498039998835,0.000892827555005765,-1381.72461746642
915,0.0311701778387109,0.0160444011789272,0.000926025693407166,-1382.17954777397
916,0.0294142421288074,0.0176334462314137,0.00111505908585375,-1382.2138362281
917,0.0278475423494741,0.0181094891449272,0.00108095827239015,-1381.96974713084
918,0.0288267553052553,0.0183106692257871,0.00123292261341767,-1382.76852138178
919,0.0263006140140924,0.0161056317146935,0.000911502310689009,-1382.45927000597
920,0.0319676653821129,0.0174650608310311,0.000834940636216897,-1382.12403527892
921,0.0302249167648252,0.0179182352209157,0.000576957536336573,-1383.8741167409
922,0.0318691238336647,0.018796739089528,0.000820972450102287,-1382.09225481243
923,0.0219982238121336,0.0246377323782229,0.00102438097976228,-1383.03346005844
924,0.0220038686183286,0.0232371486617875,0.000878006894048254,-1382.65674159962
925,0.024139897167264,0.0191994041069102,0.000864209899641524,-1382.26076482476
926,0.0282268003071593,0.0250992499656201,0.000905014258882763,-1383.06774805792
927,0.0280124050987819,0.0199443389375618,0.000808309266590235,-1381.84785037041
928,0.0291847925919257,0.0195405138225172,0.00104518668104553,-1382.05553968129
929,0.026697162997803,0.0220640180626206,0.00120479156421389,-1383.17044449793
930,0.0252314858910268,0.0221240991625257,0.00100641540000584,-1382.11639320211
931,0.0290343991345495,0.0149387429870453,0.00115881305373051,-1382.50164718503
932,0.0297725843398135,0.0197921845172552,0.000952558563474815,-1381.90118218593
933,0.0291157827951016,0.0174449383576887,0.000739130333380322,-1382.4472821176
934,0.0348357322249563,0.0162748901343925,0.000811507072919322,-1382.67712502829
935,0.0345104524705794,0.0201972774662098,0.0009403133519209,-1383.05344031223
936,0.0254318834868727,0.0204457856972806,0.000946346890413701,-1381.81971250143
937,0.0252440177123711,0.0179687207822655,0.000942548452589289,-1382.05709254588
938,0.026952574398743,0.0156788766405101,0.000944439696708322,-1382.40600898987
939,0.0324028707848415,0.0212676063612985,0.000835705260414262,-1382.54682942345
940,0.0242397272114572,0.0253672715262693,0.000872890698163737,-1382.81889208311
941,0.0219066418421152,0.026402230023448,0.000897841547075536,-1383.39570731612
942,0.0239968183100229,0.030325235871826,0.000879597620339941,-1385.17618861051
943,0.0221907606854574,0.0274146518935167,0.000861396068585978,-1383.74672654953
944,0.0228719079469103,0.0261954051824004,0.000823283915490779,-1383.2629103452
945,0.0291765860884572,0.0129821026686708,0.000713058269462638,-1385.17550246504
946,0.0391049271492875,0.0136115828673019,0.000816261237721421,-1383.82135921341
947,0.030542292242393,0.0125997752847749,0.00135057697343871,-1383.43181081335
948,0.0294107044412178,0.012438523005012,0.00109335942770819,-1383.24962696429
949,0.0347805028386071,0.0163178569766885,0.000897496005704145,-1382.60201896792
950,0.0246380525574909,0.0226452265629969,0.000903084518449084,-1382.09703248198
951,0.027157663996272,0.0188992476401111,0.00126910202141682,-1382.85965403763
952,0.0240948346777458,0.0186130407937528,0.00121061370073841,-1382.55319148199
953,0.0319759940259079,0.0184640058598174,0.000618605168769369,-1383.241825188
954,0.0323838250234592,0.0186442103757839,0.000725100331937312,-1382.46507312541
955,0.0339146501194153,0.0122571384907808,0.00100859607298803,-1383.49388318335
956,0.028961718986037,0.0219744035702139,0.000899890440456007,-1382.10201848008
957,0.0315623379409811,0.0196494012345433,0.0010525082005248,-1382.55474186996
958,0.0390656162798992,0.0123770644568245,0.000671179491558119,-1384.97416623245
959,0.0449047851441916,0.0125612077972026,0.00107801478857795,-1385.65978676571
960,0.0358010511350607,0.0130427109019243,0.000989078014435924,-1383.39856406232
961,0.0287479742590008,0.0252744770324488,0.0011183027283204,-1384.32075584737
962,0.0277956480405895,0.0151383799051332,0.000965194950165391,-1382.45571881784
963,0.0268439841140286,0.0209051611394553,0.00105097619321054,-1382.06196724603
964,0.0265728996875242,0.0174178645272345,0.00107617717624289,-1381.99585517707
965,0.0327740933709604,0.0199605029597497,0.000943354749182969,-1382.50611661165
966,0.0293051274188155,0.0203250887409438,0.000857394956418347,-1381.83876383875
967,0.0270736594000192,0.0248464375123501,0.000973533601708606,-1382.96954017741
968,0.0219764571800887,0.0189185739331849,0.000948818610777508,-1382.86488240116
969,0.0227313383584569,0.0172555606451713,0.000738933294831546,-1384.4192180054
970,0.0325452722432284,0.0153464472352199,0.0007207818023591,-1383.12666785106
971,0.0339419325254119,0.0165125783726012,0.00073920497607375,-1382.7727426434
972,0.0317567062850688,0.0211234620459321,0.000818832658296192,-1382.36928694025
973,0.0307285958243251,0.0227213483393136,0.000800910964167687,-1382.58989030725
974,0.0318029432346761,0.0174367537616696,0.00106075929425024,-1382.38150260092
975,0.0315691554335888,0.0211841631928223,0.000847834236643168,-1382.33921113767
976,0.0202876551126932,0.0286605154260058,0.000999902337817832,-1384.75328134949
977,0.02587443994993,0.0178470395260487,0.000678753822879291,-1383.41534390931
978,0.0342062765240101,0.0233468210380489,0.000807276087193176,-1383.76436269567
979,0.0337273666353328,0.0259437715035595,0.000568323248068216,-1385.50866927305
980,0.0258760864272132,0.025405513823392,0.000500992850899043,-1385.51606037193
981,0.0276578490973101,0.0191161617710359,0.00076735365448803,-1382.07311891693
982,0.0310246930386522,0.0215127562885,0.000554306842646896,-1383.92899115105
983,0.0261295868973132,0.0219641332378554,0.000935419674266188,-1381.93738356468
984,0.0237971139703528,0.0250993747461298,0.000924971424600377,-1382.77624321231
985,0.0250127259486439,0.0168051179669042,0.000764143620582736,-1383.35888920299
986,0.0259471177844365,0.0185624669987482,0.00115948651427446,-1382.22587266772
987,0.0278254637683829,0.0165734015279922,0.00091903203475604,-1382.07100448834
988,0.0332797103410441,0.0189201824741662,0.000494595215354689,-1384.97698215924
989,0.0246841617036985,0.0182608456741078,0.00136796749839649,-1383.16933886511
990,0.022794649851542,0.0214461858185465,0.000583305741125688,-1384.823542172
991,0.0271465007395768,0.0189655375038359,0.00116671007134112,-1382.31129775004
992,0.0295253472903795,0.0174717325203041,0.000897700069235099,-1381.86812496523
993,0.0300204452265293,0.0224913806659755,0.000798596865057257,-1382.39755329696
994,0.0276825854830119,0.0248333547252117,0.000813908127603279,-1382.80801042433
995,0.025647146555679,0.0269787147004616,0.000734996512125838,-1383.68886228198
996,0.0255469641461903,0.0296120849636606,0.000729934835133049,-1384.9575373727
997,0.0258519627585941,0.0227080449801533,0.000937137197132128,-1382.08787702578
998,0.0238934919123239,0.0221539446368885,0.000755767644270421,-1382.571617985
999,0.0314462283238703,0.0204027615036887,0.000795431013845134,-1382.20690553045
1000,0.0263513184420233,0.0263414831464018,0.000879150552332628,-1383.29566283159
