"i","asc1","desc1","pol1","p"
1,0.0234046567913378,0.00526573262789176,0.0179279187837943,-1684.72633346524
2,0.0181846551205963,0.00635975019515149,0.0126276345215206,-1594.11378085594
3,0.0183139293741435,0.00928387968225992,0.00840022108778239,-1513.80127733843
4,0.0192855640983513,0.0102710468172008,0.00176048680292007,-1407.47982887406
5,0.0188676359908081,0.0129635309434556,0.00185700282683284,-1406.92479980547
6,0.0267985311285039,0.00817973441340264,0.00212805858048436,-1407.06731854541
7,0.0258669282024172,0.00807299231616068,0.00194060351983004,-1406.32065955513
8,0.0314559514296619,0.00911395317554024,0.00164747714893544,-1405.12374411861
9,0.0259310398873785,0.0107329012910651,0.00167193378470295,-1405.27299914869
10,0.0325583441189836,0.00928397504439974,0.00154194427336158,-1405.18902620153
11,0.0309894093286126,0.00914952294826672,0.00161504113171386,-1405.04786765835
12,0.0334722832197904,0.00994604750890449,0.00162544081402528,-1405.65295263431
13,0.023978239132359,0.0122728609800134,0.00166759243619723,-1405.55014623503
14,0.0230195854657428,0.0101083721729256,0.00193324237887483,-1406.3478578482
15,0.0333517097818067,0.00711763580029611,0.00193527738701986,-1406.17623545927
16,0.0317029432248217,0.00739887735562113,0.00185015360818911,-1405.61709036299
17,0.0317363370781192,0.00564629149657584,0.00152115894061351,-1406.29370557995
18,0.0338412775721783,0.0118084330847664,0.00123481674512687,-1406.35187699025
19,0.02739333266651,0.00872491146012176,0.00182989665630112,-1405.49743677112
20,0.031861572864686,0.00709922261475877,0.0015940353314446,-1405.22148459225
21,0.0329708146262326,0.0104430936202555,0.00141325525003778,-1405.59402117551
22,0.0345639076317538,0.00781687322318364,0.00149832668970942,-1405.32746702479
23,0.033257238859671,0.00785712702936768,0.00192683083489101,-1406.13866987943
24,0.0254988444423729,0.010062712120122,0.00198174717995833,-1406.24019922248
25,0.0310806879884148,0.0103077554347102,0.00132070047245623,-1405.6363274441
26,0.0358903385520253,0.00990517294123536,0.00166176061612319,-1406.32161688677
27,0.0236664767030536,0.00942151099303336,0.0015367681098962,-1405.99664546402
28,0.0250646944905684,0.00813152743668054,0.00181739024573935,-1406.15536519436
29,0.0332564680246689,0.00821065015584787,0.0018234383747052,-1405.71932577795
30,0.0308981338765761,0.00931673530621079,0.00128229522107397,-1405.73201311128
31,0.0281358066128623,0.0154363663026824,0.00145964635123028,-1407.16987864425
32,0.023334401494503,0.015062427443763,0.00154315112395707,-1406.5709878655
33,0.0257065753103826,0.014896497028404,0.00145981445435929,-1406.62482142797
34,0.0261139399050396,0.0157464028033179,0.00119988485021824,-1407.60019741835
35,0.0247759699411351,0.0108103920578754,0.00127433489352073,-1406.50823415577
36,0.0273277414969062,0.0127541216937865,0.00172170453719403,-1406.12633992695
37,0.0257027110897615,0.0104345255845499,0.00221722172453375,-1407.80590113047
38,0.0256936409751203,0.013259743702589,0.00151561674689592,-1405.85879093842
39,0.0209142640254195,0.0148905619077529,0.00156588540786466,-1406.67528321306
40,0.0235290895233131,0.0140097055191103,0.00125100180436719,-1407.11325265647
41,0.0208467827823213,0.0238377200090204,0.000972886229516415,-1410.84693876917
42,0.0258596866994616,0.0179640583914154,0.00160941396729829,-1408.81548190384
43,0.0271500143437227,0.0169278097739059,0.00143566571980557,-1407.86555933648
44,0.0271779331397098,0.0128772943700539,0.00157128421423101,-1405.8543367803
45,0.0218492737487024,0.0116616333581944,0.00123177163489428,-1407.63740114652
46,0.0291202504771361,0.016803763356782,0.00115694392503737,-1407.84840671563
47,0.0397801131169843,0.0126914857394578,0.00114262023211715,-1407.33346286431
48,0.0318659626923334,0.00820052477700027,0.00197326512381743,-1406.20520860186
49,0.0318392605384877,0.00813628666809326,0.00134030198194128,-1405.51926445953
50,0.0376398623508932,0.00840464993195415,0.00128425980316982,-1406.11629466793
51,0.0392348904528488,0.0100476255357492,0.00164111912436177,-1407.25417639628
52,0.0359244640111057,0.00815938815572238,0.00157079474509553,-1405.58947086626
53,0.0320390888927104,0.00639630800559684,0.0015950377367681,-1405.55290932168
54,0.0322553357634403,0.00641613761002846,0.00135747914255244,-1406.15611458779
55,0.030073113674036,0.0195156317538701,0.0010371938642514,-1408.70204716209
56,0.0345443760134688,0.0141657305457679,0.000971338378347371,-1407.57651028493
57,0.0294120008754232,0.0133735735347307,0.00125160978132193,-1406.55714293396
58,0.022723534207878,0.0156657467482191,0.0012755791797888,-1407.65315636062
59,0.0288004666979075,0.0103140820358363,0.00199863889526375,-1406.55348068177
60,0.0258053401459124,0.00957239822279044,0.00181354182034443,-1405.54968037577
61,0.0276088918945018,0.00952148766151609,0.00173329689191366,-1405.21345833664
62,0.0264033964977127,0.0113639367005367,0.00174437012051398,-1405.54017671556
63,0.0208869537325199,0.0152670889582761,0.00136937250384761,-1407.42188000825
64,0.0272901770761876,0.0142927268944957,0.00148565116873061,-1406.47705956169
65,0.0233893423951977,0.0136584661900423,0.00178887363776382,-1406.24216932688
66,0.0212332665939318,0.0102850609571411,0.00157181852430388,-1406.49858111341
67,0.0277868548392287,0.0114786288436939,0.00180197099051386,-1405.90636005001
68,0.0206606903896868,0.0115866245229177,0.0017840903022485,-1406.22964217167
69,0.0287850509493813,0.0115978542891453,0.00144233530708859,-1405.56066562741
70,0.0232222439827599,0.010204418258998,0.00181284655841724,-1405.89267554288
71,0.0253754593947175,0.00937611652281058,0.00151211091919527,-1405.54550643524
72,0.0336359879114404,0.00775614870389846,0.00189847158194477,-1406.05732452072
73,0.0237110734551883,0.0134120212330745,0.00136520988750666,-1406.30062938925
74,0.0256929130565812,0.0100654551782675,0.0017849097228963,-1405.46421426849
75,0.0391429215802782,0.00952457747122553,0.00148670926895916,-1406.51945401126
76,0.0379821254118031,0.00659423779802098,0.00132227025449206,-1406.39323598161
77,0.0361646234731573,0.00931567932009864,0.00179495354995789,-1406.67128656343
78,0.0222983222822652,0.00840297707818061,0.00189314721181208,-1407.38066517866
79,0.0317864313459716,0.00932243422682475,0.00145159030646702,-1405.1740048803
80,0.0283736971327563,0.0078489794327022,0.0013297834249002,-1406.1258384005
81,0.0384435194609447,0.00855527008044664,0.00161498359552799,-1406.35582611465
82,0.0289207230380242,0.0107497975904707,0.00159978226383442,-1405.27811789647
83,0.0307637766810571,0.0123237385529065,0.00114203378985359,-1406.77460907035
84,0.04058980307679,0.00721527287475478,0.00123557907166381,-1406.87064487571
85,0.0408993012492297,0.0109801639515513,0.00101368591788091,-1407.35018038676
86,0.0399426617699893,0.0107484058604187,0.00120276344876271,-1406.82209374656
87,0.0364788366563836,0.0152512464037556,0.00119282360555936,-1407.74446807189
88,0.0338154598562482,0.00802851341114751,0.00213146361324346,-1407.55852728717
89,0.0330496167249016,0.00590761907693953,0.00191885512615896,-1406.41322365614
90,0.0326723307158416,0.00903955616511202,0.00160213218907003,-1405.19663113043
91,0.0235131280628022,0.0128491597981983,0.00153899518001468,-1405.70290901471
92,0.0211006630132895,0.0155865755092103,0.00179534445750403,-1407.24025681938
93,0.0193434197983509,0.0135444819237158,0.00183515980335061,-1406.77128509298
94,0.0262973265836285,0.00762433658882459,0.00171700943268944,-1405.89128748735
95,0.0278954047876716,0.00954559272869541,0.00159032081309515,-1405.05564055319
96,0.0307468194530884,0.00437948829051913,0.00173698420241797,-1407.96329751243
97,0.0341847509959821,0.00487483140595209,0.00138768173960601,-1407.33756847384
98,0.0341512776693204,0.00697415802925687,0.00217897817676965,-1407.78999209999
99,0.035595395049906,0.00547810123802132,0.00207191128005585,-1407.5342757671
100,0.0304997836086309,0.00732211891168543,0.00111157596828087,-1407.84605436217
101,0.030413328532001,0.0135148709741216,0.0013788359653176,-1406.46646565266
102,0.0218207870967797,0.0106666402261499,0.00164910394751879,-1405.98697501779
103,0.0286221890666866,0.0101818794950386,0.00146936716309551,-1405.19900823543
104,0.0311473048895517,0.00831266115121723,0.00140960226828733,-1405.2424955351
105,0.0285491780848514,0.010647962922465,0.00182914305218976,-1405.79034730392
106,0.0254618715149267,0.0113769706654671,0.0019308840929276,-1406.19381500279
107,0.0234242467740473,0.0118640059141472,0.00194048765320346,-1406.28311401839
108,0.0260147971150076,0.00816949490863395,0.00182138066337538,-1405.86272010264
109,0.035105075518911,0.00698726680669934,0.00178984221835017,-1405.87755960994
110,0.0356225364863018,0.00702936073816382,0.00161156732659183,-1405.57820055603
111,0.0318920664757567,0.00934768932986111,0.00142873033923922,-1405.22312212843
112,0.0360403779374803,0.0106925136558247,0.00167756287619373,-1406.82442911287
113,0.0329314372530263,0.00705977291143507,0.00129159873247746,-1406.08912327932
114,0.0330194829906832,0.0156879859570849,0.0017766649791476,-1409.98361357929
115,0.0341493749782908,0.00815313422517735,0.0011713451927289,-1406.49597575558
116,0.0381774837630101,0.011772774884083,0.00133670915207766,-1406.90770504406
117,0.0245022564021171,0.0133027630180208,0.00133988491438359,-1406.30968448351
118,0.0246254651416325,0.0105125029533025,0.00202201717435467,-1406.51931590831
119,0.0310348587466868,0.00901335053487843,0.00132319993290204,-1405.52920759404
120,0.0291993836980954,0.00963502155436755,0.00158149630622558,-1405.03067091166
121,0.0392866772582126,0.00669460677225895,0.00148878012160157,-1406.35236781483
122,0.0370493480431143,0.00954497263094618,0.00178927832461746,-1407.02282057854
123,0.0235406689209392,0.00928295513202469,0.00176148933822428,-1406.01381696492
124,0.0225925621703727,0.0161441268723648,0.00162370745089616,-1407.23189436701
125,0.0250580848404314,0.0115720553866315,0.00165474337707852,-1405.38868573494
126,0.0244683283989745,0.0113107913492906,0.00172204478004877,-1405.46469031375
127,0.0197070725667485,0.0111315645528219,0.00170384541589334,-1406.70535729159
128,0.0203386357022478,0.013104125816034,0.00170065688709905,-1406.20761770186
129,0.0268165137158389,0.0134083512595458,0.00180115583999725,-1406.6654411485
130,0.0199427656009354,0.0174393550464444,0.00201135009218883,-1409.57568369228
131,0.0177986344173289,0.0154133290662456,0.00191569901993442,-1408.24496233681
132,0.0200301663839695,0.0153519241146504,0.00183877079859786,-1407.33343391806
133,0.0170965068768215,0.0126336664623099,0.00193119455623161,-1408.09983759778
134,0.0220510654932092,0.012265045714563,0.00185665174395964,-1406.08931935115
135,0.0222511481129768,0.00969411680301115,0.00119792243680638,-1408.71202268863
136,0.0473912863749749,0.0125830112592802,0.000948679452582669,-1408.51905264835
137,0.0473840841299127,0.00997777367041174,0.000798856960036733,-1409.36130965387
138,0.0348270709435764,0.0161433928426981,0.000843311227768026,-1408.21097623745
139,0.0400276179680265,0.014369561102397,0.00137247020407656,-1408.6822483818
140,0.0188842672697398,0.0118017859505429,0.00193344537563,-1407.2600089694
141,0.0387161320307421,0.00330685192905934,0.00193299141567061,-1409.23152689427
142,0.0340450985452522,0.011965465037088,0.00185889865601392,-1407.98208038962
143,0.0316957466096604,0.0073084017695683,0.00187306669000686,-1405.717583312
144,0.0329323035737693,0.0103224073699218,0.00162104823241858,-1405.68893724442
145,0.0318471991876617,0.0113232595452115,0.00157749447117354,-1405.85203197015
146,0.0306293072260229,0.00694673772375928,0.00157519330776789,-1405.35974986078
147,0.0350486895742147,0.00824466611618073,0.00146248800797307,-1405.42465723276
148,0.0364170399463755,0.0111105558643413,0.0014145910165055,-1406.404540612
149,0.0364402347003594,0.00654113767188058,0.0014207883261395,-1405.93917516552
150,0.0352648393667322,0.00734837837617999,0.00136034097036996,-1405.73944498034
151,0.0415191437374587,0.00813292527145627,0.001183146679664,-1406.95840153833
152,0.030273211655628,0.0100514120641862,0.00139679840880164,-1405.3406172927
153,0.0349677288365532,0.00880721959348297,0.00132830584650692,-1405.6905985146
154,0.0314760776707413,0.00765638883898495,0.00137467200869294,-1405.50111765039
155,0.0304457184844394,0.0105078214150853,0.00147606398980432,-1405.31156008348
156,0.0261983876317441,0.0121550491751409,0.00141669961521917,-1405.69209477022
157,0.028163316767307,0.0110122760731266,0.00142682218309154,-1405.42582479514
158,0.0357325661952425,0.0100286126864904,0.00139212826026266,-1405.90063674435
159,0.0277429923873445,0.00746703060702889,0.00144907082848009,-1405.9209307999
160,0.0275791221696689,0.00850444943616635,0.0014833020716765,-1405.37480111461
161,0.0383492685643063,0.00773801846940316,0.0015876596129545,-1406.12201717147
162,0.030134830611948,0.00839424317078823,0.00164892711635391,-1405.00195339247
163,0.0310977647571468,0.00849734419525257,0.00128114381362131,-1405.79770238442
164,0.0326923463773557,0.00597081923921399,0.00220074911113161,-1407.87491085266
165,0.0291073998237055,0.00844887457407234,0.0013549998713707,-1405.61504193632
166,0.032774043044201,0.00462119340735245,0.0018429498801511,-1407.21359076765
167,0.0311366746663441,0.00914116147784664,0.00156353917260625,-1405.02856080674
168,0.0309701430852151,0.0104284030209077,0.00142447435585753,-1405.38788959572
169,0.0361699795369904,0.00947307615875938,0.00142557694431886,-1405.82441543103
170,0.0274745530587768,0.0106050781174216,0.00149593656099461,-1405.23498846099
171,0.026143394975294,0.0137009520075879,0.00177201670134208,-1406.57263983026
172,0.0224389913518694,0.0139061013421698,0.00146050271249144,-1406.25679247389
173,0.022850278205141,0.0112432995322582,0.00189121988566593,-1406.0672208467
174,0.0257778197363443,0.00995721850543647,0.00152940405189992,-1405.31460581488
175,0.0372501323975664,0.00894867166228957,0.00144947022178787,-1405.91158954448
176,0.034352398480451,0.00866282459262379,0.00149023886222079,-1405.33823197129
177,0.0255931876821437,0.0135322154293365,0.00145623316868593,-1406.0153119318
178,0.0247866453321877,0.0137173595138216,0.00142641950741173,-1406.12795886853
179,0.0296903108234045,0.00830065143305898,0.00144521961150474,-1405.22161688861
180,0.0312211318904364,0.008219725441495,0.00212698487291361,-1407.08238140506
181,0.031367942692765,0.00703601823992399,0.00158379327249075,-1405.26038238707
182,0.0364770435150079,0.00865990023872713,0.00137135558427325,-1405.78212058728
183,0.0290637798781771,0.00829566976550399,0.00145401479351814,-1405.26760197273
184,0.0289570158338382,0.00698819499550991,0.00176106915175139,-1405.65699835076
185,0.0314902513731331,0.00912342639089681,0.00147503994383513,-1405.09818087015
186,0.0296069072798653,0.0108089842889745,0.00173240893947791,-1405.63905097187
187,0.0245373759837182,0.00990540659092267,0.00155553738428878,-1405.52303337762
188,0.0351821539673082,0.0110888617527661,0.00129356140914914,-1406.1937195504
189,0.0319177503978195,0.00904006363885666,0.00136392117618426,-1405.36651812238
190,0.0292485133249139,0.0120853195821888,0.00171588166324709,-1406.12288884987
191,0.0212712604373753,0.0130835353485515,0.00143142760030352,-1406.4145351135
192,0.0364942655162516,0.011817846231878,0.00131500219609734,-1406.60299183531
193,0.0330128007506814,0.0108375696069498,0.00136667267278403,-1405.7698095431
194,0.040656378786942,0.0105310076765886,0.00130603662965682,-1406.88100678063
195,0.045612430532231,0.00779849584297688,0.00145058293816561,-1408.82124628633
196,0.0438380956456074,0.00892044508443487,0.00146835158945064,-1407.84258380728
197,0.0274947738668658,0.0122892206883911,0.00173771500088044,-1405.98526635732
198,0.0231336545997774,0.0126682400813129,0.00152409671110104,-1405.71956633365
199,0.0241229276494365,0.0138854244970287,0.00118590567842688,-1407.45768136581
200,0.0298074573952714,0.0127720479464194,0.0011943133422253,-1406.6264453167
201,0.0254315204755421,0.0112547194840655,0.00209580307151287,-1407.11854096427
202,0.0267466431859713,0.00978732215347876,0.00163670864281108,-1405.14887094027
203,0.0310184341386026,0.00828983729863715,0.0016279778811615,-1404.99934386164
204,0.0331557063463675,0.0108651987967871,0.00114071069872567,-1406.55217331609
205,0.0353646527247336,0.00855250797678914,0.00189354358115095,-1406.62324918853
206,0.0274878516698089,0.0093872318726239,0.00164563491168641,-1405.09743426135
207,0.0340886128407473,0.00841506413904529,0.00153326623353152,-1405.26580516377
208,0.0350591468962566,0.00850415354954357,0.00147444517850975,-1405.43815367662
209,0.0274089673053576,0.0104921218451418,0.00164136854223308,-1405.19022746078
210,0.0267183624287937,0.00917235758446534,0.00214881263600793,-1407.14134275514
211,0.0281490545164631,0.0107602261349783,0.00201805685365314,-1406.76205171319
212,0.0274140245609023,0.00654167591639224,0.00154810336730578,-1406.4996470916
213,0.0349760455274824,0.00629977329877101,0.00164165904515029,-1405.7088698701
214,0.0365784343443186,0.00562456333759675,0.00198224523289067,-1407.21417615029
215,0.0340753326521588,0.00759818454900388,0.00122831173397306,-1406.2543145415
216,0.0363863629095822,0.0178275007766083,0.000767894540174145,-1408.65923172443
217,0.0367383266273521,0.0167213284648312,0.00119435917071964,-1408.39966873666
218,0.0286820055340027,0.0146421550903966,0.000988386274660803,-1408.23657077446
219,0.0457765344669187,0.0109566460585274,0.000994615880305257,-1408.03231159793
220,0.0442515562659438,0.0118615030903377,0.00103012318725998,-1407.74083983472
221,0.0353862387006237,0.0141943018120238,0.00135308031722161,-1407.46193416472
222,0.0226204843353779,0.015882141099002,0.00126367655119169,-1407.82388220208
223,0.0209913108001007,0.0110108498678708,0.00210693427895547,-1407.48660338982
224,0.0261332181625973,0.0104264880054687,0.00190235021103495,-1405.88875940656
225,0.0293368857015596,0.00531688737175998,0.00163152534629869,-1407.12140249955
226,0.0317749758465887,0.00732883143186528,0.00165623356643466,-1405.17587596733
227,0.023370064062995,0.0120790555855543,0.00172788730791825,-1405.62494588864
228,0.0388567944401848,0.00996266364248714,0.00184993221144589,-1408.19748079629
229,0.0286851728252807,0.0100138405210142,0.00190229589174002,-1405.91714514655
230,0.0206077212914004,0.0146570010719857,0.0019821561676796,-1407.46947526037
231,0.0215664273031167,0.0115768470187252,0.00162910367374051,-1405.86559907384
232,0.0313557498497534,0.0112624085790024,0.0013876079553643,-1405.71336770566
233,0.0259074160697218,0.0105810825012573,0.0015173063330746,-1405.28906992563
234,0.033967807293362,0.00969674529069519,0.00137582245009806,-1405.57747066518
235,0.0270001449668575,0.0111090277033236,0.00157585129379588,-1405.2676347942
236,0.0281062342112887,0.0079340085963647,0.00161025728015211,-1405.26760750468
237,0.0301682404356081,0.00835568629256361,0.00159131791482216,-1404.9775592687
238,0.0331757075855745,0.00747967164278656,0.00148346104062721,-1405.24930282603
239,0.0367714113864267,0.00700724160625129,0.00201697089296444,-1407.34370635516
240,0.0362726994936972,0.00748534181337334,0.00179614850502943,-1406.1585883641
241,0.0313448793909664,0.00576820773863763,0.00195580176884557,-1406.69379450991
242,0.0357082074936101,0.00840031629810919,0.00179797207484038,-1406.20897081991
243,0.0341643101456336,0.00703628265649127,0.00177119464672885,-1405.66184206501
244,0.0328863187982229,0.00685439883177173,0.00176488870779999,-1405.54329171745
245,0.0307562830750283,0.00855340622929828,0.0018451562218486,-1405.51922895103
246,0.0280877088929114,0.00842289564973646,0.00141239368572381,-1405.53732666677
247,0.0301807565800434,0.00726141307010287,0.00158250340502439,-1405.25061880238
248,0.0377624385760219,0.00510880842496147,0.00180549798128919,-1407.0288584378
249,0.0319523325683213,0.00493908305704565,0.00177824147912842,-1406.89914702268
250,0.0371840519993656,0.00548445810217419,0.00166694931811909,-1406.42461342594
251,0.0290638394957498,0.00989448166997646,0.00144513287962556,-1405.20507796949
252,0.0263910893719001,0.014280680255936,0.00146704391852381,-1406.37621835271
253,0.030921168687759,0.00715186402371106,0.00210800980962302,-1406.91800628923
254,0.0326139749246007,0.00749796053832922,0.00142173789190435,-1405.36055375022
255,0.0332395172594392,0.00509313311200088,0.00206145596696529,-1407.49653363156
256,0.0267796751607913,0.00615558066802281,0.00236855081763816,-1409.72767344585
257,0.0297756914382805,0.00866928168643132,0.00124592537052696,-1406.13521298763
258,0.0295132624763031,0.0161938236401183,0.00104332200478529,-1407.95384638089
259,0.0257205333346235,0.0115555923144798,0.00148381437276024,-1405.43907860575
260,0.0286454064250734,0.00902292881707071,0.00171133062735306,-1405.11127232418
261,0.0288243259839239,0.00990649028857114,0.00149029798969042,-1405.12699889332
262,0.0270483263966671,0.00989697950755022,0.00172041513835156,-1405.23456938468
263,0.0278053014263514,0.0111454496026304,0.00139960234701943,-1405.52268790111
264,0.0228317261773888,0.0235810094568445,0.00112956751982087,-1410.34962744616
265,0.0259320454893047,0.0178595027586579,0.00138258697535015,-1408.24798098471
266,0.0274580413888087,0.0194467106200189,0.00139925054651451,-1409.27095449442
267,0.0172705297277886,0.0176276782765444,0.00193558064735953,-1410.01276022053
268,0.0259430135799916,0.0176930095135625,0.000901277518595574,-1409.72676568859
269,0.0413923816143647,0.0185887413030333,0.00059852730953787,-1410.05018315825
270,0.0380001073320741,0.0135910209408105,0.00105959651478391,-1407.38718472446
271,0.0297630883343516,0.00630728449719995,0.00243933756099991,-1409.62212523783
272,0.028140902793384,0.00733818490193342,0.00240725711479217,-1409.18361835912
273,0.0304151632653315,0.0105811032395991,0.00175581594990827,-1405.73899696021
274,0.0284675619318381,0.00926938737171652,0.00163676091831313,-1405.0315844624
275,0.0305554273024629,0.00794165910486547,0.00165343980222843,-1405.04555305468
276,0.0296538012898722,0.0106231735609412,0.00159155909185625,-1405.29032024163
277,0.0254015695172748,0.0142855331568144,0.00145844236524993,-1406.31601738492
278,0.0251981541315947,0.00929850615506092,0.00139573540980912,-1406.04332842085
279,0.0407760935241046,0.0100045283607696,0.00141325617643989,-1406.90705906054
280,0.0296479277698711,0.0127919461235374,0.00139854542927801,-1406.08964632584
281,0.0283144701879161,0.0095745541883093,0.00165522040210295,-1405.0727449726
282,0.0239388267284229,0.00883158515369659,0.00207395223427427,-1407.15609348474
283,0.0222364518889023,0.0100254089287322,0.00208294979446473,-1407.27608878463
284,0.0365134027542111,0.00501258330632266,0.00180256969815217,-1406.8267151892
285,0.0363806520614205,0.0064755325706053,0.00182308916342541,-1406.3022264414
286,0.0280192288972567,0.00889720611024883,0.0018059833150275,-1405.36455489227
287,0.0335049881301485,0.00838018254046767,0.00141466288317129,-1405.31096203991
288,0.0361009950350402,0.00841223892839581,0.00166828821073886,-1405.86101684971
289,0.0349496269727256,0.00625324186478606,0.00187183375754994,-1406.26969535997
290,0.0328907395341974,0.00711707856162471,0.00204809975369735,-1406.72200005052
291,0.0322150386504205,0.00575613835266345,0.00181562940692863,-1406.19308460499
292,0.0333971087162059,0.00487749510410727,0.00204104538148137,-1407.54539294395
293,0.0390018489574515,0.00481149762047774,0.00177686947281341,-1407.50268136787
294,0.0339649912679194,0.00611637456912618,0.00171969401888537,-1405.79772985729
295,0.0360049088401666,0.00778505446476449,0.00183927319628602,-1406.31561035821
296,0.0308031901355081,0.0121598193362982,0.00133588674556297,-1406.04212792345
297,0.0308509226571948,0.0138941631736751,0.00141344718256324,-1406.70273387292
298,0.0298714824227097,0.0104277766165143,0.00131501854991621,-1405.67834585549
299,0.0339027373436319,0.0139240107784831,0.00113225704189357,-1407.07274936879
300,0.0319271336467417,0.00937350937289564,0.001713121856765,-1405.39007818204
301,0.0271239200745623,0.0125559810610114,0.00196407764475084,-1407.10363100393
302,0.025784749850002,0.00803535019959714,0.00196460666500487,-1406.45420923672
303,0.0351370208142091,0.00514225957413821,0.0014404509864681,-1406.75091939585
304,0.0352119576455824,0.00482553055079132,0.00188578494698308,-1407.03494553267
305,0.0322079105398444,0.0105156103239701,0.000932030484399166,-1408.50422117022
306,0.032009406641583,0.0130898001885912,0.00157251958865893,-1406.810879241
307,0.0367294092065222,0.0116355360702039,0.00123333261480194,-1406.60204560349
308,0.0256759703915133,0.0129546095516619,0.00139612864780345,-1405.95629285923
309,0.0261035337116678,0.00573407567096264,0.0016829363028094,-1407.99558156214
310,0.0419797579277183,0.00655292065533752,0.00147405365646912,-1407.32434334736
311,0.0317219658530987,0.00808212518130545,0.00134674278244937,-1405.50359889319
312,0.0306456679086871,0.00986074283687821,0.00163612852172556,-1405.20476575623
313,0.0230580777490021,0.00964475941147812,0.00159730959178899,-1406.00598320466
314,0.037571220482978,0.00709417291831334,0.00159321995184712,-1405.93452062234
315,0.0393475594455524,0.00836989666163995,0.00125455440977447,-1406.40794403089
316,0.0348576813024889,0.00807790043387636,0.00148332739895534,-1405.37519884705
317,0.02807819323821,0.00741015468068495,0.00180633552085001,-1405.69395809276
318,0.0333699601302576,0.00685641723710698,0.00140998311531822,-1405.6357093048
319,0.0308052695032397,0.0166649861116646,0.00101228631602716,-1408.00172516032
320,0.0308681455257476,0.0157267225914901,0.00106974155539064,-1407.64949182372
321,0.0297043594417755,0.00999342299382372,0.00109835660323292,-1407.21583714752
322,0.038965544935374,0.0147500314676832,0.0011297099077594,-1407.84498796048
323,0.0371756375726428,0.0117379588120082,0.00143946079477809,-1406.881662186
324,0.0280870997842912,0.00759663107873737,0.0015911465027535,-1405.42797927119
325,0.0358386740569396,0.00822207860082064,0.00137184371136364,-1405.67236434728
326,0.0309123505657934,0.0100288394635702,0.00201850476703925,-1406.90603758955
327,0.0244369738951488,0.0103562950906263,0.00128545325271871,-1406.61148259598
328,0.0374845885592693,0.00593443682177793,0.001425877209288,-1406.3468147494
329,0.0365370730335772,0.00883403603130187,0.00143504242952662,-1405.75590240654
330,0.0309646776442362,0.0069303495602047,0.00137313206172827,-1405.88502602105
331,0.0340193400286329,0.0122523563733887,0.00130284900899557,-1406.40171428922
332,0.0407541483855532,0.00395184419724196,0.00187965223782276,-1409.3118254272
333,0.0376680682765845,0.00818770366785846,0.00167957485040929,-1406.24134087616
334,0.0384154701270093,0.00959969457782166,0.00150903782635615,-1406.41928409408
335,0.0317692039644741,0.0101904485269313,0.00155870002052272,-1405.35026471886
336,0.0282366534439169,0.00885644013548879,0.00183521301071617,-1405.44789649725
337,0.0294798929739275,0.0104857967463103,0.00111157886372172,-1407.07091356248
338,0.046739893308724,0.0112487711931797,0.000688045249962211,-1409.46108020516
339,0.044961992956232,0.0133954801174549,0.000677215674324885,-1409.08640226139
340,0.0484231138624946,0.0146549608548374,0.00109546299306174,-1409.66632989877
341,0.0357076405632539,0.0138470565655605,0.00110836220030141,-1407.19144319585
342,0.0277603596144353,0.0113245206878515,0.000906011501950481,-1409.90493658819
343,0.0273697852401758,0.0113972870405292,0.00100814630353423,-1408.53578428747
344,0.0374465933915297,0.0116808217494675,0.00109403492647503,-1406.95383547026
345,0.0359454842534451,0.00858081681160324,0.00196503324121596,-1407.21354341311
346,0.0239468206863221,0.0139305101159501,0.0016892939943018,-1406.15161122871
347,0.0226987045837698,0.00824209613654278,0.00211878115645334,-1408.17546570477
348,0.0267024273683681,0.008554211094314,0.00176138122497437,-1405.45389356565
349,0.0247599285623656,0.0114816910561086,0.00182389232648788,-1405.74641062617
350,0.0241502022730762,0.0101843744138484,0.00188700577459316,-1405.94954525307
351,0.0284177836640681,0.0128189916324644,0.00153395884971621,-1405.9566062111
352,0.031969974780998,0.00867638540330477,0.00156151421808233,-1405.03767378716
353,0.0347968047294838,0.00744430503367649,0.001690074194051,-1405.52701618775
354,0.028969931547188,0.00978714794333597,0.00150221920098239,-1405.09467684519
355,0.0301921689316703,0.00909259181796612,0.00150130326091373,-1405.02656913785
356,0.0343418372474049,0.0064217580825946,0.00194708317053565,-1406.46489540595
357,0.0347342062434228,0.00820007972626596,0.00193560094838466,-1406.57345352079
358,0.0251207871475769,0.0131939105951212,0.00124266648605901,-1406.75835862266
359,0.0280637545730267,0.0126391417088438,0.00182070285441858,-1406.59510297724
360,0.0224312337506609,0.0129546247096228,0.0018070280116148,-1406.04048476457
361,0.0223845753221915,0.0132699590245052,0.00168626099757885,-1405.89008733919
362,0.0231365488624936,0.0150523686663389,0.00178132844618789,-1406.92347187595
363,0.023138789908909,0.0157458670570401,0.00127856240865985,-1407.59677563886
364,0.0257750460841412,0.0156318083750149,0.00119159904789157,-1407.6367357333
365,0.0271870852480594,0.0127292639297002,0.00182852080181728,-1406.49517661111
366,0.0305794415526276,0.0117474221613345,0.00168129278539003,-1406.08887818307
367,0.0281284595482003,0.0111763666586571,0.00122667354407043,-1406.31994531229
368,0.0314505131101187,0.00950153315533191,0.00178558657143752,-1405.59061395587
369,0.027707254231561,0.0109523743860746,0.00188396966109306,-1406.0439033827
370,0.0262440173716187,0.0140430451832001,0.00149004111005917,-1406.2441673602
371,0.0336229848679188,0.00719233552319804,0.00173417441118268,-1405.47087410025
372,0.0312989356323876,0.00616872791279256,0.00128001393143063,-1406.99038818525
373,0.0313223822054917,0.00559021562548828,0.00215704213987862,-1407.80027717278
374,0.029213656742242,0.0060763228041372,0.00112196029957908,-1409.35762077923
375,0.0385012360469902,0.00676618968653225,0.00154315951436118,-1406.15288858132
376,0.0266969397254519,0.0107483978983221,0.00153053970171663,-1405.23247346774
377,0.0279934853279465,0.00889637692396995,0.00178721632563902,-1405.3126743734
378,0.0252983629377127,0.00897718779981453,0.00169203803962434,-1405.54396676529
379,0.0335141252972086,0.010052436492118,0.00157995544314489,-1405.61396735969
380,0.0324408371836546,0.0128337695458315,0.00102404436485395,-1407.37731550812
381,0.0275727646603848,0.0202189672236071,0.000906922866298139,-1409.3520330149
382,0.0360549853235616,0.0168001549290466,0.000621979565835811,-1409.74830838736
383,0.0431213408755737,0.014130506391611,0.000678921694466508,-1409.05786534503
384,0.0429751685599547,0.013926569298618,0.0011870243765969,-1408.3726253007
385,0.0267691990725982,0.0162412408566666,0.00121221148438716,-1407.67096387309
386,0.0277440357155322,0.0115881363148183,0.00142774686909711,-1405.54275503034
387,0.0264910834315155,0.0101320217742419,0.00138804387543233,-1405.60706361838
388,0.0354291013989569,0.0103477546041895,0.00138797433483357,-1405.94277465451
389,0.0287607163946349,0.0120543573907068,0.00162837317282975,-1405.79281393632
390,0.0269558654371654,0.0134917691967644,0.00154404717237165,-1406.07902734031
391,0.0308533659912577,0.00806411171301858,0.00152766582986282,-1405.03272142396
392,0.0361466240801921,0.0130881753885144,0.000949398931837878,-1407.58895326104
393,0.0322524401059445,0.0149460142443065,0.000989088052722559,-1407.70979720686
394,0.0359028624698125,0.0163929324225779,0.00116926632055739,-1408.05880348574
395,0.0353183365654504,0.0119567574583399,0.0013292839194155,-1406.46904765088
396,0.0286415337445052,0.0125468427803037,0.00122755214053104,-1406.46576900879
397,0.0261885057536024,0.00971643926177177,0.00154845497694289,-1405.25193607475
398,0.0276059326859193,0.0127997461784818,0.00199989181204889,-1407.58620460819
399,0.0240787682830268,0.0148271424285968,0.00170963730954057,-1406.68028253874
400,0.0228683604719477,0.00990588972404531,0.0014135286773737,-1406.52936422422
401,0.0363834390415236,0.00758997641492608,0.00168243994089965,-1405.83286840263
402,0.0311887165491057,0.0103033336675563,0.00142677232950446,-1405.3674616143
403,0.0287220876649075,0.00664529621799537,0.00171788390952607,-1405.87315591847
404,0.0313932922653234,0.00793669707130701,0.00160493891775665,-1405.02289633284
405,0.0290081543324053,0.0125806975251402,0.00138813369810405,-1405.97310902212
406,0.0241173954526432,0.0115856675177093,0.00198766640008018,-1406.47244100676
407,0.0242034651271304,0.0107336316004952,0.00143313136839094,-1405.7636750943
408,0.0288356699746993,0.0110065144874554,0.00176962435809681,-1405.73824610439
409,0.0270371655100451,0.00813308631716828,0.00161731463513143,-1405.41280390793
410,0.031020886401083,0.00662234008325899,0.00162800396346338,-1405.47887229732
411,0.025669925300447,0.01426976312926,0.00147833380809107,-1406.30760583968
412,0.0344159219160676,0.00779591747765392,0.00163348763898301,-1405.36060982258
413,0.0374362478780204,0.0121964609180744,0.000980469696177706,-1407.42616291556
414,0.0360273789707367,0.0135965546254245,0.000943549928432478,-1407.62657252874
415,0.0322220176119928,0.00772377761052359,0.00211179463924286,-1407.05148765193
416,0.0276659890429107,0.0117370180412751,0.00125758221724914,-1406.22062758428
417,0.0280596469355706,0.0117460261217175,0.00162923169674675,-1405.57408119392
418,0.0284449025024843,0.00804971948610523,0.00194463379481373,-1405.93123459617
419,0.0251974576070167,0.00989650157281092,0.00129133609590617,-1406.47808923252
420,0.0307813562947053,0.0107067335558331,0.00109185975148141,-1407.05809987492
421,0.0373303769116716,0.00914624475402234,0.0017759989630438,-1406.85319229472
422,0.0218808845465731,0.0166213180834981,0.00179796059308178,-1407.94906570617
423,0.0204438617097873,0.0107026801923817,0.00187550519032738,-1406.78162822836
424,0.0227518155916197,0.0106187470634297,0.0019495702157001,-1406.36900192542
425,0.0241231625508352,0.0117006490172497,0.00105571803817667,-1408.838208221
426,0.0356072954869664,0.0133436413254267,0.00160121753995581,-1407.98270540823
427,0.0344833220075418,0.00874305184273155,0.00114038399426618,-1406.60442865055
428,0.0241903220542542,0.0158556982235797,0.0015362608008943,-1407.04655271688
429,0.0263820256300646,0.0135297860292825,0.00151988857364027,-1406.02351468075
430,0.0220017000890246,0.0122779941340474,0.00175301722495794,-1405.83360245428
431,0.0246048861370331,0.00748871166392078,0.00166048975951249,-1406.69972763765
432,0.0287994362074171,0.00599130587317829,0.00152706781206729,-1406.64070230793
433,0.0293004737975529,0.0079810924653155,0.00148666729413665,-1405.23581966476
434,0.031052417467935,0.00932936645122248,0.00147900717025545,-1405.09611309447
435,0.022815229102252,0.0144001139845234,0.00178209211462798,-1406.53921912921
436,0.0256822929361881,0.00990266275606762,0.00181992427961373,-1405.5648583377
437,0.0244523069848413,0.0146444043526903,0.00152085514650806,-1406.39461108577
438,0.020643561775248,0.0132165157218009,0.00193776570680452,-1406.73059121227
439,0.0260550361355132,0.00838323134037629,0.00200958659592148,-1406.47815571939
440,0.0267315099904844,0.0110786003718931,0.00180973220952564,-1405.68645518291
441,0.0263820704943755,0.0113257409965699,0.00197054517898516,-1406.46652112187
442,0.0216476934046591,0.0133573570894178,0.00193220576378091,-1406.64825951984
443,0.0214961144339982,0.00992364036917308,0.00190746225878146,-1406.80011606107
444,0.0347795440933425,0.0104946288600712,0.00165083652085092,-1406.27427320149
445,0.0276333589515564,0.00922953028230502,0.00193225998197537,-1405.8722000967
446,0.0320349304739068,0.00687477507135871,0.00201059019519643,-1406.45636664844
447,0.0318678655020166,0.00788192072971437,0.00219871150122831,-1407.64326640229
448,0.0322906438757763,0.00502753154211227,0.00126548480623976,-1408.28015926845
449,0.03192407963831,0.00523299291931964,0.00209662151131554,-1407.65143777821
450,0.0363278971296132,0.00617677144738096,0.00148785936982612,-1405.95824898657
451,0.0416774218032465,0.00814388625931935,0.000882720225552864,-1408.78069190852
452,0.040320674023911,0.00846983929683383,0.000984914236550055,-1407.7644866114
453,0.0382322880639636,0.01548767075421,0.000673229363515974,-1409.11766657407
454,0.0362285213482973,0.0178902255370625,0.000653902807045934,-1409.4188878849
455,0.0533805989956424,0.0200473550724061,0.0008240943893801,-1412.91237852086
456,0.047358447029803,0.0174358520229467,0.000599137246671934,-1410.45834816835
457,0.0343993191471678,0.0237052169490958,0.000876284540960453,-1410.28955232341
458,0.0269473486361091,0.0124516781974471,0.0011066176760163,-1407.47426080085
459,0.0356086752170699,0.00698304126533946,0.00178659790117948,-1405.96293286856
460,0.0349421080784073,0.00738336956762975,0.00192622232901819,-1406.42024071937
461,0.0267300794117983,0.0114604425679444,0.00192375076532552,-1406.30591114203
462,0.0209646907511066,0.0118147744691953,0.00180791563910457,-1406.15317138166
463,0.0283412746476322,0.00936558699659291,0.00113128949100451,-1407.26131856541
464,0.0400625759050055,0.00758145787653266,0.00122046936537095,-1406.72172490204
465,0.045643499068454,0.00848664932123138,0.000939858184301022,-1408.78482688801
466,0.0431468326523239,0.014537442596681,0.000709726441614141,-1408.85817790469
467,0.0428367497542412,0.0175100929198985,0.000898597538839805,-1409.07380775282
468,0.0506467861201386,0.0117076368128328,0.00115792034847034,-1410.51343850687
469,0.0510754392295615,0.0141310015774765,0.00090196033446655,-1409.98158273941
470,0.0500414968466387,0.01488294358323,0.000879104477521178,-1409.6435649528
471,0.0317955170732458,0.0174600514594167,0.00172706247592417,-1410.63275735137
472,0.0357423162952066,0.00508188900445298,0.00156557267216568,-1406.53469451827
473,0.0342772721023753,0.00629371786920082,0.00164004475297173,-1405.6462291076
474,0.0361131626755963,0.00542606338365404,0.00136999879206568,-1406.76683517505
475,0.0408398126272645,0.0131277327526175,0.0011216073973674,-1407.5991320114
476,0.035145645599707,0.010782083066691,0.00107123480701797,-1406.92619489038
477,0.0379410157208775,0.014011007576993,0.00104779237914569,-1407.47886538352
478,0.0306819159131709,0.0185886577641144,0.000933788307490922,-1408.5636097193
479,0.0272314668811091,0.015109288158067,0.00162531193316232,-1407.1613168938
480,0.0259316206820008,0.0202977698530506,0.000733126513632606,-1410.92715260387
481,0.0452560947184655,0.00951299913278477,0.00189483513966077,-1411.43965055613
482,0.0486248741429736,0.00651822792728002,0.00136520018281355,-1411.54250583637
483,0.0396901686141584,0.00789891791762297,0.00155792484449116,-1406.45501121388
484,0.0372011923873138,0.00810321235810939,0.00122512581002936,-1406.3076746424
485,0.0377702588783383,0.00837383940209513,0.00111334780542632,-1406.88717559659
486,0.0349818600008941,0.0137056712079455,0.00109204436322509,-1407.1468235731
487,0.0297893883825648,0.0137018061158523,0.0014404447782959,-1406.49024792761
488,0.0193991700955569,0.0114338497613134,0.00189001965367702,-1406.99858782823
489,0.0212179020085911,0.0107701404223846,0.00204391941563523,-1407.13954651881
490,0.0213869573993591,0.00884718406064258,0.00155469665967624,-1407.55667362038
491,0.0292669917914533,0.00908255032283542,0.00166066805430971,-1405.02708910073
492,0.0290273462129972,0.0103545485037035,0.0018712533983826,-1405.92099394146
493,0.0385133413897176,0.00363603943867944,0.0017709109259025,-1408.40372928617
494,0.0397230284551439,0.00929400575846606,0.00180508067724313,-1407.86938887812
495,0.0367363068345749,0.00839602985543837,0.00173898707561213,-1406.24650878057
496,0.0259722071744402,0.0109278189117798,0.00157080969847463,-1405.25178240064
497,0.0267519292332614,0.00972275762320722,0.00169992933180008,-1405.20952502097
498,0.0327808774123927,0.00547813954082701,0.00163949957425764,-1406.18304085377
499,0.0342824172132599,0.00573758494247651,0.00183165763380693,-1406.26159813879
500,0.0333767544509685,0.00825787988127178,0.0014492312048747,-1405.23459358135
501,0.0339558955769828,0.00689939073160119,0.00162514101957522,-1405.39474453262
502,0.0330801657021297,0.00785424981684074,0.0014451633265041,-1405.2489267317
503,0.0348261119896371,0.00626593616114959,0.00203088957740778,-1406.9947095734
504,0.0327102210201497,0.00762934689540712,0.00138757583214754,-1405.43697759735
505,0.0372776069753978,0.0107035677230481,0.00127757236590462,-1406.39435832604
506,0.0328256623554451,0.0107602721705671,0.00151442914427049,-1405.68522039953
507,0.0290788163699466,0.00917047523385791,0.00166709080637922,-1405.04220491564
508,0.0256609014841984,0.00908815644432271,0.00159834271107448,-1405.42653778244
509,0.0265209059671241,0.0123772734305117,0.0018589340179927,-1406.33885606763
510,0.0300729062139962,0.0103255278246472,0.00198479413519625,-1406.67377857392
511,0.0267944318335245,0.00857184772746327,0.00175741315890678,-1405.42571635821
512,0.0298124552664729,0.0101011458329267,0.00134031492791713,-1405.53700533291
513,0.0262144531433619,0.0159741064333931,0.00144688814171699,-1407.24214965175
514,0.0312412813987266,0.00391244568686407,0.00143309798365102,-1409.54487956007
515,0.0320219237896333,0.0116649551708513,0.00151266458107986,-1405.94277591413
516,0.0329337073876474,0.00681266318847729,0.00159070295924836,-1405.34434508241
517,0.0326862018915443,0.00797210466928144,0.00137575227021405,-1405.40760498291
518,0.0274776420355284,0.0138264373088184,0.00119829857938347,-1406.94959508058
519,0.0301218600430019,0.0137060451283281,0.0013684866612184,-1406.51865041766
520,0.0269252386184834,0.0117073504885101,0.00174264658267616,-1405.68712666699
521,0.0301928893174004,0.00624785846695161,0.00138563484767869,-1406.50173888108
522,0.031517295700587,0.0119434977721622,0.00146480681779078,-1405.95000420813
523,0.0202742845540593,0.0155391946282684,0.00154193630972161,-1407.15011898185
524,0.0188241205882008,0.0106397727379569,0.00214747655784693,-1408.74462870291
525,0.0280435900109155,0.0126165691406657,0.00128561537984544,-1406.2362918298
526,0.0286024093318764,0.0115323981093522,0.00143574769153235,-1405.54228113752
527,0.0267677213375208,0.01237852725429,0.00128209601791551,-1406.24275094631
528,0.0231715751187395,0.0125355087797393,0.00178826324854953,-1405.85757297253
529,0.0238112614231867,0.0109861003293048,0.00187844825251324,-1405.92181089736
530,0.0281137682738233,0.0090296163439369,0.00213604414347389,-1407.03370369585
531,0.0338016616713473,0.00741629709551065,0.00194882182848024,-1406.31191410404
532,0.0281632803077389,0.0124488698815067,0.00161546744406306,-1405.85742764659
533,0.0284558567862301,0.0097282033199283,0.00154724526253476,-1405.0576758511
534,0.0299464340775316,0.0109071496731131,0.00138989842023814,-1405.52364906871
535,0.0351111849109461,0.00515717183222688,0.00240701343858961,-1409.80998907019
536,0.0311808935422324,0.00793716290948198,0.00225393129391244,-1407.98599365459
537,0.0329405665547228,0.00880003264617658,0.00228667248781419,-1408.87530170195
538,0.0288277552412738,0.00776526820221048,0.00132737886708589,-1406.07247023468
539,0.0325188350390338,0.00895923083651875,0.00133965223423099,-1405.46924411127
540,0.0372314229440338,0.0116198699386471,0.00131322312424551,-1406.65707541239
541,0.0369288328193056,0.00886942108853249,0.00151897040957692,-1405.87729985046
542,0.0346620591617424,0.00610988218090931,0.00185235462529924,-1406.20423835723
543,0.03464427294988,0.00770557813994095,0.00197303196747799,-1406.64877441498
544,0.0284090683899086,0.0126355500368464,0.00190456358711615,-1407.10545927339
545,0.0179423112694139,0.012693392892358,0.00195176004128444,-1407.63547927736
546,0.0206829012412846,0.0129052427385367,0.00177912191142511,-1406.18845554556
547,0.0271856270987967,0.00825202653523134,0.00205351068410041,-1406.56593998812
548,0.0255969540088719,0.0115140162481118,0.00160972855716195,-1405.3437048957
549,0.0258037435083181,0.0114851595811923,0.00164077967890107,-1405.35911948316
550,0.0267737277891717,0.00876867229583591,0.00176689808813657,-1405.4066262543
551,0.0277171325326895,0.00734881671753154,0.00181212557720255,-1405.81108895338
552,0.028273332660482,0.00705071491484904,0.00189313258503197,-1406.09054350976
553,0.0273442737492626,0.0116534567374028,0.00152289885126851,-1405.42414041834
554,0.0311059467851133,0.00806903315383308,0.00151686029789369,-1405.04157600806
555,0.0317679730142461,0.00945774898357026,0.00152342728088755,-1405.1365179223
556,0.0226662227875548,0.00956135620677646,0.00188476236151211,-1406.46550460981
557,0.0310287855972996,0.00560950510919468,0.00172233272042736,-1406.30199383229
558,0.0337114223962179,0.010473237629965,0.00182250513057602,-1406.69610977732
559,0.0354984415233036,0.0060658221958088,0.00165323081011723,-1405.87524397595
560,0.0326252944946656,0.00482647010988427,0.00174579912865226,-1406.88718607311
561,0.0369908444272954,0.00973238643270569,0.000974956325131174,-1407.66338335712
562,0.0336303086424846,0.00896978382705828,0.00120039252162835,-1406.17688537123
563,0.0389174395390687,0.0133677819926611,0.00120676292492289,-1407.46632488162
564,0.0343884942225081,0.0126389924410744,0.00123105879321317,-1406.62284727526
565,0.0375605306558677,0.0111932751186225,0.00103753006739197,-1407.13733095187
566,0.0352526551008334,0.0146620451225726,0.00086008167316431,-1408.07402658169
567,0.0396456016654666,0.0107264560854037,0.00202668073939235,-1410.3298741508
568,0.0397473499950073,0.00614224367921449,0.00195672240586261,-1408.06627058897
569,0.0280999929127102,0.00436059228284989,0.00172750955993224,-1409.32374560826
570,0.0333430254088999,0.015099785970662,0.000841425915024319,-1408.38467328292
571,0.0380277518895972,0.0155033595160098,0.000819417911026021,-1408.19532308584
572,0.0362166493958446,0.0136204201699217,0.00128246844865228,-1407.21031005194
573,0.033746046572726,0.0104180678999712,0.00159607215130548,-1405.84262180794
574,0.0350927417697969,0.0100435427234703,0.00184410527042891,-1406.97201430485
575,0.0360912681804623,0.00478398436738701,0.00205325804115756,-1407.80643410711
576,0.0346627115650454,0.00475621424217307,0.00205860364643078,-1407.7073093778
577,0.0343646079397854,0.00877836267108166,0.00137052654536128,-1405.51142727875
578,0.0305580282955155,0.0111250297277239,0.00141696227673827,-1405.56647919463
579,0.0327820208542744,0.0116600712635529,0.0015579685789933,-1406.15429160914
580,0.0399548273124263,0.0119145357359641,0.00154934662608472,-1408.06951362294
581,0.0400654575331134,0.0111271547493199,0.00132181765005268,-1406.99034516457
582,0.0364247551148549,0.00951068199394733,0.00129081897807944,-1406.02522763875
583,0.0344277719017142,0.0121528961788537,0.00114756766327129,-1406.69186881144
584,0.0320714346698572,0.0121682053060555,0.00145051595858469,-1406.11930396872
585,0.0226234051657706,0.0129610763005963,0.00120469432413982,-1407.52771507233
586,0.0233022938930063,0.0123447120382734,0.00189705932731961,-1406.18922269808
587,0.0302166934949975,0.00830076617259683,0.00189050247666369,-1405.65352427207
588,0.0311242241870614,0.00882994875175192,0.00168442181168426,-1405.11044912272
589,0.0264457088250662,0.0135964139532699,0.00116031183504568,-1407.2338926204
590,0.0181496914380225,0.0210973100226665,0.00140474512729882,-1410.92578764249
591,0.0207307330601843,0.0118002789985552,0.00159460543052464,-1406.14100990382
592,0.0261534368462157,0.00861228567665105,0.00171923051383568,-1405.48376870401
593,0.0255391450282162,0.0128725880462928,0.00169078406381177,-1405.84328582656
594,0.0298314834593444,0.00942534509873738,0.00166094415862543,-1405.08092134747
595,0.027063928502707,0.00933039117811502,0.00145955916217217,-1405.35428264214
596,0.0349792344621999,0.00773597611484372,0.00178586279247576,-1405.85241479397
597,0.0290433877925924,0.00797933700536452,0.00135255330993017,-1405.7881851665
598,0.0356557376870723,0.00856041516610495,0.00110564489901919,-1406.8864569037
599,0.0285943494822435,0.0105416984636381,0.0021044023364413,-1407.31468296054
600,0.0232144465960193,0.0109697311289761,0.00106363218540013,-1409.2905971817
601,0.0312407955016804,0.00923922851125924,0.00147890102191282,-1405.0937245847
602,0.0297604022482506,0.00682171493154377,0.00150557374295465,-1405.67412667802
603,0.0372190303101339,0.00615943322617453,0.00179045151167184,-1406.4429296529
604,0.0387969721407638,0.00551493049217348,0.00153160619030557,-1406.71169977711
605,0.0401675559798962,0.0097519853806133,0.00173904118969341,-1407.88515294709
606,0.0392465571000785,0.00807711057733098,0.00178522846631476,-1407.1280477989
607,0.0416235135418907,0.00618086123163192,0.00179044136912798,-1408.17818751173
608,0.0257532325306986,0.00984364704839224,0.00175975359478041,-1405.40384877236
609,0.0315624258303861,0.00633005155802692,0.0020977690752795,-1407.08359592262
610,0.0297951743830211,0.00959263311382007,0.00182382212528391,-1405.55715548791
611,0.0320111786728335,0.0078444151728842,0.00177084153774325,-1405.34140817629
612,0.0311780538062408,0.00601593246512635,0.00199211235936396,-1406.70163313109
613,0.0339760183503228,0.00645054906787405,0.00157275129225701,-1405.5472277361
614,0.0311369944279158,0.0120433944890415,0.00158939918218777,-1406.10449329661
615,0.0218942879116005,0.0122797091932018,0.00176102908170214,-1405.86444014177
616,0.0236414392116993,0.0124296621452176,0.00151487737730974,-1405.64251189991
617,0.024659481557834,0.00720141903966052,0.001795482325653,-1406.98001827556
618,0.0267991654666635,0.0129225680521223,0.00118702808600982,-1406.89822301204
619,0.0311015627351152,0.00827953063037702,0.000982893652348114,-1408.87657837851
620,0.0341565009774551,0.00776265512644303,0.00205927487577571,-1407.07495216649
621,0.0295614431069842,0.00980266233080519,0.00188197572842702,-1405.84203696276
622,0.0291704103992417,0.010747230236195,0.00132014127676567,-1405.71647033955
623,0.0334944499821964,0.0123600734556187,0.00130694570365957,-1406.37695509331
624,0.0279716199705473,0.00850915715369393,0.00158505137731303,-1405.13857829559
625,0.034007398796161,0.00858498986657192,0.0015796857758928,-1405.2990741465
626,0.03582457152769,0.00622526713538294,0.00159889198610765,-1405.81537868102
627,0.0361235669777592,0.00861101676002768,0.00162730443952538,-1405.81381801059
628,0.0360072289874408,0.00855130905369929,0.00140305786022864,-1405.65635288895
629,0.0302770419327638,0.00944877576446173,0.00167208354780398,-1405.13010681229
630,0.0328009386558551,0.011635287243374,0.000965860997106383,-1407.82806847828
631,0.0407780742582166,0.0106697030307461,0.00117407274766449,-1406.93544811181
632,0.0319480564788915,0.0154253098081493,0.00143288270975087,-1407.70045065901
633,0.0194406727276742,0.014459968146621,0.00171206456951421,-1406.81969592419
634,0.0228935351069273,0.0135351925851706,0.00161439618353753,-1405.89918475509
635,0.0274972727379703,0.0137582602906341,0.00150560793553488,-1406.25080987798
636,0.0250738766958878,0.0102186942646154,0.00142130063011875,-1405.70838820739
637,0.0358790000282294,0.00501450930022309,0.00199659585136786,-1407.3947010465
638,0.035381667384023,0.0063340324098166,0.0017768238081604,-1405.99799188472
639,0.0361687348953106,0.00630404315605452,0.001454480726802,-1405.93710979412
640,0.0308739851555419,0.0101704021779129,0.00159588294948744,-1405.26992046056
641,0.0312692541625107,0.00989504708264222,0.00154028168680439,-1405.19300827856
642,0.0253023815491924,0.00853260909655977,0.00181787125265861,-1405.89609911437
643,0.0248153522390396,0.00971082838304605,0.00157267520320245,-1405.48137708624
644,0.024440532273542,0.016926826233452,0.00159557502995849,-1407.83439383145
645,0.0228269297650423,0.00976948851238735,0.00215407083964618,-1407.61829680716
646,0.0256655254567165,0.00619470755723626,0.00143414552026204,-1408.30565077449
647,0.0253401266171021,0.0100817967183687,0.00136930541774499,-1405.91376039901
648,0.0269182863472152,0.00981746967528336,0.0014843896993682,-1405.26069809143
649,0.0290999590668082,0.00682180115182739,0.00189201698934559,-1406.06888486391
650,0.0300261871111658,0.00810550761872619,0.00183492958433128,-1405.43507282472
651,0.0305592877972373,0.0113441270391277,0.0018308407617653,-1406.4601330345
652,0.0294184453553255,0.00589104280167791,0.00167623522746674,-1406.35742959501
653,0.0327701734957556,0.00972006150724767,0.00176794831953219,-1405.84883437824
654,0.0215287154303883,0.0111083300105631,0.00204255449635184,-1406.98373471394
655,0.0225843329095271,0.0108640916337362,0.00143783246223406,-1406.14957512134
656,0.0312198704952021,0.0107148255976361,0.00149605526101134,-1405.43782877004
657,0.0282313685746063,0.0115598780572859,0.00153524405125069,-1405.44916666939
658,0.0255007729004862,0.00867835408266745,0.00159639808706479,-1405.61690752304
659,0.0336264162175849,0.00983868035861867,0.00135031387808506,-1405.61729784626
660,0.0328237088495068,0.0117792397007151,0.00140511565811351,-1406.04766458601
661,0.0307152869588004,0.0112550262989048,0.00177727165687824,-1406.20338667593
662,0.0177033867131677,0.0134733451855894,0.0022420569645706,-1409.23832348025
663,0.020897082094344,0.0111974278350355,0.00126120800007129,-1407.96170471925
664,0.0401855140523135,0.0104463823203225,0.00121413395409327,-1406.77873537638
665,0.03579235105376,0.0060558187229446,0.00162669482194773,-1405.89514020149
666,0.0364925061219722,0.0106895828108372,0.00134094628697682,-1406.23522416251
667,0.0238751733568615,0.0135441933348279,0.00219327548500105,-1408.53205678771
668,0.020129104164627,0.0127731368941915,0.0016211019466517,-1406.26204488466
669,0.0391423469641484,0.00636278748635934,0.00123773615899364,-1407.00208819789
670,0.0436372806150331,0.0139506329728761,0.00141891609241328,-1409.60350910588
671,0.0317610441042208,0.014196793387216,0.00127349187235887,-1406.88583837063
672,0.0325600286268959,0.00829935592630571,0.00127291415423461,-1405.82141361673
673,0.0309917447587107,0.00985750789421344,0.00158663570175855,-1405.17970271657
674,0.0328849915214446,0.00908113749199519,0.0018027663092988,-1405.77564565696
675,0.0336301246394268,0.0079939875912617,0.00124082222519186,-1406.06672690637
676,0.0458489456927876,0.00788295640758515,0.00102162353677008,-1408.81313920313
677,0.0304206015248434,0.0194791899324482,0.00130532608674172,-1409.26301729769
678,0.0282857896068025,0.0108095927783595,0.00139780470612956,-1405.46585900203
679,0.0281121926975638,0.00939683537515705,0.0012418847500862,-1406.29548812108
680,0.0285377951970293,0.00846849331846317,0.00137484429363658,-1405.60573040546
681,0.0329879313581193,0.0127860989262103,0.00123578170758704,-1406.55070987329
682,0.0253027403336238,0.0107242176737622,0.00220208357930448,-1407.73415429667
683,0.022409615237069,0.0114715338378995,0.00152721159839568,-1405.79335471148
684,0.0272820247755507,0.0115975756146874,0.00205561558811724,-1407.23431704164
685,0.0251583328517974,0.00884768713234397,0.00193217194025564,-1406.1887179163
686,0.0318635372463881,0.00765070506504707,0.00134072133977986,-1405.63637815956
687,0.0359631570186083,0.00747781434194081,0.00137725117958472,-1405.73569522566
688,0.0344383067590268,0.0107428218025373,0.00148840990149039,-1405.9449705202
689,0.0387742373889628,0.00882020858575555,0.00141739900900313,-1406.17849104388
690,0.026776724425991,0.00877528712884274,0.00150373428145686,-1405.41309811288
691,0.0280942292261435,0.0111659056414825,0.00173334088330167,-1405.59410774916
692,0.0286937536862245,0.0102075349582567,0.00130951458531715,-1405.74069887415
693,0.0398257779927025,0.00989471794271214,0.00144468704583639,-1406.71573055507
694,0.0329182051904709,0.0103535708941914,0.00150963832314428,-1405.5415154058
695,0.0366733571768652,0.00499212915257022,0.00175970520733772,-1406.77437836534
696,0.0305374779452483,0.00562545881073652,0.00179796661330214,-1406.47309718643
697,0.0325879785833533,0.0103047893560278,0.00138519279437665,-1405.55064559618
698,0.0324786233186374,0.0141875359868031,0.00102230054796501,-1407.47191039623
699,0.0291038340624307,0.0142444300029213,0.00139993076422014,-1406.64585485077
700,0.0273779969287667,0.0136033028495003,0.00159020616111574,-1406.24684998714
701,0.0183813044287191,0.0137611661278055,0.00190977507564186,-1407.36230307215
702,0.0171528774822859,0.0119924208104023,0.00172888554301059,-1408.01492430145
703,0.0336909368022142,0.0111653487143916,0.00172219821113054,-1406.62421444138
704,0.0357015033545468,0.0102891117491339,0.00121498857782029,-1406.26118508361
705,0.0295254873090456,0.0100769692818003,0.00193661347310331,-1406.20597020778
706,0.0308895319591724,0.0114126378689749,0.00172761552673571,-1406.12920246355
707,0.030804688596112,0.012728140341223,0.00138431309500514,-1406.18728407775
708,0.027625888689413,0.00824660388402432,0.00197023346342834,-1406.08991688488
709,0.0273237612038491,0.0114728539992708,0.00124033117176954,-1406.32525714524
710,0.0332268056939358,0.00952886737120595,0.00144622503707531,-1405.35724802218
711,0.0279386301901596,0.00857885785598169,0.00165262216006265,-1405.12646773648
712,0.0308512374158422,0.00920321125628094,0.00140127820096573,-1405.24106971791
713,0.0329752257745904,0.0169500307229482,0.00102946396333921,-1407.92358858568
714,0.0345599992089745,0.0171446887053913,0.00101539396192932,-1408.00551842189
715,0.0347702525630434,0.00850070572830662,0.00118213244756412,-1406.35924454159
716,0.0319427489116999,0.0152585379865512,0.000833964266304001,-1408.67922152684
717,0.023760839134825,0.0376384642878573,0.000692572123426016,-1411.41516312267
718,0.0145042359695846,0.0447431706006764,0.000610563748166549,-1412.81078379837
719,0.0118813945232633,0.0415558939997931,0.000490209008224938,-1414.45860536099
720,0.0371590037503721,0.0144091550688912,0.000635041792115826,-1409.79335577078
721,0.0483246395522006,0.0126493528566045,0.00138187355540884,-1410.48709325752
722,0.0194223195440112,0.0100566132554739,0.00199893078476382,-1408.08918791597
723,0.0284745586691862,0.0078159440685377,0.00158850058295955,-1405.25908721595
724,0.0330734993329477,0.00409113465876658,0.00134390012781963,-1409.06633219613
725,0.0390059514718564,0.0131613474064939,0.00116415507477437,-1407.37070786749
726,0.0292905761529504,0.013538425527859,0.00142724343814798,-1406.34938278863
727,0.0232309714068827,0.00980680882527533,0.00172106553069459,-1405.85610519888
728,0.0251367721846006,0.0112995521208154,0.00157463774345739,-1405.329479027
729,0.0255676180796992,0.0109141515387804,0.00165105406636263,-1405.28415821062
730,0.0279157785354477,0.0109739173895814,0.0013690665490798,-1405.59307439245
731,0.028395018091804,0.0166862443550857,0.00110051683592636,-1407.99240363399
732,0.0271549655740909,0.0203142158257677,0.00105168773688326,-1409.12958809524
733,0.0321627180661508,0.00924486154254009,0.00173274532095246,-1405.44632094822
734,0.0295830593502739,0.00921449942289681,0.00140657265787661,-1405.25804286449
735,0.0295379330099917,0.00879579852730305,0.00148649840813313,-1405.06976124361
736,0.035612451789647,0.00703931960031539,0.00170835959057274,-1405.73673902107
737,0.0289281770274999,0.00620350780872333,0.000945863635702491,-1412.20993541497
738,0.0470635244509867,0.0126197399835466,0.00127253154216959,-1409.27099603886
739,0.0411225996355411,0.0075605289396118,0.0016685491383097,-1407.28414275648
740,0.0235686637734593,0.0158027453821351,0.00176784498425879,-1407.41208201738
741,0.0202503248295428,0.0103895636975075,0.00188612963095638,-1407.05170794438
742,0.0324277795497565,0.0110200619001586,0.00190903980369778,-1407.1493510487
743,0.0248222195068036,0.0176790211388089,0.00187028553620079,-1409.61109437667
744,0.0227047251026739,0.0177522597110541,0.00187896858879929,-1409.2845632593
745,0.0155947419363434,0.0134610333430843,0.00166335682294033,-1409.25631539806
746,0.0193621315100357,0.0128070371867843,0.00167437287049768,-1406.52541068863
747,0.0291834205570991,0.00548935817677861,0.00202670448134332,-1407.61553235157
748,0.0289867388279932,0.00516624612173119,0.00148114897892674,-1407.89887511326
749,0.0371496860879064,0.0107342428737559,0.00164794753109401,-1407.04523959701
750,0.0392780053280025,0.00514598108728649,0.00174660478090101,-1407.32286688935
751,0.0395038197847513,0.00905118510872353,0.00196647422708406,-1408.70073157215
752,0.0204022572552983,0.0151378586642236,0.0014774531431014,-1407.07861917635
753,0.0243888160433119,0.0144325262846602,0.00177443457195836,-1406.68796555538
754,0.0230942307485307,0.0136544715097118,0.00134932797960229,-1406.51714302821
755,0.0319630735180846,0.011962759695418,0.00125265824930156,-1406.24235937908
756,0.0230407000920775,0.0116016643813561,0.00188272230944032,-1406.02542718257
757,0.0238776014602709,0.0110052482450829,0.00135525236568972,-1406.1647000749
758,0.0323872158982263,0.0092874468916543,0.0016354697209117,-1405.26132928717
759,0.0268152743507502,0.00978040080573225,0.00170253560988093,-1405.20986704723
760,0.0294828553682053,0.00877655272834249,0.00145320597644988,-1405.14917818483
761,0.0317711943646753,0.00773089599039101,0.0016351379673751,-1405.0790823841
762,0.0333485670769336,0.00748886798033185,0.00162327212901911,-1405.21872173628
763,0.033194063469225,0.00305060525369419,0.00198270822065421,-1409.53252848168
764,0.0352679258770234,0.0112459028054285,0.00140027475226642,-1406.22478471827
765,0.0205387107753818,0.0123876322186435,0.00151323785669336,-1406.33089969998
766,0.0255871486183527,0.00863807969360698,0.00154898582422257,-1405.67804106808
767,0.0365954283439359,0.00471592705927408,0.00189186995046529,-1407.27812616096
768,0.0369001540569271,0.00682860210884633,0.00136276607597911,-1406.04326196381
769,0.0320124475894963,0.00802787126647114,0.00183905574587139,-1405.57544410995
770,0.036914590857998,0.00896484694076121,0.00117194162028296,-1406.45960033307
771,0.0296956187749398,0.0100161692036385,0.000958151079693603,-1408.91991892574
772,0.0278209813587484,0.0214080762393439,0.000958114095460008,-1409.39046286877
773,0.0249525952542086,0.0142101801944563,0.00130487207522001,-1406.70523371115
774,0.0226112536588103,0.00909744823823136,0.00199496776972283,-1407.11091701153
775,0.0231889435956194,0.0130440282967552,0.00188354992057131,-1406.33556320447
776,0.023632551644457,0.0102291061025021,0.00185642824420981,-1405.92442758498
777,0.026148945738192,0.00842427644236414,0.00150411052742311,-1405.70733196159
778,0.0329608004963755,0.0114977985781425,0.00121522373593653,-1406.29508153392
779,0.0404014442367045,0.0113968612367409,0.00151720433462186,-1407.74954674578
780,0.0271427261318506,0.00915053844897823,0.00165236302548793,-1405.14937871962
781,0.029363516831836,0.010478124493815,0.00174410887384307,-1405.51774271419
782,0.0270907255835976,0.00811966917726018,0.00184895381215333,-1405.72105974633
783,0.0332032760168857,0.00925848425034641,0.00164039027609361,-1405.39715784931
784,0.0284437982737704,0.0102791378993469,0.00188308208464842,-1405.88738677993
785,0.029161006220003,0.00666664419280098,0.00145968993517152,-1406.06656675545
786,0.0292370902456003,0.00784587395601325,0.00198675912476834,-1406.12101918014
787,0.0305548965612789,0.0107764446866859,0.00104703623938212,-1407.49861417733
788,0.0307722176714655,0.0136581315257544,0.00194460513744712,-1408.7810937668
789,0.0282241449221817,0.0115338604865553,0.00174482210500579,-1405.78842924094
790,0.0299412100894536,0.0130251985762489,0.00137657342361466,-1406.22451941828
791,0.0240314604446684,0.0106007757806153,0.00178165961002204,-1405.61425602682
792,0.0272284608728736,0.00887290981256901,0.00182993610996259,-1405.49993588261
793,0.0211445308551426,0.0124541815152255,0.00210665036294775,-1407.40157300844
794,0.020290738789238,0.0116059819883055,0.00164458605529226,-1406.29694093838
795,0.0269377385882658,0.00721368241823211,0.00159089835358036,-1405.99372299706
796,0.0330437565880846,0.00744525357850838,0.00162678431810372,-1405.19806701907
797,0.0300570251515619,0.00621090071315626,0.00191848405766217,-1406.39756753522
798,0.0357707958363524,0.0062808553279399,0.00190252376283608,-1406.52628538117
799,0.0375343640131463,0.00889410366448156,0.00130394155253745,-1406.07211235705
800,0.0303495485525193,0.0111617668432057,0.00143927376948852,-1405.534925023
801,0.0242864194458896,0.0113479088676515,0.00152469601293882,-1405.46014073284
802,0.0289986728755477,0.00917859320983682,0.00162867315060792,-1405.00621868898
803,0.0375824669354548,0.0104138682054525,0.00115943978143257,-1406.6079630963
804,0.0330427600894354,0.00740438702820744,0.00112009657667351,-1407.27526400247
805,0.0412135509537763,0.0151504273009751,0.00107210432370353,-1408.25282214832
806,0.0385579598248934,0.0144804834057143,0.00132348017708209,-1408.17622346353
807,0.028367712406255,0.0126816170578454,0.00157798365975075,-1405.93498194741
808,0.0242761341397182,0.0108571385666426,0.00119372444296299,-1407.32920444432
809,0.025751011393219,0.00920336111352548,0.00147253935243046,-1405.61252159496
810,0.0370778474757911,0.00689701833607864,0.0016488413326362,-1405.92622988662
811,0.0339796455982604,0.0089793344078818,0.00172805746277691,-1405.70219036521
812,0.0265982371057527,0.0133534031444174,0.00213316536349429,-1408.62127891181
813,0.0225469542221879,0.00894684578491108,0.00131720442185596,-1407.98505141268
814,0.0201864541317816,0.0103523867911539,0.00146119689477559,-1407.43271613772
815,0.0353242268426358,0.0074266326157089,0.00152874456545864,-1405.45018221811
816,0.0344281225304964,0.00881500858342914,0.00159892375443093,-1405.44255923978
817,0.030495600164542,0.00680059040205911,0.00159768982875981,-1405.43802411206
818,0.0295897030188316,0.0124291971657622,0.0018392788337905,-1406.91901737522
819,0.0313765404079183,0.0121982003536272,0.00165246398025939,-1406.40946830417
820,0.0245270722653092,0.0104202235000637,0.00196290906584637,-1406.21795008079
821,0.0344906342244108,0.00944081449178165,0.00128385736856424,-1405.82945924335
822,0.0363459134760179,0.0078406290447862,0.0018899153251023,-1406.66086782871
823,0.0319234724802763,0.010153801597897,0.00142197394009531,-1405.39429999168
824,0.0363689700672035,0.00967671017495835,0.00129626269741068,-1406.03120350808
825,0.0273306212902513,0.0126512923565938,0.0014887411203162,-1405.76459473156
826,0.0224457538344535,0.0130004635774043,0.00174261814560502,-1405.89713820599
827,0.0247084546679871,0.0121141246315441,0.00203797547981137,-1406.94217584423
828,0.0178415843094181,0.0116809072384029,0.00161225430435909,-1407.76583006707
829,0.0186034683304422,0.0145444512038817,0.00192216579103804,-1407.55413934559
830,0.0218165213555379,0.0107445502320761,0.00197826793887405,-1406.67249474071
831,0.0256799358807877,0.00736436044612923,0.00190094958690213,-1406.63072919499
832,0.0271992184183951,0.0114703995794712,0.00165272347972403,-1405.4333403325
833,0.0278700195521739,0.0119111304280075,0.00134699505770543,-1405.84211384065
834,0.0251632181013897,0.0125819490728836,0.00156652820331984,-1405.58740689156
835,0.0251770716676709,0.0111553529248276,0.00172862135389957,-1405.4348168689
836,0.0217962881334114,0.0103468498977863,0.00190889975693912,-1406.51801349871
837,0.0277510211613483,0.0119804580644387,0.001273303989217,-1406.16866006162
838,0.0289281858382036,0.0126514608140322,0.00159824250094051,-1406.04147658982
839,0.024722028423053,0.0134943779276734,0.00161700402035932,-1405.91077146037
840,0.0312165562161931,0.00663053061831325,0.00153227305590247,-1405.53513268865
841,0.0318065816457139,0.00704763999892912,0.00197859460947942,-1406.24310831894
842,0.0327175042488833,0.00589876461329402,0.00107480597199546,-1409.05531003611
843,0.037724258213611,0.0118889809828227,0.000982841287892311,-1407.41469459349
844,0.034090980889443,0.0121639253892679,0.00136377327712625,-1406.371951085
845,0.0321178656205635,0.00616787034114201,0.00182856654645754,-1405.97224275566
846,0.033613545988237,0.00649730479616752,0.00171460258905654,-1405.60354949327
847,0.0348921945264027,0.00810483509391488,0.00162705128495227,-1405.45609776074
848,0.0261012474912381,0.0126628360403323,0.00184064754056654,-1406.31811729704
849,0.0225046819076337,0.00808315707524159,0.00185205849420642,-1407.44661311685
850,0.0368906490850493,0.00821971143250977,0.00140604474855642,-1405.7714229034
851,0.0316490771303416,0.00826985888722346,0.00140860633918838,-1405.24481149214
852,0.0310170623656124,0.00820872515670777,0.00156249391847685,-1404.99009599313
853,0.0355642853746418,0.00861408531258091,0.001511204450678,-1405.54038955784
854,0.030512376137041,0.00854515542997722,0.00148178977364475,-1405.05562655569
855,0.0299559087463306,0.0102257056992979,0.00141495252221069,-1405.32005552751
856,0.0251076572562685,0.0117229756389958,0.00115680856497204,-1407.35656025686
857,0.0314889098792221,0.00971664693352211,0.00172153288294554,-1405.45664591247
858,0.0260177938706274,0.0115433735830821,0.0013569862384069,-1405.81252919185
859,0.0256412733236031,0.0112951287109207,0.00141949894947691,-1405.58221205547
860,0.0289036266995352,0.0119486139884486,0.00129873169907362,-1406.0258073456
861,0.029014277339656,0.00848298468210471,0.00127166572015998,-1406.12234200416
862,0.0293318086220874,0.0098564386911012,0.00139651800110969,-1405.32600230578
863,0.0355147368158439,0.00726542533019811,0.00209194604141079,-1407.52306892478
864,0.0346060482527122,0.00758160672304939,0.00189964507701268,-1406.23663226697
865,0.0322043661443276,0.00824899621666752,0.00142073673567842,-1405.22151615682
866,0.0302773137616976,0.0118426084519866,0.00161878067131061,-1405.91556460128
867,0.0260455264491337,0.0119463848474986,0.00219899170951592,-1408.22560974275
868,0.0232825045203633,0.00948683351481687,0.00244345475785382,-1409.78206821916
869,0.02751715385051,0.0108964973799733,0.00157088163407933,-1405.23360148435
870,0.0267200225350197,0.0093884132568321,0.00141859071472737,-1405.54407769153
871,0.0268953091311717,0.0189828400769541,0.00135734862268735,-1408.85906973915
872,0.0237749118038203,0.0104569127243515,0.00145039652506886,-1405.8547331089
873,0.0319274283278703,0.00966085866135338,0.00184631426627347,-1405.98444081909
874,0.0230385065012348,0.0138132434969282,0.00146081390288957,-1406.15873434076
875,0.0294827623652979,0.0120155197023964,0.00142720600601118,-1405.76321032037
876,0.0275989138722303,0.00807212912880149,0.00142021800997139,-1405.74852556388
877,0.0274893102327601,0.00596088487578393,0.00163694861771026,-1406.99250774728
878,0.0277068950631332,0.00802882334362087,0.00148909977111398,-1405.50139891449
879,0.0287997126071623,0.00897714111348783,0.000969638439070215,-1409.42854032257
880,0.0300730810974401,0.0145115930829447,0.00135216547894657,-1406.85925368433
881,0.0296239886552004,0.0114697433171273,0.00222526707857985,-1409.0170349429
882,0.0264562558920919,0.00767022209744714,0.00187672137021924,-1406.12809658758
883,0.0304351865340473,0.00828227497217991,0.00163719280085177,-1404.99728486087
884,0.0351114672162219,0.00858658972717917,0.00124817115012913,-1406.00406138978
885,0.0339863482199259,0.00995651699218982,0.00128977735018016,-1405.8315231738
886,0.0377618095416225,0.00728181315932353,0.00199856075556444,-1407.58524655303
887,0.0260160830784704,0.00899897972511363,0.00148446740761127,-1405.57473779625
888,0.0269977851100557,0.0142160585512333,0.00165294953253081,-1406.64895442909
889,0.0253910614069311,0.0116169841768701,0.00137179382855007,-1405.8107941692
890,0.0269794334367416,0.00538850416068606,0.00183890089375134,-1408.09929795211
891,0.0280079667326096,0.0176488603901845,0.00114946965792209,-1408.19444425176
892,0.0214831799438722,0.0195924464326613,0.00104732959839246,-1410.37541623017
893,0.0362776275949586,0.00847276593481197,0.001883153926476,-1406.79825395158
894,0.0293587079483583,0.00674997263028759,0.0018826702262085,-1406.03826798824
895,0.0340275797759216,0.00853922914429063,0.00197944757672921,-1406.75387714778
896,0.031311279606395,0.00582903704775958,0.00178524112306409,-1406.15125325417
897,0.0320118223861373,0.00520079026603001,0.0019199308865649,-1406.93907701874
898,0.0361900799042127,0.0108583233705078,0.00157326141454665,-1406.57799792907
899,0.0464616803963887,0.0110577749745863,0.00102499113125879,-1408.20230834837
900,0.048364808315759,0.0129031511291339,0.00102723164058532,-1408.97021444195
901,0.0443373287238457,0.0125019588273704,0.00077128865798944,-1408.50131302928
902,0.0352319925556003,0.0201041517185089,0.000638429422940494,-1409.88579888253
903,0.0438306092891653,0.011330147377266,0.000644968705185322,-1409.78207918203
904,0.0433934500863354,0.0132189994613914,0.00128886161213008,-1408.48479137583
905,0.0170840355714235,0.019222057127817,0.0020133217257113,-1411.7657237145
906,0.0213463719008408,0.010046626351126,0.00188509803539056,-1406.7323806759
907,0.0287304495156654,0.012912978232307,0.00099745385441843,-1408.15899585939
908,0.0267830121750426,0.0108626527498867,0.00161769586984814,-1405.23146697987
909,0.0280772507395506,0.00465597521526921,0.00207536405632319,-1409.31615821065
910,0.0310806032751831,0.0110485226860094,0.000847728383808754,-1409.76324864552
911,0.0307216153179206,0.029891782176803,0.00072349202259927,-1411.84300661454
912,0.0273266654851059,0.0314626625335499,0.000425862479330409,-1411.95353150729
913,0.0329705222432878,0.027889543408314,0.000934893566305529,-1412.25360003049
914,0.0249952931225689,0.0223335156103785,0.00135460374665678,-1410.44186070049
915,0.0248098481499474,0.00605138291250471,0.00215657821096286,-1409.36117844846
916,0.0259092305139189,0.00601535596863389,0.00126926512015017,-1409.66818835889
917,0.0378863035432405,0.0122249067678586,0.0013318656258867,-1407.02538422831
918,0.0421931657313784,0.00865031603105858,0.00131258503396995,-1406.92019980263
919,0.0305343684961038,0.0100627059049899,0.00181673670696062,-1405.77541985444
920,0.0293588623209767,0.0103753568256558,0.00165568052632141,-1405.27204087044
921,0.0298143594550919,0.00806443500164516,0.00169926675844053,-1405.10124892102
922,0.0341643467836797,0.00781420708276116,0.0016417689656308,-1405.33251654634
923,0.0302584597463958,0.0125148686720828,0.00148532031102374,-1406.03825157391
924,0.0263781691897181,0.0123974392355666,0.00162013487275587,-1405.62899213303
925,0.022696462816052,0.0123461850900961,0.0014628599634477,-1405.89150837891
926,0.029826415361623,0.00978731738876684,0.00158319661758708,-1405.07466917585
927,0.0283825865627764,0.00787785156982902,0.00189495014966566,-1405.76347486074
928,0.0351402607759492,0.00484820174690721,0.00170695625148868,-1406.6883743138
929,0.0369502897503119,0.0103824940201579,0.00156369684553626,-1406.51612408586
930,0.020859768140878,0.00981226568083825,0.00141411996401302,-1407.65034306467
931,0.0360886518362428,0.0115005543553884,0.00131242863679824,-1406.43034138045
932,0.0253953716610542,0.00908986978623395,0.00174698088091438,-1405.55064649614
933,0.034561565389849,0.00868126534912114,0.00163031039497741,-1405.49279244053
934,0.0281761600386263,0.0055987693467886,0.00160350612385844,-1407.23032036843
935,0.0393398060235762,0.00867016294840824,0.00147899750411924,-1406.33132055413
936,0.0393796309418003,0.00773731560400215,0.00116953764972923,-1406.80464669538
937,0.0435786406217033,0.0117375107320384,0.000833407124489855,-1408.20238918038
938,0.0456735074904217,0.0137331432019951,0.00107477743815203,-1408.50849733309
939,0.0450172407007246,0.00886393901078324,0.000952774223203683,-1408.37711033458
940,0.0331845419348153,0.0145765859931364,0.000697510877293754,-1409.83734221944
941,0.0495668679890856,0.0144962375649141,0.000767310367437545,-1409.43632399662
942,0.0491715166486269,0.0121366340685092,0.00101473877339654,-1409.23146180765
943,0.0398278400089061,0.0153552926675882,0.00142374424112969,-1409.48747793538
944,0.0167281850794731,0.0114950889475644,0.00164281414952371,-1408.78555536342
945,0.019715213806121,0.0119172886108697,0.00192745332438275,-1406.86640178313
946,0.0307028663316595,0.00983046070980538,0.00202702192974323,-1406.82952949288
947,0.0297533788670105,0.00903013930206323,0.00165399518566252,-1405.01806893867
948,0.0324005076980934,0.0111273306301492,0.00129932811478432,-1405.92986680424
949,0.0329938043147449,0.00695555373568713,0.00118745236223996,-1406.8949603221
950,0.0316053622217973,0.0125312261002505,0.00115181659556659,-1406.72156584519
951,0.0323182271072144,0.0137836331910354,0.001130614754683,-1407.01780107071
952,0.0327904233582054,0.0114226480837176,0.00118389950593486,-1406.40035435091
953,0.0415434538780913,0.00723135806751412,0.0012943176590979,-1406.95981338449
954,0.0376695778189428,0.00683512013529867,0.0015244152522671,-1405.94283926458
955,0.037641934263869,0.00666290870044014,0.0016909777696212,-1406.17692454447
956,0.0287747120126381,0.012222901762438,0.00162320985330876,-1405.86128857324
957,0.0291902233917963,0.00859330206687777,0.00182359200638114,-1405.38478751709
958,0.0309706122783942,0.0082986697299384,0.00119115954069747,-1406.49883013283
959,0.0371874760142293,0.00571450452390999,0.00108099469526942,-1408.58109050591
960,0.0407956172998612,0.00696223082557261,0.00171009302341952,-1407.30479757303
961,0.0414826655305154,0.00678523577680752,0.00121309588934134,-1407.31485140069
962,0.039083880373037,0.0106467611223382,0.00160802533192632,-1407.37822609923
963,0.0229075689914567,0.00893435135523111,0.0015970465633583,-1406.48873639596
964,0.0309236563019618,0.0133320656872007,0.00161706229795198,-1406.85674917499
965,0.0190196881314541,0.016289482005255,0.00164508668656672,-1407.82880407443
966,0.0258793376535746,0.0162924656454909,0.00151772488121541,-1407.45398614495
967,0.0240510373607847,0.0174863103288587,0.00131694114281803,-1408.13084553763
968,0.0270734494056889,0.0175053778068047,0.00153591992808048,-1408.44924205505
969,0.0233290355737519,0.0143192901371862,0.00187899072057109,-1406.89901721892
970,0.0244668505750537,0.00965106284838875,0.00148799403934541,-1405.76948187451
971,0.0311230786638026,0.00813762575722539,0.00175777356237906,-1405.23303227322
972,0.029763148250666,0.00902956213808003,0.00170490351812483,-1405.09910451613
973,0.0272845641900463,0.00785083357862979,0.00188846694348415,-1405.90330614567
974,0.0371816486421883,0.00650073281171582,0.00137240018205868,-1406.17030774445
975,0.037117039743313,0.00428541115567032,0.00181068052021705,-1407.48464406653
976,0.03539780590549,0.00474544290621221,0.00137610502387475,-1407.45509124469
977,0.0371722140073291,0.00871388269215981,0.00134868256440579,-1405.9258626198
978,0.0378102508659222,0.00871654603111616,0.00127165213546443,-1406.17189897276
979,0.0363540447094691,0.0106470252800928,0.00154302074628814,-1406.43302316093
980,0.0436659796401839,0.0116740222684199,0.000998435447846764,-1407.66956776166
981,0.0371644537189723,0.0174057462122919,0.000688667474562849,-1409.05731554843
982,0.0497870766830627,0.0106955591144668,0.000721354524040277,-1410.30772326769
983,0.0481784441158172,0.0168651128519094,0.00126690198852964,-1411.75621896614
984,0.0285912157635803,0.0062462472684682,0.0014154662715183,-1406.8479197983
985,0.0304587084487447,0.0125016071954743,0.00130188603108334,-1406.19863309385
986,0.0288292775948665,0.0123852367896885,0.00173224171320613,-1406.25505824464
987,0.0351029986460547,0.00721300799045605,0.00143018176097471,-1405.56709324677
988,0.0322792781927011,0.00902994676090095,0.00177428643501198,-1405.54130213051
989,0.0324779953644882,0.00886775694319296,0.00177922571487792,-1405.55013150224
990,0.0258365387530919,0.0111967410673864,0.00175566524245461,-1405.50558619155
991,0.0239851703740755,0.00727293503178781,0.00196601266283791,-1407.65620785009
992,0.036499355321571,0.010549754214972,0.00155239459980377,-1406.44851089714
993,0.0291118580743832,0.0101019589661878,0.00149390933692583,-1405.14803515446
994,0.032708845258823,0.0158032161933069,0.00111542828629154,-1407.54813951245
995,0.0418426922336615,0.0104794235430468,0.00145801726481086,-1407.47623427889
996,0.0197555727191198,0.0101649255412784,0.00167573765676478,-1407.26228746997
997,0.0393804044831007,0.0112629626387361,0.00149192815835365,-1407.32510489519
998,0.0240042027743694,0.0131670358558515,0.00134520211281972,-1406.30081840037
999,0.0330297305302852,0.00767375684504896,0.00101077287797849,-1408.40354653075
1000,0.0408331936631975,0.00911445779230945,0.00172959725553435,-1407.7933523911
