"i","asc1","desc1","pol1","p"
1,0.0138439885695503,0.036756451238593,0.000266344214375031,-1451.7114834822
2,0.0416393646493825,0.0270635844041304,0.00143418970645855,-1442.20287375578
3,0.0274871182786848,0.0246889260767984,0.0011294293128982,-1432.52967898114
4,0.0294317749280331,0.0219927766748263,0.000964951214064597,-1431.50346507512
5,0.0291006733689232,0.0199858652629682,0.000827828332498509,-1431.63544196466
6,0.027564759604913,0.0179031393495655,0.00100798196147273,-1431.26787028713
7,0.0292554819872145,0.0199588589340429,0.000986974941173198,-1431.24293752703
8,0.0305181117298597,0.0194763715971242,0.00104706770053204,-1431.33235486741
9,0.0207595117505922,0.014987975642316,0.00216959819558613,-1433.02064466866
10,0.0189298826110571,0.0155934244377752,0.00145012004116052,-1430.44735042997
11,0.0251872506456937,0.0160067099106013,0.00181498115805629,-1431.59444210449
12,0.0259288810749094,0.0125211699456423,0.00200305539593887,-1432.72429754827
13,0.026654307301787,0.0128133929898132,0.00138672237639636,-1430.79920584187
14,0.0313317476201591,0.0160716510073616,0.00128123207407626,-1431.68942910134
15,0.0281725346368759,0.0134921435447322,0.00129297406854161,-1431.07824004671
16,0.0191417855499496,0.0186637105530532,0.0017316517155521,-1431.62812010951
17,0.0183207905266152,0.0172337929595539,0.0013502207163517,-1431.18086972412
18,0.0253833023088258,0.0209880491477016,0.00122341779046925,-1431.58724984887
19,0.024251609267408,0.0132814362504021,0.00168948096587419,-1430.58493651879
20,0.0233526045961045,0.013559023642722,0.00189364737814731,-1431.32734106026
21,0.0246830807361754,0.00944235550963298,0.00208473694887748,-1434.84463592945
22,0.0214307640155408,0.0191312917748009,0.00128474247667076,-1431.17132622571
23,0.0223646156493438,0.0211139210380934,0.000955761572236513,-1432.26179470236
24,0.0236824885765442,0.0216033809797952,0.00104045167647261,-1431.7061574106
25,0.0300302624339822,0.0275482318369087,0.000882747776936265,-1433.3344402888
26,0.0274790364275418,0.0241337454843449,0.00132569114459017,-1433.49025324179
27,0.0309052450931025,0.0192741782557333,0.000793281206805633,-1431.84248201046
28,0.0257006075977441,0.018942904122666,0.00143247448944248,-1431.4307264413
29,0.0221272584954137,0.0157668204727149,0.00175011089526526,-1430.49664444629
30,0.0171075649758195,0.0161450081814129,0.00132699271749138,-1431.88797409851
31,0.0315953991283988,0.0209561372507179,0.00118663818586982,-1432.26406319464
32,0.0325765256659955,0.0150867910139311,0.00108237561119375,-1431.84998872794
33,0.0307443688403644,0.0131196636525264,0.00110291249158446,-1432.19043946252
34,0.0298792436272899,0.0179810118051993,0.000995510820861502,-1431.26868393122
35,0.0305895764331628,0.0226030244005828,0.000677882107499583,-1432.67853966196
36,0.0301023696318152,0.0173301847934008,0.000683391761480427,-1433.33195567134
37,0.0338523970252132,0.0184663394704781,0.000915142754093423,-1431.73707563311
38,0.0247726302666353,0.0275057202848693,0.000866097924863319,-1432.98564748505
39,0.0277718323018471,0.0114467472183372,0.00209270516301424,-1434.13919925672
40,0.0181490112739129,0.0149149732952964,0.00154698386597831,-1430.74318473976
41,0.0243076330486163,0.0172113112886146,0.00171863464296213,-1431.28590126773
42,0.0202472158258492,0.0137139809919068,0.00175122060786834,-1430.70079480275
43,0.0258054817179957,0.00940497292843277,0.00124270289588155,-1434.10944110748
44,0.0358440599031813,0.0144895835920986,0.000826842337061035,-1433.1174757641
45,0.0404719778141539,0.0151232053249926,0.00115003185159186,-1433.9286231919
46,0.0219659887706927,0.0219247382984975,0.001253274286975,-1432.17993219118
47,0.0267320658484726,0.0161100953536694,0.00151800164308547,-1430.88840646868
48,0.0225540132067884,0.0135764766913889,0.00154354792686369,-1430.14117252243
49,0.0245548633142215,0.0176479858540747,0.0016105575589971,-1431.1032257693
50,0.0236769771433974,0.0151413165234791,0.00154219565948033,-1430.03477849836
51,0.0193507375774047,0.0176062454066534,0.00179078154546469,-1431.27267139277
52,0.0158819618269409,0.016759435731691,0.00195356286433382,-1433.33313753825
53,0.021287423609088,0.0141487737063721,0.00157010656884777,-1430.06516931353
54,0.0213580713269607,0.0151405515569199,0.00173640517706422,-1430.32965730816
55,0.0224811864800175,0.0137463416823723,0.00142964774719809,-1430.17008659685
56,0.0285367526756024,0.0155312085470955,0.000843154825723235,-1432.78211270011
57,0.0368347345682682,0.0162463128311048,0.00116558999444966,-1432.84022811388
58,0.0184781130425522,0.0172901365847789,0.00194807425576405,-1432.15063002542
59,0.0171398527740714,0.0178704115407457,0.00197278456695986,-1433.06886045625
60,0.0272847419505221,0.0200328896702881,0.00136353996307877,-1431.95072713004
61,0.0243637956889792,0.0278654572708448,0.00128451613340582,-1434.75025920936
62,0.0304445634174607,0.018668924170142,0.000942978880397679,-1431.32988540277
63,0.0339909697006749,0.0211303826116639,0.00119361943978274,-1433.01539562781
64,0.0252511400563934,0.0216461661758193,0.00128753329010435,-1431.99198668176
65,0.0215151533409318,0.0165840948744538,0.00174004637854126,-1430.60876148141
66,0.0220995533504753,0.0140276849006396,0.00170581126500583,-1430.31251462619
67,0.0241803620745736,0.0151470470709934,0.00162965327186473,-1430.29955397825
68,0.0221169189352567,0.0185295123078602,0.00150528781032572,-1430.8292593005
69,0.0240762886127948,0.0197139629850139,0.00098702574989908,-1431.66856727703
70,0.0225948868677377,0.0203324326767561,0.00169372954036116,-1432.64725311524
71,0.027420175414312,0.0219106889863301,0.00120003719313077,-1431.89936726521
72,0.0238575717066772,0.0145426927536412,0.00161840919375824,-1430.18038250566
73,0.0193460760033065,0.0157125495115446,0.00171609059449511,-1430.48541904095
74,0.0186381588706749,0.02107141285886,0.00152755642734451,-1432.89112509675
75,0.0289746273052183,0.0152936142685165,0.00114927921529009,-1431.27286070947
76,0.03795693705685,0.0160355093782575,0.000562491736621973,-1435.33132100707
77,0.0398020564413166,0.023063278303183,0.00110461448213778,-1435.48989017185
78,0.0225543768955184,0.0216892367733768,0.00104471740371778,-1431.97989939571
79,0.0262590869536878,0.0136393080182334,0.00106066911082425,-1432.10600146808
80,0.0288156596296348,0.0237731855518163,0.00070875157328347,-1432.53717100619
81,0.0288127723579553,0.0264129030171764,0.0011663940512324,-1433.71007253213
82,0.021520216366499,0.0135546191821796,0.00190864468256508,-1431.30486126368
83,0.0216088269877846,0.0153923345411729,0.00122970589767625,-1430.72153459234
84,0.0241433275023109,0.0237818021278989,0.00135313910844118,-1433.17131176162
85,0.0347953091462152,0.0210045196300205,0.00150986289301343,-1435.84155075115
86,0.0343744947648849,0.00830084075430126,0.00110103536404823,-1435.73911759985
87,0.0379231493325447,0.0108486925924154,0.00117611726332682,-1434.12318005466
88,0.0281437762931391,0.0110852719526035,0.00170383603933959,-1432.05382502779
89,0.0261234508089657,0.017265924162038,0.00111270052786888,-1431.0658981982
90,0.0284978336603003,0.0204114195503223,0.00115827463525278,-1431.48360536636
91,0.0270581248734234,0.0151064717916601,0.00144356069649815,-1430.66834240852
92,0.0201648765012304,0.0169956179784207,0.00177813100663725,-1430.88557765345
93,0.0186500761855774,0.0142572370500133,0.00122349580668391,-1432.05292436647
94,0.0209123543012579,0.0161581902215454,0.00153212244424695,-1430.01567820181
95,0.0320421973114676,0.0212123075035092,0.00134416414217856,-1433.4704321515
96,0.0203216840323835,0.0198692905903951,0.00124662134130373,-1431.77497335241
97,0.0193775574611809,0.0208864964809552,0.00134320946032422,-1432.40624866942
98,0.0329163704677328,0.0162215641697686,0.00145641054170912,-1432.87286608601
99,0.0200674057815533,0.0151805395069394,0.00184454868461013,-1430.8561327553
100,0.0158795002146467,0.0154102513155926,0.00120019936613513,-1434.09606718194
101,0.0156393814528001,0.0161123570329424,0.00134747490451213,-1433.13455528723
102,0.0202787583355547,0.0168166185967512,0.00140769073251974,-1430.30009005855
103,0.0265124054470168,0.0106260576022082,0.00125465688200075,-1432.54915398866
104,0.0268484665161683,0.011350924043653,0.00149936000815699,-1431.35238033019
105,0.0272551376481526,0.0109433004981768,0.00120637163196098,-1432.54996975315
106,0.0283119052783604,0.0140579668520085,0.0014132210525285,-1430.941650085
107,0.0256934971120692,0.0174610128370414,0.00125782144270299,-1430.78670060765
108,0.0198014241400193,0.0156318907294955,0.00154886998790942,-1430.11646753957
109,0.0232149838432222,0.0124733358437681,0.00141721317183153,-1430.74001211193
110,0.0213855921056838,0.0210231044214014,0.00154604993001704,-1432.41452578888
111,0.0250730702064959,0.00900868061019123,0.00159481652164606,-1433.68523931865
112,0.030382520423064,0.0100586245503607,0.00200342231184145,-1434.63786424653
113,0.0268631999140815,0.015532227220554,0.00115257326013626,-1431.04895226372
114,0.0300995217804075,0.0143123492098737,0.00128245820090675,-1431.39250259136
115,0.0226524143461764,0.0141548870058588,0.00197068031996058,-1431.65116177627
116,0.0230435497579497,0.0140492192798851,0.00127928978544229,-1430.55496038248
117,0.0235821154469638,0.0166084969606444,0.00122526321635383,-1430.63059633712
118,0.0236037082502689,0.0131809971939849,0.00156153787627743,-1430.29830381541
119,0.0239794906784618,0.015684563479221,0.00138354602390182,-1430.1296895182
120,0.0246054985920969,0.0158736167839438,0.00137507965042248,-1430.24229005706
121,0.0234515139106396,0.0198886497558168,0.00119599540772739,-1431.32880315151
122,0.0214182232884425,0.02102126694646,0.000981612176287355,-1432.52387103357
123,0.0225598881537746,0.0159669041755217,0.00101082448159469,-1432.31023483258
124,0.031922445949139,0.0148643489959025,0.00115936160222631,-1431.74916258911
125,0.0297605181541014,0.0149675400511901,0.00125485969297359,-1431.29018829737
126,0.0192946686893887,0.0160911494966437,0.00136056712700989,-1430.57902513713
127,0.0264822992850236,0.0148649312358889,0.00131232432914984,-1430.58632725556
128,0.0247333836744639,0.0146894152450915,0.00156227116672874,-1430.22445461446
129,0.029545335743237,0.0155176785277044,0.00165660857950235,-1432.30299053861
130,0.0182226300226887,0.0182793826034191,0.00148308819680838,-1431.29792937947
131,0.0202808601418505,0.016053328784219,0.00171848302105388,-1430.39974129098
132,0.0219058497020969,0.0170072018233492,0.00102872872970912,-1432.14148756544
133,0.0247769422016412,0.0191504788560691,0.000883171878090647,-1432.09421062116
134,0.03018434992666,0.0185718525683871,0.000990454381261074,-1431.25919552113
135,0.0279862896912596,0.0145585464993308,0.00177699992031703,-1432.03709809965
136,0.0187614749865238,0.0154858083930199,0.00171948646377979,-1430.63990777024
137,0.0211641905193547,0.0175821048626776,0.0013527762185662,-1430.50850464906
138,0.0291100609557102,0.0156844325283642,0.00133065490255499,-1431.17822042335
139,0.029368200518643,0.0150124712669806,0.00130876410044275,-1431.19485675528
140,0.0194834724009367,0.0155829744514267,0.00134704516610047,-1430.57691597838
141,0.0215536843049531,0.0177027711733417,0.00206202304438139,-1433.1293742948
142,0.0191112357991646,0.0139031995537398,0.00130381951901745,-1431.42528940676
143,0.0257766148901731,0.014122593071003,0.00148933499519164,-1430.35999347389
144,0.0201412392798041,0.0171827712742551,0.00141175729671719,-1430.40586575232
145,0.0246695453558399,0.014256456747645,0.00139772895981784,-1430.20266738778
146,0.0253739235447536,0.0135817575706341,0.0015339452256638,-1430.37607166593
147,0.0228114614108127,0.0123160838061202,0.00138882732765142,-1430.9653420696
148,0.0263602181366657,0.0126746008172588,0.00125584799620309,-1431.22118615671
149,0.0255228531482165,0.0208139176492304,0.00132495732055963,-1431.83683040912
150,0.0353179568520981,0.0129016676815811,0.00113732176599366,-1432.90518466177
151,0.0297939635444667,0.021174494135046,0.00135553152715362,-1432.90349744971
152,0.0279899272098208,0.0113487618204535,0.00105889382607266,-1433.42219369539
153,0.0338295535441635,0.0245368044265856,0.00100086293222112,-1433.28195083175
154,0.0318663012420906,0.0136268811494577,0.00113955243563411,-1432.04191187194
155,0.0309925776438469,0.0218895247343492,0.000876208570225513,-1431.67775435678
156,0.0414867568218379,0.0209221179245185,0.00105033186008304,-1434.99287985809
157,0.0191722893679511,0.0183805518217297,0.00122399979600531,-1431.7433685973
158,0.0281300996050198,0.0119885856978361,0.00127922071582743,-1431.58507801361
159,0.0259264876344953,0.0122677194254874,0.00164167948723563,-1430.99558248999
160,0.0268938185968111,0.0137455366155695,0.00164758775234015,-1430.9774702729
161,0.0276516685570032,0.0120794410697281,0.00160951902042391,-1431.30744031132
162,0.0221503333111667,0.0139590605941024,0.00130738323709859,-1430.51994719693
163,0.0215562128978165,0.0165442124047737,0.00158273347465506,-1430.14053815465
164,0.0232755651926968,0.0165091920925726,0.00131473142300742,-1430.31796483754
165,0.0195564607231291,0.0169680694507653,0.00166497745265495,-1430.55097650849
166,0.0212695849750535,0.0163540920410579,0.00133269878353338,-1430.29417499707
167,0.0218480481386709,0.0162904598564029,0.00166168391629597,-1430.27318447591
168,0.0166760298143102,0.0149553411705772,0.00138941132261545,-1432.10061380595
169,0.0286159704329519,0.0144332367970439,0.00129232697784315,-1431.04904525696
170,0.0287285712961299,0.0173380776863376,0.000984998785784328,-1431.36040549201
171,0.0279917850857559,0.016799297051167,0.00122487633124539,-1431.00906651525
172,0.0338578266057144,0.0172131822257231,0.000913315956473474,-1431.81867408774
173,0.0294645352426901,0.0167284854645071,0.00114012093257823,-1431.21320087832
174,0.0243149889484307,0.0169696590928289,0.00138526979373035,-1430.41289666907
175,0.0326101243158232,0.0171095282167357,0.000934425949065138,-1431.64953652921
176,0.0271564152720978,0.0163934291980158,0.00125846974023489,-1430.83467993014
177,0.0285108173270756,0.0146902631590337,0.00098001805134915,-1432.15206112736
178,0.0326994109846,0.0164953728509097,0.00105042547262013,-1431.63825662576
179,0.0305400186696605,0.0163048223429961,0.00177697687783151,-1433.81860590187
180,0.0189639662920779,0.0173808602212798,0.00139856607337355,-1430.79907887802
181,0.0394868277591702,0.0122757546881782,0.000896277619221108,-1434.26638273171
182,0.029027836345731,0.0153457404036431,0.00171122877478632,-1432.31727913597
183,0.0296767109531725,0.0108214596576612,0.00172895419552955,-1432.60597129255
184,0.0224755961865492,0.0108732319688522,0.00189771083963846,-1432.74879932647
185,0.0267540106396546,0.0139058221099041,0.00120203660706854,-1431.10356294629
186,0.0198941685422679,0.0156352336934609,0.00146848030761067,-1430.1391911004
187,0.0260148273958947,0.0189871733592201,0.0017123670088653,-1432.81189963023
188,0.0185572495651264,0.0147434502035453,0.00126737082877242,-1431.56947882918
189,0.0293749720871514,0.0150788184138522,0.00162980652189611,-1431.97756795582
190,0.0274850286810548,0.0176566196192796,0.00191684314541623,-1434.08698593154
191,0.0193986688703187,0.0166529965933456,0.00139524885484354,-1430.49689622557
192,0.0196701236430632,0.0160233643477169,0.00161715080275904,-1430.22827520181
193,0.0231151138049161,0.0145488364673513,0.0013197003188116,-1430.26853301586
194,0.0227142511552288,0.0144002842373532,0.00151993359924234,-1429.95172828658
195,0.0261979740046366,0.0153800808780793,0.00141534709830242,-1430.46755952514
196,0.0264066768531752,0.0158948297236081,0.00156194098177496,-1430.84770782033
197,0.0213618882485785,0.0165450943163293,0.00172531478501986,-1430.52867641719
198,0.02209403176868,0.0170318834352982,0.00148877623200555,-1430.20503507188
199,0.0237170746270254,0.0130593022693623,0.00172918009101003,-1430.7173180035
200,0.017389007272573,0.0184657228169464,0.00164660150439512,-1431.89756273057
201,0.0218374613198796,0.0176939104942805,0.0011485922606805,-1431.27136674166
202,0.0265549943174114,0.022892986819206,0.00113542317243416,-1431.88306112807
203,0.0295439168294306,0.0162959095146621,0.00101768322626256,-1431.4536381221
204,0.0304309059549892,0.0188671682885496,0.0007973809679077,-1431.86568666439
205,0.0307418975123742,0.0174147546099147,0.00121397606410701,-1431.50696129237
206,0.0187455439575109,0.0170683836984795,0.00136022786370032,-1430.91628301151
207,0.026788135936614,0.0135041360271743,0.001719489425282,-1431.22555720405
208,0.0214191166236102,0.0177830544541937,0.00139199303560238,-1430.48809479873
209,0.0206032338995208,0.0145062268672255,0.00159843069037236,-1430.10102303178
210,0.0243313595612809,0.0179665266565433,0.00129086370991003,-1430.74806923125
211,0.0259360741677993,0.0152003576071382,0.00147598871827488,-1430.41985917167
212,0.0257751644983488,0.0148528661698716,0.00199382620087099,-1432.69623220817
213,0.0223404621872186,0.0132795490797271,0.00143461380144787,-1430.35084959906
214,0.0236797334866377,0.0146625652625952,0.00145156929374597,-1430.00401656859
215,0.0241455921361674,0.0164017573436052,0.00141929197041227,-1430.23989424
216,0.0253692911547079,0.0152371906234446,0.00145845776801267,-1430.28201301927
217,0.0265567066992356,0.0162901479697061,0.00128148158964736,-1430.7085751816
218,0.019131033318369,0.015278198911759,0.00151363327816897,-1430.31329257003
219,0.021758950601393,0.0147298061898755,0.00146242960282205,-1429.9476233304
220,0.0229119907825865,0.0159333182908673,0.00162670493516833,-1430.20276205272
221,0.0204876686032486,0.0163178995451831,0.00149683549127266,-1430.07558930027
222,0.0195128553294544,0.0129884024289843,0.00181396086728179,-1431.44137734942
223,0.0287874818047941,0.0121531624560903,0.00122724900682436,-1431.79946566568
224,0.0241498916426175,0.0133827071752938,0.00152653252180825,-1430.24964409702
225,0.0237259877215915,0.012860576581107,0.00151816543903805,-1430.40741051721
226,0.0248438819017571,0.0141112081464449,0.00167890776026557,-1430.54727188837
227,0.0207623802152306,0.0177353660676289,0.00172988347686087,-1430.98324954846
228,0.0213719166814606,0.0171131452345881,0.0014633628672753,-1430.2156478834
229,0.0252423427664018,0.0146281307374615,0.00134674737302541,-1430.33358662757
230,0.0179966945383972,0.0138355037986789,0.00199599977673684,-1432.43145051358
231,0.0254855375152589,0.0147763940162746,0.00191133565997718,-1431.97788197278
232,0.0165860089712969,0.01381663749237,0.001899084418824,-1432.79578214641
233,0.0159751838051921,0.0159840477647764,0.00122311664560914,-1433.66950736828
234,0.0285408220562275,0.0142186922939258,0.00110056054148523,-1431.64249619248
235,0.0218083875117006,0.0237864193086632,0.000985194707479404,-1432.59508852617
236,0.0273870906207358,0.0152511272524836,0.00102552539582744,-1431.72491812632
237,0.0257421055458137,0.0218551202801409,0.00115999354505826,-1431.66205083071
238,0.0218699735727976,0.0198745188714358,0.00103786039039742,-1432.05529526532
239,0.0355670613123338,0.0202722109808706,0.00127253308235002,-1433.78329127038
240,0.0243413737982047,0.0127473265458018,0.00195364761179113,-1432.00668876274
241,0.0252447785902769,0.0138669004281256,0.00130308675123241,-1430.55857628746
242,0.0213829060818768,0.0139887765533069,0.0013417504038592,-1430.47008301613
243,0.0228149595626183,0.0151247812245018,0.00166519556361485,-1430.17929937732
244,0.0220106790607226,0.0173220230929064,0.00165700303691906,-1430.61885220554
245,0.0224958380520007,0.015523649046265,0.00164958292470344,-1430.14319727885
246,0.0211719490884045,0.0125461604725546,0.00181796970512308,-1431.34418439365
247,0.0245579037493268,0.0150673728523495,0.00127344425738646,-1430.44166358887
248,0.02404045065858,0.0138456397418516,0.00133772837574217,-1430.36946171482
249,0.0219404810681945,0.0163698504310917,0.00152190702586807,-1430.03920120867
250,0.0234361477928571,0.0166243288874214,0.00128077797437571,-1430.43565399327
251,0.0260681572040179,0.0168786793137617,0.00133673677895941,-1430.68860558471
252,0.0224101957939667,0.0180695926544439,0.00149658504370746,-1430.62633742481
253,0.0218982966250606,0.0169297542394814,0.00159946800470773,-1430.30537339229
254,0.0197979364757614,0.0162784739695262,0.00139694240297611,-1430.33490673646
255,0.0232894319081234,0.010670009883843,0.00153515442748742,-1432.06351711553
256,0.0219448795984287,0.0145806518871808,0.00141153264431068,-1430.03671371126
257,0.0285939481982913,0.0158224177534697,0.00118263633663145,-1431.11591533392
258,0.0316052556151243,0.0249979122048558,0.000771665427184509,-1432.74052747578
259,0.0314829613202902,0.0283693619171239,0.000838825639592395,-1434.00727135399
260,0.030364702128684,0.0212332011955639,0.000810395785867126,-1431.72772938352
261,0.0273229993720958,0.0196232635608429,0.000879341749119462,-1431.56329959296
262,0.029719359956463,0.0146303287018213,0.000894209221788111,-1432.67306401419
263,0.0254548353427588,0.0291412717870559,0.000855760612711705,-1433.59922893395
264,0.0258201033060005,0.019230866325589,0.00131726380436022,-1431.2882809984
265,0.0210684741082168,0.0224945155050422,0.00148236503816948,-1433.21559291105
266,0.0186539773180182,0.0174475953804844,0.00137613260578636,-1430.99947146391
267,0.0197656380453128,0.0174671503075914,0.00120381723732029,-1431.41169882546
268,0.0359276425408181,0.01559919767767,0.00107860544013383,-1432.39481360008
269,0.0330922019547997,0.0165890538584376,0.00091286608559903,-1431.83770842776
270,0.0343206864137996,0.0161582648975753,0.00133362238786761,-1432.76032776465
271,0.0232461660068717,0.0134027112459631,0.0015560252974892,-1430.20778990267
272,0.0209343491094282,0.0138532566269569,0.00158952162628643,-1430.20796950815
273,0.0255412367809813,0.0179455035495798,0.000953274304406943,-1431.72279629047
274,0.0357750220137608,0.0168288269802084,0.000949458734773071,-1432.14223856211
275,0.0337344189142771,0.0242522587041691,0.00073629836554548,-1433.05822807147
276,0.0300081318394942,0.0205815270292594,0.00106254000674718,-1431.44383699806
277,0.0286452096798161,0.0149734615051506,0.00161094440407717,-1431.58432685304
278,0.0215811547735875,0.0152237752674358,0.0013149498826814,-1430.29950668048
279,0.0220169456177094,0.0183094200269064,0.00180162999078476,-1431.75395146604
280,0.0191083973380906,0.018667048418194,0.00156101668279177,-1431.2062135883
281,0.0220140737305331,0.0142510189563948,0.00149231302230886,-1429.98492677496
282,0.0225514671276585,0.0157031974844763,0.00144427077957139,-1429.95603564618
283,0.0246144605786377,0.0274943439449312,0.00166242904927524,-1438.19118821599
284,0.0220953853250855,0.0179976456960559,0.00125511939128197,-1430.82121639083
285,0.0262592340189228,0.0232488398018388,0.00143186766741596,-1433.61786122796
286,0.0203903076035399,0.0193804419232395,0.00130581875026446,-1431.41428896982
287,0.0237950372378479,0.0135278688200828,0.00116984770225814,-1431.38198062432
288,0.026529812508323,0.0143318667226567,0.00143092880318161,-1430.49857536799
289,0.0216847454848515,0.0136714811796652,0.00122498459285835,-1431.19547352536
290,0.0189448894493331,0.0149172638792874,0.00159425112442124,-1430.41789349708
291,0.0256947505135304,0.0156987758159739,0.00139086031422126,-1430.39855702953
292,0.017141205235988,0.0144446338818364,0.00152466411458435,-1431.51902099817
293,0.0263342348643453,0.0152273733962395,0.00108322965569202,-1431.41993135286
294,0.0243849028930237,0.0152651197494308,0.00145560458599884,-1430.10012640036
295,0.0193952935543531,0.0160250586188466,0.00192335223665192,-1431.43805488042
296,0.019206787192511,0.0167760480050298,0.00150638622543971,-1430.40498187419
297,0.0230361824210856,0.0168676905688919,0.00147276748101889,-1430.22475595873
298,0.0252287887101417,0.0132153663593434,0.00159538508990743,-1430.50995350478
299,0.0225800395462093,0.0149351235721969,0.0015646072842829,-1429.94297484655
300,0.0233279299860401,0.0116148015560825,0.00179261150826663,-1431.64118550476
301,0.0194412615841026,0.0112927790166,0.00144764755233602,-1432.98910377308
302,0.0354933404770451,0.0107824858583311,0.00153893429968918,-1433.78397983958
303,0.0295315336622535,0.0121342894270817,0.00188470993268948,-1433.10986629442
304,0.0234120406218809,0.0152007226954191,0.00137789747837644,-1430.0639918268
305,0.023491451493721,0.0127897094445279,0.00140157645801028,-1430.58455994635
306,0.0257620768373878,0.0175048671894916,0.00114387135688627,-1430.98656010393
307,0.0206660301647427,0.0188043689456745,0.00183500217867097,-1432.10154310673
308,0.0199784600930629,0.0155403795790833,0.00128284443046445,-1430.7426021474
309,0.0257565716043688,0.0163064156162665,0.00160014439796137,-1430.88328328881
310,0.0243822012994843,0.0128185178679294,0.00142717544646973,-1430.51658811703
311,0.0230185972714037,0.0150481282321616,0.00147435725023922,-1429.92960583556
312,0.0255632197682685,0.0158698756044596,0.00106025932879604,-1431.46060832122
313,0.0291813023868245,0.020084264846462,0.00113522389617063,-1431.43284279967
314,0.0228806985870054,0.0145439383883031,0.001784069322087,-1430.61550346127
315,0.0224536615660697,0.0148583546962664,0.00127503500152625,-1430.43788263646
316,0.0167520917990492,0.0189740787135047,0.00170209487093636,-1432.7029653408
317,0.0170083302542598,0.0164026063964463,0.00140083334358119,-1431.63771148008
318,0.0215791595707927,0.0151499937682081,0.00127749855448473,-1430.48017720313
319,0.021223296282608,0.0149325711917822,0.00156901400331064,-1429.9546493027
320,0.026737518342752,0.0163034236387108,0.00127081182470268,-1430.74969221187
321,0.0334067053213402,0.0139063518343541,0.00104550981078009,-1432.36268035747
322,0.0338049367054984,0.0178507769921779,0.000936763727680334,-1431.72312104057
323,0.0301970340329142,0.0186696137794045,0.00115689221625414,-1431.4085571419
324,0.0222806638878457,0.0167374480900136,0.00182956919078003,-1431.18747551575
325,0.020082149875998,0.0138094687254881,0.00138043893468087,-1430.71378025903
326,0.0295259353005889,0.0127258785984185,0.00133685553203985,-1431.43665478303
327,0.0242652231010937,0.0143742903628046,0.00173976853065931,-1430.65408282194
328,0.0206279903940953,0.0149664378215917,0.00152467371326212,-1430.00091359356
329,0.0196373906654353,0.0146313563529527,0.00157482124379434,-1430.25815841816
330,0.0288475497083552,0.0167904894080665,0.00107022993989655,-1431.23463670294
331,0.0198801495676674,0.0153010652839392,0.00113532723688935,-1431.93673525209
332,0.0221495696951216,0.0186351856144331,0.000903785789731843,-1432.94969434996
333,0.0357791618436156,0.0185579041006006,0.00087300677353465,-1432.15895002152
334,0.0218360512075993,0.0215122175815477,0.00121896890262091,-1432.02762569497
335,0.024950464907437,0.0176236790531044,0.00126565919627151,-1430.74164275579
336,0.0227732441107922,0.0145096009854455,0.00196865141519993,-1431.65109517466
337,0.019684119079271,0.014954378387115,0.00125108751715087,-1431.12815781704
338,0.0246791882102933,0.0143091190226187,0.00146658646078314,-1430.14455506089
339,0.0198457188960488,0.0166818172899351,0.00138149777165613,-1430.42213567074
340,0.0242538223197469,0.0159074549537894,0.00129976391843949,-1430.34526795429
341,0.0272122502235842,0.014883917643246,0.00101897558085816,-1431.89513705153
342,0.0223010352268496,0.0211148807649805,0.000986330056532299,-1432.16468521369
343,0.0252129291387655,0.0185011993206643,0.00147652776446148,-1431.24954797002
344,0.0253832756792036,0.0107894591142029,0.00154380918204888,-1431.68503086734
345,0.0267794110264487,0.0155641166546081,0.0014161038740432,-1430.63082443536
346,0.0216322694109378,0.0160980287050761,0.0014359857867296,-1430.00779592262
347,0.0239184595147345,0.0134425472130277,0.00176095684360584,-1430.76573322014
348,0.0233378232277196,0.0140159381631279,0.00186469513924205,-1431.10820732482
349,0.0210614261439966,0.0138208278795175,0.00180881113219885,-1430.76895456281
350,0.0188292077526816,0.0170277703021394,0.00147905375173175,-1430.60443493576
351,0.0200130328226177,0.0178400354437271,0.00158140221827691,-1430.6508309225
352,0.0199803896556576,0.0115302513652455,0.00208830707802419,-1433.69833069814
353,0.0217860436863408,0.0159636989217924,0.00121748831773158,-1430.74585147223
354,0.0231701551049857,0.0132657331337661,0.00142554476112322,-1430.32706177791
355,0.0261701332830128,0.0161414218240735,0.00140294235779475,-1430.57298757726
356,0.026520653186744,0.0161289142220599,0.00140409443221791,-1430.65339977435
357,0.0273992192213478,0.0104176438322143,0.0016471618346076,-1432.15536575685
358,0.0393235366956885,0.0106627896832022,0.000940218722510491,-1435.02791516405
359,0.0267937216294925,0.0303925098202178,0.000777070310733288,-1434.30964466504
360,0.0260553045670134,0.0165494918706115,0.00184415274942807,-1432.31638929852
361,0.0200664047985251,0.020205944243896,0.00184579709443412,-1433.19581075633
362,0.0205148722039885,0.0124889579708386,0.00196170199930118,-1432.15870191565
363,0.0202337579096743,0.0162993482985356,0.00123669186166404,-1430.92778402692
364,0.0279397898251736,0.0145525820305095,0.00103857788322825,-1431.85936330031
365,0.0297789141911445,0.0128951055803792,0.00137213763849819,-1431.43360501663
366,0.0237457324270987,0.0151556664788387,0.00158486395709691,-1430.11400509582
367,0.0243250720624942,0.014538021115655,0.00170798654353953,-1430.54278791508
368,0.0249140923056629,0.0162166214270469,0.000666314976265058,-1435.97039088388
369,0.0352874940128357,0.0156036032679442,0.000754041623241138,-1433.09490584605
370,0.0354271220021242,0.0184786078704706,0.00104254773117682,-1432.17231669117
371,0.0188287367911835,0.0219329366148001,0.00171808834373798,-1434.15880343531
372,0.0243879483237456,0.0140021369719197,0.001392381617947,-1430.22041068136
373,0.0257186571679603,0.014977851236552,0.00153887347545488,-1430.42828914707
374,0.0187064964559687,0.0147828175041981,0.00157703607815029,-1430.5242544613
375,0.0247766692831488,0.0123154512758523,0.00160000121932771,-1430.76037484095
376,0.0226141663102825,0.0189463231936201,0.00143469026404944,-1430.98169878331
377,0.0158154473196641,0.0184820122454037,0.00156467162181487,-1432.97654395717
378,0.0245143987131697,0.012628769146652,0.00142698338218722,-1430.60569878022
379,0.025340176322523,0.0232720092553354,0.000695143799342852,-1433.00439255868
380,0.0259472465403401,0.0246784959908633,0.00112309244594731,-1432.39271448545
381,0.0262258581420128,0.0163621854711094,0.00151305637615096,-1430.7951178333
382,0.018793151201855,0.0160613420948735,0.00161782714702863,-1430.45231642083
383,0.0246279502780527,0.0124513516584688,0.00174150247924186,-1431.06162559906
384,0.0185387776571753,0.0168265801528121,0.00166622505929002,-1430.76397267793
385,0.0173893467526893,0.0193889855195383,0.00167215147170338,-1432.52242623858
386,0.025828516547897,0.019663126680453,0.00142099710211956,-1431.73722167832
387,0.0225927849150822,0.010724522934633,0.00159066715272129,-1432.15169316485
388,0.0227424894448929,0.0152188162456284,0.00131669545824858,-1430.21705740649
389,0.0239873034700845,0.0163932061650342,0.00128370782646103,-1430.41997691101
390,0.0243260672087642,0.0158187391981349,0.00108509991871026,-1431.39313204891
391,0.0209896065864358,0.0160244290115877,0.00166389527469949,-1430.19866801884
392,0.0202044467038302,0.0145486478092059,0.00164360383342275,-1430.22181952606
393,0.0186974844939834,0.0146859657626547,0.00193911746326813,-1431.64384577572
394,0.0250978321000528,0.0143266669076035,0.00176842027012703,-1430.97760733659
395,0.0195729582641101,0.0134833531440102,0.00143556340881835,-1430.8843781551
396,0.0245858926241812,0.0184514699026354,0.00123277929124786,-1430.93699937504
397,0.0240250628726901,0.0118464871943419,0.00163656867163252,-1431.04279642337
398,0.0231300106684067,0.0141684861346691,0.00127175118843556,-1430.55574208812
399,0.0225156862217555,0.013649454176769,0.00149541123959465,-1430.1225601676
400,0.0239294949082047,0.0139489408816348,0.00166793265409239,-1430.35939589122
401,0.027435025692088,0.0165313270548263,0.00161193443288498,-1431.58192829119
402,0.0262006728933388,0.0125703231344982,0.00136900627656025,-1430.8610471306
403,0.0246838192186979,0.0140769383400963,0.00130253920279857,-1430.47090075529
404,0.0258458503704713,0.01959935634777,0.00134917669496784,-1431.49336296522
405,0.0187208839089981,0.01600376565259,0.00194725718248222,-1431.70276828017
406,0.0209000955878623,0.0125099212951367,0.00192348080376459,-1431.8823556676
407,0.0233539087570578,0.0119112085965337,0.00122109125264467,-1432.05803560753
408,0.0259412449220976,0.0176752077863892,0.00135018941572316,-1430.86880597413
409,0.0243345979392013,0.0133382706192786,0.00190376142974159,-1431.57904061218
410,0.0189437844709676,0.015875324651748,0.00165062364391243,-1430.44053804839
411,0.0224488632076835,0.0158748787365176,0.00155781728162622,-1430.00621380429
412,0.0237513844428726,0.0138119477944661,0.00144162986635794,-1430.14023800651
413,0.0226469939002572,0.0179234955065594,0.00137122143681715,-1430.55873251735
414,0.0234578723258017,0.0166523068930195,0.00154985239548461,-1430.30682816905
415,0.0197399929598816,0.0171606916864575,0.0014465473850173,-1430.42538117371
416,0.020856480301672,0.015770097350771,0.00133557558403901,-1430.29821882326
417,0.0262004962178062,0.0174005592503615,0.00124705179367819,-1430.83903472507
418,0.02571453891659,0.0120408658662608,0.00156951301387586,-1430.9285962222
419,0.0203649277345914,0.0130165631257494,0.00172014871487371,-1430.90680396012
420,0.0195082470939596,0.0168065513682582,0.0018085024937077,-1431.01862079123
421,0.0269889328831836,0.0119066284214264,0.00136637098638132,-1431.23418211625
422,0.0283080984822969,0.0122793692188222,0.00178521356144826,-1432.10256381114
423,0.0290856032091921,0.00961935784023963,0.00141819891795116,-1432.81620076708
424,0.0319952992311475,0.0208765910266228,0.000589883920006179,-1433.66894315287
425,0.0361245428866214,0.0183399586815963,0.00120959889600991,-1433.04472490964
426,0.023970221136042,0.0193357680390234,0.00175044582219712,-1432.58339639882
427,0.0220873088673895,0.0190004775351255,0.00093720372195972,-1432.63007401631
428,0.0341424661158753,0.0216144442783374,0.000906700775507456,-1432.1770388987
429,0.0235235323077935,0.0284370672475019,0.000868453449970006,-1433.46092177633
430,0.0378593851039355,0.0230264107619892,0.000587477036712509,-1434.77366224845
431,0.0379048182031753,0.0241456700912225,0.000925300454524965,-1434.28459447274
432,0.0380510553422765,0.0158759305519532,0.00103555512679024,-1432.83479625163
433,0.0266287893034433,0.0196226919638661,0.00105078186547108,-1431.19934785866
434,0.0318636313179656,0.0177833834713907,0.00112064005438315,-1431.53130492419
435,0.0254245352523549,0.0192626105712454,0.00164481368905709,-1432.39335979455
436,0.0204185602944492,0.0142090927372181,0.00152673323748074,-1430.1795863068
437,0.0244893498826741,0.014955821166765,0.00148794134253642,-1430.10658008088
438,0.0228768064102592,0.0133340346704617,0.00178836178378779,-1430.80561914219
439,0.0230045764271479,0.016741197839344,0.00112484276300675,-1431.19216378363
440,0.0295971045465983,0.0154795633032341,0.0015113271830629,-1431.68976300971
441,0.0272139416762704,0.0147331055313838,0.0016445913061078,-1431.14668875313
442,0.0193217181725271,0.0175607005414111,0.00161172589229395,-1430.69725923733
443,0.0260666901232751,0.016655057941839,0.0011530869028901,-1430.9475252363
444,0.0331391429505387,0.0178226277055953,0.000726281434807644,-1432.57862896773
445,0.0296005754933828,0.0231033984923301,0.00111333409210685,-1432.18870995633
446,0.0222994373886393,0.0152263372315358,0.000884131399708927,-1434.29908471514
447,0.041725878937567,0.0134696560858527,0.00127417259495392,-1434.82572096501
448,0.0204028729109107,0.0173422841294214,0.00134867569525879,-1430.55094837496
449,0.0270831064734038,0.0186998018094359,0.000800358375996945,-1432.24615847771
450,0.0316524229600443,0.0193030857027296,0.00105727836000875,-1431.48605260135
451,0.0277990458396147,0.0233812686855925,0.000857371050669775,-1431.77333036274
452,0.035172729348822,0.0204870820138615,0.000977380121253206,-1432.2770837666
453,0.0203219282119956,0.0255192272387592,0.00101663181493023,-1433.51746182457
454,0.0316264885381518,0.0172312536076324,0.000898754147947408,-1431.66082123712
455,0.027836359869004,0.0169498309359334,0.00121248787404934,-1431.00176552121
456,0.0312662580200125,0.0127569844439177,0.00130361022242309,-1431.87435736223
457,0.0241102892869738,0.0192554180908085,0.00155231296036357,-1431.62584584705
458,0.0203486938982528,0.0117907482500023,0.00148538924238579,-1431.82843929277
459,0.0244545404622363,0.017031481749997,0.00107636418859557,-1431.31880943003
460,0.0287943545315599,0.0192842886186805,0.0012145481413105,-1431.4519143024
461,0.0329196203389615,0.0141939157524879,0.00125645947377064,-1432.09007479516
462,0.023518343938562,0.0192228814810885,0.00162343111495031,-1431.75302645323
463,0.022747254394438,0.0153932438794195,0.00130633445038703,-1430.24999667639
464,0.0356902750319134,0.0135644886188347,0.000943995304117075,-1433.03794109672
465,0.0415329782469843,0.0195506141638177,0.000798039656662099,-1434.0688369341
466,0.0229834326496122,0.0272288670349853,0.000750018426092635,-1433.66219724393
467,0.0331188422234968,0.02187741418518,0.000876438353272816,-1432.01327847746
468,0.0281246887325083,0.0195692058531089,0.00147180996529426,-1432.48076708182
469,0.0217554077197804,0.0176697125611115,0.00116451503367375,-1431.19232520127
470,0.0370110873976415,0.0151155939292316,0.000992823236606638,-1432.65468121263
471,0.0245152535424801,0.0275530210277418,0.00102175742603506,-1433.1622004073
472,0.0270351435416844,0.0189851926664476,0.000972916438625127,-1431.31348962681
473,0.0330909390891736,0.0235729501683074,0.000993115040444702,-1432.65864858422
474,0.0310167084539006,0.0192285380762438,0.00089423156648076,-1431.44230507102
475,0.0338656758529995,0.0220924278053886,0.000870125825482125,-1432.22484462507
476,0.0234563594172292,0.0222790032946459,0.00096001468426565,-1431.95019478088
477,0.0288930549513147,0.0158149553990877,0.000769712661912085,-1433.2753971799
478,0.0383920043177262,0.0211823887868649,0.000797615331515568,-1433.34213011655
479,0.0228984509386413,0.0261872873003692,0.000798681562255746,-1433.18341131142
480,0.0350790145839737,0.0249652405129858,0.000904460968950575,-1433.56658821503
481,0.0344776597262765,0.015262567812246,0.000850175539806342,-1432.57106341462
482,0.0292559307254325,0.022514771236736,0.000951134628641276,-1431.58373260326
483,0.0259425624637053,0.0224854512689384,0.000953961154579653,-1431.56428310541
484,0.0259554536496991,0.0162659362906106,0.00189763003611097,-1432.52108757455
485,0.0160856535512101,0.0162413418475156,0.00160643968909372,-1432.03434867972
486,0.0161045446950788,0.029044588670562,0.000660564517150758,-1438.64997931858
487,0.0403427457063305,0.0121095664477758,0.00117262535856221,-1434.25312907734
488,0.0381472420620578,0.010794702871548,0.00109898352851399,-1434.31534306694
489,0.0275668133924794,0.0264796143054347,0.000618374987394815,-1433.91490649017
490,0.0310391631204248,0.021412777987088,0.00095398447427078,-1431.57148182651
491,0.035315596962891,0.0144253285945281,0.0010171908930607,-1432.50393323939
492,0.0302691145500774,0.021671963706159,0.000870543905607033,-1431.58416605558
493,0.027690024830556,0.0197691035003289,0.00130076973193193,-1431.68537237698
494,0.0224677440549867,0.0121404657803202,0.00156571362197662,-1430.88569576177
495,0.0199271544964122,0.0117474303134909,0.00190874438393395,-1432.60582861939
496,0.0304115911549725,0.0137655445217361,0.00114904587007128,-1431.76618432992
497,0.0311043736355556,0.0164989703299456,0.00118850308821511,-1431.48798821984
498,0.0335957999109933,0.0157369957304538,0.000853685033981513,-1432.32902496664
499,0.0306147729885243,0.0223187686813941,0.00114543266707834,-1432.26804213919
500,0.0305927985249954,0.0151551679079591,0.0015573217351552,-1432.17255946026
501,0.0291989557027752,0.0123216035716792,0.00150631229693008,-1431.44384729692
502,0.0230749416352418,0.0170168451670648,0.00142396675221793,-1430.26794720302
503,0.0204935281098199,0.0157538849928041,0.00117437326140439,-1431.316136609
504,0.0334032751728904,0.0177235995333345,0.00104763660648342,-1431.68532461524
505,0.0349227113855661,0.0213982882522914,0.00112562179339047,-1433.01134567274
506,0.01738458452212,0.0176123560427624,0.00186171379857858,-1432.20735620602
507,0.0214271452208173,0.0178755637619367,0.00160283669410088,-1430.66023906381
508,0.0202589578448466,0.01378670318303,0.00185195451563039,-1431.06376770258
509,0.0276111655275475,0.0114413986616108,0.00169464769252424,-1431.76501143591
510,0.0296625036529623,0.0113920356404871,0.00114139842852211,-1432.73528808747
511,0.024751326148108,0.0186991773460662,0.00107794817361344,-1431.2614578667
512,0.0270557992148804,0.0213065032498349,0.00128078830510764,-1432.01269103838
513,0.0296767319853874,0.0141767857662758,0.00137636833193167,-1431.29650309613
514,0.0246109069324788,0.011890623747089,0.00147500377175552,-1430.94321849094
515,0.0259458637187554,0.0130046625772231,0.00129354809497223,-1430.90354589909
516,0.0240266772787789,0.0183429539849954,0.00115471904145161,-1431.0759890229
517,0.0209262482485505,0.019665467504459,0.00171060379273305,-1432.07048430098
518,0.0205190261133954,0.0140062571600085,0.00178485005039515,-1430.683190782
519,0.0215367341702346,0.0145909851491922,0.00173480393240487,-1430.33287380155
520,0.0242674609644673,0.0134727997227229,0.00132763287756934,-1430.52015048783
521,0.0233634516158243,0.0127145848204039,0.00165066832023503,-1430.60643151252
522,0.0252076596659544,0.0171935272731011,0.00111037584377516,-1431.09847589902
523,0.024366978785918,0.0175713526010172,0.00150125227467396,-1430.72057671677
524,0.0209072119820266,0.0145357264063581,0.0013108984339657,-1430.53834775078
525,0.0308378814535614,0.0153516413126633,0.000972341487901302,-1431.87987424682
526,0.0300675757651139,0.0143560243600899,0.00152488025476877,-1431.709513536
527,0.0184473923434658,0.0159990098800895,0.00135291547654151,-1430.9470262457
528,0.023338481326859,0.0258780778922991,0.00144849752305876,-1434.94505811618
529,0.0231875904588881,0.0254026905337221,0.00110488338655638,-1432.75315484402
530,0.0232238274757457,0.0202354921509151,0.00101477507713094,-1431.7659658156
531,0.0240463773784866,0.0191284822706936,0.00132002434063005,-1431.0816500341
532,0.0239581653380941,0.0195509797113386,0.00168446532136063,-1432.35574972446
533,0.0233503380564195,0.015142176250545,0.0017312489288614,-1430.49122784391
534,0.0185692005959138,0.014193836601162,0.00183654741167298,-1431.30825380823
535,0.0246059637230151,0.0132900500279169,0.00137525123330273,-1430.4543781257
536,0.0277393768643058,0.0139320187219202,0.00167360329276549,-1431.34952315368
537,0.0301948191192495,0.0150315012396321,0.00179979898807684,-1433.295398368
538,0.0151094559120741,0.0172776562130029,0.00203374303488152,-1434.67264797356
539,0.016353482873487,0.0139209294008973,0.00216388504842724,-1434.37578508137
540,0.0191959336887632,0.018326702001916,0.00140384429099466,-1431.05880539413
541,0.0191345532911104,0.016238442475537,0.00156622239250287,-1430.32693803008
542,0.0192258454232751,0.0153178482157431,0.00104161928963911,-1433.31164753229
543,0.0369575852584155,0.0159358449017416,0.00120821058403296,-1433.0431638132
544,0.0187439114093143,0.0162630423289191,0.00138319798974073,-1430.71188319577
545,0.0233282342089199,0.0154934541094997,0.00143141933382707,-1429.99590789198
546,0.0245058775752409,0.0150943179358444,0.00140405749469588,-1430.13561836949
547,0.0283373953044068,0.0151199380163518,0.00135143537439148,-1430.95404484268
548,0.024967155988829,0.0182637860810513,0.00112187391249904,-1431.10433410044
549,0.0274558447518119,0.0168166823549645,0.00137341934937266,-1430.99633910415
550,0.0257000591661223,0.0133347998140556,0.00159437114103643,-1430.57144936355
551,0.0287499649382268,0.01429355833772,0.00150400004272467,-1431.1932567258
552,0.0203289390830671,0.014308011934034,0.00162449388636158,-1430.21983744157
553,0.0195996537968841,0.0178593800594106,0.00170812885001294,-1431.02956559246
554,0.0205299992752383,0.0169977417660419,0.00133773784506361,-1430.48007194641
555,0.0234598129383751,0.0126474082409411,0.00188295150742939,-1431.51833142695
556,0.0243615833383905,0.0105575129893383,0.0011188608332428,-1434.12459706585
557,0.0359878703601113,0.0204791225754089,0.000706958561838405,-1432.94646972054
558,0.0245814867417481,0.023551707089333,0.0013119021275203,-1432.84491889206
559,0.0273879165211028,0.0116381207822022,0.00124238297096477,-1431.86656795099
560,0.0268532101219786,0.0211660951235696,0.000888062877371513,-1431.52026823839
561,0.0245057768448755,0.0200365915673917,0.000999339068518825,-1431.53466811845
562,0.027058322162883,0.0228411703226289,0.00096553625733414,-1431.56347274448
563,0.0193972979243974,0.0192606781425215,0.00105747548053329,-1432.95355921778
564,0.0353509508049012,0.0159218938991455,0.000964192808191844,-1432.18031484259
565,0.0317226035077348,0.0190877928756632,0.000832803064463564,-1431.69005188821
566,0.0355326360276192,0.0257841768848561,0.000960702698528643,-1434.27475958463
567,0.0187024429783914,0.0164333608614734,0.00103005386470805,-1433.53965225869
568,0.0363173867221182,0.0152639912675122,0.000870579577168743,-1432.68990858069
569,0.0271654958280864,0.0199069912379129,0.00112060248126547,-1431.23238509721
570,0.023159213330273,0.016084260066481,0.0013306078912576,-1430.21383544999
571,0.0246690152452326,0.0169671543289209,0.00166921898533836,-1431.06077112359
572,0.025869557499075,0.0170056039206684,0.00102368758613225,-1431.4552485781
573,0.0199418424019633,0.0239285370897269,0.00115058297958893,-1433.39148096388
574,0.0325577562379228,0.0295234092521016,0.000511080529791172,-1436.54716324916
575,0.0305769214357991,0.0247995030730963,0.00114524626002605,-1433.21921549809
576,0.0259983502152271,0.0176750783245299,0.00120151874534962,-1430.9034783949
577,0.0249604582895622,0.0169214402494382,0.000979061162841876,-1431.87039095354
578,0.0312204123076615,0.0112241363406775,0.00159643435215971,-1432.4524562515
579,0.0224765836079935,0.0133892080330873,0.00153934487228341,-1430.20760853986
580,0.0250059839665251,0.0138327838013294,0.00160966350296407,-1430.40153184191
581,0.0295934188876128,0.012395644311525,0.00164797699258904,-1431.90147305442
582,0.0295973949148846,0.0152347198459125,0.00109928465819218,-1431.46154401416
583,0.027259007956699,0.0180152924769945,0.00135332128135585,-1431.2288473598
584,0.0306156370692947,0.0118498263525931,0.00114539626501522,-1432.54140283233
585,0.0308899874687721,0.0140193352302225,0.000945027338980532,-1432.58087681685
586,0.036069360734994,0.0203746691798584,0.000869595077145645,-1432.41458611869
587,0.0377969303159103,0.0168013810951987,0.00112894874528408,-1433.01799606472
588,0.0315594907309687,0.0138087866297483,0.00129407581182559,-1431.79493082293
589,0.023466510704766,0.0150791339590603,0.00138105629443554,-1430.06203048385
590,0.0239320233287039,0.0133681859825409,0.00167038879377666,-1430.46926885028
591,0.0252435392124643,0.0131570017084065,0.0017624701381487,-1431.05320468081
592,0.0239475691298258,0.0165622690532901,0.00102020556368747,-1431.81619177012
593,0.0282094739686235,0.0212806321642234,0.00117690521924173,-1431.71732888807
594,0.0238617199682617,0.017384820070781,0.00151550821708058,-1430.57414642169
595,0.0235933815216418,0.0167171592446157,0.00129742037848968,-1430.4106365527
596,0.0220018222694855,0.0204798105768041,0.00134815268490586,-1431.65409680901
597,0.0255945213616067,0.0143939438343394,0.0011578295666301,-1431.14976758373
598,0.0227122167861479,0.0310212140679542,0.000725462419066109,-1435.0334723669
599,0.0306410735836875,0.0177131798862663,0.00110495439852726,-1431.32225551411
600,0.0253580067861033,0.0150777346803982,0.00112780884490067,-1431.18712749765
601,0.0253177168757195,0.0189207869149637,0.00138347512360381,-1431.23150600509
602,0.0239839879452257,0.0197786466150903,0.00123593414104029,-1431.26257275821
603,0.0306005852330948,0.0225466935107377,0.000649675377832624,-1432.94058226617
604,0.0310892947488836,0.0222793922180203,0.00108891728857265,-1432.10301588832
605,0.0335528775959607,0.0192688345620633,0.000825902340930036,-1431.89357107699
606,0.0339792490481265,0.0177675550190723,0.0011665791744652,-1432.12077133703
607,0.0234404603501415,0.0164695375632564,0.00171756399977502,-1430.76173571172
608,0.0206503592366701,0.0149756250835158,0.00169195293206833,-1430.22119670574
609,0.0216845352090153,0.0154400383605524,0.0018499353351525,-1430.88053583683
610,0.017715209951959,0.0152346695226053,0.0019894047046927,-1432.23419944405
611,0.0209247633000013,0.0146841449816613,0.00179423901203407,-1430.57495419665
612,0.0212167550878015,0.0152167883646038,0.00118040333564727,-1431.159840969
613,0.0229994305574689,0.0228320968198885,0.00110553833493721,-1432.06001327393
614,0.0184950907755862,0.0163987947837562,0.00167197309538946,-1430.69296929092
615,0.0251888859752693,0.0121297814262174,0.00110983505354914,-1432.57352428839
616,0.0281136360278481,0.0197619304769048,0.00099730837443033,-1431.20800911283
617,0.0272584568333474,0.0184579104595311,0.00134198981284968,-1431.33348252475
618,0.024206645743831,0.0168942780424522,0.00160375183004759,-1430.67337065333
619,0.022828549592223,0.0189817019874144,0.00124330739790446,-1431.07188000448
620,0.0295188657961115,0.0164442226417277,0.00139326647809346,-1431.51721029243
621,0.0186394739976289,0.0154949285721004,0.00167090044702276,-1430.56433249081
622,0.0217635832711908,0.0147793886640552,0.00179163303312718,-1430.55450782872
623,0.0280348136684245,0.0151947872286768,0.00179861203967232,-1432.35077572992
624,0.0219339801090856,0.0106260552333774,0.00166592551687327,-1432.49586589009
625,0.0208440194715993,0.0157179630139197,0.00142358771159357,-1430.05287013545
626,0.0264371208019077,0.0140858671618664,0.00151526503972252,-1430.53697937244
627,0.0214123710255127,0.0212722825387423,0.00108930487386069,-1432.19583677839
628,0.0335179278987448,0.0226100313607068,0.000818304183303009,-1432.33292330393
629,0.0245117226851755,0.0244469756234916,0.00112111771374569,-1432.33631759053
630,0.026355980821664,0.0245502588486597,0.00130118510272913,-1433.34844645065
631,0.0259637106593531,0.0216678963754971,0.00129325005327246,-1432.0750059811
632,0.0280525533318585,0.0134699537697417,0.00138715064888272,-1430.92427770628
633,0.0253520831395843,0.0150376153956336,0.00163471484015343,-1430.57980735783
634,0.0262049643714186,0.0145342890659844,0.00136538382541734,-1430.46503855565
635,0.0254924954859996,0.0117255448983416,0.00128930048357277,-1431.55711223616
636,0.0248984165233824,0.0146958033868943,0.00182995218038151,-1431.27715711087
637,0.0184546117161279,0.016490913152877,0.00185708712635154,-1431.38517232498
638,0.0224834099152194,0.0130686949907163,0.00185008317513204,-1431.15470023496
639,0.0287269886631241,0.015227567872365,0.0013607776772864,-1431.0648568427
640,0.03044628349002,0.0157874873287576,0.00152920009846379,-1432.15359312295
641,0.0272028574186332,0.0167125217131864,0.00147863847600876,-1431.10662017117
642,0.0164370437649213,0.0133594660289014,0.00159443329877334,-1432.65818768394
643,0.0264451536174609,0.0165470274062954,0.0008826679823768,-1432.41149949897
644,0.037354342478682,0.0191129374897778,0.000899421871168832,-1432.57384433932
645,0.0197147773144354,0.0212421086481166,0.0016370211601833,-1433.04677550152
646,0.0246764491326695,0.0185116870987787,0.00144196856131037,-1431.0640628489
647,0.0270581174115471,0.015177864185047,0.00127278821543516,-1430.75275361627
648,0.0210822605205342,0.016180542500912,0.00150615980701236,-1430.00348718159
649,0.0176740470534686,0.0174300618861613,0.00158858703312179,-1431.20029580642
650,0.0236703691744646,0.013865741825178,0.00147497049623941,-1430.0963900009
651,0.0224812911586331,0.0173349245467836,0.0017061958301567,-1430.87028827317
652,0.0197518093028998,0.0157937338429904,0.00165858712223006,-1430.26741985399
653,0.0183316807382378,0.0143927482600692,0.00177128926759438,-1431.10624090828
654,0.0234234560084866,0.0137123902422511,0.00143365753694988,-1430.16263586801
655,0.0205601817738678,0.0127163590181984,0.00148119381354276,-1430.93353362503
656,0.0227340441029799,0.0225701998857672,0.00097719539635728,-1432.1412854145
657,0.0278490666959171,0.0180246364670349,0.00139523483370642,-1431.47754427998
658,0.0323981911873646,0.0167859797547588,0.00110643422643167,-1431.60356160613
659,0.0178823054202624,0.0175211723491029,0.00179279659090542,-1431.64204135093
660,0.0170957645320043,0.0130835572440147,0.0013309448485576,-1433.18530562468
661,0.0339596757477324,0.0178643227756989,0.000523630199244314,-1435.31832772959
662,0.0416987752903993,0.0209578475912677,0.000795213340793987,-1434.46713727873
663,0.0345957326045069,0.015875093447428,0.00120154228158832,-1432.32171449234
664,0.0309124191596447,0.017847044842352,0.000967030619632003,-1431.37132552221
665,0.0242196082269116,0.0167695669639966,0.00108530486192956,-1431.30645769556
666,0.0231855745399874,0.0208393603862359,0.00106975458664262,-1431.68194342575
667,0.0224581036583816,0.0163983796373338,0.00160838372016749,-1430.21551950538
668,0.0215769568084006,0.0174387094059589,0.00136597317050448,-1430.41120198588
669,0.0231415940884699,0.0150567554060931,0.00159800485787831,-1430.04775743799
670,0.0196943556576829,0.0156556320033079,0.00170726071794648,-1430.39040088341
671,0.0220782407716732,0.0174013598560666,0.00171131773103268,-1430.86015961348
672,0.0168831310691661,0.0197236874142198,0.00124340857931885,-1433.55905177964
673,0.0326526007278939,0.0174407303457383,0.000930316443597494,-1431.61763388273
674,0.034837080071785,0.0188878753015075,0.000870469931625358,-1431.98099144783
675,0.0362923739527702,0.0242671723502695,0.000840618525161654,-1433.59905874521
676,0.031603019162023,0.0202506169389124,0.000965060592116236,-1431.48093642506
677,0.0247940817987896,0.0155562315294176,0.00135612414912143,-1430.26117163647
678,0.0301337157178088,0.0172524109103465,0.0012351684190059,-1431.41938297006
679,0.0242833223830831,0.0155802117839003,0.00157800973212469,-1430.25609434469
680,0.0200431514860751,0.0150508960471501,0.00128908541526763,-1430.75696148563
681,0.0213042558518244,0.0164766956344492,0.00174104619732244,-1430.56767208856
682,0.0203829216226941,0.0143362737701054,0.00173505054983195,-1430.45563736833
683,0.0187952644839643,0.0169293608169237,0.00160212854983873,-1430.60200790605
684,0.0218990320634788,0.015885487317683,0.00141900275557452,-1429.99778479995
685,0.0236787368930784,0.0153342876578614,0.00142855634101887,-1430.02123208193
686,0.0212882920061524,0.015417395850593,0.00153157863798092,-1429.92310571657
687,0.024834306430333,0.0136671606748196,0.00141333313621635,-1430.29873671172
688,0.0196144133981404,0.0138560700333509,0.00153122142000877,-1430.5198115955
689,0.0260173916735439,0.01619164128693,0.000853133800877807,-1432.93790098308
690,0.0386525236842441,0.0182904711125414,0.000799860703693559,-1433.01308436867
691,0.0384401088058468,0.0206800506655356,0.00103009160701857,-1433.55871607256
692,0.0326134404906168,0.0217056336313016,0.00111908371126592,-1432.40697532622
693,0.0225343572878459,0.0153145833354044,0.0010908822307767,-1431.65410868288
694,0.0271351688072387,0.0227113681656312,0.000999378697665746,-1431.55412649386
695,0.0238626919528302,0.0210937247100989,0.0013659460310464,-1431.95886656444
696,0.0194348348400157,0.0164937218284704,0.0014142506261884,-1430.41354533091
697,0.0240928699285558,0.0139201901697216,0.00163334864707086,-1430.29340049924
698,0.0233600041428368,0.0112601565757895,0.00140552689205396,-1431.69225774782
699,0.0282007392547921,0.0127265683049691,0.00137780950258493,-1431.10434931575
700,0.0242328245015516,0.0126724111726862,0.00151025118356623,-1430.50446541436
701,0.022140520309627,0.0117497142486164,0.00148332279371681,-1431.3116770335
702,0.0243083338756437,0.0148487204271269,0.00162635758336285,-1430.28903737345
703,0.0231390479360331,0.0170005540063949,0.00146630208792618,-1430.27375578156
704,0.0217645500208767,0.0134511476737093,0.0012168110679593,-1431.34764894468
705,0.0246117663644405,0.0149261385578788,0.00177902934128093,-1430.95867082121
706,0.0252425752249811,0.0179797520720293,0.00147716731730057,-1431.0306552375
707,0.0208087912379061,0.0132584253782765,0.0016904458767795,-1430.62177242574
708,0.0210431795469354,0.0161859977070601,0.0015068860086872,-1430.00647991517
709,0.020779152408705,0.0141958847235548,0.00163992616505164,-1430.1974865889
710,0.0219329530555959,0.0160344523578309,0.00167091678095684,-1430.24723441838
711,0.0235258098011006,0.0157484801969849,0.00150930510983542,-1430.04962154916
712,0.018056957096407,0.0175040517745815,0.00168156750102733,-1431.20280559498
713,0.0197463466527853,0.0142168163568469,0.00158172542942792,-1430.34031017166
714,0.0277542405966949,0.0128922991498463,0.00135687336114573,-1431.00674944327
715,0.0222429269098524,0.0128103614396622,0.00178836533093024,-1430.99088540593
716,0.0181590997957575,0.0142492170693426,0.00176690914610997,-1431.21234187814
717,0.0165178469465413,0.0181257654267439,0.00125857777928915,-1433.15266728718
718,0.0260744644619591,0.012697346946884,0.00159754715443483,-1430.78811049145
719,0.0215802841988251,0.0178452955246362,0.00159531843047831,-1430.63663008727
720,0.0215663014310688,0.0154457763593103,0.00157808882284421,-1429.95213299961
721,0.0229899040430593,0.0150581960962777,0.00149501397731213,-1429.92578484306
722,0.0261907165778932,0.0151937118088663,0.00148284578543846,-1430.49038322822
723,0.0283724745083964,0.0134457118729668,0.00158253676827755,-1431.23437847273
724,0.0283005715086489,0.0141451779095495,0.00122617728546952,-1431.15558859639
725,0.0293999055275126,0.0201867352103556,0.000891367073946917,-1431.39060545187
726,0.0267919042796028,0.019155356235497,0.00130215402359575,-1431.36574821732
727,0.0244717943915995,0.0188068459352882,0.00108655519790666,-1431.27063150866
728,0.0259753740881304,0.0219223470164311,0.00102652100956991,-1431.46379898113
729,0.027640096248683,0.0195690710629418,0.00110596383125823,-1431.19206221503
730,0.02729713709724,0.0139479184112097,0.00112210702057066,-1431.54901539666
731,0.0254339929850247,0.0165307819502216,0.00153822047160712,-1430.68290760808
732,0.0266532141979866,0.0191041000770426,0.000862508811747786,-1431.81528618367
733,0.0325960034709273,0.0222881054296161,0.000937455651969938,-1432.0188547136
734,0.0235476757246037,0.0251679777842949,0.000968371562073881,-1432.40163457825
735,0.0285503778776122,0.0254220529930504,0.0011880466877771,-1433.32520676829
736,0.0200842189940359,0.0201370468163468,0.001118939945539,-1432.39716376808
737,0.0312401417514975,0.0186448476991454,0.00104774916096891,-1431.36381580341
738,0.0277377445983202,0.0185848305073039,0.00114329605744073,-1431.12110969839
739,0.0228059690705701,0.0159690748785793,0.00161125160324413,-1430.15819631669
740,0.0202558893824504,0.0191719574688639,0.00167100677825537,-1431.58773798641
741,0.0210882948612836,0.0129994048557415,0.00157422700461725,-1430.55507941676
742,0.0220809336544988,0.0165813087981598,0.00128901257560149,-1430.41664196914
743,0.0262877056038981,0.0177442471426151,0.00114759563997514,-1430.99833573134
744,0.0245126041412163,0.0209139389389224,0.000891251315264124,-1431.90461362249
745,0.0250127999570729,0.0241248107735596,0.00095369073422921,-1431.93953621208
746,0.0287846613213939,0.020768176905314,0.00110336959882236,-1431.43751296743
747,0.0277234893643118,0.0238138675326967,0.00115437920756701,-1432.35026831713
748,0.0222720508470021,0.0178182628611589,0.00158638753837751,-1430.66373316019
749,0.0216662139292822,0.0170901898424523,0.00120764754830704,-1430.89243264497
750,0.0223218532516849,0.0169380348204356,0.00157627266201501,-1430.29731669499
751,0.0247788360023021,0.0166156718014884,0.00156804883255828,-1430.61370725713
752,0.0194266020281823,0.0163707578874105,0.00155527438665246,-1430.26797621397
753,0.0238206292678751,0.0127989434125745,0.00156115042099934,-1430.45200400311
754,0.0261711253603785,0.0123652088087534,0.00162562416603294,-1430.9637778542
755,0.0206046220677449,0.0161277008321152,0.00146285553678251,-1430.05739006499
756,0.0241343865672547,0.013947114822967,0.00173199329013084,-1430.61271150058
757,0.0248021659377452,0.0151900988495605,0.00176034943071085,-1430.96162366952
758,0.0241627990279768,0.0173602672213202,0.00129507512378397,-1430.58077934414
759,0.0230922243623664,0.0143171456222401,0.00129136894191041,-1430.42826091335
760,0.0226264503704234,0.0191864730779759,0.00173682678879355,-1432.07165894376
761,0.0223378048422862,0.0160632155537235,0.00147939527436785,-1429.98138242777
762,0.0221784698606467,0.0192829803190755,0.00126085776582566,-1431.18445284446
763,0.0303082635331199,0.0187180589432225,0.00117052512017517,-1431.46607182583
764,0.0325528802065548,0.0238843499051324,0.000755693762159266,-1432.64302167154
765,0.0300432310070659,0.0206536287360508,0.00074207759843865,-1432.09743400142
766,0.0253747947132264,0.0287115197271083,0.00102139193404416,-1433.66680859664
767,0.0293880735667317,0.0254765597679161,0.000743904232831637,-1432.7109010672
768,0.0248951535764897,0.0287697668221754,0.000903854626401213,-1433.45017540408
769,0.0204946816097062,0.0254618540127503,0.000880994319014722,-1433.65808947086
770,0.0322592973450112,0.0235517581445372,0.000966271219485737,-1432.37000634279
771,0.0300216222834859,0.0154105108214051,0.000990658901764966,-1431.78306072407
772,0.0301905467564558,0.0226451088543082,0.000870138734934319,-1431.73488951309
773,0.0347677968694766,0.0202828836669479,0.00074676682743144,-1432.4659132483
774,0.0329686360610538,0.0204940813740316,0.000814657882677686,-1431.90392688105
775,0.0412023868038208,0.0127339640021158,0.00123206324435649,-1434.52236318216
776,0.0350885452945687,0.0115924932512677,0.00111950429848503,-1433.40407795915
777,0.0316496167882531,0.0164939392410037,0.000916355786264092,-1431.76146508327
778,0.0243142145491158,0.0250284348026835,0.000830435654908021,-1432.47426929694
779,0.0276804512622685,0.0214010368222897,0.00125765467764165,-1432.02201145757
780,0.0206006159428903,0.0180089380423133,0.0020857581774667,-1433.37040196983
781,0.0183035679395755,0.0155873111119349,0.00144382064210551,-1430.72375279145
782,0.0220551360375584,0.0158646619726218,0.00131119596110531,-1430.26676104916
783,0.0222178669044963,0.0153213103962377,0.00155313367107059,-1429.92448588006
784,0.0296241700652969,0.0157204197242579,0.00170390170443971,-1432.66618754662
785,0.0207277492708649,0.0161185960339298,0.00175518178464501,-1430.52563105296
786,0.0202476144310542,0.0165069443082071,0.00162630681259638,-1430.24859205177
787,0.0220473905750074,0.0148941343647062,0.00156546680831755,-1429.92729673785
788,0.0264720419682829,0.0131180806166675,0.00137336105313824,-1430.7088096623
789,0.0289937924998863,0.0165674001524263,0.00100616836298696,-1431.42958281566
790,0.0279471036800933,0.0173802356339098,0.00117756172195985,-1431.05096766726
791,0.0341913121526181,0.0223123129146431,0.00107021448612122,-1432.82088655474
792,0.0234651139166257,0.0202215231114791,0.00114426871491112,-1431.443361213
793,0.0254281463581059,0.01355810895459,0.00211376138403077,-1433.37661725641
794,0.0242113040704884,0.0144202440037501,0.00219538790504069,-1433.80429288804
795,0.0231161533038037,0.0153817754615097,0.000981606087791222,-1432.65147187262
796,0.0253337879508174,0.0239987401059827,0.000932903818189628,-1431.89138222503
797,0.0252833162994547,0.0223798467495967,0.000897081692348696,-1431.74161035853
798,0.0312263903545872,0.0203858417404949,0.00108480318375309,-1431.64239070971
799,0.0331953405435388,0.0155455489052459,0.00107036282008977,-1431.85542552966
800,0.0225813943719915,0.0165305518582695,0.00123190358051795,-1430.62298929275
801,0.0306249197199665,0.0184885021097594,0.000896817121298494,-1431.45959363825
802,0.0317486584075451,0.0231514662512447,0.000950411207668448,-1432.10250086312
803,0.0275788059936296,0.024092258821601,0.000646587501819676,-1433.20053098919
804,0.0284672383906245,0.0268797238030107,0.00119544212886329,-1434.0744811367
805,0.0210189785882523,0.0151077230665198,0.0019289705913648,-1431.2700982715
806,0.0159517464502571,0.0147739486086965,0.00139919064593445,-1432.81365835175
807,0.016336493706603,0.0158515278972452,0.00165048063543569,-1431.83433468458
808,0.0278843814973882,0.012903829347348,0.00131241117163761,-1431.11788631329
809,0.0298638246331414,0.0159618266666966,0.00139550679951175,-1431.53592359283
810,0.0215346375952292,0.0186741751385662,0.000956821408304056,-1432.73993494208
811,0.0423435704030845,0.0185580764082535,0.000944806319662927,-1434.24597382287
812,0.0289728099586223,0.0172512621901599,0.0012805681057177,-1431.27482535592
813,0.0180439878994147,0.0155260947491999,0.00120364154853117,-1432.16312068269
814,0.0223780016409429,0.0151636285230497,0.00184907975753727,-1430.90925996027
815,0.0196558728516068,0.0167385815685827,0.00139335534232206,-1430.44705416819
816,0.0248242314973536,0.0194426625965046,0.00130856616272837,-1431.23894906968
817,0.0243219092387879,0.0171554773330106,0.00148203810551498,-1430.52369005926
818,0.0245504532601435,0.0114282274298283,0.00151971724597396,-1431.22741813693
819,0.0229099303599099,0.0180714966962193,0.00152295847468354,-1430.72417346549
820,0.0208550508844575,0.0127200293280263,0.00151574597140114,-1430.80212196091
821,0.0277237300648495,0.0148616168760707,0.00168253053227711,-1431.51337793424
822,0.0231006626694139,0.0148780218101597,0.00159826517257878,-1430.03755854074
823,0.0231052253170316,0.0164555151103939,0.00139792334053937,-1430.14869374924
824,0.0274322775926585,0.0136049251475958,0.00142929834207153,-1430.7527317717
825,0.0201170040458585,0.0163814782182467,0.00113651296384852,-1431.71379845472
826,0.0195313386674435,0.0167473323842319,0.00114332653474515,-1431.87500542299
827,0.026216028786467,0.0110071004654089,0.00125760781991263,-1432.22445701629
828,0.0292612873557449,0.0202511190160772,0.00112814115021183,-1431.45377012453
829,0.0220000183687625,0.017105399673969,0.00178290433147004,-1431.04589140244
830,0.0203099740146848,0.0143989345711852,0.00135583197773031,-1430.51993089625
831,0.0231646734490714,0.014978170833407,0.00142880011302947,-1429.97177491074
832,0.0234945563074111,0.0165862242527468,0.00147417467902909,-1430.20221824429
833,0.0203449542784801,0.0149724350726902,0.00198962146870766,-1431.66163315217
834,0.0215586853484645,0.0160570294981335,0.00129063926933308,-1430.39949772286
835,0.0212749707487987,0.0152914191113902,0.00148048362449389,-1429.93177306335
836,0.0250636803875321,0.0151238948280109,0.00121163022560878,-1430.72429058742
837,0.0201468131741274,0.0164857922197462,0.00150294922045121,-1430.14787921544
838,0.0215674179906128,0.0144652860455437,0.00139166884965651,-1430.14032125124
839,0.0210007629791609,0.014273107500769,0.0014435386416396,-1430.14613817452
840,0.0209354868747799,0.0141422679495056,0.00160205257467401,-1430.13600993418
841,0.0222831173367605,0.0139518306982823,0.00157956387420126,-1430.06570599716
842,0.0199559257692739,0.0153497957669839,0.00143651494395963,-1430.18909941194
843,0.0246483552590556,0.0141867491651273,0.00128654619514888,-1430.50638993874
844,0.0209913138942638,0.0148532575443055,0.00151125305159208,-1429.96794928155
845,0.0198683982565162,0.0211766741297218,0.00111986686306963,-1432.73379750097
846,0.0243570784140535,0.0126231439974402,0.00185289158684928,-1431.46257990714
847,0.0189927194612956,0.0168040028267783,0.00193855929659461,-1431.79610495711
848,0.0213115476817748,0.0164508476085738,0.00171582468830063,-1430.46372386438
849,0.0216177153735578,0.0226728194555045,0.00102082999467731,-1432.45418357624
850,0.0270779406222206,0.0163723990834448,0.00155042073946095,-1431.16867847608
851,0.0177384364694747,0.0156732138807267,0.00151535026373689,-1430.88640933888
852,0.028312579827818,0.0122498347032891,0.0013095329095586,-1431.40480778426
853,0.0269158924287109,0.0159002889693338,0.00150603712108056,-1430.86363129923
854,0.0184049495810127,0.0183375011495108,0.00145974167266652,-1431.26862430298
855,0.0249568058614844,0.0159179369506685,0.00146473878306533,-1430.29736611802
856,0.024868390691918,0.0147103817723062,0.00172525945090098,-1430.75088186471
857,0.0196234256265587,0.0147208052930258,0.00209918119794891,-1432.4961715396
858,0.0197287461475837,0.0153796532105971,0.00126353634536235,-1430.95078648719
859,0.0227079483539505,0.0128659939487238,0.00156272687167185,-1430.4313723963
860,0.0239718240295011,0.0130065473891148,0.00164584036431461,-1430.51347703791
861,0.0271591455637921,0.0172871964988843,0.00098383659137053,-1431.46653501591
862,0.029142217954959,0.0208512203792189,0.000654152957092135,-1432.96321591388
863,0.0313304381491979,0.0211528012878023,0.00110099944264684,-1431.88450043973
864,0.0235484096167197,0.0136155022598331,0.00138487899501144,-1430.28860723688
865,0.0210511122027862,0.0165171840795698,0.00152114696176269,-1430.07208831517
866,0.0279071129530905,0.0154162598736047,0.000932554441597431,-1432.22532959037
867,0.0238254421163354,0.0261556235885177,0.000972463920136412,-1432.63330388924
868,0.0265459913351844,0.0194781979333305,0.00113430803367182,-1431.17368241372
869,0.0228757911641655,0.0180880151537642,0.000937713265759067,-1432.48742566225
870,0.0463342534893464,0.0115525112315708,0.00108247938786707,-1435.82655735759
871,0.0447846490153616,0.0150913959668412,0.000881637001639037,-1434.57385265665
872,0.0262983592713424,0.0231658507245987,0.00093089337337692,-1431.66211566921
873,0.028346786109288,0.0211288223711534,0.000836152126348342,-1431.60946191308
874,0.0287711074106221,0.0225571890765959,0.00107813304653927,-1431.77545002299
875,0.0241562988474794,0.0223854360468378,0.00104277200435824,-1431.73137927232
876,0.0285361394613712,0.020017146470786,0.00130481848124449,-1431.9288969832
877,0.0327211127652518,0.0218726009082701,0.000835640398645962,-1431.99202006817
878,0.0334324248566489,0.016327018405865,0.00150737650065185,-1433.3886449081
879,0.0322282701393553,0.0167371801035199,0.000850203423394969,-1431.99318455457
880,0.0296509436201035,0.0204834466211106,0.000734556842676511,-1432.17308766154
881,0.0300314219977205,0.0193501088542177,0.000949449430205541,-1431.28726343927
882,0.0278402047786127,0.0238749201585428,0.000820029757664959,-1431.96928901604
883,0.0292384485495056,0.0235912044377422,0.000787470280873997,-1432.06812562199
884,0.0266889720037825,0.0231141919082423,0.000995898876574827,-1431.63506638001
885,0.0248374624580443,0.0141289742303396,0.00215054231964801,-1433.55146135152
886,0.0250162557810406,0.0117596705121732,0.00183506151801026,-1431.79348461071
887,0.027349237313061,0.00803005387862669,0.00149371506966035,-1434.71181669988
888,0.0333314357520406,0.019237671945528,0.000744528208097186,-1432.27497846507
889,0.0294437324244389,0.0199585674995612,0.000782183807794214,-1431.87932571312
890,0.0352309238827414,0.0210009349494319,0.000895481483688316,-1432.30939931266
891,0.0331453351265197,0.0230704804254541,0.000915676919409075,-1432.33762775295
892,0.0236421182799996,0.0230582993204577,0.000930553443289375,-1432.04145611
893,0.0247047145628981,0.0222525274750881,0.00106333506959103,-1431.6434518036
894,0.0245249413824576,0.025768391844856,0.000834184236635437,-1432.57877225725
895,0.0310226039582903,0.0194500930866855,0.00147384330950862,-1433.36286864491
896,0.0245105868744704,0.00938745554439148,0.00141220444559147,-1433.60608363388
897,0.0360467780685143,0.0142127121457721,0.00129016428379266,-1433.07616946187
898,0.0198289470170249,0.0172917938826753,0.00172608687011915,-1430.81559468268
899,0.025167039677642,0.0174910308458435,0.00145149649779469,-1430.77305544844
900,0.0197134518156634,0.0208836259662698,0.00138930064469364,-1432.28535020876
901,0.022852128658528,0.0201260201380181,0.00126564638733663,-1431.41733508756
902,0.0232251137666129,0.0137557063136159,0.00186169562983723,-1431.10347184171
903,0.0205935056774835,0.0160486708576912,0.00179744859946124,-1430.69428188559
904,0.0189233020034377,0.0122072338714851,0.00195653658138753,-1432.78476909367
905,0.0295714916672782,0.0136421049934467,0.0013522619953994,-1431.29080180038
906,0.0288973883530736,0.0167214012056187,0.00117752725279809,-1431.13714784945
907,0.0211203403628343,0.0163871909840074,0.000972088036691765,-1433.11619891423
908,0.0217069374650629,0.0263115163042484,0.000908277144065122,-1433.22094664613
909,0.0218494282673957,0.019814481755493,0.000959221226995713,-1432.48996906774
910,0.0332701704391889,0.0159139954871802,0.00143092795106192,-1432.81229436868
911,0.0235108925473788,0.0151567271227787,0.00148416322171565,-1429.9755590064
912,0.02547960633779,0.0152134348931296,0.00177319041514002,-1431.23504429932
913,0.0221542367965904,0.0152668209028319,0.00175216192090694,-1430.43341528986
914,0.0197458022805646,0.0162629839767014,0.00140187545527724,-1430.33315346069
915,0.0220637824410553,0.0162600241571596,0.0014021707367094,-1430.07026960148
916,0.021478403898806,0.014107365890958,0.00153442909364893,-1430.04426003504
917,0.0235185585762089,0.0136158723592262,0.00164662520505094,-1430.30980214618
918,0.0217598308274004,0.0120058448314928,0.00128913790780424,-1431.9042916834
919,0.0274363098573392,0.0251184914275426,0.00053384677291454,-1434.90285717793
920,0.0306280323967325,0.0267642655834677,0.00108189205631943,-1433.79495357834
921,0.0235474482929088,0.0168742805875609,0.00174016620251912,-1431.04083089149
922,0.0192379700027477,0.0144814149637711,0.00173279678317392,-1430.65950772827
923,0.0235694604440051,0.0121297989671575,0.00145985971447452,-1430.84790484893
924,0.030193446324833,0.0139438482453805,0.00160408337831869,-1431.981993837
925,0.0153603908972698,0.0146520065012612,0.00170349394245154,-1433.0549116212
926,0.0208444984588422,0.0156902275378108,0.0012210362842594,-1430.89357412583
927,0.025702835233592,0.0143497460034201,0.00130555222577821,-1430.5200853531
928,0.0289556541508441,0.0123635672229567,0.00191523494932042,-1433.08836461818
929,0.0225138221151997,0.016915932805553,0.00207183782047764,-1433.0139737302
930,0.0186966597590025,0.0140359836835143,0.00147898999202936,-1430.86952064632
931,0.0195054718548793,0.0159086831090843,0.00131598044971496,-1430.69619379166
932,0.0220301098807001,0.0169131627963156,0.00119366469681978,-1430.9023777347
933,0.0185264087485616,0.017096601393674,0.00187565705762686,-1431.64626200095
934,0.0192948339856893,0.0150247282365722,0.00136423312691715,-1430.64440152687
935,0.0246555982781454,0.0112390593982287,0.00137519347112491,-1431.62498073881
936,0.0238778525988906,0.0120253733184831,0.00144389184856764,-1430.92277649381
937,0.0286672051113433,0.0162006669925004,0.000938841651588888,-1431.82133183559
938,0.0254985408013545,0.0292568991025388,0.000861561045143032,-1433.64582377122
939,0.0263633734237727,0.0184626407746514,0.00135143261318954,-1431.18633895179
940,0.0242946131163545,0.0175672573453611,0.00145449131758235,-1430.63189968058
941,0.0219466631199967,0.0135398069043433,0.00149025390782572,-1430.19978470463
942,0.0219255308535262,0.0175811705441469,0.00145308966686244,-1430.37505952024
943,0.0233742416785411,0.0145719893888359,0.00178391331940417,-1430.68671711805
944,0.0198324132651925,0.0151838172255437,0.00158228502500796,-1430.13807659112
945,0.0230291845939491,0.0140187774968686,0.00156198010657035,-1430.0503329456
946,0.0213922278251868,0.0143204130834088,0.00140586191185802,-1430.15766609337
947,0.0241114470481631,0.0114891991020533,0.00159129676691785,-1431.2218077554
948,0.0247807672533413,0.0130954327174582,0.00113912559116555,-1431.76162065304
949,0.0193855628098315,0.0203455469107083,0.0015311572860893,-1432.15429967131
950,0.023066632724122,0.0137338952063877,0.00169376866184055,-1430.37633141598
951,0.0188454532495698,0.0140090331873161,0.0014290048605471,-1430.93782978648
952,0.0193368325769077,0.022011805971602,0.00128830557786239,-1433.02067671615
953,0.0258999762775533,0.0133109116088897,0.00187295027940196,-1431.76720231454
954,0.0251395273361978,0.0119614644034553,0.00149619345788628,-1430.89684562059
955,0.0328952374330646,0.0152586162338519,0.000926451115927549,-1432.15181861073
956,0.0350227298819065,0.0182555088457904,0.000704118082443809,-1432.8341048077
957,0.0315037040953828,0.0228364597571568,0.00118653188564835,-1432.88445051357
958,0.0201135576675717,0.0233297044302124,0.000915541151931494,-1433.56193757787
959,0.0206295313673793,0.0218518447143977,0.000936527923427391,-1433.1358427607
960,0.0336597207532265,0.0168809839178595,0.000879077409847221,-1431.93512691196
961,0.0321511509214648,0.0175864713660784,0.0011473486082957,-1431.63348772941
962,0.0369086955251293,0.0188426127767552,0.000789788333572151,-1432.63099156236
963,0.026581417744805,0.0277358861986909,0.000793359595333395,-1433.14078407923
964,0.0310882769757536,0.0232842722238359,0.000796372132315671,-1432.13403139372
965,0.0275095200986023,0.0264958808070439,0.00110899661066345,-1433.18981559897
966,0.0278500424012429,0.0107903006533271,0.00137910509336609,-1431.92280372723
967,0.0272155160769667,0.0138107724703696,0.00158111172775326,-1430.87570931225
968,0.0256423902470465,0.0141893570828515,0.00161925082955718,-1430.54858334793
969,0.0187675581442271,0.0172303561111206,0.00141359103583231,-1430.79121638352
970,0.0176969315433283,0.0133884089726016,0.00132752115463536,-1432.46100863649
971,0.0309563263549343,0.0100885674106241,0.00145366571837133,-1432.65958902723
972,0.0291000621249219,0.0135817797764953,0.00140329756223339,-1431.1716818798
973,0.0230415228168964,0.013988576818123,0.0014063282274227,-1430.13323545844
974,0.0296057759200707,0.0139417007807442,0.00149729925592854,-1431.4392975219
975,0.0175030221731187,0.0128768391983616,0.00189115916706851,-1432.71725002262
976,0.0211037905355255,0.0129489451274117,0.00197775048779976,-1431.93571337652
977,0.0237973831551886,0.0158725832859762,0.000903226356661713,-1433.19745010183
978,0.0239085390391797,0.026504880510987,0.000851129017726343,-1432.82078555994
979,0.0313780272371173,0.0181417413303186,0.000922017461676173,-1431.45794863421
980,0.0273616553034427,0.0147535136539745,0.00142344397203208,-1430.70654063844
981,0.0218444903943715,0.0159369203177537,0.0013280620218851,-1430.2241306195
982,0.0217855891032448,0.0152780702183354,0.00135589614033964,-1430.12748736866
983,0.0244037996692125,0.0137806926963262,0.00135856665973264,-1430.34373479062
984,0.031906769005792,0.0121196490332293,0.00143127931837462,-1432.17315566756
985,0.0252230402666152,0.0181096906923577,0.00111441158892265,-1431.10225907764
986,0.0293726296342521,0.0184890184323425,0.00144846945466617,-1432.2858737398
987,0.0277635800653115,0.0189201321582198,0.00111154110845918,-1431.13847184823
988,0.0260589595723409,0.011842736808255,0.00098551879959222,-1434.08012275933
989,0.0367202543851431,0.012676263931549,0.000971714818446892,-1433.51105608114
990,0.0221013857415622,0.0144799119764397,0.00215713073022849,-1432.99834767309
991,0.0177341488114303,0.0118590704540181,0.00218745639449544,-1434.86714366424
992,0.0267606594543882,0.0120572636766686,0.00198626271366921,-1432.91374775966
993,0.0246533474411137,0.0136117973278387,0.00194716239564947,-1431.89522751964
994,0.0221979838107597,0.0168326670414783,0.00157446593470113,-1430.24765866631
995,0.0219721194069298,0.0159004718132154,0.00133888112718938,-1430.17915632063
996,0.023144827465031,0.0146430809173803,0.00123042037539539,-1430.67080006876
997,0.0235165176390136,0.0174555401093396,0.00153765673849367,-1430.58231656772
998,0.0221366662991452,0.0193393942135922,0.00136208565222288,-1431.1223422043
999,0.0207131104972665,0.0135809068797226,0.00189436068510825,-1431.27193912228
1000,0.0209297669649295,0.015591097346474,0.00106247650914179,-1432.27994011637
