"i","asc1","desc1","pol1","p"
1,0.0527785712804622,0.046096167325601,0.0059629990180607,-1600.80239632873
2,0.0297258579407258,0.0417606149665506,0.00187872278412408,-1486.04218143735
3,0.0149772841900129,0.0329149954319606,0.00077277642968646,-1457.35102993439
4,0.0133897505809375,0.0309623052992766,0.000744835159493165,-1457.3806779734
5,0.0136663053516787,0.0295093364945753,0.000589999227597685,-1458.20860177491
6,0.0145303244560138,0.0328368539953745,0.00081131391357537,-1457.42632287153
7,0.0176942464461895,0.0228628262745823,0.00110205343315628,-1455.89482694234
8,0.0156647641184338,0.0213011911870587,0.00121960687447772,-1455.94730471674
9,0.0222307283828099,0.0134921435998092,0.00117433095636073,-1451.93508836929
10,0.023044842141485,0.0129182260627122,0.00138741804308019,-1451.1254862716
11,0.0250850276760383,0.0115122703111711,0.00184325101858232,-1452.32298847226
12,0.0207198216814872,0.0120633744341711,0.00192726472848089,-1451.45567669377
13,0.017414036296609,0.0120883457827075,0.00167394063121211,-1451.39655008496
14,0.0200059659630275,0.0129745830122069,0.00187601653520288,-1451.56560469259
15,0.0210993415042381,0.00810628348927359,0.00182351917842693,-1451.22340556922
16,0.018314486328009,0.0128888477002119,0.00178002929094288,-1451.32491200434
17,0.0175769804732264,0.013653207755694,0.00148155471747781,-1451.73216213363
18,0.0189117938445225,0.0131551238275364,0.00151978126854443,-1451.23874119212
19,0.0187539825982184,0.0103301493661753,0.00140298577030328,-1452.34860551816
20,0.0253103262084306,0.0104214717587266,0.00162931638078804,-1451.55133953902
21,0.0188581937064338,0.0149608431434856,0.00175935967676615,-1452.03713538552
22,0.0249371252758068,0.00645328909241355,0.00174865235055941,-1452.02136079933
23,0.0206469297580992,0.0152558251906535,0.00203377268790644,-1454.00933732373
24,0.0215652129239116,0.0131939087309364,0.0012072147433544,-1451.83837790648
25,0.0234361970912488,0.0148699035226967,0.00165085776279871,-1452.1849590276
26,0.0188140289947462,0.0150520175300811,0.00170028548381715,-1451.88998292636
27,0.0208773555775697,0.0105287028550027,0.00133178665837599,-1452.02665765839
28,0.0238976181407066,0.0122350346521829,0.0016528505600132,-1451.37980689234
29,0.0158911549227618,0.0115123089343198,0.00179878249377096,-1451.89341622713
30,0.0268187989552695,0.00468691912012188,0.00218619422433283,-1454.03295910316
31,0.0264997552410453,0.00595255003212818,0.00186722239703914,-1452.28700077914
32,0.0275809423305943,0.0076926683779548,0.00179438715348327,-1452.23938279462
33,0.0211487254758957,0.0142320819145328,0.00169715872620325,-1451.60081890027
34,0.0215236729608974,0.00858577770135117,0.00177705348337546,-1451.02563898678
35,0.022959801397696,0.0092753815463476,0.00147836021706072,-1451.56282654846
36,0.0344505880329163,0.015143596254803,0.00157271952747694,-1457.64038919095
37,0.0293634420887671,0.00517881960349782,0.00171030765132762,-1452.80575745197
38,0.0289622979375432,0.00743761845772286,0.00176626940492735,-1452.58126087201
39,0.0281756665552774,0.00640936151601956,0.00189925767654747,-1452.56321324066
40,0.0231845363521176,0.00910828953754382,0.00192605191211553,-1451.37914303369
41,0.0214337266651576,0.0108515875584294,0.00176710527593141,-1450.83037730376
42,0.0196713972140539,0.0144628913229231,0.00169314882169817,-1451.60097959028
43,0.0159317037720203,0.0141757169580559,0.00161481285864539,-1452.22060001582
44,0.0226191021309436,0.0117785519348803,0.00148089990795546,-1450.97915720658
45,0.0202155179661005,0.013271285290133,0.00167199126547857,-1451.12638963935
46,0.0207646221918034,0.0118484377537405,0.00155321592041015,-1450.85314109764
47,0.022446881931762,0.0182702475036977,0.00125428873842073,-1452.95026207604
48,0.0214960358114529,0.0204955087796312,0.00118347622308953,-1454.17574395407
49,0.0211112701543455,0.00969633482943288,0.00148110341450106,-1451.47583232864
50,0.0244738261481045,0.00651354095837596,0.00162759779275458,-1452.26053800899
51,0.0258218338281844,0.00604105126914735,0.0018921478579642,-1452.26122598421
52,0.0266195717774794,0.00632936442527255,0.00184318209705238,-1452.15641371875
53,0.0276763548870811,0.00619425130626453,0.00181542895807947,-1452.30423657173
54,0.0245731524913346,0.00452417389465056,0.00187806874688079,-1453.75202001993
55,0.025528845218758,0.00890298499694925,0.0014614539579895,-1451.91682748661
56,0.0248862037989571,0.00854632266549759,0.001265860791351,-1453.14027416693
57,0.0233687835570623,0.0175139384803538,0.00131442172453332,-1452.68674335743
58,0.021937810483781,0.013076782329142,0.00121459709879086,-1451.75604401146
59,0.0251758495104864,0.0132381409363834,0.00166408200758407,-1452.1287993594
60,0.0154636079529898,0.0110672900287947,0.00209020365387908,-1452.3436706113
61,0.0169031936870621,0.0113549185935921,0.00154902675590719,-1452.0835473203
62,0.0222289474327316,0.0130049034615095,0.00148308681770353,-1450.9881532856
63,0.0237378289744224,0.0132284327215795,0.00161221046413885,-1451.47372946131
64,0.0224191591199913,0.0111170657351799,0.00137015065449595,-1451.37613612684
65,0.0202399202191464,0.0158565155127758,0.00163099262041111,-1452.06672968351
66,0.0149713480283466,0.0137308708844913,0.00180483293498934,-1452.59624341377
67,0.0166457409072394,0.00881405973983666,0.00188905963411855,-1452.29787207238
68,0.0190134068231291,0.0100722698952431,0.00180833746052738,-1450.87455855051
69,0.0225142881889466,0.0144902075190949,0.00163145776545554,-1451.70423081749
70,0.0218372975129291,0.00631720128265008,0.00197850537169184,-1452.67390574743
71,0.0240372872976476,0.00635633589127183,0.0020600526606993,-1452.58185319225
72,0.0198895880785027,0.0149209555480599,0.00119526374087,-1452.20902881163
73,0.0254738504521969,0.0187855455903638,0.00137351951138379,-1454.19113083961
74,0.0252496328148436,0.0177130882531509,0.000998989690477323,-1453.95842757184
75,0.0146581597697852,0.0175361411510839,0.00191385899367306,-1455.04791886553
76,0.0178291759119452,0.0158777466205287,0.00173132922999572,-1452.44689158513
77,0.0211467385227788,0.0142045696322278,0.00151601457688503,-1451.20043488425
78,0.0187779463356188,0.00987675756549767,0.00173773905701947,-1451.02793278028
79,0.0207095576141788,0.0085317009286862,0.00200991344030199,-1451.28140647546
80,0.0207892059758803,0.00752878581818183,0.00173636585081879,-1451.76831584949
81,0.0196787116044459,0.0104609304436774,0.00152190821497652,-1451.2874293051
82,0.0258281081966165,0.0165571013639561,0.0011229745283605,-1453.07346737579
83,0.0196901446890968,0.020055867785221,0.00135657721897896,-1453.92087154468
84,0.0184871343284796,0.0200917919468173,0.00140465724144465,-1454.12644976409
85,0.0174634906783651,0.0203702942879574,0.00172359202212988,-1455.72614089201
86,0.0202629635283434,0.0217023066511547,0.00144776779583599,-1455.4549785779
87,0.0173377234112946,0.0085136129507033,0.00185146928045262,-1452.1604626165
88,0.0174629644487203,0.00718834314063645,0.002128500049506,-1453.77821716987
89,0.0260604788809233,0.0101531942234765,0.00118772983902687,-1452.72392822594
90,0.0242372576726517,0.0171545649528756,0.00146430667146343,-1452.98100843087
91,0.0177185841238541,0.0154059264220085,0.00146773700490983,-1451.94319389797
92,0.0194455564714917,0.00919067821770642,0.00145757392994754,-1452.33751710541
93,0.0205479869069248,0.0131755127282368,0.00177081717816881,-1451.33894052881
94,0.0213484973269842,0.0075159948808204,0.00167934774968326,-1451.82032239983
95,0.023134898133632,0.0111261729709018,0.00164899562582693,-1451.02764026993
96,0.0205092514714554,0.0104619479963911,0.00175778851351691,-1450.73835033677
97,0.021705856848471,0.0102108773872409,0.00166558187562871,-1450.81749725458
98,0.0189903876931182,0.00849943315618802,0.00171954151359984,-1451.63182917672
99,0.0278054383836412,0.0123173405929413,0.00159795196972757,-1452.66006196385
100,0.0223293623640393,0.0140905479951535,0.00126086492641453,-1451.50599663324
101,0.0190941279239678,0.0142078025695654,0.00170135564038154,-1451.53608312294
102,0.0210326298731787,0.00914742413655448,0.00217316583586216,-1451.85231376054
103,0.019662824330352,0.0116169428174842,0.00228423736780685,-1452.96567215046
104,0.0211219783019294,0.0112652927753393,0.00121617114384694,-1452.46088277754
105,0.0208059056399116,0.0109019773068716,0.00147944372250371,-1451.13734013726
106,0.0230498912306101,0.0102322045875879,0.00151350584698048,-1451.16522871196
107,0.0242658771848125,0.0105711594429032,0.00148471434100338,-1451.31407516371
108,0.0240248225371794,0.00633229280737781,0.0015468557262774,-1452.80402580875
109,0.0230716440794558,0.0123349324051757,0.00154960555403496,-1451.0362236054
110,0.0172556174275267,0.0145580383767037,0.00160155287673194,-1451.81923371384
111,0.0237696244385211,0.0132465666219187,0.00136541339291733,-1451.25868935663
112,0.0239291725061003,0.013180994144158,0.00134864676850244,-1451.29854177376
113,0.0260129793844745,0.0101608009941465,0.00181893755227528,-1452.22862390015
114,0.0211252877898375,0.0115988568010459,0.00165255266706544,-1450.79813155912
115,0.0203447179962946,0.0116157393487571,0.00166844195830057,-1450.78818131558
116,0.0198781429215518,0.0101318947785014,0.00181183699538265,-1450.77348438334
117,0.0257987613879049,0.00948771470965848,0.00170655120401749,-1451.7472846949
118,0.026209818381385,0.013433057706235,0.0012890142861029,-1451.87689389304
119,0.0234696173261512,0.00762148377179582,0.00214888610363139,-1452.44816914364
120,0.0275593841519567,0.00753322690987906,0.00141826238025112,-1452.62347586519
121,0.0320884304406481,0.00768463182181492,0.00185579322856052,-1454.22453043322
122,0.0297333139121427,0.0082032919079048,0.00183619300489213,-1453.26104280508
123,0.0252795271734711,0.00583889157791077,0.00140993417671315,-1453.80490948979
124,0.0262861346655794,0.00646118213747292,0.00208233748450181,-1452.81739432422
125,0.0294617839499879,0.00507605316390514,0.00192741423581471,-1453.09504452721
126,0.0267218577706136,0.00892435499791287,0.00132907862314,-1452.49189611711
127,0.0187417240258234,0.0179244076198269,0.00140535699865939,-1452.73028285323
128,0.0195492994517816,0.0117175437239273,0.00144616920782587,-1451.33312769754
129,0.0226543920901168,0.0131323308517686,0.00145517583335228,-1451.04684834421
130,0.0215264419329429,0.0116687421775445,0.00180607908873065,-1451.0749183746
131,0.0218342860122261,0.0116760801937579,0.00211306432834538,-1452.51107949096
132,0.0204007177660202,0.00776547775610707,0.0022959116891574,-1452.86768756087
133,0.0210951758801009,0.00755695309851587,0.00206323592865261,-1451.91120148469
134,0.0186191925045572,0.0124347296340457,0.00196519578378069,-1451.60637852367
135,0.0154291593345169,0.0124146598937441,0.0017916299264615,-1452.14877457214
136,0.0142258411319514,0.0142718980808621,0.00198738930955499,-1453.50526551935
137,0.016362349878041,0.0133431461080787,0.00159092560766689,-1451.99026707029
138,0.0176941886784499,0.0181214819215916,0.00149930770703858,-1453.08302357206
139,0.0195987689597952,0.00946801229692516,0.00221235564940366,-1451.92450146294
140,0.0171449009915167,0.0110519080763029,0.00145422543961079,-1452.57595161246
141,0.0271917477617325,0.0135654918930291,0.00103548420272871,-1453.22127779401
142,0.0251693082931038,0.0137739399490944,0.000826068033791254,-1455.57246310751
143,0.0196085912456788,0.0128144768098435,0.00101105086334619,-1454.57619711949
144,0.0315001316825911,0.0131893212695276,0.00116844799702954,-1453.85930730019
145,0.0314413218536699,0.0130551024850977,0.0010592097411767,-1454.19863422714
146,0.0317563718749021,0.0129092986078369,0.0013418886684297,-1453.84562647768
147,0.0269679523421263,0.0120686747606745,0.00138526749584931,-1451.88402241549
148,0.0310756649024797,0.00665604421960255,0.00160011480695009,-1453.04589197178
149,0.0305184845012392,0.00556686550072348,0.00160511080755012,-1453.03675505357
150,0.0243545870185842,0.0174611524204678,0.000940169745916227,-1454.2049747189
151,0.0200137043103355,0.0214005076994376,0.00131087871399237,-1454.8041541304
152,0.027336047085362,0.0172990693151219,0.00118542139265681,-1453.73611583103
153,0.0287595561841144,0.00750616158967772,0.00208324258924689,-1453.78292994294
154,0.0224686851581605,0.00821451791903404,0.00184350060144201,-1451.21817364206
155,0.0210136562649701,0.0125282235886336,0.0014409123156319,-1451.01363271908
156,0.0219543343542372,0.0106186588724878,0.00191494345811024,-1451.20660807363
157,0.0229156907507913,0.00874121881228398,0.0018686957415246,-1451.20368349827
158,0.0275622636039737,0.0072773224049352,0.00187363596933569,-1452.37203624391
159,0.02250290224757,0.0100317821356209,0.00180505710744906,-1450.98735765702
160,0.0185621474275307,0.0113484345960871,0.00214292405712327,-1451.88823059001
161,0.0193536045138943,0.00960009303095718,0.00223001044851682,-1452.014243365
162,0.0201164450533396,0.00899768666146465,0.00195647702887266,-1451.0506036498
163,0.0193641772510992,0.0107744151134158,0.00197710500884285,-1451.09434518335
164,0.0173216449785744,0.00834295577388374,0.00220120571526736,-1452.79889145775
165,0.024457914836336,0.00768718990437873,0.0017290328935997,-1451.56798146346
166,0.0249255725614265,0.0107843771747019,0.00202724643402889,-1452.94082885377
167,0.0204379735679772,0.0122186773442071,0.0017604120274998,-1450.98602216522
168,0.0213802022393035,0.00797224260752127,0.00195469631423166,-1451.39665319546
169,0.0239715499700507,0.00472603977702328,0.00193788187435053,-1453.77950901831
170,0.0249041463837039,0.0070167873801637,0.00180288025107391,-1451.79508586989
171,0.0225361378705461,0.0079328420293642,0.00179382932467261,-1451.31087824824
172,0.0219299811666204,0.0115059186147883,0.0014563584105914,-1451.02468900996
173,0.0185482607853641,0.0121402363980591,0.00157832215050343,-1451.19377536488
174,0.0203031244587151,0.0124733212328554,0.00204460073874929,-1452.11578210852
175,0.0221196739264063,0.00547020932892717,0.00206787980259062,-1453.84916262632
176,0.0276133406871373,0.0052853348285947,0.00165692421450411,-1452.68762827542
177,0.0325506133212151,0.0074406130271244,0.00132779539646288,-1453.71316020923
178,0.0232424411204225,0.0178057686842491,0.0013675020135502,-1452.87868190851
179,0.0226031215395825,0.0135658989522614,0.00196492200065946,-1452.952417474
180,0.0178794110033484,0.00853630056952431,0.00207946081676321,-1452.02553740565
181,0.0211608258947786,0.0054513298004867,0.002099425491412,-1454.42699420288
182,0.02856365482675,0.00554403087623882,0.00177145068770108,-1452.55538408877
183,0.0305563102252617,0.00593535054177254,0.00170959899100076,-1452.92466895226
184,0.0259809576497481,0.00607996222167484,0.0016608081027616,-1452.27957916164
185,0.0253112733216721,0.0122592553543956,0.00150311844640478,-1451.49710576163
186,0.0173144137502229,0.0142237258314719,0.00146387035595485,-1451.90108433573
187,0.0173246515909264,0.0181120153762712,0.00167294357334728,-1453.60576188446
188,0.0176244863145785,0.0195412388823896,0.00141150071921469,-1453.91861287685
189,0.0197711807243713,0.0207129626647701,0.00109594407180049,-1454.53663797795
190,0.0260278144284616,0.0159383648937807,0.00144998875415851,-1452.84287494025
191,0.0211754495810387,0.00932456256708577,0.00182614406096589,-1450.83607720953
192,0.0209247621365684,0.0101148772264603,0.00185791294010022,-1450.82798003444
193,0.0210512459169934,0.0114412588418346,0.00140417380933549,-1451.26302817763
194,0.0216179451699493,0.0118124610182006,0.0016724999343784,-1450.87581130281
195,0.0193372713600049,0.0101531625537429,0.00193478858441708,-1450.9395983175
196,0.0206701568443086,0.00956527885617502,0.00179636650089065,-1450.7876158597
197,0.0180381970156674,0.012039329460254,0.00198379336086458,-1451.5488652747
198,0.0219082668754962,0.00703154756237676,0.00197837004435139,-1452.00881081215
199,0.0249911429462608,0.00738596128698231,0.00208608373789706,-1452.50194660323
200,0.0205536680615859,0.0127488941777523,0.00223045514626086,-1453.53928235612
201,0.0137959718750211,0.0097829512882413,0.00179267369785543,-1454.35505250475
202,0.0256625558833094,0.00841795044197871,0.00206432982108461,-1452.6937379203
203,0.0269166452146872,0.0054200010883112,0.00185732823158985,-1452.51633600465
204,0.0277678225692766,0.00638380741152936,0.00171566080870012,-1452.23682103607
205,0.0316829389796065,0.00378189295136393,0.00162003395927874,-1454.18918802447
206,0.0275669698463218,0.0128706679750243,0.00180542375660519,-1453.86640207534
207,0.0195986545125384,0.0117146285273345,0.00159326714443293,-1450.91803133616
208,0.0235235560874755,0.0124473564389838,0.00156320284494266,-1451.15004731588
209,0.0217183160022452,0.0087069265404,0.00175743443330817,-1451.00383177078
210,0.0224323608732188,0.015636676444321,0.00110742857193176,-1452.49903590163
211,0.0225816002618507,0.015491224360989,0.00169472403434172,-1452.50233893374
212,0.018104112435061,0.013888052942982,0.0014911994892901,-1451.55009869018
213,0.0199387913673619,0.0125392423247137,0.00144104228231192,-1451.16898503352
214,0.0243279612373529,0.0155440918525831,0.00143259778193476,-1452.05030286444
215,0.0298349235854942,0.00461319267184863,0.00139218225405131,-1454.41845433145
216,0.0277326223131006,0.00477537874637861,0.00137961036904062,-1454.53806339296
217,0.0344655847539163,0.011112772514604,0.0013359090372123,-1454.47484887482
218,0.0273345518163607,0.0145936024458641,0.00129191052701431,-1452.50790619571
219,0.0291740892068918,0.0108574150638787,0.00190728783930293,-1454.47776877085
220,0.024967765845169,0.00729952473468038,0.00179999019119897,-1451.72471857218
221,0.0252994233042757,0.0125025738915671,0.0018338958920516,-1452.74626437855
222,0.0250218945598389,0.0101336434226447,0.00193692466717307,-1452.27507040823
223,0.0205890460761656,0.00887146931378742,0.00171972819401003,-1451.02888067083
224,0.0175329421062648,0.00986033546398165,0.00235721056257426,-1452.86391513391
225,0.0162419594742536,0.0129808664626147,0.00249799043980679,-1455.09567352014
226,0.0211511485383092,0.00675179513254205,0.00208492633755804,-1452.64047551228
227,0.0196953207214774,0.00715608900519199,0.00173610171171994,-1452.50311496984
228,0.0225045870502915,0.00766696215820112,0.00197058107308037,-1451.6215315634
229,0.0226763691294908,0.0121392871830098,0.00168504474048195,-1451.12973619317
230,0.0163633270236634,0.0119750816123131,0.00179308447876199,-1451.67910709206
231,0.0241613894651605,0.0112058191760874,0.00197765349614891,-1452.46670771406
232,0.0174260470578331,0.0121221531341749,0.00186351637783685,-1451.40348813064
233,0.0184918880056241,0.011205637074595,0.00209691420648006,-1451.63407265457
234,0.0213302151572134,0.00847834258756487,0.00160670531142122,-1451.44147601186
235,0.0272870003187341,0.00498086839713973,0.00174059963878562,-1452.7547057438
236,0.0274053263244797,0.0107221011974843,0.00144519949363629,-1451.99498819243
237,0.0190709146749107,0.0116240893871517,0.00147555213273122,-1451.37531587967
238,0.0286261932443241,0.0104313555345949,0.00168970405770318,-1452.88718390127
239,0.024589851019077,0.0107484760943641,0.00145694402483917,-1451.3782417206
240,0.0259337248748047,0.0123621119449549,0.00156664702508917,-1451.83458233347
241,0.0201535101758894,0.0117670364765384,0.00114315155047604,-1453.22256739189
242,0.0253687734769783,0.0186429722700202,0.00123978385608962,-1453.81280660471
243,0.0153401751025473,0.0135460730802237,0.001498807040752,-1452.81480620831
244,0.0171287937838477,0.0140273909187446,0.00182621174345649,-1451.99359669991
245,0.0194879034226188,0.00862978195080424,0.00209550603970305,-1451.58225101493
246,0.01582524450715,0.0137886717935979,0.00142351790230589,-1452.79592018288
247,0.0275398393450626,0.0132271930287271,0.00136534719092571,-1452.22006579408
248,0.0169620941118192,0.00998531502184223,0.00160184334849802,-1452.26844407166
249,0.0224062493187326,0.0121393741439302,0.00125454611074043,-1451.65046809699
250,0.0214071427683296,0.0105480910498103,0.00162614288875231,-1450.81878329131
251,0.0208466133584684,0.0125253882424024,0.00194491816937554,-1451.75963157163
252,0.0241582512728753,0.0101883095534126,0.00221874787130955,-1453.52930452674
253,0.0142027534023508,0.0106291729212328,0.0022879363619831,-1453.76406996235
254,0.0152135829023877,0.0117016379272517,0.00169231757158568,-1452.48709583821
255,0.0160095262171433,0.0124161297105903,0.00157535988518236,-1452.25814187697
256,0.0211412949321875,0.0141120915731082,0.00144644919467945,-1451.16569386847
257,0.0191757298198612,0.0114586691342862,0.00168543516309322,-1450.87665250474
258,0.0205515165145635,0.00926051438905014,0.0015735493333238,-1451.31760457184
259,0.0226352308696054,0.00815026400114246,0.00223908559984954,-1452.67402168168
260,0.0174728946183727,0.00785268310916381,0.0019630687128702,-1452.68321126612
261,0.0197417316669284,0.00910071831907831,0.00214971737577308,-1451.6525576156
262,0.020370286585865,0.00918824890613773,0.00239934548340233,-1453.17201923943
263,0.0154995353303239,0.0106566256323059,0.00252566823290854,-1454.54468582185
264,0.018349268855466,0.00860213982155427,0.00172196059480037,-1451.83844888502
265,0.0188345584817562,0.0107610647502809,0.00168893125249155,-1450.9461759827
266,0.0252989041615609,0.0108833384366199,0.00137147570539348,-1451.62334766409
267,0.0258619311794613,0.0102258767777547,0.00141354738079755,-1451.75634915168
268,0.0245060366726996,0.00989828173785528,0.00150370165507431,-1451.44483053483
269,0.0190781546004696,0.0182896811638431,0.00117189715779508,-1453.28248010104
270,0.0185542228664152,0.0140695666681395,0.00171928882665093,-1451.56460587341
271,0.0187905700453763,0.00919402779244517,0.00244708955993968,-1453.44053464025
272,0.0129099195232296,0.00880209728297011,0.00236723437123645,-1456.8569918635
273,0.0275289406216759,0.00548257354870062,0.00234104403047287,-1454.77372339902
274,0.0250401545248749,0.00929279461597103,0.00224127310025436,-1453.77719307746
275,0.0236381474730382,0.011775465262692,0.00100829184025641,-1453.76241120878
276,0.0258757998450016,0.0152838334055958,0.00156685275115529,-1452.87726071768
277,0.0127478609328477,0.0132508708944419,0.00221302600735748,-1454.87081962009
278,0.0157901101215995,0.00976256768965308,0.00163888020724474,-1453.10847257467
279,0.0170368612742621,0.0140210811684481,0.00149367142998437,-1451.92808821045
280,0.0155592426906909,0.0186239112354214,0.00158118247839213,-1454.23588142883
281,0.0215892350608354,0.0110000009707273,0.00157969592220672,-1450.84916149903
282,0.0215027263614919,0.0115429245249946,0.00170640136886771,-1450.86069307227
283,0.0192261745768801,0.0110358012547798,0.00196102135815995,-1451.10093809559
284,0.0196288908287851,0.00845367359446931,0.00159400444643998,-1451.91043826305
285,0.0209122058704977,0.0136622382382873,0.00182876708407834,-1451.81427592588
286,0.0208787807068453,0.0127491299426473,0.00158368628340601,-1450.91032236448
287,0.0177002712426838,0.00990118121989646,0.00158104790719519,-1451.96560140365
288,0.0266323373780018,0.0210808547416659,0.00143507980561716,-1456.75357247275
289,0.0283035894420671,0.0121780381033805,0.0014838379779681,-1452.46565668739
290,0.0231851215139938,0.018272241332569,0.00126900111791346,-1453.05864579939
291,0.0242281635372397,0.0177536756724946,0.00125943387200083,-1452.99554220894
292,0.0183607836777562,0.0142475845237844,0.00171760252786526,-1451.64432620758
293,0.0189071185384482,0.00793367403139117,0.00215113356022939,-1452.28299928977
294,0.01990809168807,0.0141890502845242,0.00227825979180356,-1454.87383188013
295,0.0156817179651237,0.0123370517610417,0.00215316716273736,-1452.69161810359
296,0.0191655218773759,0.00822373832257771,0.0018946911852485,-1451.50597377858
297,0.0202688237669882,0.00689463970876751,0.0018990672324998,-1452.38093955495
298,0.0228653465684508,0.0116595709278852,0.00160395177448677,-1450.978880252
299,0.0170080159093025,0.0143667108767339,0.00135525366780359,-1452.41477997933
300,0.017448754368931,0.012361025640428,0.00167604794190975,-1451.39446494591
301,0.0171968590734718,0.016213668968829,0.00142187885930307,-1452.35369207081
302,0.0199449888647625,0.0111421361653112,0.0017038003885192,-1450.7681991106
303,0.0209174809407157,0.0110517940061045,0.0014052306291652,-1451.38495781803
304,0.0211228789873113,0.0132353519309603,0.0015527513803597,-1450.98699829803
305,0.020833128447606,0.010058035422734,0.00178252223836113,-1450.75212884007
306,0.0185769847866512,0.00954734428921996,0.00190362614682249,-1451.08262204121
307,0.0189144315713443,0.00837074670598468,0.00205148979728881,-1451.69697534193
308,0.02034986976093,0.0108352449278,0.00165190685788475,-1450.78480125209
309,0.0198293090690747,0.0104055646017778,0.00156027971483794,-1451.123653434
310,0.0234091121996175,0.0101140824899699,0.00190187607056835,-1451.49235026087
311,0.0261177042398722,0.0109338162858099,0.00107103405811033,-1453.29367028763
312,0.0324234037667254,0.00938341319914327,0.0010720421529878,-1454.3702050405
313,0.0356940238633439,0.0140320615531339,0.000957901727453622,-1456.62961637645
314,0.0239376152285134,0.0142743665656003,0.00122109577061697,-1451.74836967914
315,0.0173893133369563,0.0149208604196374,0.00173409377766163,-1452.07779029259
316,0.0169453811250678,0.0115218995649265,0.00186829368146344,-1451.4447971559
317,0.0167337632846894,0.0105510304749885,0.0018847077308453,-1451.53791967642
318,0.0218402879569843,0.0100354630456336,0.00187595138634064,-1450.97891506423
319,0.0178147236606221,0.0107791252205335,0.00183743008407273,-1451.10725468248
320,0.0185709255744709,0.00996819811289339,0.00146138750344955,-1452.21130172425
321,0.0258303842270054,0.0130463852178846,0.00145795261111299,-1451.70770517553
322,0.0243020497644326,0.0137082171005155,0.00127114308863149,-1451.56196065691
323,0.0269829759154475,0.00999320771321231,0.00155509771239913,-1451.94659850556
324,0.0231868199898867,0.0116857440514103,0.00162070014634005,-1451.0575423163
325,0.0180911785874522,0.0112275358667443,0.00160416391222806,-1451.3294437978
326,0.0261327931679325,0.0132202623821587,0.00124188897674705,-1451.93217425005
327,0.0248344645276021,0.0154466619218492,0.00129955386858934,-1452.05074887533
328,0.0237507392107977,0.0152170218286779,0.00129096207219079,-1451.76820350087
329,0.0244373682012812,0.0121173197695494,0.00119486876057194,-1451.9542119352
330,0.0203384587880262,0.0197039748901941,0.00152068685693586,-1454.1351503155
331,0.0192029834819634,0.0158108795833299,0.00124988252141355,-1452.2028246598
332,0.0163802049628834,0.0142574060611246,0.00180737752824074,-1452.21219052169
333,0.015630492861727,0.0161719870862517,0.00146306391797237,-1452.90252759324
334,0.0239274540112304,0.0167148213405736,0.00149267289329296,-1452.71710174622
335,0.0196840708503659,0.019520087694123,0.00105060820779273,-1454.24041136869
336,0.0242175327536688,0.0108015878469475,0.00217961903762099,-1453.5754814491
337,0.0229127567203521,0.0144239458732765,0.00126121094328228,-1451.55862183939
338,0.0259664508033117,0.0140375253911355,0.00146457034926273,-1452.02526452153
339,0.0241896240496581,0.0140298575189009,0.00123263232015116,-1451.70259985907
340,0.0206647958160873,0.0146766960679304,0.00151928529235577,-1451.34369747822
341,0.0201985484865524,0.0121050174411137,0.00183364570124583,-1451.10175370847
342,0.0189109405210504,0.00823436846157834,0.00153680732703112,-1452.76607654984
343,0.0274839186094265,0.0100546462862293,0.00134146629659393,-1452.19880450386
344,0.0236710220952082,0.0139825587788603,0.00141542802826397,-1451.33995802558
345,0.0228270546077547,0.0143341823640259,0.00142760625370778,-1451.30605290686
346,0.0177608910540746,0.017704749449417,0.00104611200150567,-1454.39771956622
347,0.0179990115314651,0.0188371512130767,0.000963462912687784,-1455.27274872984
348,0.0204512423044727,0.0149514190002976,0.00220022106629632,-1455.04371158725
349,0.0155460877716278,0.0111984333483901,0.0014362665454692,-1453.81608637109
350,0.039936830292057,0.00205503492036353,0.00202323465103726,-1460.01986812591
351,0.0295769701938114,0.0136525960697881,0.0016447283653057,-1454.27375320804
352,0.0251847262902858,0.00957139329554932,0.00159388647624747,-1451.51918576743
353,0.025701973286059,0.00965536023759137,0.00197850812023496,-1452.6256655284
354,0.0196967236567447,0.00824118056373059,0.0018637469801643,-1451.34160651341
355,0.0216780100200675,0.0113758032924413,0.0015058673509769,-1450.93469856719
356,0.0210920645368042,0.0118294822017149,0.00156231251919314,-1450.83568863385
357,0.0308955957431801,0.0134200805566447,0.00120740787867728,-1453.60962727078
358,0.0147409862855206,0.0191185810139741,0.00155132250862126,-1455.03012713736
359,0.0184793509561092,0.0134186439602728,0.00151844111687836,-1451.36482503819
360,0.0241842507359561,0.0109951025526137,0.00145067992387867,-1451.28370767517
361,0.0263897378900237,0.0083158050698326,0.00231049519112861,-1454.5967954808
362,0.026937600758867,0.00765136508977553,0.00203254441812231,-1452.83355713783
363,0.0215193531310276,0.00690837965752939,0.00184084573954389,-1452.04557531208
364,0.02559957758266,0.0068002678912227,0.0016168333299393,-1452.08171551974
365,0.0309348571847106,0.00394719399298759,0.00218276143340663,-1455.01356310473
366,0.0308474022734206,0.00789372606837409,0.00196669008929316,-1454.27032928022
367,0.0134569215040648,0.0106190281159065,0.00212002321369215,-1453.86649346784
368,0.0144714984009305,0.0112449281300238,0.00218263063002433,-1453.11925059124
369,0.0145542644006144,0.0108662016009034,0.001950112267349,-1452.72498172057
370,0.0191125768971007,0.00821165651507104,0.00187417627302571,-1451.53416971079
371,0.020278041941587,0.00968695219086145,0.0022114759230508,-1451.97695323579
372,0.0191024586985429,0.00878129458612541,0.00163176910061496,-1451.72278001775
373,0.0202293471708231,0.0107965302928468,0.00153313175198814,-1451.05568881704
374,0.0181529237293907,0.0105911071133334,0.00145860766886503,-1452.14008658964
375,0.0254489112737166,0.0125994916120108,0.00126697254031682,-1451.70435596086
376,0.0227847191263732,0.0172275972405944,0.00131496002024984,-1452.43720259972
377,0.025860522978225,0.0129402655826361,0.00136622748407083,-1451.65099279911
378,0.0268698672554067,0.00922473442830995,0.00116131597293088,-1453.36288327809
379,0.0280045358590254,0.0109994199306394,0.00130595366211854,-1452.24037772142
380,0.0214672965968653,0.0145176668803846,0.00128297692677523,-1451.52045097531
381,0.0193809793807959,0.0158568165549716,0.00155236782846694,-1451.86360261195
382,0.0187512504350845,0.0101762157290626,0.00147678332611654,-1451.92758376385
383,0.0219687989919656,0.0123682996770517,0.00111598052276966,-1452.65896317033
384,0.0285923201097152,0.0152603258145425,0.000924723744036464,-1454.60573520417
385,0.0200168227596418,0.0185957669221015,0.00129051611545759,-1452.99984308975
386,0.0199531115001975,0.0140322938166772,0.00117586776629839,-1452.34025714002
387,0.0221828333675187,0.0171698946072701,0.00130962259230495,-1452.33500882955
388,0.0167983225712577,0.0189658571418509,0.00147602775653783,-1453.82631678908
389,0.0183365172225774,0.0209338188520972,0.00117534394117701,-1454.73926212408
390,0.0177707206640883,0.0130990863671536,0.00146840538549011,-1451.7077064022
391,0.0182655181941135,0.0166499268034482,0.00147248232606682,-1452.22683523059
392,0.0232656583303192,0.00816044265299455,0.00161067465799511,-1451.52447867704
393,0.0252173711456198,0.00666497686256074,0.00173415758884395,-1451.93576055891
394,0.020499895551949,0.0124884108814258,0.00139108248350471,-1451.22200268301
395,0.0214840564572287,0.0139364872444036,0.00145886864617329,-1451.12038242402
396,0.0227125288602465,0.0122162348655133,0.00151987955860423,-1450.96473903651
397,0.0249857134073654,0.00996456616333782,0.00177402227862622,-1451.66113032715
398,0.0203784051504786,0.0103562412821837,0.00177353388087475,-1450.74134661582
399,0.0208602551833969,0.0129539073601282,0.00182369075823459,-1451.45889236647
400,0.0208892794386052,0.0142315152128249,0.0013609901048805,-1451.31294082758
401,0.0246684267774724,0.0138584135586883,0.00179910459702396,-1452.89236242952
402,0.0233687366965921,0.014565923884024,0.00121726090623914,-1451.76029761541
403,0.0230758043628182,0.0143977940675124,0.00124453091455529,-1451.6166950186
404,0.0204745543921363,0.019737609346306,0.00131793606799467,-1453.66147306947
405,0.0225026519565183,0.0150858364850302,0.00158494939896649,-1451.81755397412
406,0.027269600454745,0.0132706964852308,0.00152888458822222,-1452.45920911242
407,0.0232827715170608,0.0122425508001457,0.00152340194079737,-1451.04843843435
408,0.021233981398521,0.00960432953479333,0.00194948289337979,-1451.02341862137
409,0.0230394171736392,0.0101531865220357,0.00118809690742931,-1452.94409440724
410,0.0285367991264637,0.0169762339678843,0.00114132014727264,-1454.08160291076
411,0.0195237059569878,0.0144026909019777,0.00156654258380921,-1451.35367651785
412,0.013185853691347,0.0146227085331343,0.00161175796440847,-1454.13937071765
413,0.018795670863282,0.0100824513131115,0.0021692548753116,-1451.72782886198
414,0.0205647067099754,0.0093119447633127,0.00203829627415967,-1451.22036321159
415,0.0183435863682109,0.00989493796383498,0.00203622594089887,-1451.28764519905
416,0.0173221918336388,0.00996047933649574,0.00215817625055516,-1451.90074601131
417,0.019324391114623,0.0130637545969414,0.0010778962056199,-1453.74853304961
418,0.0310298671360685,0.0130396443927015,0.00135441584250715,-1453.57831090174
419,0.0219098366820578,0.0139298638970178,0.00147878131066061,-1451.13454386171
420,0.0235145977169367,0.0119928602199588,0.00170004632109356,-1451.34243655628
421,0.0179124391967522,0.0101081334581594,0.00177178891924502,-1451.18497848471
422,0.0155896029115083,0.0102756926481717,0.00194327628667525,-1452.22976032846
423,0.0185399675293202,0.0107541123866208,0.00171924410007021,-1450.97512271607
424,0.0168993084715513,0.0153436992924869,0.00153440268104921,-1452.11540025241
425,0.0224896091768189,0.0139963975515658,0.00131981290263233,-1451.31872289265
426,0.0213349566486005,0.010646222871167,0.00155457261707045,-1450.93136986316
427,0.0253193548298946,0.0101321621635685,0.00149399496954023,-1451.55858904199
428,0.023934340416559,0.0116043419224991,0.00145832441038308,-1451.16798255984
429,0.0211129473075392,0.0121220633552493,0.00136724826734365,-1451.2622501042
430,0.0215997577767707,0.0146021598735931,0.00232248613428875,-1456.28816596057
431,0.0207735383421769,0.00996605066995301,0.00219113422363894,-1451.98899301551
432,0.0152758419041177,0.0102314356958683,0.0021903055705073,-1452.87419952069
433,0.0180071769394942,0.0119062078661125,0.00163609021219786,-1451.25151939346
434,0.0179056191245357,0.00978836086709776,0.00155211377523803,-1452.06761733809
435,0.0274931435336733,0.00724698368526584,0.00218205707983543,-1453.78631542577
436,0.023840958253355,0.00545506209772135,0.00175683233605662,-1452.97498130519
437,0.0316809906698149,0.00508672688976028,0.001883283874774,-1453.62843493188
438,0.0274353585156997,0.0046873424164389,0.00163035218449507,-1453.19785718245
439,0.0285425722498936,0.0126498751678961,0.00124766756140425,-1452.52626489993
440,0.0244566582011189,0.0134235461822004,0.00155980218602402,-1451.58755382259
441,0.0226625340110166,0.00695077273071774,0.00211947135533264,-1452.4851858182
442,0.0206764904391728,0.012050569281401,0.00142268071675618,-1451.13406583552
443,0.0233306119255297,0.0118982289761303,0.00150375249287238,-1451.04037277209
444,0.0249245034616948,0.0110882101114008,0.00165533887205304,-1451.522672224
445,0.0228627200091246,0.013507576238002,0.00167852223585717,-1451.54996830928
446,0.0135913461548709,0.0127073495522479,0.00241488956279479,-1455.09377660405
447,0.0124957752651012,0.0105928979380353,0.00206071653628381,-1454.91332368181
448,0.0139781305833405,0.0116766411476463,0.00207460216793754,-1453.18339209725
449,0.0162089570183517,0.0106503050451556,0.0017585334109837,-1451.93682568224
450,0.0246527082700027,0.0126327136954959,0.00112350400267829,-1452.32480035057
451,0.0275764973542584,0.0128617460363778,0.00162465021992995,-1452.84076562811
452,0.024266482152457,0.0135835734857622,0.00127496011137645,-1451.53390293966
453,0.025770975287309,0.0139864935762736,0.00147099369560982,-1451.95577428571
454,0.0279928992828288,0.011545563381214,0.00130214274453052,-1452.21839631289
455,0.0287703062158244,0.0137530950925005,0.00121114070368219,-1452.86951028888
456,0.0211593737138368,0.0133792245280438,0.0010874421030136,-1452.84911629291
457,0.0284140058615342,0.00977167098367675,0.00142913318166184,-1452.28939122181
458,0.0315624089098167,0.0101483343883958,0.00141879398959865,-1453.20170131255
459,0.0296485138139086,0.0085637509696059,0.00151238418368037,-1452.61835833164
460,0.031095416884657,0.00896336354533117,0.00139383760303837,-1453.00699139598
461,0.0264511308347872,0.0147652814341543,0.0010951193842137,-1452.81878236419
462,0.0183771733197915,0.0216950062325085,0.00107824423352371,-1455.30455979347
463,0.0227337302979316,0.0244083847514063,0.00104199938596341,-1456.51089395994
464,0.0190730026100996,0.00996457609760596,0.00214910919877117,-1451.62527216434
465,0.0201568186527717,0.00972294989747012,0.00160321574855478,-1451.11200001405
466,0.0212461566256455,0.0104414557284872,0.0017517701438335,-1450.76643681259
467,0.0214611447763595,0.00969394462942352,0.00173150976975296,-1450.8041145652
468,0.0219805187753423,0.011117094233426,0.001421719205854,-1451.19796445457
469,0.02066654493327,0.0124548715768183,0.0016836296136564,-1450.93159042743
470,0.0208570602516741,0.0183129456180397,0.0012081215911222,-1452.96262644884
471,0.0179729554175166,0.0163589221764838,0.0012297333355158,-1452.75872011296
472,0.0206163372594491,0.0173059057138103,0.00166895855620535,-1453.12461229225
473,0.0230064161617403,0.00975870782249155,0.00175799798478898,-1451.03772192389
474,0.019366704416657,0.0134957266670467,0.001873098641736,-1451.765286075
475,0.0175886297540416,0.0137277134697467,0.00153156334993074,-1451.6298285793
476,0.0189240883561226,0.0106697320596567,0.00188810596649063,-1450.91383393328
477,0.0192573644528541,0.0109929787932723,0.00136565360759412,-1452.08121642383
478,0.0334224869850932,0.00727365901582549,0.001000888384681,-1456.063736473
479,0.0313971994666749,0.0145397606835761,0.00160157432236419,-1455.52395041992
480,0.0337589077490981,0.00282300503036162,0.00200375938629526,-1455.98068432671
481,0.0292146755120851,0.00884506294944944,0.00108203862722292,-1454.14978189318
482,0.0305908648747804,0.0126812117210232,0.00106085345690271,-1453.85859389633
483,0.0224543589041188,0.0150688605528899,0.00112905355188197,-1452.27155790923
484,0.023199745043073,0.0153756353194006,0.00155578967757689,-1452.00880582191
485,0.0204340617171085,0.0107129252690934,0.00172837906013132,-1450.73945814246
486,0.0229801966262963,0.0164118991292203,0.00125554155500354,-1452.15121068434
487,0.017371724011491,0.0198262562459689,0.00123887991281277,-1454.29951899903
488,0.0185533108931599,0.0202768930998054,0.00152476993828399,-1454.57943279828
489,0.0245800760435272,0.00518301227721403,0.00214119265402055,-1453.6628021279
490,0.0245737436564971,0.00543968271846669,0.0015924319496317,-1453.23983997366
491,0.0273042642664554,0.00878004935004329,0.00162275856244226,-1452.05345514125
492,0.0284970273163792,0.0112496987749361,0.0012954923465541,-1452.36300611543
493,0.0215689838520935,0.0180851626360566,0.00129331918561789,-1452.74749567894
494,0.0212758234641009,0.0134407284994732,0.00160858445545747,-1451.10076146914
495,0.020418787178617,0.0136972091549535,0.00172155286318485,-1451.39221729679
496,0.023338584795487,0.011544935140039,0.00149733650636176,-1451.05138656294
497,0.028999492645692,0.00229982853756064,0.00221427756773699,-1457.42834341358
498,0.0296503562017315,0.00966299365962099,0.000925034449460634,-1455.49117836133
499,0.0272231887275091,0.0184612847416271,0.00079235706878984,-1456.12977026353
500,0.0256434404969419,0.0154116761182215,0.00124645938422081,-1452.29677304862
501,0.0294663180641102,0.0194652503731208,0.00155212818408912,-1457.66672030152
502,0.0141792158617842,0.0158453547563474,0.00132444904520936,-1454.41002242317
503,0.0301927032974513,0.0105921558435734,0.00130490856444292,-1452.79963145667
504,0.0228772087403636,0.00900624950712156,0.00200003033859018,-1451.52821566891
505,0.0190402865802339,0.0144472158445548,0.00119917676196024,-1452.44124066396
506,0.0203502206307781,0.0145202281232244,0.00180626066715513,-1452.08493555474
507,0.0188910575975842,0.0115768303862093,0.00171458320639879,-1450.92091729643
508,0.0215797206657238,0.00962431019737903,0.00145927785877622,-1451.55780833165
509,0.0273329429654502,0.00556038942698831,0.00195344661353873,-1452.68035667806
510,0.0294406437082105,0.00941778141179785,0.00190529971333239,-1453.9260990325
511,0.0276361428139858,0.00696835042925072,0.0019126886581189,-1452.47845727613
512,0.0265344194330867,0.00749123617438586,0.00175102948093675,-1451.91554414443
513,0.0255391951978333,0.00978263483003903,0.00180245668352334,-1451.90565850327
514,0.025590463730496,0.0103011512047074,0.00170976683071968,-1451.77004480132
515,0.0236755473851585,0.0116867625273459,0.00130098898894703,-1451.50814088107
516,0.0247167218968127,0.0115431445472385,0.00143772334592942,-1451.32714669924
517,0.0248745826227678,0.010318199878789,0.00160255100299431,-1451.40868916163
518,0.0271175450037786,0.00953428049626014,0.00146525755887911,-1452.01653284439
519,0.0216662410093326,0.0154669216055848,0.00127606739049355,-1451.72749693544
520,0.0305582874745439,0.0129086096706134,0.00104712219570346,-1453.95417674549
521,0.0258886586091324,0.00878350036915253,0.0023361310564778,-1454.74586148397
522,0.0171634657717385,0.00797206731243153,0.00205338821622825,-1452.83783984608
523,0.0254763313643244,0.00834691068448662,0.00218349438353384,-1453.29126071846
524,0.0229587483288856,0.00852266652387758,0.00170592989667261,-1451.19877025539
525,0.0235608185488168,0.00838310302865417,0.00195556936345704,-1451.58037778449
526,0.0202559918574982,0.00888986637439744,0.00150786294014412,-1451.90489979942
527,0.0227034568992437,0.0114409596343169,0.00126992326430264,-1451.74357802981
528,0.0195095745082517,0.0147110425322426,0.00175991269568185,-1451.92549079843
529,0.0211249390934865,0.00756024241131793,0.00180698340105098,-1451.57919816711
530,0.0196455718849591,0.00906193169423908,0.00176392223869873,-1451.04589605851
531,0.0247974421680489,0.0132990341485101,0.00178942079867405,-1452.61984321594
532,0.0250968881887984,0.0108953605293044,0.00143102127412991,-1451.47898697498
533,0.0226956201271256,0.0153944169739474,0.00126031485587211,-1451.7717378771
534,0.0239083878727681,0.0175319590192817,0.000855970855323523,-1455.03555340847
535,0.0272121279238309,0.0154353414577496,0.0012078839584728,-1452.83769091286
536,0.0200638544310673,0.0119518579531292,0.00202979457406703,-1451.73633928832
537,0.0181731676880361,0.00853693626364286,0.00224763335218264,-1452.53933030972
538,0.0223604054967719,0.0116373914263167,0.00100808417782272,-1454.1250414937
539,0.030332976991737,0.0148659181654083,0.00165731902330034,-1455.46618438443
540,0.0313963432785428,0.0139714826984058,0.00130955582603129,-1454.03848860027
541,0.0301269763361787,0.00880017903380087,0.00160270313735056,-1452.86843087906
542,0.0252728088425596,0.015355777259157,0.00153872350436106,-1452.56324721727
543,0.0184809158773751,0.0154301259998366,0.00130467294575583,-1452.11423807674
544,0.0275687022090705,0.0145485555969376,0.00133311492533622,-1452.59043168778
545,0.0145878981799402,0.0145466243161319,0.00143939692930538,-1453.44294960271
546,0.0212507211806888,0.0181036190304404,0.00107323469494907,-1453.41046622997
547,0.0193438928931499,0.0170953387363138,0.00103472466617989,-1453.79757815568
548,0.023312886827835,0.0132874536386015,0.00119511912525494,-1451.77674986303
549,0.0175290609443328,0.0110184818170522,0.00257736456254016,-1454.71042033946
550,0.0179866873330719,0.0112407592845638,0.00218105148797989,-1452.05594798582
551,0.0172341557088315,0.00957575876070494,0.00172240335515126,-1451.79401252354
552,0.016779005993461,0.0127170772289605,0.0021221777270424,-1452.49528797522
553,0.0189852390582116,0.0105150615346133,0.00221688349164247,-1452.02978564133
554,0.0135540026499378,0.0116099000437166,0.00190132992069859,-1453.45365441783
555,0.0226385308913525,0.00788193746484608,0.00170909015047634,-1451.41117787684
556,0.0271914804194692,0.00509963739107068,0.00215498255010499,-1453.65036309375
557,0.027903739639047,0.00538164869494054,0.00190762517098634,-1452.69011430077
558,0.0278353458780292,0.00741822624394355,0.0019053728551572,-1452.57401585765
559,0.0231188081776795,0.0102702136604282,0.00169060581900898,-1451.02012126552
560,0.019667835667042,0.0120952720952905,0.00150555839020012,-1451.07257051553
561,0.0250790855781519,0.0152698365372825,0.00138656679647718,-1452.07052104321
562,0.0165672071008356,0.0158886608018527,0.00166240342927203,-1452.47284638398
563,0.0228601521067898,0.0146509767769081,0.00133214279208721,-1451.44466294383
564,0.0219704075202245,0.0113793913948759,0.00180867588925126,-1451.09483101549
565,0.021460068842129,0.00890830742860582,0.00160961472166652,-1451.2219668275
566,0.0187838542117627,0.0136114845751729,0.00125728042671763,-1452.24204284442
567,0.0166328137508017,0.017096123216366,0.00134850552360833,-1452.99685712472
568,0.0249342425531711,0.0141400464697222,0.00150792831925061,-1451.82372848361
569,0.0196972504826732,0.0169198280765855,0.00139987213878458,-1452.1648155629
570,0.020477960922989,0.0117817342958749,0.00180591466288731,-1450.96524970453
571,0.0190449764370461,0.0129292112695855,0.00127677008960325,-1452.14397032624
572,0.0184381618401152,0.0116039183791364,0.00234259511733214,-1453.18084925312
573,0.0160237552325988,0.0101623130927646,0.00149759056741868,-1453.57724911986
574,0.0186017940448412,0.0153392358334122,0.00161641485235917,-1451.82719987189
575,0.0170589305254563,0.00932311328608467,0.00171795371831823,-1452.04966119473
576,0.0200258113016074,0.0137168770332643,0.00131786065227082,-1451.54135466625
577,0.0219059748326263,0.0093061573862708,0.00142136239248757,-1451.88604615743
578,0.0239076698125175,0.0125942629589611,0.00169810878218843,-1451.61050067324
579,0.0225057741375156,0.0143846921840172,0.00116867524265723,-1451.95796184832
580,0.0238681047303609,0.0182743070462389,0.00134280845430858,-1453.27105988435
581,0.0133923482753343,0.0178074693896887,0.0013717058141386,-1455.60282411845
582,0.0191670672425774,0.0105212538268818,0.00178583731533626,-1450.81793464028
583,0.0201808796848799,0.0138336259457664,0.00128596290572939,-1451.64349855719
584,0.0254063645290607,0.0139306239573938,0.00154580727844382,-1452.01377851997
585,0.0249691015071761,0.012105024384726,0.00164753184203065,-1451.67657440538
586,0.0245531427673357,0.00755964064967134,0.00154579810901588,-1452.00915515987
587,0.0265607940027631,0.00845461152361907,0.00183406861069942,-1452.12660090326
588,0.0258301486649847,0.00724257068448436,0.00132698419968648,-1453.36586762718
589,0.0252875193357298,0.0129246019282911,0.0014888547483371,-1451.56606430065
590,0.0276149855854442,0.0150720928945423,0.00122314981370982,-1452.82325127154
591,0.0217843758120188,0.0121069095638602,0.0012967602742607,-1451.49680218207
592,0.0244721363992851,0.00896152724502427,0.0017684535172283,-1451.42006194597
593,0.020384360777652,0.01172277829817,0.00190049638407111,-1451.18587767231
594,0.0172881858307863,0.00958747196083123,0.002041453515429,-1451.64193350612
595,0.0182585941697723,0.0102075761825144,0.00187803692434258,-1451.02068114775
596,0.0201183469508561,0.00835306757149008,0.00204545881749638,-1451.46506985823
597,0.0220812877229667,0.0114548742008261,0.00177162486545783,-1451.04698098135
598,0.0163217877071929,0.0150517961121112,0.00184468296092744,-1452.65197275126
599,0.0242458966481187,0.0127930001627565,0.00139049384393538,-1451.27040613572
600,0.0224692426405779,0.0131355779962941,0.00155487509634388,-1451.07344997911
601,0.0232041552378263,0.00785195042329498,0.00201637351874265,-1451.78088257067
602,0.0220331789361478,0.00987278563938227,0.00221936310044417,-1452.4781228221
603,0.0218127289994558,0.0110838058094066,0.00178134729126342,-1450.9425152642
604,0.0191303588261653,0.00943080520916639,0.00188080912670102,-1450.98659182861
605,0.0176614131947644,0.0107207693015126,0.00153748237711592,-1451.90126282797
606,0.0227208209624877,0.014714361533826,0.00130529379776961,-1451.49522687139
607,0.0246196175008909,0.0121303085601012,0.0016908352220203,-1451.69788026559
608,0.0153425521658163,0.0128350146925131,0.00183073263948832,-1452.24594472908
609,0.0225536616898073,0.0140351172498791,0.00148534791248131,-1451.22446283529
610,0.0199241145002569,0.015823682985671,0.00149981608752718,-1451.75021975399
611,0.0179342747675058,0.01506781866295,0.0016690326700733,-1451.90655234625
612,0.019046616535195,0.015476613750779,0.00149468918542301,-1451.69053516713
613,0.0165489756096295,0.0170730997241773,0.00150923733816589,-1452.82344463868
614,0.0210445018476846,0.00840180002914464,0.00178944971924987,-1451.09760663644
615,0.024587019102325,0.00758696459820682,0.00203740717856786,-1452.18123544431
616,0.0207316579613753,0.0120167622345958,0.00155295608499194,-1450.85640855652
617,0.0206147903602583,0.0148514350690806,0.00148118957166899,-1451.37162225481
618,0.0196765370367686,0.0143675753556984,0.00152432223848872,-1451.30722551497
619,0.0218224602244926,0.0103913869633666,0.00158983194401415,-1450.90045254863
620,0.0211706644867212,0.013922236343337,0.00111332545904885,-1452.526959113
621,0.0302873556074351,0.0122694573087927,0.00141984708821145,-1453.13980632638
622,0.0253996370968292,0.00866653924922854,0.00156186125280022,-1451.70911625597
623,0.0231640277485351,0.0139436522644539,0.0014792535284641,-1451.28310929307
624,0.0266782830983451,0.0125998300130539,0.0012773941065315,-1451.93985664859
625,0.0231715865858935,0.0135444569189684,0.0016053232254614,-1451.40916469789
626,0.0186124575071142,0.0132200259665497,0.00145518008385457,-1451.45599814491
627,0.0165442814945818,0.014537397367186,0.00120052788885487,-1453.65688015326
628,0.0353054260791854,0.0141854267336018,0.00129142172705577,-1456.17633648441
629,0.0187004141241689,0.0161258402814513,0.00155070086958082,-1452.02816942831
630,0.0132220124014625,0.0142013763574307,0.00156603556116307,-1454.20031088223
631,0.0157917203624937,0.0191838839113733,0.00142211628182753,-1454.38273033354
632,0.0186550887087174,0.0127235787121206,0.00172241214876491,-1451.16411816451
633,0.0266407781472494,0.0112898245528898,0.00179350083560499,-1452.71918254829
634,0.015656090282306,0.0131480272520873,0.00189285404214096,-1452.24152089432
635,0.0250402260784888,0.0112188194618258,0.00145360328983442,-1451.40607065229
636,0.0279651838254379,0.0118133812370408,0.00143038413788101,-1452.19474482748
637,0.0251191166765018,0.0135768253646954,0.00117813975858969,-1452.00316049208
638,0.0219591561099437,0.0139151937408769,0.00161312927622366,-1451.32869407812
639,0.0213368008471673,0.0144251341767772,0.00142014321090606,-1451.24761095538
640,0.0211368536365877,0.0116372405998399,0.00175799400405859,-1450.90736942394
641,0.0222175859156193,0.0104159417812501,0.00210518770535965,-1452.04228060635
642,0.0171058037805499,0.0133342342031574,0.00210421945687713,-1452.70224580975
643,0.017929843623927,0.0118223465508934,0.00203193220291849,-1451.64120315857
644,0.0167462666339168,0.0140212102735262,0.00202163376266467,-1452.74016434704
645,0.0153982727092236,0.00949127509781459,0.00216792930860791,-1453.03900091613
646,0.0181183987453936,0.0110832384930581,0.00215192356394624,-1451.85807028015
647,0.015553963284233,0.0125054014874016,0.00217791216747157,-1452.900999966
648,0.0171716812021718,0.00951634286165698,0.00178105591663878,-1451.70541886951
649,0.0265658333460488,0.00869278349831134,0.00188417176590088,-1452.32657305814
650,0.0175994304844564,0.0097134957310638,0.0022672387348327,-1452.35474521843
651,0.0170381265398508,0.00888395648574361,0.0020964349405842,-1452.19887317482
652,0.0191289862220801,0.00816290018167895,0.00184766666712829,-1451.57535282027
653,0.0289831579486773,0.00625241579129563,0.00172902972908349,-1452.49695805667
654,0.030353513591497,0.00868212052108181,0.00192154648393982,-1454.13665846796
655,0.0190779988713827,0.00849154441854172,0.00193170333497479,-1451.39041716595
656,0.0228494930254793,0.00994817892607099,0.00195713964296525,-1451.46358627799
657,0.0185702392936716,0.0104947355158725,0.00167648755636552,-1451.07198441206
658,0.021896187089757,0.00821312718343502,0.00207447721478852,-1451.69202831769
659,0.0234694993524821,0.00898274745816417,0.00154991506122841,-1451.43373814246
660,0.0285257690913053,0.00983329717506241,0.00122859106157959,-1452.76909606197
661,0.0241996744694671,0.0144807668633991,0.00107220988214069,-1452.61079969805
662,0.0240093003177199,0.0162820803792681,0.00111731772292458,-1452.67251232447
663,0.020269830295082,0.0146597130968641,0.0021003867652808,-1453.94795491529
664,0.0191962061492606,0.011671109747252,0.00226880967774568,-1452.80396125364
665,0.0134305940666349,0.00975265429731622,0.00185741621728309,-1454.60028240647
666,0.0160906321478083,0.00984599316290822,0.00221637383658926,-1452.636172037
667,0.0187114664556969,0.00992218651215353,0.00247926370295252,-1453.67486844908
668,0.0163970143762978,0.0095885189959341,0.00180107162495165,-1452.11194901641
669,0.0273752898816115,0.0103657240665067,0.0017081055683669,-1452.43875974341
670,0.0177458834847965,0.0107122269678177,0.00161867761459778,-1451.51074834694
671,0.0197373151494558,0.0115307662361549,0.00137331096756383,-1451.66968375554
672,0.0294489166097385,0.0114571232436654,0.00159225516327094,-1453.10709105438
673,0.0226837253081498,0.0119866731171227,0.00126090749954708,-1451.63431669195
674,0.024395447441985,0.0162143410290788,0.00130891826900908,-1452.2614641554
675,0.0221878354667249,0.0106958651182904,0.0018288302017344,-1451.04371414786
676,0.0184383923408105,0.00897639567339966,0.00175922933047657,-1451.45958890296
677,0.0253376220186621,0.0122249016955279,0.00128579964592025,-1451.64937524628
678,0.0180816425562821,0.014916465891457,0.00168386870698312,-1451.85793926751
679,0.015165252851996,0.0120218300380496,0.00170678245471077,-1452.43803019724
680,0.0169717197397703,0.013221782746825,0.00189525182060552,-1451.88253026156
681,0.019555614748723,0.0107815270959685,0.00153587741993022,-1451.17552485457
682,0.0217386321026461,0.0139758492933544,0.00134986168794462,-1451.24923941779
683,0.0222008937388869,0.0166999319456476,0.00123000139477244,-1452.25137278995
684,0.0233561479971088,0.0152399170044768,0.00135277530911626,-1451.66265635107
685,0.0220093362260531,0.0129928530258522,0.00174609021473111,-1451.40377217269
686,0.0224502005078633,0.015810101110683,0.00117173111952547,-1452.18447185606
687,0.0227548533180795,0.0157264122044779,0.00141253410047992,-1451.78133206302
688,0.0223318485270787,0.0183212108426085,0.000941558918445675,-1454.35906392689
689,0.0242526460538611,0.0148954347313904,0.00183193389581732,-1453.52497736097
690,0.0207384707903601,0.00730602061620687,0.00190227677765983,-1451.83755049416
691,0.0212572642111381,0.0146476084660605,0.00169951696265704,-1451.81531915445
692,0.0183931551493211,0.0108939346722527,0.00190931247780822,-1451.03657588859
693,0.0270705067652948,0.0078723571911654,0.00139304926857229,-1452.59918941268
694,0.0259439986636164,0.0177157089917887,0.00133786121685167,-1453.56434796861
695,0.0165467238862766,0.0182331229034778,0.00143542287252487,-1453.43763505965
696,0.0171799290069146,0.0211078239980227,0.00122763497771366,-1455.12650488348
697,0.0239912657344714,0.0103569659141978,0.00134008021316337,-1451.76667834941
698,0.0231577012383146,0.0163863095017213,0.00210481468536038,-1456.51334082248
699,0.0153751549428795,0.0131983837321929,0.00171889098412436,-1452.30489987657
700,0.019810289668504,0.0156770001597813,0.00120708093744717,-1452.24196414046
701,0.025088004692548,0.0117518303564659,0.00122603765934022,-1451.91265858218
702,0.0279657510544845,0.01328876854995,0.00155156507962913,-1452.84937160228
703,0.0237631367204684,0.011814696510593,0.00162421302564273,-1451.21061287068
704,0.0185343075238417,0.0118079911433749,0.00157333611786197,-1451.21471850008
705,0.0201634189404694,0.0126062659344342,0.00158656505787809,-1450.91901424674
706,0.0212322412212718,0.0155456913824602,0.00128676987083655,-1451.7324116382
707,0.0234397609112424,0.0141575357539305,0.00149194075891045,-1451.4124063909
708,0.0208150754280411,0.0161328732204441,0.00138940851272778,-1451.79758694618
709,0.0154668377869552,0.0165607525487195,0.00141734627625596,-1453.21190491795
710,0.0261587772853016,0.0114842735209123,0.00121948944681373,-1452.11915359685
711,0.0209219358186745,0.016522189309969,0.00108219784754748,-1452.96277857036
712,0.0208568366507693,0.0165704897468531,0.000950776028107078,-1454.20372874081
713,0.019884248447667,0.018322813678984,0.000933470479845818,-1454.81278363002
714,0.0214109606199824,0.0116407005019108,0.00232504525879637,-1453.82948460009
715,0.0191322921645071,0.00978842181463296,0.00171008657454125,-1451.01647463126
716,0.0182201719138874,0.0097765538883498,0.00221070629861283,-1451.96740998039
717,0.0191045120496405,0.00962487548102001,0.00199252701010661,-1451.10989191905
718,0.022700904743081,0.00967884153644004,0.00202747297489656,-1451.64399379285
719,0.0214825943904798,0.00904826995969256,0.00208788462598488,-1451.53709451857
720,0.0182420261397827,0.0093954316417093,0.00180902636093764,-1451.2467787616
721,0.0241868073889029,0.0101752955130406,0.00205062011334287,-1452.47529135365
722,0.0164598881503707,0.0104739540342962,0.00184660774526275,-1451.70264015109
723,0.0196026322204992,0.00838260708827259,0.00232837156867163,-1452.78499328773
724,0.0188055695275636,0.00943530006801448,0.00218823892231352,-1451.8400731932
725,0.0196518116083747,0.0113653221859182,0.00140609234315829,-1451.56873497111
726,0.0221101476746664,0.0114232424510697,0.00161047813187226,-1450.86143465937
727,0.0215275175954075,0.01142165482057,0.00181372976291604,-1451.03185873669
728,0.0250261312820576,0.011059289644531,0.00163275035632221,-1451.5092264842
729,0.0222704355391324,0.0105929594179756,0.00185086228799284,-1451.096188621
730,0.0220852970608944,0.0121574186560606,0.00152246490960813,-1450.90207615714
731,0.0243293816847179,0.0146604754591165,0.00125484962882041,-1451.77415750366
732,0.0228356047729961,0.0105340443888853,0.00128041180706848,-1452.04379112171
733,0.0230828040758613,0.0177506956045283,0.00148211942786698,-1453.10141045374
734,0.0219905103758488,0.0111071649836314,0.0017488188324959,-1450.92295177909
735,0.025961560118785,0.00943958422959692,0.0014995749730434,-1451.77486841071
736,0.029668272323599,0.00779798898419818,0.00144952142496039,-1452.74496476487
737,0.0192557609909684,0.0150676310549722,0.0013479745494286,-1451.71783285737
738,0.0220869554870644,0.0164264620608416,0.00144691332489862,-1452.05523923826
739,0.0195610898819168,0.0130180449293224,0.0017041683655417,-1451.12479165011
740,0.0231186992336908,0.0134462339217549,0.00191022286406238,-1452.72925758631
741,0.019362652930632,0.00740482641654162,0.00155364177553667,-1453.260423477
742,0.0255473276558419,0.00805466299362419,0.00179804823363418,-1451.73861051527
743,0.0281255220115738,0.00681805250980364,0.00145809322782778,-1452.73090115953
744,0.0290459604460335,0.00595789113383352,0.00155096902037422,-1452.78391405898
745,0.0226156021999483,0.0127354699273349,0.00183390243248869,-1451.80433877529
746,0.0178350827393904,0.0107952031549459,0.00195290697527671,-1451.20888270242
747,0.0252904076166069,0.00873373823665747,0.00183292072594265,-1451.75274680811
748,0.0253699437895175,0.00971213814941434,0.00179194350149035,-1451.80320439324
749,0.0267443723411149,0.0115715665128009,0.000951205634694142,-1454.34115557798
750,0.0224560087179576,0.0196709496774279,0.00137405806397421,-1453.9373848823
751,0.0183945003141227,0.0186153004177903,0.00138760732625013,-1453.15695300323
752,0.0217898568796969,0.0149172942163077,0.00115684532846137,-1452.12561515394
753,0.0241817672073827,0.012658566428627,0.00125878002189961,-1451.56251643427
754,0.0231163996262229,0.0169872417744806,0.00108191723427665,-1452.99619952092
755,0.0192310688905637,0.0158970001671124,0.00173522049809969,-1452.43656121176
756,0.0170046816825154,0.0105935138645021,0.0020932558585254,-1451.76074037616
757,0.0205870097499336,0.00807274899429291,0.00165457688586018,-1451.62819231757
758,0.0232487484573149,0.0123410307933821,0.00120916828989214,-1451.81672069336
759,0.0232971125839255,0.0128349827934748,0.00166008010961976,-1451.38393578213
760,0.0203922238607235,0.0110840793958332,0.00147086273267515,-1451.18340983304
761,0.0269928764608033,0.0120125926464263,0.00175585509330615,-1452.93336293939
762,0.0275246053375793,0.00964377246511356,0.00190781722562457,-1453.11894143704
763,0.0235466345133176,0.00560816610379248,0.00185412486413143,-1452.8394093988
764,0.0282409503407601,0.00540119206335596,0.00210022645620784,-1453.42815435561
765,0.0321032711274513,0.00492881439231071,0.00153421278910401,-1453.78722065483
766,0.0254929566019039,0.0131493891963778,0.00110679391141788,-1452.45227124046
767,0.0285190115661295,0.0126589410252668,0.00126065313246374,-1452.49821193711
768,0.021015693581606,0.0119636072850818,0.00140663048364961,-1451.15541336234
769,0.0251453946768431,0.015215222130162,0.00140933236758239,-1452.09824619241
770,0.0206002052343416,0.0157309524907314,0.00105523355035275,-1453.13605379913
771,0.0274609280358267,0.0105889375451536,0.00240127157678172,-1457.39335609068
772,0.0180267762287951,0.00802689766202151,0.00166264218697266,-1452.77489358847
773,0.0263152734062123,0.00682230089250415,0.00191784709827805,-1452.1840749011
774,0.0233538479904131,0.0078197180953904,0.0017804734368908,-1451.40550455159
775,0.0234504667564015,0.00736780640822224,0.00158551225315043,-1451.98883664374
776,0.0236586007856018,0.0113910742853707,0.00145734368328392,-1451.14769670405
777,0.023497313036695,0.015003845913272,0.00130277211102074,-1451.65056729648
778,0.0254623116122719,0.0124174606367771,0.00151540016905217,-1451.57888673055
779,0.023478204954295,0.0117264820446328,0.001552251340524,-1451.06466502897
780,0.017686913460812,0.012311640739022,0.00142274647093091,-1452.05054983816
781,0.0219279365105716,0.010955731222035,0.00201314267027138,-1451.6825289284
782,0.0217300369912455,0.00504170190651174,0.00168116997016074,-1454.94520711805
783,0.0283745094710657,0.00531897930585881,0.00159965109979913,-1452.83579725964
784,0.0235540885722427,0.0183771740302494,0.000814063338829408,-1455.60427894345
785,0.0232538304407193,0.0128564359690346,0.0017395758965357,-1451.64740072895
786,0.0189806655498964,0.0109926425180596,0.001836739117334,-1450.878657478
787,0.0185918473021743,0.0112024779785673,0.00188708708035509,-1451.01924519831
788,0.0232504519867395,0.011642343855253,0.00132081339142733,-1451.42856250045
789,0.0222370622374566,0.00716875854863799,0.00248440881633939,-1454.67431077349
790,0.0221157371980258,0.0122996470064671,0.00203231934114168,-1452.46157740848
791,0.0161992387252658,0.00833049746876014,0.00219321934184936,-1453.42547246682
792,0.0181759641602511,0.0111147567621667,0.00127119076629347,-1453.36502526267
793,0.0154788136241744,0.0147136271749625,0.00231245367354586,-1455.08766321738
794,0.0145563710255102,0.0100607831253597,0.00202975003336894,-1453.08958250051
795,0.0201737732330589,0.0139538443947604,0.00176840661993738,-1451.63620900264
796,0.0156173500105059,0.0157277471435271,0.00187871774720498,-1453.27836738715
797,0.017365823232357,0.00893843926093578,0.00204345229026152,-1451.90189088345
798,0.0250275696202068,0.00603385860636868,0.00207426079152373,-1452.77942724698
799,0.0241004506560106,0.00746297976784894,0.00166886211257417,-1451.68887664269
800,0.023050119721921,0.0119151873011114,0.00148316438414688,-1451.01357621353
801,0.0256325668360587,0.00981470626087112,0.0017415791153882,-1451.79116225861
802,0.02253804762168,0.0172226733003482,0.00129205904698077,-1452.40824383265
803,0.0161845462607467,0.0157171096111387,0.00139550140842329,-1452.69831749473
804,0.0285700226281318,0.0181783908776199,0.000942820828453993,-1455.23019666896
805,0.0229989458983924,0.0176338852528432,0.00159571999763452,-1453.49192599323
806,0.0168309866746581,0.00813042617161225,0.00218669914983293,-1453.2090419396
807,0.0196314595359304,0.00804894120845185,0.00209436717184845,-1451.83287161621
808,0.0202307709720518,0.0095310513346287,0.00188092285289922,-1450.85024411056
809,0.0193922461917648,0.00982012411049274,0.00178535358057588,-1450.86370028699
810,0.0202137527415904,0.00998413725085656,0.00180528855304567,-1450.76396666261
811,0.0220498949090626,0.00932134720658339,0.0018834033302562,-1451.01110480252
812,0.0230961536220177,0.00972057626747349,0.00169735677309599,-1451.03204900913
813,0.0193702967159352,0.0157152781888606,0.00143043671876224,-1451.73135163737
814,0.0192290700762435,0.00917996676829603,0.00220499992916372,-1451.92192431325
815,0.0191926351041738,0.00897704257111425,0.00160215126598781,-1451.70345873789
816,0.0254818719367469,0.00683275302786465,0.00189422258873764,-1452.00693885966
817,0.024492965406302,0.00569992726322874,0.00170132859180273,-1452.6515618432
818,0.0291145112433158,0.00719378042652882,0.00175936865524213,-1452.58612260204
819,0.0252374984209346,0.0138195190535966,0.00158002566711104,-1452.02988400625
820,0.0169080722000137,0.0127063273941518,0.00201663501466217,-1452.05117413259
821,0.023504160040609,0.00592891834926231,0.00207662808811029,-1452.97698612426
822,0.0250625327672325,0.00519355556893834,0.00169217025541202,-1452.98911217528
823,0.0339561906927648,0.00805696086637882,0.00153970145401074,-1454.05434333169
824,0.0175671191270845,0.0180941351908938,0.00121095958608192,-1453.48917159151
825,0.0195596696102325,0.0209197481805451,0.00131521806187246,-1454.48256430126
826,0.0276353670557527,0.0198836725064836,0.0010453395168739,-1455.35650343039
827,0.0174946775535154,0.0154219879549978,0.00230381541349578,-1455.63970766124
828,0.0165869840735363,0.0135013942241884,0.00173317072137377,-1451.82603358396
829,0.021071528809813,0.0117825051135832,0.00150381561746706,-1450.91677475338
830,0.0235149948274107,0.0124704892630124,0.00141897220260976,-1451.12344128722
831,0.0202669122251072,0.0153334932305234,0.00155793462606445,-1451.6361844535
832,0.0274260735689518,0.0116301372265293,0.00147244210009528,-1452.05133894029
833,0.021936550585818,0.0171070828570148,0.00146798986062938,-1452.43800682921
834,0.020331939763559,0.0094534191076633,0.00214483406133316,-1451.6271756512
835,0.0188296904208902,0.00858079109031134,0.00206475269389366,-1451.64506646786
836,0.0218524081736868,0.00861099366053344,0.00185665329232584,-1451.05283493503
837,0.0231397505101464,0.00634856840992683,0.00199354020566205,-1452.44356163523
838,0.0261325454004756,0.00794481045272072,0.00190126513493582,-1452.11236293327
839,0.020003259842372,0.0103237880391446,0.00174346839684862,-1450.75944588226
840,0.0187274180376385,0.0115849931062701,0.00182289893921334,-1450.99003890334
841,0.0207700470667815,0.0104759139366774,0.0022879692059067,-1452.7430678766
842,0.0216899428860301,0.00780148940385323,0.00204402397768441,-1451.71800603739
843,0.0233065206680838,0.00862592674886179,0.0015566059976413,-1451.52038348421
844,0.0231678169945152,0.00848407743325294,0.00158613118866434,-1451.47091967757
845,0.025705758986053,0.00830964687747404,0.00161309836988545,-1451.73682635707
846,0.019056106297925,0.0126476373709178,0.00176916396944001,-1451.15331765302
847,0.0204784463032352,0.0101765445744757,0.00195198064608663,-1450.99306231476
848,0.0193194079969363,0.0141780029396259,0.00175145135251862,-1451.65266495369
849,0.0170191468574347,0.0138753693386179,0.00186737361390433,-1452.06114801799
850,0.0211764543601836,0.011418959110415,0.00170447708590478,-1450.80994361031
851,0.0195935237498942,0.00809092585249277,0.00209551355302856,-1451.81843242647
852,0.0177099226593494,0.00706632972148185,0.00195256801242485,-1453.53730546643
853,0.0231699627651083,0.00708671414155431,0.00193029138367024,-1451.83568797801
854,0.024747269941675,0.0106459711669029,0.00196267853912615,-1452.44432356842
855,0.0187139705303307,0.0113823489718759,0.00194811213887945,-1451.17230892686
856,0.0202128368260681,0.0126711405725247,0.00155578546541208,-1450.93578675884
857,0.0205980747388319,0.0124181025044608,0.00168661031352519,-1450.92499508475
858,0.0150132876335054,0.0129541512257907,0.00167030056412029,-1452.57632499523
859,0.013027588924226,0.01401797603532,0.00172075243576712,-1454.06009199553
860,0.0198892763455067,0.0107902766176084,0.00183806600490635,-1450.8117457612
861,0.0183309287471607,0.0116178533273333,0.00179650070656883,-1451.043461063
862,0.0206844447337933,0.0127234541093748,0.00153402906418406,-1450.91886907652
863,0.0209422601487631,0.0145123751308891,0.0014293528266842,-1451.27217325103
864,0.0203806242486373,0.0136757169231196,0.00171549112006136,-1451.36508376579
865,0.0187636046527709,0.00996419059947,0.00210668823509431,-1451.46283672564
866,0.0162706048433959,0.00949728184117673,0.00214840614830713,-1452.41911172728
867,0.0195584265628326,0.00893264683630369,0.00177319343293631,-1451.10328369543
868,0.0240793368955105,0.0102161224047223,0.00182200017581773,-1451.50492050079
869,0.0175328792740968,0.0126723949751619,0.00146597585014147,-1451.857796349
870,0.0254575611587157,0.0105860629720365,0.00162049724312228,-1451.59107098708
871,0.0257307194749851,0.00830902230322709,0.00135900101587926,-1452.5874957315
872,0.0272407440174154,0.00753994027219223,0.00215967101045393,-1453.6242688064
873,0.0177309399687783,0.0115650561961048,0.00162414934987347,-1451.38617842427
874,0.0243333948307174,0.00980437811221285,0.00177145394677692,-1451.42115277096
875,0.0233330262225246,0.00396087771098514,0.00184660094041245,-1455.50096365635
876,0.0304152161019387,0.00569411333373068,0.0015569410761549,-1453.07940779974
877,0.026681009746366,0.0052072650908529,0.00213387168923028,-1453.4657566827
878,0.028284350000481,0.00619879114595415,0.00149014500532622,-1452.83448325866
879,0.0273584630778952,0.0108446562142433,0.00127526381470353,-1452.20921479134
880,0.030272130082689,0.0107786681638819,0.00128250825556837,-1452.85604295225
881,0.0252504602165809,0.0133184814007876,0.00117471965221145,-1452.02792294157
882,0.0290088155334646,0.0125261651656794,0.00137676040229781,-1452.62135443683
883,0.0177215004105185,0.0125430114691292,0.00143833808191747,-1451.9115455803
884,0.0176573152147809,0.0135612074460282,0.00172694264046562,-1451.54942846357
885,0.0190061153678799,0.00836599963846685,0.00187911177523474,-1451.47054475192
886,0.0233032676194161,0.00714506610864876,0.00185039901010456,-1451.70663343194
887,0.0275328024559952,0.00740240113856072,0.00135214461007152,-1453.00126479343
888,0.032023612564017,0.0115358457036567,0.00112736425989604,-1453.86176564471
889,0.0228676889820089,0.0167211040491023,0.00105594260384358,-1453.07287095996
890,0.0207187987891693,0.0173281640772448,0.00129384364869708,-1452.36344043057
891,0.0160602635458345,0.0164769226464845,0.00144721774010794,-1452.81712041713
892,0.0163364947320787,0.0129311762572638,0.00146153006518368,-1452.44834100355
893,0.0275545464362377,0.0146408667834615,0.0016804619058848,-1453.9303863443
894,0.0254982864238592,0.0116712284378614,0.00151200961309542,-1451.51681462258
895,0.023818238616948,0.0111910454962838,0.00143772714973018,-1451.22474025874
896,0.0243106836193744,0.0161400469013926,0.00134021341527896,-1452.21302718993
897,0.0228891625831225,0.0157621486407442,0.00180998835837785,-1453.43961529721
898,0.0275394563261275,0.00531405805203615,0.00174164742587081,-1452.55417867001
899,0.0307134043612787,0.00385898276068711,0.00160822460740286,-1454.01634358246
900,0.0364302430038572,0.00498354213260555,0.00142622274358704,-1455.28683480313
901,0.0292465265386038,0.0120432340157908,0.00147234058095872,-1452.77847890975
902,0.0246019866988061,0.0100853537642759,0.00173846107979802,-1451.47305061355
903,0.0217483054799739,0.00742100683306573,0.00195167565906256,-1451.69769152082
904,0.021824597169064,0.00966955260232261,0.00175019915222259,-1450.83309066237
905,0.0258313459881185,0.00724771598228885,0.00193273496479098,-1452.10553420445
906,0.0250511173903313,0.0151923915145545,0.00153552663172663,-1452.3901700674
907,0.0153972631081542,0.0110972663385755,0.00145108768713642,-1453.88581581995
908,0.0207758558360614,0.0149544076420107,0.00134053106440679,-1451.4960708585
909,0.0234567749012096,0.014552435594789,0.00111797533446118,-1452.2708168436
910,0.0274065666389952,0.0107769724402662,0.00123051963379699,-1452.39021543857
911,0.0238157927950213,0.0162508063075019,0.00155010039177583,-1452.62269629496
912,0.0253858613939306,0.00564260640968733,0.00162119872309683,-1452.73316138445
913,0.0251281344139531,0.0148540980333728,0.00164884418966942,-1452.74670689437
914,0.0227602497109006,0.01079542155563,0.00158382537062275,-1450.95315008003
915,0.0246240125129725,0.0151467663304561,0.0011641074539429,-1452.2301625631
916,0.0190716996464423,0.0151701458437891,0.00157143626117414,-1451.64529378144
917,0.0194085938662999,0.0124130259604483,0.00176111424772328,-1451.04614076461
918,0.0222247011897396,0.0134115831537704,0.00118803023055454,-1451.85494683591
919,0.0319221290176278,0.0129252292783406,0.0009865230821681,-1454.78326592179
920,0.023245163848578,0.0125535182668535,0.00225704733713169,-1454.76640513264
921,0.0157953381103639,0.0126850448278108,0.0019540474251962,-1452.15873007322
922,0.017525732249528,0.00950848767070816,0.00180601536706898,-1451.48624380239
923,0.0253633994948993,0.00954541571880941,0.00158818038432745,-1451.56332331529
924,0.0197089204739384,0.00973179816585668,0.00227052927501619,-1452.26604596077
925,0.0244520447174157,0.00609113201532087,0.00224674962140758,-1453.62240989216
926,0.0287909869431122,0.00733104984447983,0.00148596736553962,-1452.58895338477
927,0.027005063229783,0.0123612047113215,0.00141811265345944,-1451.93273276839
928,0.0265762799320126,0.0115180703794352,0.00138312356001503,-1451.77686374624
929,0.0239409154747756,0.0126629831536461,0.00121515850905951,-1451.73829703923
930,0.0267865488071603,0.0112757083018331,0.00163951707367476,-1452.1639418622
931,0.0247336324969682,0.00986826996291614,0.00174235875580784,-1451.50140291918
932,0.0248076954871247,0.0113791983738041,0.00175197273174159,-1451.79654385209
933,0.0224396434547909,0.00806389921276947,0.00195640886570009,-1451.43869131134
934,0.0209228636494203,0.0107999770911078,0.00209243623026794,-1451.74252676482
935,0.0221285814862696,0.0109716824900259,0.00173201789401192,-1450.90522906795
936,0.018643009424362,0.0112724077514971,0.00181142639608049,-1450.94080562697
937,0.0213068605142476,0.00899626053272677,0.00189802559630266,-1450.96851428046
938,0.0188381755147193,0.0103924687440001,0.00214487648163883,-1451.64663229514
939,0.0193571323739646,0.0123521154932249,0.0012642027617242,-1452.25444474026
940,0.0197316123247067,0.0163775035588199,0.00125502242999112,-1452.20585562055
941,0.0203730212411298,0.0182915653112165,0.0012574478691734,-1452.86982895398
942,0.0222194755290167,0.0104538044937697,0.00154718239481193,-1450.98894760047
943,0.0236347667127612,0.00852430950236006,0.00166993353976442,-1451.31661866746
944,0.0220065464767625,0.0145533527358478,0.0014816081870388,-1451.32031468739
945,0.0147357372031544,0.0141612282424277,0.0017297367373008,-1452.76363888753
946,0.0262568249512694,0.0120296258248996,0.00150466576863958,-1451.76208033809
947,0.0244262507604665,0.00985387404854909,0.00127533192213394,-1452.33918706442
948,0.0269922495139107,0.0119554002741635,0.00172751779492016,-1452.77089533005
949,0.0204694523859346,0.0120425248034324,0.00141772213933609,-1451.1842934972
950,0.0254105658599451,0.0114292850044076,0.00134650629370138,-1451.5997529998
951,0.024725064945295,0.0111812400337993,0.00192565545058564,-1452.44511140172
952,0.0184931794834028,0.0110103626888147,0.00165624903607636,-1451.07818251141
953,0.0208592149988713,0.0129272483109631,0.00166020959597534,-1451.02083726832
954,0.0221385004856222,0.00606085359024314,0.0014725381029814,-1454.2633760134
955,0.0261192182913661,0.0107048059253112,0.00165887806281191,-1451.88800703899
956,0.0205373701118728,0.00691731928965041,0.00206722505266026,-1452.53967527173
957,0.0243621655682094,0.00543483687835156,0.00150422617126436,-1453.81656153296
958,0.0256002503513326,0.0133574241246016,0.00132835202345403,-1451.66394849364
959,0.0256888182842368,0.011966790172692,0.000952622844019191,-1454.19031940098
960,0.0280530500976497,0.0224385377038052,0.00094494630811079,-1457.00803811228
961,0.0220050817251132,0.0175516833346817,0.00188831726170859,-1455.1043220569
962,0.0137861115307997,0.0174789530009046,0.00164822935725086,-1454.69840516819
963,0.0240484253327483,0.014836477558558,0.00180173629489018,-1453.20258326688
964,0.0236189984174006,0.00578254221051159,0.00215347084916717,-1453.39100283613
965,0.0299955568808318,0.00495148149641415,0.00158508887850036,-1453.21751493361
966,0.0265623669434669,0.0115079925012218,0.00185271466407143,-1453.06657341706
967,0.0269962986440146,0.0136388242156223,0.00101738408736103,-1453.33191595831
968,0.0260512214019177,0.0130064014584502,0.00128289057108817,-1451.80008042418
969,0.0239918354008794,0.0129148229759337,0.00154532970408919,-1451.30910868697
970,0.0217139447663659,0.0107626023202557,0.0012460795682471,-1452.34192904761
971,0.0247977433267192,0.01204984141649,0.00120549067538909,-1451.93073818568
972,0.0252300366467007,0.0141426691946481,0.00143541821729955,-1451.76991755147
973,0.0232527820730491,0.0166037657931527,0.00151374340850026,-1452.54409311083
974,0.0169486585399921,0.0113272788183684,0.00149814087806833,-1452.32530444784
975,0.0293598554270666,0.00655561101021624,0.00158138282563467,-1452.63307630045
976,0.0219376438433629,0.0094157610487154,0.00161293412662041,-1451.0418292284
977,0.0224818649639362,0.0138231628062863,0.00151717437919857,-1451.19188430599
978,0.024054503779112,0.0165418822344118,0.00123715593988423,-1452.39536864933
979,0.019461878429934,0.0176838774916442,0.00174260720031916,-1453.63228064777
980,0.0233289750261452,0.00665118350863509,0.00171784489197073,-1452.08718585188
981,0.0251206937698401,0.0112569154187336,0.00131350240400408,-1451.67859591635
982,0.0168220223431907,0.0140861095623584,0.00155642244546972,-1451.90594948343
983,0.0161351802086047,0.0123038953673404,0.00148210795226828,-1452.60823165163
984,0.0306963136377268,0.0120799177017953,0.00126177582931064,-1453.15357174187
985,0.0337584253298807,0.0134461830495544,0.00107833703844536,-1455.12595248898
986,0.0360166870434581,0.0118099919963934,0.00128232383042398,-1455.39631178872
987,0.0270994509261846,0.013412262050419,0.00153819405578711,-1452.4655228922
988,0.0274258374187908,0.0125573117729388,0.00168911334448372,-1452.97927987
989,0.0232071617833151,0.0159661946124975,0.00168825433372864,-1452.92937021149
990,0.019875850877132,0.0151661161812349,0.00105261206456624,-1453.35138298122
991,0.028703788642094,0.0113034414940387,0.00128788361853618,-1452.4280441671
992,0.0338457650373899,0.00910591523978992,0.00145747795472807,-1453.97496848572
993,0.0242482962685847,0.0157914681515521,0.00156494456192383,-1452.55089567147
994,0.0195149294335204,0.0110638034021036,0.00195717997576247,-1451.09971698946
995,0.0238808264904109,0.00653313395392718,0.00165086158223816,-1452.25579444419
996,0.0250656076245401,0.00775641165091239,0.00188574511722551,-1451.79684184723
997,0.0265965678054997,0.00651049193737713,0.0018470848464559,-1452.12256701202
998,0.0250380038293848,0.0126355848197877,0.00114657686000199,-1452.19367798759
999,0.0209461418832099,0.0115593835814908,0.00224813438114684,-1453.03407574245
1000,0.0225699780826843,0.00596033265588856,0.00216515505443937,-1453.4768638051
