"i","asc1","desc1","pol1","p"
1,0.0177827522345372,0.0204262302599198,0.00228867729687696,-1450.58236717955
2,0.0296459734798661,0.0144833168375087,0.00226549235766619,-1447.01605337413
3,0.0183751228956888,0.0136478846778625,0.00186127464383924,-1443.41478613777
4,0.0244453737492327,0.0104600676962687,0.00155309687295313,-1442.3212919788
5,0.0222998647714976,0.0143942616914011,0.00130439159664435,-1442.71270087082
6,0.0295193707143825,0.015272034340965,0.00167137576318922,-1442.75429047476
7,0.0258150231644448,0.00867644146674628,0.00177745254837355,-1442.80227652258
8,0.0273345780135419,0.0159807865608543,0.00104286258686964,-1442.38013025788
9,0.0284501794944554,0.0236163819498209,0.000668565108298108,-1443.06125600233
10,0.0315552817643301,0.0212617531070313,0.000804692614674731,-1441.79923249788
11,0.0329896016453772,0.0239493319612289,0.000660678617068086,-1442.69840228977
12,0.0332045953095361,0.0255764756635963,0.000976302553639732,-1442.9963026753
13,0.0252022401484838,0.0242736713233371,0.00110064899329201,-1443.18266728736
14,0.0383073340396574,0.00524744442625934,0.00211443582368887,-1444.10754639263
15,0.0380295200773443,0.00826831835016174,0.00127604346332944,-1441.45857046049
16,0.046743994951567,0.00834457558556521,0.00132350861504546,-1443.05006270967
17,0.0421672850414504,0.00960166948719374,0.00121878134849052,-1441.39581785564
18,0.0341973349718084,0.018875535460775,0.00102514685727054,-1441.56951823275
19,0.0331830554511343,0.0225288511875358,0.000639316326674767,-1442.67646518232
20,0.0350997809369194,0.0210713839320681,0.000937487116685518,-1441.78203262604
21,0.0307426420812339,0.01813279755269,0.00120157180446331,-1441.84773724265
22,0.0354045834230963,0.0134062426213157,0.00139335282054442,-1441.78696200659
23,0.0340203570283646,0.0114938123202907,0.00153104263092026,-1441.65584793552
24,0.0423980514173365,0.00906678741533331,0.000856045176141035,-1442.88459037228
25,0.0373318065801087,0.0177618108524105,0.000737036818855488,-1441.79958782898
26,0.0448554903423099,0.0158460658055512,0.000998607519050599,-1441.98788447979
27,0.0487416256767848,0.0160601448836519,0.000838689483135979,-1442.26996731514
28,0.0436073077989257,0.0131986722080285,0.00117746930800733,-1441.84255179164
29,0.0367611003881534,0.00875076697787885,0.00173024696903315,-1442.06919556378
30,0.0301462984281988,0.00931205669656686,0.00166381078792865,-1441.68672905668
31,0.0303809610847314,0.0125484857160637,0.00131322513165547,-1441.50774849216
32,0.0289997484697891,0.0120652970089661,0.00209798061266205,-1444.15802725053
33,0.0262590023572021,0.0111283450619402,0.00202623207093492,-1443.11591522819
34,0.025024220085729,0.0108444802007256,0.00118096816045979,-1443.83888376086
35,0.0243212513123668,0.0166149326292353,0.00143574169070275,-1442.22763642295
36,0.0283282417657697,0.0135078068836067,0.00138506872161286,-1441.56005096213
37,0.0294179297854803,0.00957803432293118,0.0015326610638753,-1441.6487329009
38,0.0429106411636253,0.0132022681171694,0.00104604133007274,-1441.49615549061
39,0.0469949416669463,0.0101478209385037,0.00114700046905474,-1442.36048380966
40,0.0442513237561891,0.012372859248823,0.00116485120721836,-1441.72932816939
41,0.0332026087177958,0.0122321538253537,0.00120632180868946,-1441.46802118834
42,0.0335173700100946,0.0130618438681723,0.00150590241171793,-1441.89558244475
43,0.0292512165900955,0.014395926745481,0.00115408051343314,-1441.8088875439
44,0.0429657386666366,0.00902173311854202,0.0010130874426235,-1441.96537315717
45,0.045169988079529,0.0166207795293511,0.000906250954671286,-1441.99357366147
46,0.0334042536054241,0.0192154670528006,0.000678071542705904,-1442.37064448035
47,0.0398956872039444,0.0185166490740369,0.000833668638984943,-1441.7115048496
48,0.0422162538783361,0.0158222086637096,0.000885310185600743,-1441.56787747244
49,0.0450508269513556,0.0167881885177264,0.000965202729889991,-1442.1678702417
50,0.0396549795161298,0.0181846507151735,0.000854275656259891,-1441.63488198556
51,0.0370350705777919,0.0222631664738882,0.000690648524824732,-1442.4295929669
52,0.0478693436942221,0.0124118908005921,0.00141399794755945,-1443.92366457486
53,0.0230503628587275,0.018108925039334,0.00136249366135676,-1442.91182532666
54,0.0330002462488601,0.0072897826468402,0.00147198759809372,-1441.87251985521
55,0.0394763757047608,0.0149295877609092,0.00107452775142996,-1441.55725590965
56,0.0349662067747108,0.0201109756872158,0.00114332398318513,-1442.30835610079
57,0.0335334822357531,0.0153779103440594,0.00100283368699532,-1441.56088260056
58,0.0369062308671613,0.019275256840315,0.00120906590107642,-1442.73985481458
59,0.0389197255339435,0.00918361139736444,0.00107543983102752,-1441.82055967563
60,0.0382345694784968,0.0089695890523891,0.00144041004846486,-1441.34898305167
61,0.0329503938132859,0.010900665913562,0.00142264938272193,-1441.35679232211
62,0.0326156313525249,0.00558661410651887,0.00133531618977394,-1443.77294392267
63,0.0358422811172964,0.00988854453255674,0.00128193329084246,-1441.33663870624
64,0.0330154731879072,0.014370459218689,0.00086267162489855,-1442.37443843664
65,0.0490971710284535,0.0122148149567112,0.00121488668070558,-1443.27965900168
66,0.0376551908666329,0.0114183332170049,0.00144131046082253,-1441.67117160635
67,0.037809886587394,0.0118100567621578,0.00145537736940478,-1441.83249893514
68,0.0342539492958054,0.0148381386931714,0.00159904840893166,-1443.04242881912
69,0.0321745604976607,0.0113824102748411,0.0011931175685227,-1441.68910368841
70,0.0331361672256436,0.0189504460870281,0.000959101303509259,-1441.47551691388
71,0.0308793568632389,0.0179673278137437,0.00106927991176521,-1441.61993557995
72,0.0365940398019096,0.02008173628781,0.00119928168664372,-1442.88059254815
73,0.0354995755683687,0.016647843271163,0.000729273517630423,-1442.09072351002
74,0.0379412371173557,0.0155530086548716,0.000800355496765474,-1441.66970051486
75,0.0351156201567205,0.0226121722381512,0.000957810151414832,-1442.21052089691
76,0.0369139390639898,0.0214436406599308,0.000867698988151814,-1441.95954117788
77,0.0529418649406101,0.00893963742275795,0.00105440888259195,-1446.40657523058
78,0.0240072784371835,0.0325203144166486,0.00088693858379328,-1445.34370542991
79,0.0284328435219054,0.0301542698681921,0.00082722058952101,-1444.06625542048
80,0.0262328255901507,0.0218945852987103,0.000846774425464817,-1442.6411996142
81,0.0348033275409297,0.0248021115130151,0.000839331374885313,-1442.59101317242
82,0.0431211862862834,0.00917435326356091,0.00184481575847583,-1444.2103568575
83,0.0213808694249045,0.0139141247125032,0.00161572099998152,-1442.10491056845
84,0.0219014725371739,0.0154890445253313,0.00126996907696385,-1443.06560204528
85,0.0344929185798907,0.0186026552638861,0.000921936538082004,-1441.43661173969
86,0.0440062697615407,0.0202612897687715,0.000944925661364068,-1443.1185287964
87,0.0253697611040834,0.0138938437177533,0.00172480814340055,-1442.0495025053
88,0.0305228006130831,0.00821109006275805,0.00153955949062375,-1441.7952292378
89,0.0381851014654899,0.00464420307447297,0.00137136675490186,-1443.25866041276
90,0.0397543683423709,0.0188861698440379,0.000524018581920566,-1443.63467778328
91,0.0431589221963707,0.0146535899826629,0.0014666707416461,-1443.85341465431
92,0.0341808192066897,0.0099195147616275,0.00124516327912921,-1441.52034170949
93,0.0437206225102816,0.00868999629520207,0.00118894072136283,-1441.75592725416
94,0.0333040890648078,0.0159876492385275,0.000880443988163396,-1441.79848923434
95,0.0308507972988508,0.0289682114818355,0.000654679373267284,-1444.01150330961
96,0.0292131695611378,0.0282078013577487,0.000878044907021087,-1443.36572043126
97,0.0238903193849565,0.0262465534989872,0.0010115119011083,-1443.64446224669
98,0.0319531581822057,0.0285344548991751,0.000667122679778137,-1443.83863393587
99,0.0260293042038307,0.0253310059559248,0.000692068655692734,-1443.57741895682
100,0.0389744512890438,0.0182186969558658,0.00108046130626108,-1442.0973427073
101,0.0353010187582319,0.0157453813892991,0.00101446694489218,-1441.42485685223
102,0.0426097720085849,0.0129740339210925,0.00092225036243388,-1441.48303390822
103,0.039999875617141,0.0145508024683639,0.000944141118971264,-1441.43423118465
104,0.0397603672404219,0.0117727722741466,0.00104496697325502,-1441.46868060494
105,0.0386852443943409,0.0169116726111628,0.000716748492530745,-1441.90377484546
106,0.039648084891369,0.0188727437047528,0.000796063348735781,-1441.77614390064
107,0.028800003055544,0.0248217798822293,0.000591195124342366,-1443.82308670577
108,0.0312602287508892,0.0216808921563871,0.00120704223686483,-1442.68888943999
109,0.0307695627424046,0.0115255430755627,0.00162227199936113,-1441.73196720319
110,0.025700214757442,0.0109443527752052,0.001579421342726,-1441.89336504885
111,0.0394620054734149,0.0107052262433099,0.00110238910608393,-1441.43954707509
112,0.0511719552112953,0.0153125739005424,0.00117557301405865,-1444.32712862056
113,0.0387051628620408,0.0149241022148728,0.000809366863413529,-1441.67911700393
114,0.0390834276506954,0.0200644972266742,0.000745598503042621,-1442.01884586769
115,0.0368363414230102,0.0197527902456832,0.00102408430031929,-1441.9342638767
116,0.0322833271911645,0.021633220922448,0.000945847170434311,-1441.73410949541
117,0.0330298983444468,0.0185089272564876,0.000818236329795425,-1441.68600685595
118,0.0375189405647581,0.0137025464087345,0.000709700437665549,-1442.73847950662
119,0.0438467671105414,0.0078019827459792,0.00123196334571431,-1442.02961137819
120,0.0429859693794753,0.0116842484766191,0.00122168445455518,-1441.60630700098
121,0.0396502765072559,0.0118840780537382,0.00121054134496713,-1441.41382737571
122,0.0404090178594043,0.00732726168041322,0.00126469131386599,-1441.68739329239
123,0.0395976500717041,0.0169121934752881,0.00052616723799175,-1443.7279200269
124,0.0309594702071792,0.0150463489182962,0.0021500266897622,-1446.68964376496
125,0.0224511278263919,0.0118458956100652,0.001701381230968,-1442.08057373868
126,0.0197870035886715,0.0147740536555645,0.00166739296602232,-1442.76403334658
127,0.0288916523835106,0.0078209124112082,0.00211914508260907,-1443.76608056193
128,0.0346744779116424,0.00996551290847185,0.00159236739231859,-1441.60081088769
129,0.0363125242090734,0.013100248366511,0.00107884045967952,-1441.45649900195
130,0.0375408173971061,0.0091540441842358,0.00151876102898968,-1441.47843695348
131,0.02814977909659,0.00937763529724715,0.00162722037464274,-1441.87319552943
132,0.0394791998020323,0.00952448529904176,0.00118525007408704,-1441.368969703
133,0.0403071964880763,0.00353067345592559,0.00153368316989053,-1444.17461050382
134,0.0392247115783006,0.0086444414958372,0.00197065679078582,-1443.79960078539
135,0.0323591011350354,0.0061150972862659,0.00146079309805479,-1442.75148862809
136,0.0397951402436547,0.00977526657395093,0.00120271201312026,-1441.31731944801
137,0.0390013907161364,0.00791125578074744,0.00116207404040919,-1441.82724917918
138,0.031237701563822,0.0143166642051891,0.000940570258117269,-1442.36558077612
139,0.048939417572689,0.0115663673267703,0.000747104762700114,-1442.80420239311
140,0.0355074790400559,0.0288040466958427,0.000621222605377386,-1444.52736665771
141,0.0254183883077106,0.0340748796374307,0.000443731845658825,-1448.52370727909
142,0.0359532206537745,0.0376225666272922,0.000625366196376544,-1449.07865517909
143,0.0234920858019109,0.0190272584347261,0.00143902921653215,-1443.19564863884
144,0.0321742989025389,0.0107936339930934,0.00166206073420946,-1441.79666377034
145,0.0354059705918166,0.0119478163783276,0.00151267889124001,-1441.82302936144
146,0.0337799853256257,0.00829260216181403,0.00148231413680211,-1441.47537156333
147,0.0305209594432316,0.00820825895213759,0.00158673262619865,-1441.77555219274
148,0.0427815323917014,0.0102338282406436,0.000814519197961755,-1442.55960486202
149,0.0445145809216239,0.0162523193077523,0.000877805687512107,-1441.80610982293
150,0.0365321468770085,0.0162118492364466,0.00100087944395544,-1441.40941068649
151,0.028026247605756,0.0202068203123345,0.000952413522065049,-1442.00663864281
152,0.0309478696493013,0.0205474531892132,0.000694060916329527,-1442.46557273123
153,0.0323316173784249,0.0193494944180865,0.000844899939960128,-1441.62187273578
154,0.035825450431956,0.0245270692504514,0.00088467033966936,-1442.73306250243
155,0.0357374993358786,0.0138632215877101,0.00124298691130735,-1441.53251044211
156,0.0220485484842258,0.0161329217723841,0.00142980352856012,-1442.58912648052
157,0.0212664133483824,0.0192240498408039,0.00130071746884125,-1443.88819268194
158,0.026913314747019,0.0106617027163863,0.00192058718705412,-1442.59019973061
159,0.0297784920031577,0.00921063091787411,0.00179384644993676,-1442.02674787141
160,0.0292728270346438,0.00862488644520786,0.0013976953078318,-1442.21269063388
161,0.0469135843239631,0.0106023686292201,0.00108299565486482,-1442.16787877461
162,0.0417296256010793,0.0192481847260885,0.000726210694858923,-1442.21558439829
163,0.0379193276459991,0.017572270718326,0.00117971321324238,-1442.25593552373
164,0.0411840325670723,0.0161544738851648,0.000630935253325659,-1442.50829750532
165,0.0354273735252796,0.0237393493600918,0.000928459975338939,-1442.51415710267
166,0.0339642737848805,0.0193087190661842,0.000855477248478589,-1441.51483751309
167,0.0375816661627175,0.0193841346458284,0.000870714164750877,-1441.62973097054
168,0.0287373471611788,0.0256328167508575,0.000745599605401321,-1442.78127231286
169,0.0307197981855935,0.0230792006301679,0.000892722156084338,-1441.93187435925
170,0.0321154380761888,0.0154611708028693,0.000848068605160071,-1442.31220013004
171,0.0301713213429656,0.0263370861755458,0.000838798195280172,-1442.7113243274
172,0.0272821129144272,0.0202511236200349,0.000975299908703357,-1442.1483715021
173,0.0426847727172748,0.00962377767032777,0.000965216777240282,-1441.96139473287
174,0.0452142975571074,0.0140312455973897,0.000646830804896896,-1442.43095863863
175,0.0517800637978076,0.0185991076972791,0.000682080983209283,-1443.75000453414
176,0.0447208995990868,0.0206946041461576,0.000742260480347336,-1443.07387261406
177,0.0406693073581386,0.0133089136357682,0.000912282570051991,-1441.52915343793
178,0.0467042507044607,0.0130706526151442,0.00112990008987815,-1442.15912847467
179,0.0462557518848056,0.0144550101521241,0.00111670034266152,-1442.27034852688
180,0.0452899456373021,0.016881200203908,0.000785978095948534,-1442.02552345995
181,0.0461198242259681,0.0130181686928949,0.00147296959362291,-1443.85307581133
182,0.021161619084596,0.0148438998228271,0.00153673183683604,-1442.38145374428
183,0.0392268225456004,0.00704069786401633,0.00159660274169241,-1441.81588534857
184,0.0311048844310073,0.0119252097799599,0.00160298948971026,-1441.76344377022
185,0.024814082773922,0.0129359553367602,0.00151976319253211,-1441.70047608204
186,0.0349202637882745,0.0161647517627125,0.00135812982573135,-1442.32552672141
187,0.0355772078359108,0.011265944315734,0.00131739020222589,-1441.32147708727
188,0.0370810711400424,0.0110466947398196,0.00137932387237665,-1441.41210916446
189,0.0341991254068117,0.015097719346266,0.00143296678712587,-1442.25098131574
190,0.0268383985837826,0.0127469535183128,0.00154500232677111,-1441.62735647172
191,0.0280818730081059,0.00803148140329612,0.0018522056401907,-1442.66344129761
192,0.0314307177625885,0.00866110668882938,0.00191610601399305,-1442.47999573043
193,0.026971668705536,0.0111827181131573,0.00181134315403236,-1442.1634454774
194,0.0226205867678914,0.0143039824953763,0.00126214262636669,-1442.83688266442
195,0.027737623707816,0.0131854756397655,0.0015256029268523,-1441.62759873315
196,0.0304627364031082,0.0107515762291072,0.00165243973229242,-1441.69674535208
197,0.0322527546268969,0.0150555058869059,0.00132831262662087,-1441.69915963441
198,0.0260000516955838,0.0144616633869699,0.00114132827701757,-1442.4753311254
199,0.0383981201490485,0.0192932594484408,0.00138920830166211,-1444.3919445253
200,0.0320891211578953,0.0192717092839309,0.000719874954579194,-1442.22929069411
201,0.0372736352626565,0.020759117303708,0.000798545712860563,-1441.86559192552
202,0.0337467553575731,0.0123817468048767,0.0012627866673081,-1441.38648475392
203,0.0420892790350107,0.0158827597054182,0.000823104911764293,-1441.60651578533
204,0.0365787686047467,0.0164440048913429,0.00106330512479808,-1441.51260397034
205,0.0399153207311165,0.0177302222729851,0.00102008003722107,-1441.88183598604
206,0.0488748219356118,0.0170746023642496,0.000793333793663369,-1442.53026258822
207,0.0369789964446742,0.0164344523284381,0.000723036955979623,-1442.00487374133
208,0.0328917506212538,0.0180705274228735,0.000739594778797961,-1442.14928896581
209,0.0432171677369328,0.0159204915792245,0.000696206076736392,-1442.06703762504
210,0.0467659539449048,0.0147545584761691,0.000904581371735863,-1441.78485894961
211,0.0466708579912336,0.0155892783933006,0.000751745317197573,-1441.97589275976
212,0.0337410923894049,0.017647750109425,0.00167216534706573,-1444.74603236938
213,0.0198110970558153,0.0151292685200136,0.00138440139237756,-1443.46812971229
214,0.0330623331258792,0.0127826762084459,0.000992158588901511,-1442.13485703425
215,0.0406198623827635,0.0156361260568182,0.00082607794095471,-1441.54592534773
216,0.0428457670516078,0.0171542640910641,0.000633856198203005,-1442.50591856016
217,0.0378044348346347,0.0193841423336913,0.000889100436605658,-1441.65977326056
218,0.035080072205891,0.0189715219340002,0.000939218500983115,-1441.47585962457
219,0.0336157908849478,0.0127486731948572,0.00130958786311574,-1441.41913082291
220,0.0411040181884602,0.0124919214973234,0.00150460204643832,-1442.71762009402
221,0.0260152141731059,0.0167628614069785,0.00174576715090477,-1443.21857333564
222,0.0272249673314027,0.0172137016512345,0.000676852240364348,-1444.91049987671
223,0.0555249802007906,0.0163324264293885,0.000628713327627445,-1444.99700483328
224,0.0460889929754012,0.0177758135349032,0.000810366634101176,-1442.3341794429
225,0.048015591604309,0.0168390199696262,0.000940300531754291,-1442.55059786944
226,0.0348364541597963,0.0209482862357598,0.00122830278283825,-1443.04706158856
227,0.0245419084504545,0.019158699010996,0.00121191782648987,-1442.74050682281
228,0.0291304468998984,0.0191529087760102,0.000984911061167602,-1441.80782354228
229,0.029939071428502,0.0181090081268305,0.00124910013713267,-1441.96070589966
230,0.0366220032174147,0.018814397224859,0.000793006796080486,-1441.61138530153
231,0.0245456326513125,0.0197218523980045,0.00107510204832359,-1442.87411021624
232,0.0283950080971273,0.0240905757135871,0.000815447491913198,-1442.3493465841
233,0.0357460068920225,0.0243342667637051,0.000793115075482232,-1442.56184014693
234,0.0336319193797016,0.0173665070366471,0.00104786231695614,-1441.48716104392
235,0.0276182659391699,0.0183949138302602,0.00103008063268801,-1442.08230245753
236,0.0355804799560712,0.0139584832687177,0.000937264442018918,-1441.71028572616
237,0.0332838243295693,0.0121517721195324,0.00173683778372392,-1442.62811591535
238,0.0276757174961523,0.00948970575316892,0.00159282010627121,-1441.92610232057
239,0.0232643232932815,0.0159597709607155,0.00183171052734277,-1443.02241811856
240,0.0266746111686487,0.0112584659436074,0.00184882917765881,-1442.29683006088
241,0.0223561846834054,0.0124183788223247,0.00141193217133525,-1442.47669969469
242,0.0321722302920098,0.0158888911783052,0.00126851043370207,-1441.70009462749
243,0.0308190408867888,0.0148476443236607,0.00122484297102399,-1441.55528699843
244,0.0299541569485899,0.0161882621625559,0.0016425111599823,-1443.0166544509
245,0.0245567043447739,0.0115299027844728,0.00170044824986049,-1441.9369208473
246,0.0271081606157694,0.0121738155391189,0.00154128540936948,-1441.62265482403
247,0.0279821184503718,0.0154583391223604,0.00111602400424835,-1442.01736692476
248,0.0360341535235161,0.0121988527396448,0.00112565452214796,-1441.44331966182
249,0.0349282342759531,0.0179701440513699,0.000990122099534524,-1441.45074678068
250,0.0376268089280568,0.0133187510068091,0.00129789312251323,-1441.69371429336
251,0.0305663830734196,0.00945357207085758,0.00135736862255904,-1441.78752979925
252,0.031660001162613,0.0100733888971881,0.001928075362523,-1442.78037598126
253,0.0304248674332783,0.00867549230610838,0.00114792842304766,-1443.29758648291
254,0.028933393648678,0.0117388699571577,0.00169369230482357,-1441.88958925512
255,0.0239388729313309,0.0117210254512709,0.00152563303633401,-1441.99836568018
256,0.0272746308975503,0.013440882463223,0.00151229272616835,-1441.62645580357
257,0.0256308044778678,0.010235212030741,0.00160465861018519,-1442.09529513906
258,0.0207021626875511,0.0105088189057909,0.00197595974908947,-1443.55960177926
259,0.0237848126033329,0.0103922812688385,0.00153158115381413,-1442.57276263092
260,0.0349672380700716,0.00806813944178843,0.00144029981327092,-1441.48032548242
261,0.041075911456917,0.0107181741791473,0.00109959524849328,-1441.39867170722
262,0.0427654791321955,0.0104670188240868,0.00113912885699763,-1441.42470019929
263,0.0382890773394262,0.0133169028536457,0.00125870713605547,-1441.64841606503
264,0.0385851776962337,0.013358272861073,0.000925259764913746,-1441.59346265518
265,0.0378573064214718,0.0146158179482801,0.00107349321797819,-1441.45279732262
266,0.0308281303051832,0.0203838923863696,0.00105318451501075,-1441.7728818326
267,0.0297525944437106,0.0148141703913723,0.00117547223829099,-1441.67302434083
268,0.0256169726434602,0.0126773723665906,0.00146416481526702,-1441.70667932251
269,0.0395792688878924,0.00809605058522908,0.00128430078684501,-1441.42418750491
270,0.0391106730281581,0.0105147126851651,0.00112568218606909,-1441.41937185363
271,0.0327777065368811,0.0150072016782175,0.000584157242885684,-1445.01297938819
272,0.0422956366998818,0.0089146149486165,0.00174770990189992,-1443.18677075863
273,0.0406007224307372,0.00937144200768339,0.00200001955757279,-1444.6543075849
274,0.0334565084885549,0.00605347267965803,0.00117394063714967,-1444.18667108105
275,0.0353669108874373,0.00875966221163067,0.00194167213614346,-1442.98386882163
276,0.0331648900405713,0.00749575951971597,0.00189641901076803,-1442.43872478787
277,0.0330934353366936,0.00910615584500151,0.00182329148387102,-1442.1849824719
278,0.0391527035355311,0.00870004224795274,0.00136975259286849,-1441.30798199582
279,0.0374071545447898,0.00820077112020816,0.00121101359933646,-1441.70650903493
280,0.034277219394173,0.0189335155177951,0.000777701212764866,-1441.71411250682
281,0.0407735992336801,0.025175944496025,0.000604925361279173,-1444.23057960752
282,0.0312495329499866,0.0223011470132968,0.00090428381177296,-1441.79728675845
283,0.0347732225330355,0.0176548527902685,0.000905265515310487,-1441.42864817964
284,0.0458858516295481,0.0107405108078145,0.00106248737468532,-1441.85689841874
285,0.0368316481667612,0.0187287945186016,0.00103536952598653,-1441.76307394258
286,0.0279057356204523,0.0210328614362743,0.00121134557631554,-1442.52044434284
287,0.0297899221862901,0.015565890358871,0.00145073698248938,-1441.95426736237
288,0.0256719667569298,0.0181733409044773,0.00153399097357709,-1442.89002706083
289,0.0228769497406875,0.0168003033238437,0.00123738631879553,-1442.92814453603
290,0.0348322226267295,0.0142909641892141,0.00119223879675256,-1441.48055628698
291,0.0345499624903258,0.0127516554512231,0.00140959196492206,-1441.61908008805
292,0.0334362476076233,0.0111295809218139,0.00116070261841925,-1441.6743292417
293,0.0336529657515931,0.0115408916667282,0.00118765539709887,-1441.51856755321
294,0.0337786581640336,0.018588860229374,0.00122706960108539,-1442.20738146017
295,0.0316329632597947,0.0122766757102005,0.00151009252959106,-1441.60869131224
296,0.0222356828361721,0.012522437622796,0.00206233230293186,-1443.10653771044
297,0.0255770906918421,0.0116303850449426,0.00146935372760798,-1441.87607419404
298,0.028822978865981,0.0143513633284631,0.00168658322060376,-1442.41814298438
299,0.0228730697183143,0.0140590550761888,0.00169584004177,-1441.96051610502
300,0.024025935978617,0.0150596249381066,0.00124275741382954,-1442.44401677716
301,0.0418586517594431,0.0116818192031918,0.00115325115643411,-1441.41992168347
302,0.0354216410725159,0.0108925654702268,0.00127234928061848,-1441.31850687028
303,0.0330348491322985,0.0103817428505666,0.00151934023528721,-1441.42344551262
304,0.0301446097614281,0.00689025446392257,0.00155373178399762,-1442.5103372755
305,0.0379146007084633,0.00783536413571481,0.00148102107895751,-1441.4455540319
306,0.0320322049202045,0.0158579834272701,0.000699435669514428,-1443.33871322806
307,0.0294330717571193,0.0287529783336294,0.000767033595501221,-1443.55669381888
308,0.0234642597782291,0.0260246537543718,0.00123341868067474,-1444.63718714389
309,0.023980973678418,0.0203254965542454,0.00176969732518613,-1445.36571818928
310,0.0253237081622841,0.00945223594924751,0.00199727054948518,-1443.22753960592
311,0.0298857833958103,0.0108134495686796,0.00152048868454092,-1441.50935394815
312,0.0305511540075638,0.00856252351278072,0.0014748391653013,-1441.76099676659
313,0.042567917667403,0.0105228900843251,0.00080435558435582,-1442.51983624578
314,0.0479947740975572,0.0114955814148448,0.00124240873070233,-1442.91872301165
315,0.0364511396057323,0.0174073418779955,0.00118345834812382,-1442.04101064871
316,0.0266637716503233,0.0164883214086485,0.00116576768126805,-1442.06820287817
317,0.0394368708486088,0.00988659064809319,0.00131690134526883,-1441.2916629971
318,0.0425900435335646,0.0096174590856439,0.00109555603611825,-1441.54597196576
319,0.040792014389421,0.0126344278453084,0.00108750806338312,-1441.43104097465
320,0.0379698429195734,0.0172666236604185,0.000972895877705143,-1441.49551413262
321,0.0290579765262373,0.0131579402501891,0.00130524052957697,-1441.58873493261
322,0.0356869708267181,0.00812638188565546,0.00133735403391863,-1441.55168396495
323,0.0377302350743335,0.00899711819413941,0.00128684215640638,-1441.33537941439
324,0.0404530168661666,0.00646686478721468,0.00151361571632486,-1441.96632405284
325,0.0377023459630604,0.00547058475594356,0.00147017111758164,-1442.34335108856
326,0.0395076724205916,0.0132315375460834,0.000857155697059557,-1441.75700462337
327,0.0444766595878939,0.00967736032438094,0.0014794014856919,-1442.52632440814
328,0.0345240582780282,0.0145891695547905,0.00136277039232697,-1441.88108145243
329,0.0333528284174691,0.0120216594999712,0.000942811858167741,-1442.61597398779
330,0.0296962955840434,0.0189055355160087,0.000859081813870332,-1441.99046732214
331,0.0281658359322191,0.0213824962595999,0.00105272715018065,-1442.08672405098
332,0.0439488310469508,0.00860331882304138,0.00132625264769888,-1441.90737819187
333,0.034822855342228,0.012241406400259,0.00143933852009942,-1441.61257293773
334,0.0234612104684443,0.00958103614597524,0.00151635718104737,-1443.26141076937
335,0.0452162195975522,0.00834012138702813,0.00102251482719932,-1442.52936480288
336,0.0419118721996075,0.0187840102601927,0.000817641881276989,-1442.00787603132
337,0.036870577214925,0.0195340443586363,0.000780944875283438,-1441.70183997232
338,0.0317801840288438,0.0290462755672066,0.000580330163746199,-1444.55570174125
339,0.0347012677172538,0.0249917265585903,0.000598879627583062,-1443.39919173262
340,0.0285604580150791,0.0193955490042562,0.00152524203908099,-1443.51355220614
341,0.0286972879458236,0.0151512401303327,0.00156527363217408,-1442.13042937738
342,0.0263038210136834,0.00937800434556702,0.00169344161687401,-1442.26746285601
343,0.0337901110058435,0.00828782495213806,0.00136653406536207,-1441.62230700376
344,0.0408724603676022,0.00845932720815957,0.000942698239303176,-1442.68123793799
345,0.0408804582111788,0.00998355931898307,0.00138199377912843,-1441.48084515514
346,0.0463452667595003,0.0107863607410361,0.00107773787926702,-1441.96969349775
347,0.0364885057436881,0.0125296977601329,0.00132736325472646,-1441.52187151069
348,0.0341417930707914,0.0149126922379796,0.00112973241297348,-1441.47258404333
349,0.0310043290028462,0.0161065317388525,0.0014470044334818,-1442.1955434255
350,0.0354574041455754,0.0191011182075246,0.000544656557908671,-1443.61467791031
351,0.0414304077050917,0.0172014286790156,0.000939004566637127,-1441.74859169982
352,0.0316462973338134,0.0199421347663361,0.00107620285995081,-1441.76607297799
353,0.0355464804195149,0.0145224907954313,0.000971950799025812,-1441.53861021563
354,0.0402181316603717,0.0115077841465881,0.00104027288490924,-1441.47748053906
355,0.0314144193114524,0.0185624410782762,0.00103902931350043,-1441.58189086247
356,0.0340456044180595,0.0156249800275092,0.00165836295901079,-1443.72575070185
357,0.0348060147671073,0.00731901394508234,0.00118473627872251,-1442.66353496966
358,0.0345445412851215,0.0186308942087224,0.000975793604854246,-1441.47209559341
359,0.0379134485759401,0.0123920075314349,0.00131803007920121,-1441.57661165835
360,0.0298742427556929,0.0125289364604975,0.00187961112837155,-1443.02589822291
361,0.0318809617284141,0.00437927963194728,0.00177792850044552,-1444.08610008942
362,0.0316997152860662,0.0162490626927316,0.00117277121639445,-1441.59106847118
363,0.0377136404061144,0.0204663009532935,0.00129811398367502,-1443.97827537038
364,0.0301854418396171,0.0130454455199859,0.00105690108697984,-1442.3001343334
365,0.0432998307885057,0.0154977057392099,0.00120826588093425,-1442.6086220867
366,0.0410917530622719,0.0105195175262955,0.000994653805336958,-1441.68155111426
367,0.0343222124298955,0.022293147434092,0.000921706907510645,-1441.94549694254
368,0.0412755196861144,0.00899943336151343,0.00143194387959025,-1441.55578967998
369,0.0399371091562516,0.0129617898061957,0.000832544073250021,-1441.87830929101
370,0.0385351635284096,0.0178576779329882,0.000844264552373521,-1441.52348372791
371,0.027474757673288,0.024822515496515,0.000820583837918874,-1442.58277540323
372,0.0344719443026457,0.0240855978026253,0.00113759040313953,-1443.52987743682
373,0.033721828290866,0.0172351949682425,0.000975241733179114,-1441.4466744463
374,0.029416469888109,0.0250896822059958,0.000709879957643057,-1442.77625457046
375,0.0261705581198206,0.0236686757515966,0.000822574032440977,-1442.74143502945
376,0.038461549763325,0.0285327833399492,0.00069705255953111,-1444.78921907831
377,0.0393365747805352,0.0159504699945533,0.00108978161182647,-1441.72242684096
378,0.0370582584119658,0.0139972117348761,0.000826757382036286,-1441.94718637977
379,0.0438281984784402,0.0119453170138348,0.000872916623567536,-1441.67781521837
380,0.0313318980920821,0.012839609324856,0.00160297053431662,-1441.97684217837
381,0.0233613736290076,0.0147146771973867,0.00152702804217184,-1441.91428309476
382,0.0258889072103192,0.0158030690441851,0.00144502143419906,-1441.89884146587
383,0.0260649203332798,0.00931302753826721,0.00177384235386597,-1442.44502534624
384,0.0321826968461173,0.0103522799660766,0.00132239780481791,-1441.48598814861
385,0.0363603620854262,0.00819363288758447,0.00156394570797213,-1441.50867494576
386,0.0336841317045325,0.00563737772998869,0.00174360728775614,-1442.56613758542
387,0.0336914929887419,0.00766394318608778,0.00153075339099382,-1441.6172706687
388,0.0428352796991344,0.00684200905602171,0.00148697491438203,-1442.33682038941
389,0.0303714503644721,0.0178663591134415,0.00130362719323794,-1442.0836339333
390,0.0231226164529019,0.0143353064905623,0.0018188704022098,-1442.33451307527
391,0.0214935573642061,0.0135351636482554,0.00183409878257976,-1442.30066973629
392,0.0266487767900146,0.00778082433218241,0.00159234054137507,-1443.07122804306
393,0.0296902093967927,0.0132788405009613,0.00155899807055484,-1441.78840148271
394,0.0319850203552788,0.0123915728201872,0.00102438554958025,-1442.27749152247
395,0.0460745900563646,0.0118681288332303,0.00139723329230727,-1443.00742796159
396,0.037993280619234,0.00627302719166941,0.00125369800615717,-1442.38961111392
397,0.0406273361876935,0.00664822287073695,0.00144507453546247,-1441.85525859069
398,0.0370929485712438,0.0069933592031513,0.00136034657247089,-1441.76795723004
399,0.0411283107471065,0.00933454696701734,0.00114592882749117,-1441.44229561852
400,0.0399045244036574,0.0142572246134731,0.000873841992965477,-1441.53149705875
401,0.0343782484156877,0.0184985752424312,0.000975016216767785,-1441.45929782776
402,0.0327379515699212,0.0165308741024873,0.000956979169209321,-1441.58804001726
403,0.0443359449313822,0.0154037259829176,0.000915450376738961,-1441.67083917278
404,0.0474967346064671,0.0155221277229433,0.000952443146474918,-1442.12841255758
405,0.032721799984916,0.0159596078695255,0.0010458215911997,-1441.53303677059
406,0.0318311999517477,0.0153827305460619,0.00154704363024872,-1442.53008575335
407,0.0273147326635414,0.0184827334689053,0.000598700976988014,-1445.35176015358
408,0.047377537370099,0.0130845253654158,0.00115605377452618,-1442.43924961215
409,0.0325225066654834,0.0117408750276251,0.00112829356650551,-1441.8185611996
410,0.0396348375744869,0.0178551634643384,0.000872055895735336,-1441.59028219608
411,0.0354067109194336,0.0189883104685922,0.000665418375052338,-1442.29824584188
412,0.039304040438494,0.0182717765638037,0.000669681516635946,-1442.18162800945
413,0.0422951606223577,0.0202880542612152,0.000946740846696093,-1442.75348205781
414,0.0309350745647431,0.0240295299469268,0.00084294476946693,-1442.11684211328
415,0.0301317257035092,0.0198171314970132,0.00107397828740343,-1441.7812847212
416,0.0342623564604704,0.0130733987973777,0.00116783071378289,-1441.43872334222
417,0.0389770814870285,0.016689429162472,0.00150028564411182,-1444.22832489487
418,0.02836982783987,0.0139157827366187,0.00120658370195854,-1441.8211514131
419,0.0294558358402672,0.0154388590923554,0.000795533730922101,-1443.52538813223
420,0.0473138728009519,0.0137957994835727,0.00119951348435726,-1442.75342297629
421,0.0324793192341721,0.0136820159208586,0.00128377374368521,-1441.47519621707
422,0.0350208073809535,0.0135953009552413,0.00103077466955264,-1441.5758451411
423,0.0463741778880851,0.0103469455447604,0.00093662999212184,-1442.16396746573
424,0.04244954436255,0.0207559128101239,0.000903200029422538,-1442.80540887228
425,0.0239896663521075,0.0145689646946796,0.00210395988632833,-1444.02447597288
426,0.0266099851030748,0.0167833424307089,0.00220347429318494,-1446.82279952975
427,0.0257686497467229,0.0121791913995016,0.00210324845036932,-1443.65514728106
428,0.0253288991260677,0.0114629465190027,0.00233272896842074,-1445.19076500459
429,0.0197069539214819,0.00974804040558099,0.00247594799556278,-1447.07752465227
430,0.0202226706410162,0.0123634784438378,0.00149958934926382,-1442.90266674645
431,0.0307207469117464,0.011309856025265,0.00143746004127533,-1441.44439844585
432,0.0342824463941846,0.00537540581295444,0.00194130921457763,-1443.06455333367
433,0.0345305707689509,0.00422116702212198,0.00186716745561179,-1443.55873619711
434,0.0432919846195397,0.00793042206840531,0.000850533739351342,-1443.62006915496
435,0.0467671395508927,0.0201147025471053,0.000687154127217038,-1443.3567709342
436,0.0522751113483251,0.0159020685031045,0.00107881323972684,-1444.30379804586
437,0.0225891119740705,0.0146528863812064,0.00142932650505067,-1442.16837341817
438,0.0322929424953744,0.0111529648579971,0.00132020246233982,-1441.4167422351
439,0.028656718142061,0.0116406637934429,0.00145754922464996,-1441.5565947287
440,0.0390569140804841,0.00903651016172098,0.00126402841468628,-1441.31363321259
441,0.0284394770074773,0.0209971811985744,0.000706244388290572,-1442.87029665786
442,0.0320603744213772,0.0229379649265078,0.000992358307729366,-1442.09981830342
443,0.0342231769085932,0.022361122929639,0.00132431417851936,-1444.20393150304
444,0.0330734956430855,0.0100952043142718,0.00136241066490971,-1441.37492691428
445,0.0293771945383518,0.0128697284611024,0.00119895888013614,-1441.83884547464
446,0.0416990303478787,0.0170514423925571,0.00111483884182069,-1442.37703754368
447,0.0317693808506594,0.0212399684793691,0.00112447816205254,-1442.18655143497
448,0.0354321516186773,0.00819613351522967,0.00186593377377809,-1442.46890180152
449,0.0279215294915321,0.014992007895713,0.00148792516124,-1441.81299094023
450,0.0307791754030925,0.00989365363189785,0.00163596236964261,-1441.59849399221
451,0.0258045298860013,0.0125330362545849,0.00180394225833501,-1442.15790309384
452,0.0252604216173827,0.0138711785295016,0.00186836507583131,-1442.60233971125
453,0.0236159894866007,0.0135882725186198,0.00160756584854829,-1441.7698474513
454,0.0369393049903277,0.00437312850894423,0.00181510663231425,-1443.11226670012
455,0.0411374897873558,0.00682467330499103,0.00165090361750275,-1442.34857202189
456,0.041293184036165,0.00827133641275814,0.00127932497081564,-1441.45665444765
457,0.0329429981384981,0.0153820959335818,0.00113248385612927,-1441.50837560282
458,0.0418069031774853,0.0146044098266634,0.00137713408083506,-1443.00374545775
459,0.0225953993534136,0.0155417533157627,0.00175144202486722,-1442.54431018472
460,0.0221341817696701,0.0180733931143603,0.00189589419535937,-1444.65615329621
461,0.0169888476607744,0.00954212168181062,0.00191775691763841,-1446.99525616197
462,0.0297805693685432,0.00886430384985383,0.00169733167847802,-1441.82144495412
463,0.026189569112415,0.00940631530148189,0.00164032864870624,-1442.26585369565
464,0.0352068044557077,0.0063381553548456,0.00166983629832124,-1442.03162130572
465,0.0371667805672231,0.00584943186845513,0.00142110929878042,-1442.23419626829
466,0.0372608886877851,0.0135671929348053,0.00116257161696409,-1441.45572574516
467,0.0335292564324646,0.0142201189938907,0.00120098792868679,-1441.47275589215
468,0.0385292252080127,0.00777370757013299,0.00162946657326551,-1441.77421550196
469,0.0313921018579354,0.0114437467006475,0.00168632524786355,-1441.96341319925
470,0.0352563875683006,0.0124755936798512,0.00121413953386439,-1441.37875892248
471,0.0349307020392523,0.0131439563782404,0.00110442323252983,-1441.4829384332
472,0.0407343802678524,0.0134040691274076,0.000963369183582339,-1441.45541406062
473,0.0327945259796327,0.0138712918787537,0.00155822478557483,-1442.24626879505
474,0.0294096318917221,0.010819226472229,0.00126771357517468,-1441.98389121276
475,0.0381991598782001,0.0141341526720766,0.00139332628853668,-1442.34362205067
476,0.0211661385193714,0.012676514526722,0.00190961670662542,-1442.53599667975
477,0.0236618347143352,0.0138174674827761,0.00127530127869486,-1442.48827048163
478,0.0444337945277104,0.00688540276583834,0.00128440095479167,-1442.60972343745
479,0.0455320272788405,0.0164985246537608,0.00116518462949346,-1443.07724728176
480,0.0381239691440699,0.0176669941861774,0.000771649454183944,-1441.65295079456
481,0.0271695200662345,0.0257638291579717,0.000745000739750752,-1443.03827762237
482,0.0435300663249975,0.018645548164767,0.000853358227178611,-1442.23659799908
483,0.0310096265116184,0.0223904575396485,0.000886337741142816,-1441.81325575741
484,0.0313669956366005,0.0226734492794146,0.000926209818433749,-1441.87750018206
485,0.0337488120512976,0.0170992338920485,0.00093035105696237,-1441.48244113056
486,0.0418578973979628,0.0172745803363396,0.000965996484515641,-1441.87793138991
487,0.0381134063798601,0.0120276802699699,0.00137692533693953,-1441.66502724289
488,0.037991415542843,0.00984618700357774,0.00123940514193943,-1441.31398621513
489,0.0398974888881801,0.00928173666083603,0.00109160694775965,-1441.64472263686
490,0.0413965067051578,0.0119781701585317,0.00104238888762111,-1441.42442900408
491,0.0445582097167376,0.0106538124971921,0.00121424599285236,-1441.73915876774
492,0.038798501896799,0.0122245411546333,0.00100147465252715,-1441.559135785
493,0.0459640168557282,0.013156653038436,0.000859516168498249,-1441.63345297214
494,0.0412577452480904,0.0187340964832579,0.000765405064904683,-1441.97032527135
495,0.0329108160110302,0.0181477400435604,0.00113850380556987,-1441.72777409058
496,0.0307985895623979,0.0115645069165392,0.00122922157176964,-1441.73589405542
497,0.0348800522460895,0.0105216341309442,0.00126173256720528,-1441.36453367182
498,0.0284746120806465,0.0109278573890176,0.00179299282917399,-1442.10965168268
499,0.0267208886897767,0.0108599597383524,0.00182776678856384,-1442.22153176545
500,0.0299073113011996,0.0105098006811192,0.00164209951919891,-1441.65491325545
501,0.0309424616324328,0.0161407053924598,0.0015216230694114,-1442.52350414417
502,0.0336617262845453,0.0125431175879294,0.00160005270258178,-1442.140921883
503,0.0325032417920271,0.0111968690537037,0.00132533599994771,-1441.39542956215
504,0.0473309235340303,0.0108420595979785,0.00104657265165238,-1442.21727435435
505,0.034804787152176,0.014388312954418,0.00142322288025691,-1442.08364224573
506,0.029639825256387,0.011107795303417,0.00128558060858325,-1441.81290711607
507,0.0418147809813978,0.0178866450686952,0.000533129500675818,-1443.50521172825
508,0.0449064782259039,0.0185776680404355,0.000725346370821426,-1442.49170283795
509,0.0297464691490153,0.0214334545812372,0.00121085315547437,-1442.56890026513
510,0.0228219764665918,0.0298873031127508,0.00103499526869864,-1444.98198012647
511,0.0246801238716565,0.0171684891310296,0.000925051698336024,-1443.81876369609
512,0.0304634557229917,0.0266962879124167,0.000793791056525364,-1442.84582005361
513,0.0301020204748012,0.0271285126911546,0.000716551779518854,-1443.16192967237
514,0.0279891055435393,0.0185893878554529,0.00138326022883412,-1442.48222512131
515,0.029694944818872,0.0119365000961972,0.00167242898648791,-1441.89451095917
516,0.0314472590197297,0.0130481303604711,0.00116196983852377,-1441.66175477539
517,0.0308318931269585,0.0164542510462674,0.000988531037466409,-1441.78229274487
518,0.046836541855604,0.00768704120816027,0.00151102718278658,-1444.01563160657
519,0.0408005809430726,0.00845120420522352,0.00154255288172406,-1441.78098625928
520,0.032300790158775,0.0132317257566035,0.0011187384947415,-1441.66451778268
521,0.0431736583364975,0.00843935312184142,0.00136683811422461,-1441.8000341499
522,0.0498375377986798,0.0113804600318438,0.000989214091574934,-1442.96984351877
523,0.0511524045726037,0.0170947401500825,0.000793283436154104,-1443.06252261303
524,0.0315140802773814,0.0194589689471723,0.00126606703175155,-1442.39849357935
525,0.0294629477350393,0.0172988254526703,0.00112501736998016,-1441.73298275917
526,0.0310748212510374,0.0166538101858532,0.00105037925931587,-1441.63043869873
527,0.0273052631953618,0.0257861195337566,0.000677722986531064,-1443.41423633755
528,0.0338583872993363,0.026923389767886,0.00102742704150972,-1443.93625640464
529,0.0353752531274513,0.0227533072754813,0.00129427989218443,-1444.37698129108
530,0.0281118422911957,0.0194267562587585,0.00124877673428645,-1442.27006481979
531,0.0301125652701816,0.010877238391299,0.00170323999253563,-1441.84664840819
532,0.034161323582838,0.00845509551875356,0.00187755653494828,-1442.43843198725
533,0.0308345120014487,0.0141213834629143,0.00189831406073038,-1443.99342734522
534,0.0259953315204109,0.0127335325414296,0.00244560403171505,-1446.68245444361
535,0.0249423731766683,0.0124816011069252,0.00132856195955814,-1442.20282621709
536,0.0387177591923899,0.00796739027537068,0.00139663937331651,-1441.38646036925
537,0.0366630538536633,0.00826093894261292,0.00157699180835401,-1441.53845320757
538,0.0413873185802365,0.00748778734983198,0.00135291653809612,-1441.63959313023
539,0.0347206779749479,0.00736297386541793,0.00139700174661121,-1441.78406185285
540,0.0397731635271915,0.0101365543015663,0.00147398607450536,-1441.65656224299
541,0.025758175426267,0.0126826678361487,0.00171378543860951,-1441.88950251902
542,0.0243477038687439,0.013704042261911,0.00123781000796912,-1442.5174768981
543,0.0327605127030862,0.0194612623156323,0.00115840426379864,-1442.00843733924
544,0.0312478796810954,0.018555044440324,0.00107146124267154,-1441.6261804741
545,0.0300145136246273,0.0166092210549487,0.00123866709423206,-1441.71240536144
546,0.0318189563312346,0.0153077503171458,0.00133089699474401,-1441.72349572026
547,0.0258897418542311,0.0155000207122459,0.00153044217512623,-1441.95200954344
548,0.0276675725739228,0.0143375405449276,0.00165327040816338,-1442.12976591046
549,0.0213959281364374,0.0148446346677216,0.00150851705079574,-1442.35295643063
550,0.0296747194353642,0.00691196453816532,0.0021779982148984,-1444.24002940736
551,0.0332532333641464,0.005351176079182,0.00152097104242078,-1443.02370575002
552,0.0388265042217599,0.00690449089948423,0.00104509402517685,-1443.08174334752
553,0.0377067600420433,0.0171433995878895,0.000769258501437376,-1441.66892474519
554,0.043878187057869,0.0190751016679093,0.000559776397962942,-1443.42500777497
555,0.0310537713124226,0.0210476871672658,0.000678434855560311,-1442.53759908835
556,0.0372893844060126,0.0142608969003534,0.000848619386759438,-1441.7638628808
557,0.03357250675217,0.0222924949460769,0.000815471106103249,-1441.85740579153
558,0.0332612718762172,0.019623788358305,0.000974772072812693,-1441.53473881166
559,0.0365184066044756,0.0210177743708122,0.000700148407345323,-1442.14834283061
560,0.033444401151187,0.0196130236774922,0.000744271257839333,-1441.9005352808
561,0.0330165521905648,0.0224980425484484,0.00105708803386344,-1442.3042170174
562,0.0231753140601115,0.0133368126112042,0.00137012839679523,-1442.24371634427
563,0.0359491028432054,0.0103312228589057,0.000748943166823367,-1444.71407376403
564,0.0489191502746679,0.017905546829807,0.000613610642228516,-1443.26999932668
565,0.0405853135826317,0.0187666094136931,0.00084672194662301,-1441.83135566717
566,0.0450457056815289,0.0193590441036515,0.000940341143897099,-1442.97237658258
567,0.0430970782961016,0.00778662359458541,0.000925170575709857,-1443.09312997288
568,0.0425825756735952,0.0082494141746397,0.00145182168861277,-1441.87048749708
569,0.0297124330884629,0.0137935797603537,0.00120333897880403,-1441.67907513412
570,0.0338088000532325,0.016505615400842,0.00135994288486094,-1442.28082411929
571,0.0235516706841611,0.018555521323881,0.00157631682229592,-1443.35819081858
572,0.026067072324486,0.0162670350380269,0.00105090221550039,-1442.65727559213
573,0.0450388718871609,0.0138444253465167,0.000732210950532519,-1441.91275787346
574,0.0503627445979719,0.0131686614064739,0.000914361622783328,-1442.67545074431
575,0.042753362870214,0.014706751995723,0.00095237979223297,-1441.52475655447
576,0.0397500442052469,0.0204481153070026,0.000975848493190838,-1442.40067807789
577,0.0279633565042517,0.0229789729130718,0.000994446232779694,-1442.22126213044
578,0.0247650429038661,0.0169336379080338,0.0012517698605794,-1442.32505907427
579,0.047478262419892,0.0127621185690423,0.00112809158869318,-1442.32490595834
580,0.0392452888710533,0.0112508758130276,0.00115915095120666,-1441.35332558983
581,0.0356023981434278,0.0150391714248832,0.00106520646162731,-1441.43537316311
582,0.0440037286077883,0.0134563454126725,0.0010420647184777,-1441.57666381131
583,0.0351814584038943,0.0103067110565044,0.000918453237320568,-1443.09184551732
584,0.0368137411528917,0.0156291791490107,0.000890838446772464,-1441.47388616762
585,0.0301762217464732,0.0205304460960734,0.000800120773546917,-1441.97092468873
586,0.0393233289512265,0.0212896448735506,0.000703011546532029,-1442.42028247258
587,0.038369758671504,0.0148146171952258,0.00133574063517422,-1442.31712667157
588,0.0421537673523384,0.014558297334656,0.000737301941828695,-1441.89936731829
589,0.0427719919237387,0.0159407328451491,0.000754456520281933,-1441.80216191122
590,0.0363183703104346,0.0235623200315037,0.00097347722753237,-1442.77079949182
591,0.0310223072862564,0.0140033507363391,0.00148918424772979,-1441.82910514173
592,0.0251183157182598,0.0145842426502939,0.00149961029224452,-1441.75437641571
593,0.0231752656789563,0.0114652228053666,0.00182585059894358,-1442.27434677272
594,0.0360641644347713,0.00716553973666488,0.00102204365380596,-1443.75703996519
595,0.0379884314771637,0.0175221941463799,0.000797555966900834,-1441.57173935763
596,0.0454046952679649,0.0176442250150638,0.00069806307124572,-1442.41296836589
597,0.0488727562811414,0.0196223242960321,0.000657117685420014,-1443.62083160424
598,0.0340684197040702,0.022059949257754,0.00122489616941478,-1443.28442623469
599,0.0245292076471769,0.0132382857339955,0.00151351242143246,-1441.71172379061
600,0.0243828555674833,0.0131885041161443,0.00168081290939078,-1441.80791656026
601,0.0263940353990772,0.0132076724019533,0.00165630249286189,-1441.82586332339
602,0.0231617725443725,0.0102039095444831,0.00167408324927711,-1442.64780092553
603,0.0271589786352902,0.00973169467332709,0.00182687518953963,-1442.29368123137
604,0.0346823858421376,0.00903037026278119,0.00166196097278326,-1441.69250464261
605,0.0356125964110564,0.00719891474840375,0.00168544868929038,-1441.83355938989
606,0.0381898735364598,0.00733701809835299,0.00109694593213546,-1442.54320905441
607,0.0435498926160594,0.00823280481522793,0.00156420263314076,-1442.56460899653
608,0.0280291757508137,0.0120666206509236,0.00145789447090636,-1441.57585132038
609,0.0341910908082143,0.00860849669656141,0.00140119805929034,-1441.44960032769
610,0.0345136902517515,0.0172741754523764,0.00132581622240382,-1442.43279050942
611,0.0309843294162575,0.0142255519832379,0.00147801491410992,-1441.83907899577
612,0.025025745047349,0.0138624228197545,0.00135179967991434,-1441.89463777493
613,0.0216029474857193,0.0125976405296637,0.00183869093326361,-1442.27443639144
614,0.0257036074766131,0.0114377293378041,0.00200726317640136,-1442.99028175371
615,0.0277775678553515,0.0066408580645624,0.00192182941299494,-1443.76626000099
616,0.0430430509803514,0.00625832264150962,0.00179211142621407,-1443.81765933986
617,0.0242051297046873,0.0076660298296721,0.00193807893899674,-1444.52336276671
618,0.0326083750438109,0.0109417410057977,0.00163311426036418,-1441.75892313478
619,0.0331455343935878,0.00676909890741571,0.00164239839173907,-1441.99026138298
620,0.0376663543927723,0.00697145112266691,0.00150176067232208,-1441.63434893542
621,0.035064787969266,0.0138621076274703,0.00137607553049828,-1441.80712012357
622,0.0364684275175612,0.0106071594337972,0.00156497739649284,-1441.78181459547
623,0.0368183681504037,0.00645130003095273,0.00120027115948638,-1442.7332199219
624,0.0371382656606373,0.0161882228665217,0.000804296988676824,-1441.62782226303
625,0.0360622638908677,0.0268870103756129,0.000782370881591489,-1443.52670044487
626,0.0380215238682946,0.0160473466362766,0.00105891174298865,-1441.545532453
627,0.032128902419286,0.0121654601720845,0.00111856077621195,-1441.84082703483
628,0.0335998778241707,0.012738708089826,0.00125881778212919,-1441.40371901259
629,0.0278000586916822,0.0280017361345292,0.000819065237452303,-1443.30449326404
630,0.0288507785064358,0.0311573953638841,0.000606564901500431,-1445.11772585788
631,0.0288593741314003,0.0179135379441837,0.00072356771500858,-1443.34061594674
632,0.0488529156989881,0.0140803359540136,0.00118975477957579,-1443.23882502391
633,0.0415551594527901,0.0124576256665157,0.00102167552196026,-1441.43132454931
634,0.0432864527572176,0.0149251355863261,0.000896778122274383,-1441.53920844364
635,0.0345810478785425,0.0189083759017317,0.00109618524318486,-1441.80061661007
636,0.0298235988373136,0.0194245728123496,0.000996365805330748,-1441.70624280468
637,0.0389361291608973,0.0192433432975096,0.00101428051288419,-1442.07036717627
638,0.0272346923053231,0.0208026589275028,0.000934131362849541,-1442.19331758592
639,0.0401384935674374,0.0180299029041703,0.000967952969724845,-1441.81455872528
640,0.0524970316461171,0.0171771187916897,0.000502784343305702,-1444.70741008787
641,0.0488167486871011,0.0214795303498894,0.000811765997022286,-1444.38358718102
642,0.0464850837024278,0.0121496437003917,0.00158138334687928,-1444.46729956474
643,0.0340856006055023,0.0115964273596809,0.00126580393152638,-1441.36195419331
644,0.0370942635228508,0.00633084012003927,0.00172970732928581,-1442.1234522021
645,0.0347552835713723,0.0110403272515566,0.00132922692969235,-1441.31273530578
646,0.0404645614880487,0.0106459473862134,0.000954673820132855,-1441.86612433743
647,0.0462290879479959,0.00686836400025209,0.00113732679709047,-1443.46515095104
648,0.0344549821248395,0.0144270106656273,0.00134757188955664,-1441.79000280743
649,0.0353335638888763,0.00816657811905061,0.00171236044773975,-1441.83740979708
650,0.0345609733866232,0.00973312121485852,0.00122962871189605,-1441.55928520643
651,0.0450673034856731,0.0139697786040873,0.00124640876561781,-1442.54816227181
652,0.0369230661180908,0.0112978764302854,0.00118639565995933,-1441.35973645519
653,0.0415361172855705,0.0131978092011016,0.00127644347479373,-1441.97377824306
654,0.0378328865851382,0.00884563447907897,0.00179867882064117,-1442.53949863791
655,0.037011194657219,0.00888416236794267,0.000937384584156397,-1443.21906173721
656,0.0480193946914621,0.015029800275632,0.000685219824113343,-1442.30100382047
657,0.0494004587944005,0.0160279159202913,0.000638097876931467,-1442.82401440934
658,0.0286786541456929,0.0295528472905487,0.000634504341140315,-1444.39148543299
659,0.0271346892798569,0.0330021304236025,0.0011932265658889,-1447.30714127574
660,0.0244546895622059,0.0223858766025786,0.00112992202609975,-1443.12468814382
661,0.0327049940687684,0.0116070037916458,0.00128034135549464,-1441.41865726454
662,0.0306122229004134,0.00986552555274749,0.00173709788192013,-1441.8481295175
663,0.0324820938273188,0.010644162753505,0.00132525012121951,-1441.42549116914
664,0.0411816234432473,0.00912386201978787,0.00121044134556825,-1441.37352024914
665,0.0428576847443523,0.0166922821176251,0.000870366456687009,-1441.72912818174
666,0.042848378910886,0.018047842180637,0.000849864153751714,-1441.98184177007
667,0.034602479481416,0.0168006349334972,0.000887508555278857,-1441.5112224175
668,0.0429535972196592,0.0122382779815071,0.00110939838932848,-1441.48548257448
669,0.0280690445877433,0.0161093570848997,0.00105155161055318,-1442.14994045487
670,0.0477404078324146,0.00874612080672756,0.00113544722915648,-1443.09345859334
671,0.0361919965264441,0.0151262734541344,0.00106710076308228,-1441.43540281115
672,0.03387648393964,0.0184689898836566,0.000900203085982992,-1441.45590116188
673,0.0330096953967125,0.0229254052551137,0.00131138667859316,-1444.10038077236
674,0.031036691895592,0.00964160835885977,0.00161712744133959,-1441.55573758846
675,0.0345698228102634,0.0083720060472011,0.00149404973941297,-1441.42912423797
676,0.0337246322392096,0.00824203597614514,0.00191774679410412,-1442.57535678652
677,0.0364946368865512,0.00768407886116017,0.00169071864975989,-1441.82974470177
678,0.0364184126017485,0.00657834660903722,0.00149789547324088,-1441.81938632039
679,0.0403716394592412,0.00994559562370683,0.00151923535887706,-1441.83803975438
680,0.0315278951575565,0.0175039035541964,0.00121722532675878,-1441.80509954563
681,0.0294575887709441,0.0135232160742422,0.00132677331229017,-1441.53490875914
682,0.0333784822197822,0.0201356108799954,0.00140121575452175,-1443.71575911427
683,0.0277150938171704,0.0212369683252326,0.00119043878245887,-1442.50317942835
684,0.0328908512708092,0.0100150961275356,0.00168248519902144,-1441.76961438342
685,0.0366771277765104,0.00958055383455051,0.00145267106015961,-1441.35478413964
686,0.0332137847063889,0.0134618880738906,0.00145191515567592,-1441.78388157077
687,0.0409482522533102,0.00589878684156115,0.00167765601487225,-1442.64853425087
688,0.0328805663319222,0.00894338653764011,0.00132976083958149,-1441.63861214361
689,0.0371003238352632,0.00920272930012575,0.00118373254996585,-1441.56993141323
690,0.0441131011173014,0.0139591674066023,0.00113375511592627,-1441.91991380351
691,0.0352273508754962,0.0131507260675184,0.000875001872902589,-1442.24749302368
692,0.0526016802630325,0.0197246645200174,0.00103913969005117,-1445.55139804101
693,0.0324920861855087,0.0151699533194688,0.00112634608578615,-1441.52514280947
694,0.0373239884645434,0.00954922827257891,0.00132131394095542,-1441.28105265532
695,0.0354449173139186,0.0100463820153999,0.0016756602174026,-1441.97242723411
696,0.0325400061967095,0.00633107840594683,0.00142185071584003,-1442.66969757637
697,0.0368176143756302,0.0102322824654294,0.00155955094990836,-1441.71092672114
698,0.0222052822009128,0.0111776717124631,0.00185510654982927,-1442.54669664584
699,0.0221214538463016,0.0107270728003824,0.00160384290986068,-1442.70357608171
700,0.0409835324827874,0.00822669890165739,0.00100631507764409,-1442.34083968561
701,0.0366718977639626,0.0110753622905624,0.000981376457918752,-1442.06685283062
702,0.0505387913553917,0.0108650406561368,0.000803956316852926,-1443.5466452376
703,0.0377568875282936,0.0236710966375699,0.000639625563737749,-1443.08193744906
704,0.0308317780123259,0.0220039184466978,0.00111052133340805,-1442.26546538691
705,0.0294348791905147,0.0100529488014798,0.00141396457010133,-1441.70746378508
706,0.0390415926891778,0.0104666690289534,0.00112760646617005,-1441.42186897703
707,0.0430722931774956,0.0112350016208022,0.000889473668571718,-1441.79803063942
708,0.0483203930134879,0.0126415405110811,0.000804658193914869,-1442.14016936939
709,0.0462833317160685,0.0144961292198283,0.000882373832384929,-1441.68157912107
710,0.0463254530772179,0.0123242411644418,0.00125024477228893,-1442.44310816423
711,0.0377097007823953,0.0119955757425619,0.000800688921053224,-1442.7122540586
712,0.0354334355938311,0.0181980347824489,0.0016001617830511,-1444.88249724077
713,0.0318140259972837,0.00866249115229313,0.0020194575559065,-1443.04343720644
714,0.0271160842826664,0.00918685452525589,0.00197094368061249,-1442.9378887394
715,0.0257285838743746,0.00931049390742083,0.00202390216664662,-1443.33494338966
716,0.0253760491085779,0.0114217383501699,0.00126979163478845,-1442.75769704114
717,0.0236896799681317,0.0120261973711776,0.00166355894484356,-1441.87799464743
718,0.0244790812999554,0.00923661296839101,0.00149141376058648,-1443.18145638441
719,0.0422627889905902,0.00672556668858717,0.00140603576544051,-1442.09455879865
720,0.0365070266795656,0.0129528670525292,0.00120820313555634,-1441.41773762883
721,0.0325343695333843,0.00967036255635337,0.0017229858222158,-1441.83469214467
722,0.0460388696890707,0.0117174455908618,0.000744407104370564,-1442.29139310395
723,0.0423473809983269,0.0126941151222402,0.000655592574554766,-1442.8599631707
724,0.0472629980907273,0.0118622002046976,0.000861651621808568,-1442.00149896476
725,0.045411014798699,0.0171295196153595,0.000991578885368807,-1442.41527509458
726,0.0493902429807364,0.0237496952613346,0.000622576289918078,-1445.69166952531
727,0.0354839862162145,0.0211738025906616,0.00100127392403156,-1442.01921146191
728,0.0302877921249932,0.0211534526599226,0.000973138944051671,-1441.74447022147
729,0.032995354875315,0.0246445870957983,0.000688077071419894,-1442.67311523986
730,0.0322568876758432,0.0213672817184071,0.000687349562606751,-1442.31800553349
731,0.0225173043911327,0.0207898536437413,0.00124331120818525,-1443.69958873453
732,0.0273319376860813,0.016837726939923,0.00128728938239531,-1441.89469110018
733,0.0461423849863533,0.00872458051854016,0.00126187318394098,-1442.52846014274
734,0.045089660378854,0.00803054152760857,0.00124433913796208,-1442.32251245239
735,0.0379431838707562,0.0132410989593086,0.00124521439218462,-1441.57749510495
736,0.0247923887380195,0.017558407321796,0.00111232384000706,-1442.70942155109
737,0.0364458267557674,0.0237782016045322,0.000915141423722565,-1442.66282316982
738,0.0292480642479385,0.0160275290865592,0.00142187842617417,-1441.94199275582
739,0.0308578308993816,0.0112388138819984,0.00177108394452976,-1442.21370195624
740,0.0188116851455164,0.0134549227451865,0.00211332068992073,-1444.08255459177
741,0.0186873565997561,0.0108401424445637,0.0019533826032328,-1444.21034093432
742,0.0188844990249821,0.0115542916992406,0.00200282058383343,-1443.83060182455
743,0.0271678412524616,0.0103861074471859,0.00176270877877959,-1442.03773867405
744,0.0341106928304634,0.00632590787571521,0.00179692812162694,-1442.31721877329
745,0.0278378933959273,0.00523952523322206,0.002089975549522,-1445.65670425921
746,0.0315872702375851,0.00464637143803665,0.00193213850169977,-1444.08531847456
747,0.0378991448742435,0.00881862740963961,0.00227382906199855,-1446.01476240587
748,0.0296930735457787,0.0113859566239899,0.00170764913681152,-1441.91877166024
749,0.0189055058689886,0.0137194903268294,0.00186759131095253,-1443.15964300389
750,0.0225445904289066,0.0123365817392322,0.00162480239965135,-1441.95373180313
751,0.0309423587344139,0.0093192771858613,0.00149221187735789,-1441.52462137035
752,0.0311040963401803,0.00764488797784625,0.00176676060846189,-1442.06730973044
753,0.0349452106283363,0.00743090721364111,0.001313435078699,-1441.95784437108
754,0.0343609183002151,0.0126332096105123,0.00159474294127231,-1442.23495838906
755,0.036899725999702,0.00769681911793609,0.00135078197991516,-1441.55098309329
756,0.039208449177988,0.0123078415444268,0.000939817519460746,-1441.68852132313
757,0.0428093195143241,0.00857654412241058,0.000693892313419703,-1444.86850733004
758,0.0464032036472446,0.0289794881837348,0.000662427908387264,-1447.47277502731
759,0.0266223348539191,0.0162904864281554,0.000882032581127944,-1443.55020870429
760,0.0323968828622847,0.0195528466549141,0.000851617137983252,-1441.59678120976
761,0.0323241474820855,0.0194179056718216,0.00116476931769251,-1441.99842556289
762,0.0364886189819169,0.0175304394995223,0.000935120849433903,-1441.41100637244
763,0.0428848299897131,0.0183880840626455,0.000926024344434579,-1442.19839917596
764,0.0377531046036719,0.0218761230327797,0.00120412525909464,-1443.8316949488
765,0.0375905345719861,0.00920738789761468,0.00130742346054851,-1441.30022445043
766,0.041224163463973,0.00718876845278765,0.00133067036717226,-1441.71801333397
767,0.036904503605676,0.00815125432679675,0.00138647473849196,-1441.40247653173
768,0.0351577002041104,0.00812681244386112,0.00166798850491017,-1441.70197376707
769,0.0330579245297798,0.00868371690450666,0.00134908972221034,-1441.63410614364
770,0.0330902195587849,0.0106203750607659,0.00130794004339376,-1441.40409075128
771,0.0387473579245714,0.0129496721855209,0.00076769572699094,-1442.37911509916
772,0.0408320075780355,0.0159178695894622,0.00112370267147917,-1442.00330424559
773,0.0334186318019798,0.0163576852374515,0.000982374534934475,-1441.50702281322
774,0.0363176536325161,0.0181934175567994,0.00159011049063797,-1445.0344003485
775,0.0208799630637542,0.0156643729897974,0.00140118682373025,-1442.970057308
776,0.0306119148997045,0.012032227676993,0.00120269142405538,-1441.77678198044
777,0.0407318190954314,0.0147835587514206,0.000772202909270164,-1441.75905788933
778,0.0387292972023054,0.0185734423756474,0.00131959654863025,-1443.61211455773
779,0.030097346495573,0.0100542754382003,0.00175822715791948,-1441.92877880096
780,0.0308404493647305,0.00815373818125273,0.00192944167867499,-1442.55645027745
781,0.0213179829408558,0.0127530251046964,0.00191027523133446,-1442.51261894431
782,0.0217503675822544,0.0160587084522327,0.00175224040488533,-1442.86098906598
783,0.0232054189459997,0.0136944773844485,0.00206119360821397,-1443.32426599725
784,0.0203639631210397,0.0135404148760578,0.00170419380629677,-1442.35297208619
785,0.0247866628332565,0.00951263817562008,0.00154115356498174,-1442.73897109479
786,0.04526300662598,0.0115419201702274,0.000622353329728187,-1443.327991532
787,0.0455492185531434,0.0132314010960705,0.00103365822522521,-1441.68824690245
788,0.03156435346466,0.0147292880797715,0.000933907209197681,-1442.20630896653
789,0.0453530701255656,0.0171570335228589,0.000596505222819436,-1442.92870868486
790,0.0326395631320074,0.0241255437812895,0.000905604210041061,-1442.23925338263
791,0.0294265889572974,0.0217080966515128,0.000801423835804749,-1442.06033022484
792,0.0335581243605649,0.0171445250067235,0.00121586114055865,-1441.84287367702
793,0.0340401315974833,0.0228659604070239,0.00119371713245651,-1443.36033407126
794,0.0282501590056663,0.0123279137356332,0.00151959448228954,-1441.57847218403
795,0.0324330980726836,0.00957410313311356,0.00146674804898355,-1441.38940125734
796,0.0388560548768595,0.00820413136388675,0.0016447717458652,-1441.86795778415
797,0.0394317602011126,0.00951990661392553,0.00178222430549492,-1442.8914862385
798,0.030005788919165,0.0117180264884727,0.00134821667807871,-1441.53892090048
799,0.0350126832898047,0.0132257519822223,0.00108011043945789,-1441.51323421691
800,0.0454527086398371,0.0104330789684828,0.00129429106529868,-1442.16559100753
801,0.0421245852669182,0.00771738579622566,0.0012776926950302,-1441.68911071986
802,0.0322714761615627,0.0203270002578772,0.00078594099387192,-1441.79018277562
803,0.0357955148175261,0.0143692415151667,0.00151199378427986,-1442.64226802859
804,0.0209694115374541,0.0168225481545831,0.00184932732967358,-1443.73954541841
805,0.0231523767880956,0.00872538910173334,0.00200087005808881,-1444.18967993759
806,0.0227366961435043,0.0105384474896063,0.00217716124222065,-1444.0523817468
807,0.025378680401498,0.016892351986285,0.00190926120064936,-1444.17880631903
808,0.0227099218043532,0.021714346499074,0.00140690752435957,-1444.30673964761
809,0.0263002848302746,0.0120936722389736,0.00155313628501807,-1441.66715036054
810,0.0278628407451252,0.0117179712339009,0.00149990855781444,-1441.59595569584
811,0.0329820448227668,0.0134937657610786,0.0012048430913532,-1441.45974975319
812,0.0371782186560557,0.0101548876551275,0.0013218896716073,-1441.28139223605
813,0.034953588131046,0.0220218230460345,0.000541090801784666,-1443.61038602646
814,0.0329690067636306,0.0210649159852921,0.00109672788767646,-1442.10752675988
815,0.0272914645113453,0.0176183493977415,0.00115413930749643,-1442.00501139389
816,0.0333208425097882,0.00680866778035224,0.00103859391620553,-1444.80831246305
817,0.0434826326349533,0.0139931085332697,0.00100378156127358,-1441.54490674505
818,0.0409435526142867,0.0120146155641842,0.00112684772746228,-1441.40626212023
819,0.0443088284773512,0.0120988937582864,0.000685520598192863,-1442.5771723252
820,0.0469291315410984,0.0222550438138369,0.000573198256796228,-1444.66678811602
821,0.0460614792011429,0.0145572065669249,0.00108309638391808,-1442.12191094808
822,0.0377124917428225,0.0198133126899481,0.000424915973743207,-1445.4712816064
823,0.0364389705532912,0.0269851558431898,0.000930262367896455,-1444.03418159724
824,0.0278400400537515,0.0167300648833075,0.00169599732003195,-1443.18725660973
825,0.0276766166251608,0.013852997660707,0.0011813159992732,-1442.02592650626
826,0.0414736040286244,0.0139911722232923,0.0012055252452311,-1441.92685570485
827,0.0466095381243377,0.0115448705986781,0.00121484848172868,-1442.30661407033
828,0.0296349836972531,0.0194984154212326,0.00151610969288972,-1443.62943869049
829,0.0236732995853982,0.014839899113515,0.0015608783155029,-1441.91267392282
830,0.0288791458046051,0.0123689603938679,0.00117221845293733,-1442.13288338063
831,0.0315886494101478,0.0177141392494877,0.00112736200665745,-1441.6429021265
832,0.0414413527750863,0.0141433995091173,0.00126791138550029,-1442.21441085869
833,0.0388463969809365,0.0101629034700468,0.00158996740585132,-1442.00624431069
834,0.0268609635122716,0.0078925395235317,0.00167935235567045,-1442.8416745961
835,0.0419456850296016,0.0068156279269728,0.00136661629853719,-1441.9685696744
836,0.0414390004685893,0.00960373148747078,0.0014637682673793,-1441.7235124692
837,0.0355369925560709,0.00805367246372003,0.00155212984860012,-1441.49599086068
838,0.0379982673824811,0.0122656804882722,0.00132558930484508,-1441.57515514961
839,0.0338411148855276,0.0103560027402682,0.00138302619510669,-1441.31689102256
840,0.0221540225133812,0.0105849180007442,0.00197824337598042,-1443.16630207608
841,0.0177905585974734,0.0120147371773067,0.00189551898541267,-1444.07023327728
842,0.0212223489032872,0.0118261212108044,0.00148216143691319,-1442.76633138355
843,0.030698635807475,0.0103065851734657,0.00154849702252599,-1441.48910190081
844,0.0282288902364284,0.00992925572329516,0.00140106365189946,-1441.99568355356
845,0.0349486925631607,0.00986671330129908,0.00137673578165297,-1441.29931744874
846,0.0426271600943836,0.00886227215798693,0.00139880462966299,-1441.70912133505
847,0.0348600949747334,0.00880125206798282,0.00140729951561707,-1441.37488679599
848,0.0402796724978258,0.00912879433357156,0.00170183051354297,-1442.47377968004
849,0.0435936567615664,0.00846928341843421,0.00135684712893375,-1441.88525838551
850,0.0417780709458288,0.00804542652692353,0.001508300407748,-1441.8634051765
851,0.0292506209559278,0.0126166806543327,0.00121492756190037,-1441.84246474889
852,0.0369462122706702,0.0127158128477714,0.00131436494171258,-1441.55923467462
853,0.0395757405132061,0.0132677512122471,0.00107630240764288,-1441.43890273129
854,0.0374562198845908,0.0125183802245338,0.00114208222765,-1441.39472801402
855,0.0470558742153976,0.0107726166197951,0.000672313645889099,-1443.2965611612
856,0.0449534488620434,0.0154759570434316,0.000518316811818722,-1443.72461256679
857,0.0480141026319435,0.0149203219136781,0.000555503763537481,-1443.29003072447
858,0.0389592258973943,0.01824358353014,0.00122977954441458,-1442.91640615355
859,0.0328242945869091,0.0154030149361007,0.00141647516666223,-1442.09408135787
860,0.0258126003999134,0.0133436458772868,0.00142040239256816,-1441.69433346077
861,0.0273360858516871,0.0127531523039458,0.00143946452490095,-1441.59473611381
862,0.0415733924673042,0.00729853396051973,0.00158303196365482,-1442.13827028716
863,0.0313983088372611,0.0107137915447573,0.00149498039807429,-1441.42945979909
864,0.0458607952839622,0.00976680792108967,0.00131210695622172,-1442.3709266149
865,0.0280198890468732,0.0120211083328803,0.00139688993218981,-1441.63468362064
866,0.0296793656447938,0.0125211986087521,0.0012014239404963,-1441.84054196505
867,0.0282277855412838,0.0171421957289138,0.0011744179482522,-1441.84030260426
868,0.0292625078709525,0.0167107455144673,0.00127307996060494,-1441.77762312025
869,0.0334819214727671,0.0090826422458617,0.00193738418301038,-1442.79294804869
870,0.0260696896672639,0.0101064006322052,0.00136524030722148,-1442.6295498531
871,0.0311560648024007,0.0130778787909899,0.000928868872273539,-1442.89632527794
872,0.0446062893684878,0.0166648638853634,0.000968923559703277,-1442.08770699707
873,0.0288231763860796,0.0167812273939681,0.00179931522599264,-1444.06201962409
874,0.0280966291715002,0.0145640860582777,0.00134881983975257,-1441.61606453594
875,0.0282526259666851,0.0136093188939324,0.00133339965249726,-1441.597614065
876,0.0270256518185216,0.0164619030728331,0.0013999872233898,-1441.94790124605
877,0.0445852899314141,0.01401790614533,0.00131503804562844,-1442.85182602492
878,0.0311031753360326,0.010072924237533,0.000987916440055258,-1443.76098378243
879,0.0491785656545343,0.0152716650670138,0.0007318421399249,-1442.328220691
880,0.0361384430228066,0.0102983474435135,0.000776719542271947,-1444.32500306314
881,0.0448196821677763,0.0123214981688619,0.00105517818075626,-1441.58327561865
882,0.0428248896676123,0.0118716000793003,0.00103124114847816,-1441.43749164144
883,0.0417975618144505,0.00835024346419107,0.00188667769354842,-1443.84478565395
884,0.0430408852280125,0.00746927877128722,0.00105778592379372,-1442.47220746691
885,0.040745064729224,0.0164237554006983,0.000945675247693706,-1441.5728393439
886,0.0404781573684225,0.0146010480567251,0.00104314942761258,-1441.52525500638
887,0.0459346827048846,0.0126322765716961,0.000867308509533096,-1441.66809988527
888,0.0426430173849662,0.0144789792446076,0.00103474353897853,-1441.61904480498
889,0.0490881876653936,0.0109688997621652,0.000798787695582113,-1442.94118814156
890,0.0473422567270786,0.0116438399054957,0.00129562706266585,-1442.90383401956
891,0.0439209312793923,0.00859465050094473,0.000602270633925772,-1445.97287828439
892,0.050488371895932,0.0176558091529371,0.00102881428043071,-1443.84645053372
893,0.0359855411782964,0.0130630340994779,0.00104657871756183,-1441.52833440431
894,0.0395777574119727,0.0108606103580889,0.00134005157266986,-1441.43942511259
895,0.0369820779153942,0.00854697602784518,0.00110935078328718,-1442.09952860916
896,0.0406727030578328,0.0144558177270412,0.00100837045343874,-1441.47560363284
897,0.0410255453264571,0.0121404399851987,0.00109531984382516,-1441.4085561185
898,0.0361669739080358,0.0156932401262693,0.000988274641647598,-1441.40653875671
899,0.0442264966799409,0.0204137686772043,0.000543535821839085,-1443.87885942748
900,0.0313285856155861,0.0207778021417002,0.000629457319035044,-1442.97158220943
901,0.0401251579055479,0.0182027846014208,0.000844518146019744,-1441.68323462219
902,0.0259626010287469,0.0146944358199432,0.00130573064717124,-1441.84696322902
903,0.0334968869842272,0.0141981515773913,0.00122296996460338,-1441.48192750267
904,0.0242777658595852,0.0183022938695379,0.00129532556844684,-1442.64399463005
905,0.0302277809858005,0.0152782302918952,0.00103389233653009,-1441.92892356448
906,0.0405185799575792,0.0211884568559347,0.000718500962595181,-1442.50861690804
907,0.0262705674267772,0.0314288991866276,0.000776389268622925,-1444.67992998991
908,0.0237952041712047,0.0324078534080988,0.00109532425823309,-1446.15004907445
909,0.0227710598618448,0.0257333998960221,0.00122428465921575,-1444.67211425906
910,0.0315994591057258,0.025467957730786,0.00104408914148324,-1443.06688942281
911,0.0268896691588643,0.0159386622660644,0.00173614972247724,-1442.91906111443
912,0.02703944141435,0.0101446648186756,0.00186833362082234,-1442.39394949802
913,0.0423377002531293,0.0103251568282794,0.000655407904751884,-1444.04276717454
914,0.0409802468049728,0.0251788000664987,0.000754137990957703,-1443.92785871653
915,0.0380609863340745,0.0159216161577112,0.00120234012574302,-1441.98598223506
916,0.0344794516826637,0.0183671363168132,0.00124687267674465,-1442.32958748528
917,0.0338638985964153,0.0159983125860073,0.00147753385575722,-1442.71112573742
918,0.041367374600741,0.00462196270419924,0.00131666051488474,-1443.55840645542
919,0.0425804674610644,0.00737894738089933,0.00135166658741006,-1441.88307767101
920,0.0383636394025894,0.0104130241565965,0.00102123023388492,-1441.83309345673
921,0.0389788300016799,0.00902128765412911,0.00114378301358547,-1441.58098480834
922,0.0390136240162374,0.0071159526703845,0.00162686961286023,-1441.85866965741
923,0.0282851995310932,0.0177896153983497,0.000936856953387418,-1442.23392574659
924,0.0463256291528186,0.0185226704530488,0.000556842772398577,-1443.58451931128
925,0.0472948130093828,0.0139395255750348,0.0013604874250122,-1443.77851670727
926,0.0374017412431618,0.0113656941040722,0.00120351016291805,-1441.33918371458
927,0.0326740917170501,0.0150579108383251,0.000949867859315941,-1441.8496652444
928,0.031339207134724,0.0133543568106578,0.00162898173321215,-1442.21695243437
929,0.0309990608530293,0.0203174979014969,0.000944691003217809,-1441.61812076517
930,0.0347561345520137,0.0192774640641589,0.000675398149959359,-1442.25341604603
931,0.0396282687144062,0.00951246277302371,0.00171415043629276,-1442.53043792302
932,0.0247953762162883,0.0141049106560964,0.00153681105998847,-1441.72537016194
933,0.0264635166172966,0.0133095634009307,0.00141793680021499,-1441.64617314952
934,0.0308760892729696,0.00930015210450034,0.00155564742000966,-1441.52518007918
935,0.0383603696665915,0.0100652852796736,0.00138625459060032,-1441.35071540271
936,0.0359229185218646,0.0057133769746635,0.00170239671813801,-1442.27464937192
937,0.037161645105337,0.00953656230485534,0.00114945350740766,-1441.61159135553
938,0.0339367685144257,0.0174213419876381,0.00149352924706144,-1443.36098658445
939,0.0247683293594469,0.0133235579629702,0.00158819613859118,-1441.70019896615
940,0.0366473233543731,0.0160486309095069,0.00125102122740868,-1442.04582657821
941,0.0280020562020487,0.0134313558798576,0.00136999677973133,-1441.58339436765
942,0.0319792222064822,0.0100694051826181,0.0013979731817526,-1441.42292196571
943,0.0405011648993913,0.00788234051185656,0.00132922374879919,-1441.45874792477
944,0.0380265257504976,0.00973173312581295,0.00142926714476483,-1441.37283340406
945,0.037608018379448,0.0166081509672393,0.000807782287737228,-1441.56317616042
946,0.0338390133184604,0.0154905475334475,0.000754509476350959,-1442.50257781378
947,0.0438493966755681,0.0151666898008181,0.000809055399941186,-1441.65233930508
948,0.0412779483096938,0.0169657197765751,0.0011288019722968,-1442.3555687708
949,0.031740477340738,0.0116349196878006,0.00123551934904537,-1441.58646374771
950,0.0390266457614308,0.00681440749445372,0.00166189516516404,-1442.00093063238
951,0.0340313380334877,0.0095315998224998,0.00110124546890381,-1442.27463803171
952,0.0358012775280165,0.0110161010329137,0.00123104641792599,-1441.34414633684
953,0.0426038460588103,0.00898266547402092,0.00105270203415757,-1441.81254829735
954,0.0426324491044294,0.01474695491526,0.000830513670900291,-1441.57150849769
955,0.0379131940059402,0.0220552513161458,0.000903848610154187,-1442.33460012714
956,0.0333184738577149,0.0179641524865692,0.00116127126671999,-1441.78774060813
957,0.0268564979959317,0.0169176107653584,0.00155878480300933,-1442.50578995721
958,0.025996484208568,0.0106386215870116,0.00139847144528237,-1442.2875361648
959,0.0271856864259505,0.0105188594434209,0.00151103432872092,-1441.82145095506
960,0.0377918508639085,0.00801778336064091,0.00151092632631298,-1441.46050843295
961,0.034525607920474,0.0106426934838681,0.00160473234947298,-1441.74990182695
962,0.0214192765933355,0.0163431593745603,0.00134347199364325,-1443.07184487351
963,0.0359629969760617,0.00884431957940389,0.00161501187160604,-1441.61723120878
964,0.0324740955455405,0.00925622336801342,0.0015407164928305,-1441.42837436245
965,0.0290984269371497,0.01112184484333,0.00120711405124626,-1442.24523980572
966,0.0386775451075293,0.0131486081142036,0.000871020484877463,-1441.79463685786
967,0.0316770851107555,0.0265258777950216,0.0011426221298833,-1444.12576693644
968,0.0230009307950277,0.0134441087360984,0.0015089724248612,-1441.88548392471
969,0.0322702324108228,0.00875515981283233,0.00149609707788624,-1441.48473366691
970,0.0332484615949922,0.0113136809106858,0.00158918654936658,-1441.73968137503
971,0.0333516509569072,0.0140150987565828,0.0015217825917114,-1442.2027807891
972,0.0211028656574254,0.0154461598374636,0.00155918513016602,-1442.53242183257
973,0.0287292409014918,0.0122525393550738,0.00126977686491554,-1441.79957802599
974,0.0449247884041543,0.00856020248865127,0.00117901271081193,-1442.08747283513
975,0.0362205284295699,0.0154433708275125,0.00119568657795859,-1441.69282318724
976,0.0285368341139613,0.0200904221207291,0.0016369431550576,-1444.61812342035
977,0.0270814545471045,0.0101452702971162,0.0018575572295897,-1442.35240743054
978,0.0332379469825943,0.00574522168640613,0.0019118146208431,-1442.92232315849
979,0.0373024061528091,0.00258976813916098,0.00162818399459564,-1445.28604146786
980,0.0372212137991063,0.01622760673828,0.000723557005968236,-1442.01046015549
981,0.0503481891350554,0.0180274771042545,0.000681409869791781,-1443.24202111166
982,0.0348625275788097,0.0158614727880717,0.00133637243049745,-1442.13748928478
983,0.0395385406708777,0.00586103316111531,0.00133157800577873,-1442.2958097813
984,0.0447409194140429,0.00699324931731954,0.00129670847976407,-1442.6692888182
985,0.0403841256092078,0.00994634179632686,0.00121160291960175,-1441.30356617251
986,0.0402334129753298,0.0107922278829528,0.0014376040331049,-1441.73103988588
987,0.0398072943859276,0.00856233852132182,0.00146646182071861,-1441.46298426637
988,0.0386692580446143,0.00696844939772463,0.00131755639630945,-1441.74838836339
989,0.0421040050759312,0.00751686744807712,0.00134847470439862,-1441.74244168914
990,0.0365647648780939,0.00884857423658145,0.00152263135504858,-1441.43318426837
991,0.0337416245203975,0.00867565306780875,0.00144398239583644,-1441.42685419047
992,0.0366162150602599,0.0124732208459654,0.00100345805602839,-1441.66860291578
993,0.0384460390759443,0.0145429221843156,0.000997269971996939,-1441.41685269011
994,0.0403826987002076,0.0113563535137763,0.00111759970474828,-1441.37593831172
995,0.0477637637744246,0.0105893740734363,0.00142049274723407,-1443.67710758068
996,0.0493513750276024,0.0105881921917745,0.00111645074980695,-1443.22872727339
997,0.029475938503414,0.0267385733602902,0.000884335819970525,-1442.864403816
998,0.0378390719860566,0.0179008579768822,0.00100571717945647,-1441.63521187014
999,0.0320413081076273,0.0314291642654804,0.00113132247290961,-1446.70434133749
1000,0.0317473937319869,0.0324711092573707,0.00109914482588059,-1446.99016074008
