"i","asc1","desc1","pol1","p"
1,0.022174358705893,0.0396278977643982,0.021321022401639,-1832.11306557129
2,0.036931648150428,0.00300156542338854,0.0189607567361839,-1750.53020071471
3,0.020717050179459,0.00834181696947391,0.0141680074388226,-1645.41151477418
4,0.0110189580344053,0.00659073814423948,0.0129567307518687,-1614.54460913403
5,0.00666581063261992,0.00735558994459181,0.00763901532566864,-1515.38537664362
6,0.0129370596843845,0.0105595083143139,0.00371124183357098,-1419.3582951114
7,0.00995903304074384,0.0124551704521148,0.00252877631760781,-1406.10496092737
8,0.014449396983111,0.0161967453149138,0.00212674770048109,-1398.3365230345
9,0.0151963232001948,0.0139284087551702,0.00123006127832952,-1391.05086227989
10,0.0216468785092661,0.0157463463285193,0.000541379141381769,-1390.21310818082
11,0.0270228136024012,0.0246695315526283,0.00059014746830569,-1390.79516592827
12,0.0198548277689416,0.0248615381662633,0.000601782924906815,-1390.08848370966
13,0.0218229715613935,0.0232581366338899,0.000839425133667956,-1388.51463767873
14,0.021809261451371,0.0215682301045058,0.000885599206116586,-1387.84273151261
15,0.0200108851496018,0.0200416635477811,0.00081416476344364,-1387.34552061763
16,0.0238037863763403,0.0178035281737668,0.000953966366170439,-1387.44664636191
17,0.0165358327347911,0.0265555678729193,0.00064789464789646,-1391.44469500366
18,0.0227869980269134,0.0132144103114161,0.00146007952909619,-1390.69459791659
19,0.0234975974913243,0.0106799994932014,0.00109358722429203,-1389.76665339859
20,0.025458239082334,0.0167859944131089,0.00115465350866031,-1388.83158694509
21,0.0195073699365076,0.0209996605528356,0.00103527621050647,-1388.16917484105
22,0.0211648718162379,0.017299581814198,0.0008631148174736,-1387.23095480061
23,0.0257173705312129,0.0216858373546255,0.000639368285595178,-1388.69910083685
24,0.0279394160395893,0.0141852843768757,0.000757999941229817,-1387.66811525187
25,0.0292587176437976,0.0135567405034185,0.000626817872418089,-1388.53513169176
26,0.0301532875888768,0.0192483203799903,0.000718026768583122,-1388.73155454291
27,0.0196323796208503,0.0182820523524055,0.00104534516552145,-1387.68960743268
28,0.0176875623802823,0.0163927113557843,0.00076431054979245,-1388.95034742619
29,0.0214531846709718,0.020716542015633,0.000951039835521793,-1387.72748055752
30,0.0232627462749544,0.0132117096325022,0.0007553491758521,-1388.75968514873
31,0.0296965926475998,0.0163441905013204,0.000957218561027604,-1388.43930623251
32,0.0316950993058912,0.0164504752869727,0.000871332968284315,-1388.7193301241
33,0.0325873944644003,0.0148181956228567,0.000775347470234127,-1388.47652558053
34,0.0202663118267093,0.0174333998043941,0.000959078539648385,-1387.38812805664
35,0.0220635351617482,0.0144801389481093,0.000702019549355669,-1388.793851321
36,0.0199724709765279,0.0142358636796161,0.00120778323135228,-1389.11965289035
37,0.0223998344555103,0.0128925471953994,0.000877206899059297,-1388.7291162067
38,0.0234257824359067,0.0241129237759823,0.000800744012724423,-1389.20076893973
39,0.0215079853213015,0.0150342055760694,0.000627675802118647,-1389.42996508291
40,0.0229307536460315,0.0176350573207389,0.00105180731101564,-1387.82252034052
41,0.027002604881562,0.016798107454078,0.000948585677548331,-1387.75906588487
42,0.0303360400258492,0.0193145722717458,0.000846691126608525,-1389.11870023437
43,0.0294065483214357,0.0144935986991978,0.00101553093735611,-1388.49516809856
44,0.0358743409865792,0.0115783697894543,0.00095682679974855,-1390.09256061835
45,0.0361622535077412,0.00956789865199231,0.000541093755053428,-1391.27252269701
46,0.0418913366051414,0.0119940908577408,0.000593757754030607,-1391.30407166508
47,0.0294111174087994,0.0162408455314463,0.00072269564757074,-1387.77660107716
48,0.0278135192813375,0.016821137054112,0.00120711547980501,-1389.98583628918
49,0.0235349762323103,0.0127051005388997,0.00111579803483821,-1388.69046985123
50,0.0251674343902873,0.0172041166249817,0.00100909820947857,-1387.81826390811
51,0.0266280564637412,0.0161735934258148,0.000608884862880831,-1388.08562998029
52,0.0251378933093534,0.0191469346224505,0.000863171777049095,-1387.58613774615
53,0.0180798344917851,0.0220517656529485,0.000761468537678557,-1388.40096013878
54,0.0226949894597179,0.0222257844682713,0.000756154289485977,-1388.09386258847
55,0.0218321512443137,0.0203475513749396,0.000885860553429879,-1387.44210671873
56,0.0217980169437856,0.0126305849118962,0.00126421741946333,-1389.49994039368
57,0.026108376706741,0.0143859431305484,0.0010854039984701,-1388.23744514178
58,0.021739621773828,0.0246747467811502,0.000494866551472039,-1391.08886008464
59,0.0221486881004648,0.0237005524573897,0.000708263665210376,-1388.81017077837
60,0.0199394451755525,0.0239286450932002,0.00084756853201046,-1388.81030883719
61,0.0230415970467719,0.0219436908227068,0.000834343355462846,-1388.06320170355
62,0.0249943502547209,0.0221254599550881,0.000691586763920854,-1388.54772895511
63,0.0169171312730982,0.0185398382581214,0.00110429623642952,-1388.63748444228
64,0.0305360158193148,0.0135038876343178,0.000820195293492111,-1388.10766016715
65,0.0229292626823056,0.0146533252986566,0.000849020073294471,-1387.73581345927
66,0.0246170360420355,0.0181290666819037,0.000657167907543558,-1387.67556283777
67,0.0238358831083244,0.017978691052501,0.000737901541771615,-1387.28813733354
68,0.0199473364396173,0.022018783219573,0.000705026393168463,-1388.17645726764
69,0.0243968718300726,0.018197045579641,0.000798552868143572,-1387.22824134339
70,0.0222410645317671,0.0166175704410559,0.000968946664504158,-1387.42938791257
71,0.0197848794895846,0.0189747315895039,0.000970953914349018,-1387.41837187141
72,0.0242691087347311,0.0150630044598018,0.000802068776069725,-1387.4632184288
73,0.0168680804958445,0.0308193323133865,0.000761692702440362,-1393.2904902699
74,0.0212203423061984,0.0284996009393248,0.000769354129907891,-1391.74910984629
75,0.0162997743176861,0.0207774759950694,0.00138568654304531,-1391.78087234541
76,0.0199835908560317,0.0130269956794912,0.00114927221721432,-1389.4099623412
77,0.0284595508990345,0.0111734388304298,0.0012206974062363,-1390.27449365001
78,0.0344122248549016,0.0115463602869163,0.00087161092709638,-1389.35229105909
79,0.0255807687579062,0.0202648301220356,0.000823037410809048,-1387.92976713316
80,0.0264173028172428,0.0160599157494983,0.00102715274938101,-1387.97000294964
81,0.0254099445690603,0.0170959801238986,0.000565300984645247,-1388.50801123617
82,0.0295661594135612,0.01599339353645,0.000614280443833428,-1388.24450140209
83,0.0273997029100863,0.0131187046811474,0.00109020166059033,-1388.64307139232
84,0.0225350803444208,0.0129554267064728,0.00117509089427776,-1388.93063405331
85,0.0232397792358696,0.0171282853869262,0.000489316272857018,-1390.05864227595
86,0.0300340195909033,0.0141418810493785,0.00121370837473505,-1390.28853778253
87,0.0232207412557567,0.0146517220179004,0.000871853617753771,-1387.64992167153
88,0.026841158655962,0.0121115687093849,0.000950177551768353,-1388.43505758665
89,0.0243166007805393,0.0170391342134981,0.00102837119102856,-1387.7906228023
90,0.0215723848619275,0.0218503761456352,0.000550841472635598,-1389.3026004666
91,0.0177598021110984,0.0210127358091366,0.00135100499544767,-1391.07345745082
92,0.0220372192107911,0.0190004115627915,0.00118206922750929,-1388.87907329948
93,0.0198711649006304,0.0155483719931519,0.000950492614737506,-1387.97907859837
94,0.0272533528398879,0.0134474875005641,0.000852471169116321,-1387.76633597283
95,0.0271994992111561,0.0147460690347885,0.000965206809117804,-1387.75342974971
96,0.0300600268995101,0.019630672500796,0.00081729448509578,-1389.0388038885
97,0.01932100399476,0.0178624661224138,0.000800351821012472,-1387.54391580862
98,0.0259932028053235,0.0210367831667643,0.000668876504113314,-1388.38061098364
99,0.0232921590787498,0.0255285264078751,0.000844618890205305,-1390.20802198134
100,0.0203497622513119,0.0262685816562159,0.000694202137863398,-1390.24392718386
101,0.0196516594914099,0.0294136836793163,0.000885210975547034,-1392.66317301131
102,0.0204727472248798,0.015835394121677,0.000989974052592786,-1387.79832826652
103,0.0167376604886571,0.0240200059042018,0.000732796827675751,-1389.78974423451
104,0.0211168987405565,0.0273631434251493,0.000788780383367175,-1390.94910574545
105,0.0158688194006375,0.0246905207987813,0.00081646474676867,-1390.28285008545
106,0.0164538719444626,0.0252323717834872,0.000605221487583676,-1391.36023027151
107,0.0152282670713944,0.0208469141836722,0.000791172760501206,-1389.73685715064
108,0.0275149821147954,0.0156185901020339,0.000788896683518457,-1387.39315922021
109,0.023060938381979,0.0185369020961609,0.000860436131780649,-1387.18457348785
110,0.0262323522862911,0.0239461625467205,0.000725615499162291,-1389.79337995122
111,0.0146958059967428,0.0212435306042687,0.00130204390262719,-1392.11041442782
112,0.0185221444959192,0.012419808202565,0.00104703018203377,-1390.46798994377
113,0.0288516488617967,0.0130911476591578,0.00107960408969769,-1388.881942387
114,0.0259554067480067,0.010317226229491,0.00108984336064184,-1389.87317027746
115,0.026216107712329,0.0106661868922085,0.000781927586754184,-1389.91232492175
116,0.0287675393344524,0.0216384473358578,0.000650250353496388,-1389.43721826636
117,0.0275306251688489,0.014508195074398,0.000648076750372963,-1388.07910019437
118,0.0329870598047174,0.0142558785098133,0.000561253409952065,-1389.29184490667
119,0.0248180986207811,0.0174240924001589,0.00116408721434935,-1388.92934384913
120,0.0240107493762294,0.0156660737715433,0.000903540517855638,-1387.33566173666
121,0.0183205014858063,0.0179721367510933,0.00118137360931833,-1388.60880136246
122,0.0157047820713545,0.0190359343656305,0.00121525565660865,-1390.00116400777
123,0.0173886848901572,0.0186649048317253,0.00094354641712778,-1387.94567372655
124,0.0214195394031448,0.018150681093613,0.00101801168762817,-1387.54275643648
125,0.0206488535741564,0.0204153300474164,0.00076993888351158,-1387.43790987153
126,0.0220305568602156,0.016189070162622,0.000897755631410207,-1387.3890286029
127,0.015114646359479,0.0173901891470442,0.0016178958552486,-1393.23899775275
128,0.0244777010382777,0.0166849634356035,0.00123689838988959,-1389.3485577216
129,0.0245920969217708,0.019756983239218,0.000817266993721517,-1387.55276925266
130,0.019667401294752,0.01814947381496,0.000913799042585573,-1387.30954092051
131,0.0235217144040395,0.0143060641511487,0.000936714442853446,-1387.72202947453
132,0.027059906638136,0.0160636212360955,0.00094239318695144,-1387.64970249854
133,0.0272186113129899,0.0178680267362998,0.000666318227790832,-1387.76824932663
134,0.0271117775157123,0.0157536819050998,0.000778082688296569,-1387.35426971265
135,0.0253141682147355,0.0195353641725124,0.000583829768057926,-1388.41598260171
136,0.0255412926055797,0.0138805345049339,0.000722987109268475,-1388.00841550515
137,0.0317710858504663,0.0161867249473675,0.000814447802290242,-1388.48008902399
138,0.0308810369325478,0.0172670490475583,0.000768733665922369,-1388.34448008303
139,0.0210738088422466,0.0180614729877868,0.000866365062075379,-1387.14995917532
140,0.0241940958842646,0.0160657174359911,0.000825709972063863,-1387.24036274381
141,0.0264574201135757,0.0189907312951653,0.00035027570664151,-1392.82603289866
142,0.0257978067472251,0.017390282594591,0.00143595322579606,-1392.16202765036
143,0.0143513688732543,0.0141121817009911,0.00161188118821735,-1392.89483184192
144,0.0222399443352393,0.00821543480386051,0.00123771003835345,-1391.79894549401
145,0.03039440462387,0.00750480281646489,0.00132474981310521,-1392.19934368605
146,0.0217040047717777,0.00841869150680615,0.00120078639421821,-1391.89728949261
147,0.0305467625268998,0.0112511739905912,0.00066326745495642,-1389.43165108857
148,0.0214277521410289,0.01917141248853,0.000701264275231882,-1387.52823201574
149,0.0271465451651231,0.0232542763576912,0.000946477211639659,-1390.62151160178
150,0.0202769485762787,0.0143039346695709,0.00086072023613629,-1388.69849197785
151,0.0226017160077325,0.0143740813842341,0.000894010812445818,-1387.86363491723
152,0.0240016090821453,0.0174425995835171,0.000848488837754647,-1387.17353510486
153,0.0217994664561789,0.0170830931386697,0.000841676474646198,-1387.2274620864
154,0.024612707841087,0.0181803283946384,0.00108162858681939,-1388.39911761246
155,0.0214523396199037,0.0151291343052609,0.000757472009641575,-1388.24801669994
156,0.0264646076422707,0.0169551677033104,0.000755177307882337,-1387.33236964313
157,0.0266628394660829,0.0171277606104895,0.000935990781243828,-1387.69028671959
158,0.0179048642226166,0.0155993522428921,0.000724322358356788,-1389.68688372236
159,0.0301509373058935,0.0109509692145525,0.00101452127773757,-1389.49295064651
160,0.0268402450282962,0.0158004899510632,0.000678551002507991,-1387.63743796505
161,0.0250361005950851,0.0177984078839871,0.000565298328912905,-1388.4893349931
162,0.0280900513336178,0.019560536124835,0.000563429373342361,-1388.94591729063
163,0.0230476781796314,0.0197530677268731,0.000918122882682853,-1387.53961265115
164,0.0250153316642273,0.0181367909891282,0.000696324908344071,-1387.48176050334
165,0.027242612691757,0.0193735439110764,0.000932590852095064,-1388.48763148512
166,0.0194069668879898,0.019068943054683,0.000828983974896155,-1387.33892665264
167,0.024819844816502,0.0118095445542014,0.0010072613709771,-1388.75626811975
168,0.0253453623482729,0.0154777807946666,0.00104430794416013,-1387.88374349552
169,0.0229318298697926,0.0191012831814703,0.000567022779418067,-1388.59500579781
170,0.0222016055468699,0.0245125683153863,0.000663112036400673,-1389.3999568948
171,0.0187265677755302,0.020170709610905,0.00082124676419688,-1387.58733969573
172,0.0256599539967556,0.0109513826745706,0.00101155046967357,-1389.28671967239
173,0.0392701695265318,0.00862864033032822,0.00107941517150994,-1392.07296193525
174,0.0260303842160881,0.0189201814179325,0.000808645360213298,-1387.5891022895
175,0.0256915730948085,0.0193657489408883,0.000714725548704622,-1387.68386286473
176,0.0314613114248841,0.0135964618274688,0.00084122210263221,-1388.31935338639
177,0.031590346681757,0.0138055157037198,0.000807854946892456,-1388.2660174968
178,0.0223203803128442,0.0212486992618048,0.000821365546243982,-1387.66788372948
179,0.0237452319366271,0.012670106854695,0.00164918480214641,-1392.48500061639
180,0.0163447815276562,0.0144444508779656,0.00165164098124281,-1392.35844589167
181,0.0150722305213912,0.0146906722354784,0.000690301797997618,-1393.47637813215
182,0.037859654145265,0.0117159389408598,0.000834134157860873,-1390.03959996378
183,0.0324013650690211,0.0159633992029536,0.000815467979828003,-1388.65868105994
184,0.0216095966592865,0.019859060524399,0.000856084812992684,-1387.26537579084
185,0.0204482093032884,0.020629068349794,0.000816228200539728,-1387.42095326676
186,0.0156453665203849,0.0208933138901851,0.000961415188614234,-1389.24354025682
187,0.0164000825344833,0.0186313491111867,0.000887618454839059,-1388.50161828894
188,0.0290584206096391,0.0162953295081866,0.000867564370795246,-1387.83303620297
189,0.0157515080249432,0.0190337963195064,0.000989908518497547,-1388.98218403784
190,0.0291491621941657,0.0200848099257577,0.000662183176700699,-1388.82294592278
191,0.0229392097739383,0.0168149547199265,0.00130494792946549,-1389.74754555784
192,0.0188019268204105,0.0172601319789268,0.0015983075887659,-1392.31080200671
193,0.0226424382104418,0.0079755693197098,0.00150048166621651,-1391.56941359718
194,0.0283008883103841,0.0157334176214898,0.000480522895944091,-1389.76433410056
195,0.0321753414013536,0.018369072232863,0.000534495342827654,-1389.86293350824
196,0.0238494618546563,0.0167601084362001,0.000921366521984577,-1387.29487681232
197,0.0241934802856875,0.0117807498706581,0.000752766707429958,-1389.58453015826
198,0.0232805735063153,0.0128302824711503,0.00129053673192767,-1389.51411181685
199,0.0231616174679353,0.0110460926294221,0.00146704445652643,-1390.82804445316
200,0.0230566659909078,0.0106682718144633,0.00107663959424134,-1389.86119219985
201,0.029564218623328,0.0190561157798997,0.000630231401901816,-1388.67917940668
202,0.0193221087483819,0.0208328810661637,0.00110988536820836,-1388.60119970764
203,0.01942856938551,0.0159009294364849,0.000892226576735389,-1387.96652939905
204,0.0173914348681998,0.0173143307921258,0.0010054753039572,-1388.18779492013
205,0.0227675443458048,0.0236514775704606,0.00106042909325733,-1390.15265852425
206,0.0209207534469869,0.0178296183647056,0.000813655617671824,-1387.22791626121
207,0.0206455734695526,0.0219042331656608,0.000669117662653901,-1388.26280438057
208,0.0246874221283928,0.0130977585641136,0.001109118456297,-1388.48947888134
209,0.0252205836686759,0.0169887340930596,0.000567792286739981,-1388.50541391696
210,0.029769360859255,0.0146327208111833,0.000588941247891638,-1388.58535203406
211,0.0314964928100263,0.0164115701898834,0.000866435426806972,-1388.61493615251
212,0.0168116438533212,0.0176716035824478,0.00108400561787932,-1388.60817160953
213,0.0229424703227854,0.012918083876951,0.00096760540736186,-1388.4252219105
214,0.0267114020564853,0.0124676418004988,0.00128364130948953,-1389.97206076391
215,0.020798272354641,0.0205760199983336,0.000494359928952354,-1390.16576786737
216,0.0180695301509925,0.0216598747547674,0.00106537019936909,-1388.79933755162
217,0.0238086540130199,0.0189798067311154,0.000613536246564062,-1388.04522412429
218,0.0262507778557388,0.0189365690295843,0.000972377467142076,-1388.27279434016
219,0.0274111958370914,0.0139451888255166,0.000808504396383702,-1387.63137971381
220,0.0210545755482882,0.0151278821959249,0.000702633727035278,-1388.7715787059
221,0.0206157075471049,0.0211687318264309,0.000973407948355449,-1387.91522543087
222,0.0185311309829703,0.0205886551148462,0.00101612919456429,-1388.05324238494
223,0.0186180192208033,0.0204176406221109,0.00104308936453603,-1388.12246449481
224,0.0203899850173548,0.0198397927464784,0.000652802640170622,-1388.040870456
225,0.0193811187046075,0.0207693889136293,0.000769437650475788,-1387.66834583794
226,0.0206864474369616,0.0174087143559563,0.000986304129703427,-1387.43398914802
227,0.0190909299062301,0.0146128614730756,0.00105066112864668,-1388.70471289171
228,0.0224148378609365,0.01563177258308,0.00108971871711299,-1388.03360011861
229,0.027341684008009,0.0146509185655897,0.00097416594295748,-1387.81908216277
230,0.023608508314714,0.0149984922621047,0.000963603078961671,-1387.58427859623
231,0.0234529072761398,0.0206609334244683,0.000724648988356981,-1387.69277170818
232,0.0252220593673505,0.0178525756204844,0.000767232028319637,-1387.28480647446
233,0.0300701506168909,0.0119937193537474,0.00115481126724224,-1389.93922309759
234,0.0271053227708071,0.0174894944256512,0.00105301771927286,-1388.59325612204
235,0.0226374625593519,0.0159988615699857,0.00101873030742059,-1387.66654565258
236,0.0243339479163306,0.0221673901109551,0.00100681506799109,-1389.33540573123
237,0.0163204409219258,0.0169073368311222,0.00105237076645646,-1388.90182497528
238,0.0189954906460995,0.0193235054672524,0.00103760378719267,-1387.80602096852
239,0.0167453182432035,0.0209380562301629,0.00113599515342244,-1389.41891547561
240,0.0195538073444967,0.0153223772622316,0.00101231241802486,-1388.20094544616
241,0.0256467396930873,0.0154175575299183,0.000881000196242782,-1387.31959898914
242,0.0239476086098927,0.0192727777191898,0.000950862212863333,-1387.71710137859
243,0.0184262886132573,0.0169628748687401,0.000787573259052682,-1388.17151586206
244,0.0300025444439556,0.0193348779352565,0.000513624916878643,-1389.78227064269
245,0.0243471068608984,0.0193260169504627,0.00060480661863468,-1388.15414858425
246,0.0308599526581831,0.0166299932128933,0.00106546638963052,-1389.74905221633
247,0.0210913916605621,0.0179463079818364,0.000733141290324343,-1387.46721930028
248,0.0228370249942344,0.0161681009780878,0.00123704947939615,-1389.03352391968
249,0.0233718938017213,0.0159135501901407,0.000968263292598982,-1387.47777752669
250,0.0212234405332502,0.0191044254993104,0.00068520005909491,-1387.64834834851
251,0.0236006581698617,0.0210809602101142,0.000780818799994459,-1387.77053575477
252,0.0256772760916341,0.0108443014571252,0.00138263802126461,-1390.82035972181
253,0.0267092311234903,0.013599087191028,0.00049297890671921,-1390.54687824629
254,0.0328528633166562,0.0103807902604801,0.000855849995254308,-1389.51630318851
255,0.0268244676449197,0.0135616689376527,0.000587319853118777,-1389.10193107543
256,0.0268738294435576,0.0154478722519435,0.00115587522517612,-1388.91538233027
257,0.0287525071630744,0.01352011631039,0.00100310127613746,-1388.34630841943
258,0.0227348259150835,0.0217588835873554,0.00102932691620402,-1388.82566752488
259,0.0207040778727818,0.0178499906535173,0.000726865731264822,-1387.5793420808
260,0.0267878667387495,0.0189488396632146,0.000700647988820837,-1387.79438839125
261,0.0203855271550443,0.0200508488242602,0.00081782163907394,-1387.30908785833
262,0.0251389416083077,0.0188344082237775,0.00087539909522357,-1387.54401655879
263,0.0252604699897304,0.0127980819866671,0.000979252219409009,-1388.17081716926
264,0.0263746010281232,0.0194531064589272,0.000745243653112873,-1387.78103846092
265,0.0219533607077406,0.0192292374237408,0.00101506308333187,-1387.70914531204
266,0.0208600917317991,0.019060146889505,0.000902823217367883,-1387.20687432164
267,0.0170885826370425,0.0157143363588444,0.00126848069778727,-1389.56381134695
268,0.0155400654205566,0.0187064707410243,0.00114434888449581,-1389.65156914252
269,0.0152533040740347,0.0143452435211,0.00116443008471021,-1390.72120375367
270,0.0160796948659286,0.0138375265153079,0.000751067827947332,-1392.5897742569
271,0.039650382001517,0.0121740853054578,0.000921228574312149,-1391.13634848982
272,0.0368166199013876,0.0120922104541618,0.0008256676195326,-1389.71867222358
273,0.0318146804465732,0.0211135527510136,0.000722646616271925,-1390.30388886815
274,0.0282057940586289,0.0160571174823123,0.000935775747874492,-1387.85791093956
275,0.0215506783708749,0.0199963265147831,0.000632538427984388,-1388.07120109574
276,0.0209896052392705,0.0211731248092283,0.000570319944211191,-1388.98077002084
277,0.0182728088196174,0.0203599809926998,0.00070795814079971,-1388.23193682395
278,0.0272622648738131,0.0159982080671191,0.00127441642811329,-1390.25566109072
279,0.0311263655970936,0.00969157924548873,0.000784172933804011,-1390.04928826101
280,0.038984836710324,0.00891313032125273,0.000812419202946266,-1390.6910593011
281,0.0320380774494165,0.0205113737361428,0.00086579745908539,-1390.61155538007
282,0.019816457211657,0.0152999857120138,0.00108801846260281,-1388.33307375626
283,0.0307255616919022,0.0153327877756596,0.00105231181848697,-1389.26097617327
284,0.017588433724874,0.0140884444439807,0.00134085628362093,-1390.19721705826
285,0.0268863211591489,0.0148196243131557,0.00075860908638346,-1387.4880321995
286,0.0268759492412885,0.0175995831458699,0.000741772664654414,-1387.46360271256
287,0.0211059834235081,0.0207416832665894,0.000897437931819883,-1387.52792650494
288,0.0167277495841461,0.020191141877112,0.00102420079506148,-1388.60726326492
289,0.0185308715584886,0.0169894941588147,0.00106803697209255,-1388.05059170768
290,0.0184745449287694,0.0185100493291417,0.000785464827294624,-1387.75081808387
291,0.0242969904378771,0.0164958265359531,0.000560799155931151,-1388.8106183077
292,0.0277688035931687,0.0172754956115492,0.0005533295065247,-1388.62735430636
293,0.02805490437474,0.016301333926454,0.000648557686616062,-1387.8443957102
294,0.0267799210587138,0.0159020225504771,0.00068288841696754,-1387.60292975331
295,0.0228980608673853,0.015686538815604,0.000627218336353121,-1388.59984750413
296,0.0277374617425927,0.0120573378591458,0.000672249442966804,-1389.08090181312
297,0.0273457497056311,0.0132587336668637,0.000906588212407894,-1387.88663935431
298,0.0371019624698464,0.00714538869662181,0.000683647756342628,-1392.14491204003
299,0.037578193274581,0.0147819382670594,0.000692904431716558,-1390.13165942109
300,0.0240722982957727,0.0177328989951432,0.000476818054241001,-1389.99021223723
301,0.0292621118834475,0.0146877567597028,0.000428565504031128,-1390.99535412532
302,0.0271784235815751,0.0243684722412439,0.00115114536394073,-1393.44100596902
303,0.0271504486901919,0.0221264031385255,0.000447152089881117,-1391.13473022611
304,0.0229272582847984,0.0186663615372024,0.00032784343164468,-1394.46970227186
305,0.0297620155015917,0.0186602634791509,0.000729068897030879,-1388.38670512619
306,0.027852146177199,0.0147105067163598,0.000977058090064624,-1387.91689429771
307,0.0256085816760271,0.0193625184905855,0.000986034475374082,-1388.33225965394
308,0.022955832294006,0.017003487240439,0.00088809735750053,-1387.20654621733
309,0.023737567136336,0.0176266074696712,0.000752411570169373,-1387.24913552618
310,0.0249692816972914,0.0194550229033452,0.000862196700439804,-1387.63262391928
311,0.0190576494918154,0.0211692858276694,0.000883191509169542,-1387.73097396475
312,0.0216562061398937,0.0251590326202315,0.000668866028589678,-1389.70329230294
313,0.022073210649089,0.0136718282165589,0.000767759443661839,-1388.832405386
314,0.0322016704223017,0.0140939155541405,0.00077093837563244,-1388.35557805721
315,0.0232201676953482,0.0234842567805711,0.000794548852792564,-1388.7900712706
316,0.0195489777126713,0.0194792507242922,0.000937671440125635,-1387.39849916185
317,0.0249174254320227,0.0186964058598457,0.000532245283337223,-1388.91714570384
318,0.0298178991702749,0.0186945816604606,0.000621990710530343,-1388.67441160566
319,0.0234246471864531,0.0171015439571766,0.000893438311144318,-1387.21449932619
320,0.019865387891044,0.0203755989074591,0.000879835476151278,-1387.41813807243
321,0.021655130864239,0.0211913158870351,0.000862948420948502,-1387.6356621744
322,0.0212709007133482,0.0210843974402716,0.000503179836772165,-1389.94108563499
323,0.0269271987880939,0.0163048215595849,0.000887615066508106,-1387.45136594495
324,0.0199003299892047,0.0183938547788572,0.00102750755329115,-1387.59391022548
325,0.0188579254464577,0.017645872688262,0.000881986932946632,-1387.5457421727
326,0.0215744287048419,0.0181094117117732,0.000870407418260709,-1387.13169869506
327,0.0185422429654932,0.0203638354173797,0.000901239412401277,-1387.65278852365
328,0.0190473943204364,0.0207250229041222,0.000816489668598322,-1387.62016725684
329,0.0205255393319861,0.0199440625361604,0.000737499975002091,-1387.48617862568
330,0.0203288532651421,0.0199798349206074,0.000582515015106319,-1388.82619142046
331,0.0235354007963032,0.017244250056331,0.00101921906312993,-1387.67548213265
332,0.0225775621014754,0.0127600650901546,0.000855179284952595,-1388.8290032243
333,0.0262742903724653,0.0197600322023322,0.000905832758865221,-1388.21397515326
334,0.0232157703771363,0.0166321831494858,0.000655903402757003,-1387.9439332574
335,0.0216976821767123,0.0237518391715533,0.000981960859713131,-1389.38222395994
336,0.0237612159771801,0.0124140794750008,0.000941430144587053,-1388.53551452792
337,0.0258015190658031,0.0182305795455754,0.000866867767353529,-1387.50246901142
338,0.0159770886955887,0.0183032307818469,0.000859154266397687,-1388.91321296818
339,0.0279073361914742,0.0165244955175178,0.000896427624540598,-1387.68934189919
340,0.0316206657609108,0.0116821552036418,0.00078559630993208,-1388.79650576308
341,0.0341513257844045,0.0132586966991287,0.000568757295389396,-1389.51976727956
342,0.0290414081130379,0.0214536826453965,0.000511787502988909,-1390.34283442921
343,0.0190075215857738,0.018256700748983,0.00145851941360294,-1391.07253257364
344,0.0187716921175161,0.0146042158147881,0.00127512199132042,-1389.49701896334
345,0.0229685612225476,0.0181292636428123,0.00117954365989897,-1388.84141820087
346,0.0245917029270828,0.0147970846669317,0.000846091441377114,-1387.43887829089
347,0.0353616574184197,0.0152804262066356,0.000824898974417065,-1389.6730153115
348,0.0158765310498346,0.0153987892512794,0.000996578885485706,-1389.76539540969
349,0.0187188271814318,0.0211245741902991,0.000749528288944299,-1387.97999638205
350,0.02197425665239,0.0182343929686026,0.000670024791334896,-1387.71416677784
351,0.0264747434899892,0.0174637254617199,0.00104932224828578,-1388.39454776281
352,0.0205280922999605,0.0128763098628897,0.000991107869144203,-1389.2373285673
353,0.0320389298615045,0.0140171776186742,0.000394355281519844,-1391.91476228332
354,0.034686866504792,0.0135196681432575,0.00141311094689262,-1394.58915102599
355,0.0314342243563685,0.0112993017954373,0.000776816653665048,-1388.97170037056
356,0.0313127094962999,0.015001609541368,0.000739426653713377,-1388.12705822078
357,0.0258508119678489,0.018354305299155,0.000802685356733778,-1387.42394891939
358,0.0269635415993064,0.0156723663924658,0.000946244372637051,-1387.62641709467
359,0.0248865290452636,0.0160668538836926,0.000744974408594466,-1387.35804177567
360,0.0298888656286308,0.0146117397860527,0.000686402162391195,-1387.98901059064
361,0.0262878506265133,0.0218461554617361,0.000668455613943251,-1388.77728941348
362,0.0219134208488995,0.0177389580741497,0.000855609664193439,-1387.13752050475
363,0.0227247674925263,0.018525141571916,0.00088762498801576,-1387.20307455894
364,0.0190313181930465,0.0195404284268965,0.000882586129596598,-1387.40694274328
365,0.0216919741211615,0.0191261265145496,0.00100429035099298,-1387.60422704156
366,0.0216724620324543,0.0153130883063304,0.00111375414101249,-1388.23188224311
367,0.0206101614016393,0.0224259709240052,0.000882591140298294,-1388.10845744228
368,0.0243888648885354,0.0202247822208445,0.000829182472212306,-1387.66916631448
369,0.0259537990308884,0.0167022020449278,0.00105377565962112,-1388.14461533399
370,0.0191416714088811,0.0152009998524057,0.00102021063038156,-1388.36535720771
371,0.0243563560971743,0.0154512111216046,0.000719357358961929,-1387.64357916281
372,0.0240984943598786,0.0226491472555285,0.000788316566244739,-1388.53765817561
373,0.024347369843703,0.0171357221850097,0.000996397781261432,-1387.63352039597
374,0.0236372872708182,0.01699908555794,0.000666783738728802,-1387.72943536167
375,0.0234905402120713,0.0173336305610738,0.000639736712221573,-1387.90554018367
376,0.0240115068706728,0.0182646186064016,0.000550881600352464,-1388.72412012106
377,0.0256726483010857,0.0218777593723517,0.000741409370679418,-1388.52762030482
378,0.0264095338215632,0.0124768006190909,0.000782611602940563,-1388.37223366425
379,0.0308219505051426,0.0114627482499097,0.000834432303530522,-1388.84330078013
380,0.0245479138349799,0.0225454988682743,0.000702415400261418,-1388.62154673355
381,0.0191663138205568,0.0199904487412725,0.000875295112371083,-1387.43338603473
382,0.023999289530949,0.0154420906337464,0.00094012406671898,-1387.43444516377
383,0.0200113454016594,0.0197283313486047,0.00129574433347811,-1389.87383934714
384,0.0215559608292968,0.0206514084189219,0.00112361816738582,-1388.81622788028
385,0.0219394685183352,0.0179656481756383,0.00105206109318646,-1387.74585825954
386,0.019508887040604,0.017535768401711,0.000734470687384982,-1387.89049070814
387,0.0165595375223396,0.0162941422062544,0.000949794065473999,-1388.93010476174
388,0.0184662612273436,0.0155251493277873,0.000940636427402766,-1388.40766140674
389,0.0213613289856663,0.0201987132221607,0.000975726047713365,-1387.6725123664
390,0.0215405655368623,0.0125946628898528,0.00089748951530475,-1389.21194644858
391,0.0334463736544189,0.0108750820002432,0.00079888669783715,-1389.27672172166
392,0.0377338343180542,0.0100113508859975,0.000764473816341338,-1390.08278203844
393,0.0268159826523451,0.0157420585222847,0.00106155530834876,-1388.23037544149
394,0.0241180047432837,0.0135292167018007,0.001246908254226,-1389.16769028567
395,0.0190954307969301,0.0130591818249361,0.000819687700711303,-1390.58026811811
396,0.0231534322403711,0.0201772835148075,0.00116366764993549,-1389.36212110957
397,0.0192090206332163,0.0144376746923034,0.000897334362595761,-1388.89901491095
398,0.0318059689286754,0.0107310568997939,0.000734311762314077,-1389.37762752629
399,0.0320388867361595,0.0164395544576994,0.000796252125221557,-1388.5834757177
400,0.020439827306581,0.0146859435947415,0.000987368628680027,-1388.26240569645
401,0.026909260568124,0.0144893580709853,0.000916747052537307,-1387.58346641888
402,0.0258653099429933,0.0147672551013273,0.000697340484927903,-1387.78003167036
403,0.0356966465025372,0.0126787116936634,0.000842171431511159,-1389.46581900495
404,0.0290188829170798,0.0174389471404582,0.000754076268529273,-1387.83889654597
405,0.0280362419931346,0.0217882333190508,0.000584047735394893,-1389.59467764003
406,0.0284562484884297,0.0174117122772245,0.000814493749429592,-1387.75029556446
407,0.0201237111732545,0.018108820762844,0.00108663008867773,-1387.8733723011
408,0.0205956007260706,0.015399117778264,0.000999825013956893,-1387.94797322326
409,0.0232501551249293,0.0145129610147551,0.000748436581775411,-1388.06301724135
410,0.0340645806096625,0.0165106203344254,0.000864418099520047,-1389.67757886053
411,0.0240261696588439,0.0177198926030177,0.000774255031742186,-1387.2041349204
412,0.0240339808314705,0.0173761222839746,0.000876830442860412,-1387.2107346139
413,0.0265724764997504,0.0189533786246012,0.000717393644198931,-1387.72089634379
414,0.0200440722806656,0.0180577774892486,0.000914052713888853,-1387.26800370278
415,0.0180007766773736,0.0244413946518085,0.000944863916975802,-1389.59705678296
416,0.0195864394876219,0.0121266506135026,0.0011653675650721,-1390.05827105956
417,0.0312188622081464,0.00952938304836358,0.00135448232860968,-1392.34070758935
418,0.0256127556741282,0.00910461057713249,0.0013723632793451,-1391.29832288838
419,0.0267275638724489,0.0105443261109855,0.00136037013976367,-1391.0134329011
420,0.0232809446196839,0.00802443114854471,0.00140931312240612,-1391.51200984982
421,0.0307730301661979,0.012845023101447,0.000765093605790026,-1388.30300059851
422,0.0276452606599621,0.0193112065827185,0.000731281300125729,-1388.02348615333
423,0.0252273984334419,0.0169176147595221,0.000783643724367991,-1387.21749463558
424,0.0231314589108095,0.0178914159546702,0.000896188751399628,-1387.21044960926
425,0.0224154563018108,0.0193931892278642,0.000558145008251182,-1388.77065036011
426,0.0262948388167123,0.0157695624083569,0.000944747415990288,-1387.52842765822
427,0.0232898290189261,0.0159584728742345,0.000889898982161841,-1387.32075029338
428,0.0230199014453141,0.0205447841433203,0.00113575452137478,-1389.21702816032
429,0.0191540848954662,0.0136594788433831,0.00162420527371242,-1391.94090999267
430,0.0234824624900787,0.00988732842109967,0.000797603316966395,-1391.71901707342
431,0.0456800593140366,0.0123464284450583,0.000979037648954023,-1394.15176007618
432,0.0179836642242101,0.0227262438889196,0.000893085730520603,-1388.58170549648
433,0.0181198567105754,0.0254134130383662,0.00108304884886022,-1391.03757626579
434,0.0188428553417156,0.0249274314308224,0.000640308167348725,-1389.9969513622
435,0.0195405973792706,0.0235818784075241,0.00112491007654765,-1390.11900829734
436,0.021723658180554,0.0117776580593571,0.00106715863332386,-1389.44182508878
437,0.0171032767316937,0.0168327140555972,0.00103556453970728,-1388.47554753666
438,0.0321893461355618,0.014445228654016,0.00127047330241981,-1391.84663748259
439,0.022729070506692,0.0137667250443577,0.00103017445549432,-1388.1746397095
440,0.0230820248546795,0.0154589988221896,0.000992436327817443,-1387.62356380888
441,0.0277786528719751,0.0126244647384692,0.00075121875138447,-1388.29089188226
442,0.0251354621450009,0.0222818441802255,0.000785720282731058,-1388.60917662835
443,0.0186391442622348,0.014643268266026,0.00122303415511822,-1389.26677142641
444,0.0225882514291568,0.0166383113517308,0.000888905648885216,-1387.25672853524
445,0.0214201090938537,0.0185992789380833,0.000790028164595571,-1387.18187371678
446,0.0206771665121088,0.019345128298494,0.00138648791143871,-1390.81918730668
447,0.0212214847725243,0.0133580571085112,0.000819322728046984,-1389.13703411863
448,0.0237715034317118,0.0218551644226899,0.000560157801258858,-1389.13160124368
449,0.0198392208204264,0.0192345076790892,0.000850254481020484,-1387.25300478147
450,0.0192774428472747,0.0182237135609798,0.000878378529176266,-1387.35927223653
451,0.0226165311207728,0.0183558294546362,0.000909889070311009,-1387.23229211576
452,0.0209688217100891,0.0187526871193654,0.000873092673512567,-1387.1484925399
453,0.0238932970882364,0.017934744023401,0.00076341665638355,-1387.22369524742
454,0.0256917489327488,0.0159362198020117,0.000912301000836824,-1387.36254026187
455,0.0254429615921764,0.0135660913884981,0.000919961199469415,-1387.77490871553
456,0.0224628237245991,0.0204338480800434,0.000929599119233486,-1387.68280973548
457,0.0205690622079108,0.0211606056289558,0.000841154314738792,-1387.55881216517
458,0.0257928847772922,0.0131391536115712,0.000987542735494767,-1388.04637105994
459,0.0307519783502133,0.0155686586214977,0.000995862224132848,-1388.89569829303
460,0.0273439076553746,0.0188417111186121,0.000782878768914463,-1387.81422520931
461,0.0330474280230184,0.017783784846805,0.00074088355691985,-1389.27788423992
462,0.0227197455807072,0.0200142234505392,0.000902442773198341,-1387.50421697722
463,0.0182759611613299,0.0211440036391957,0.000971571865640213,-1388.09767205352
464,0.0225766757003912,0.0164067317743671,0.00124413812073639,-1389.08623725929
465,0.0177287109514051,0.0150655370523957,0.00117663600944931,-1389.16464534435
466,0.0266864354723841,0.0178894839936523,0.00115708577676926,-1389.49568494975
467,0.0223740718221767,0.0154280567832878,0.00106077036044569,-1387.92678062997
468,0.024750674883565,0.017271984965765,0.000628993604378137,-1387.89704058664
469,0.0249162153308258,0.016212338418173,0.000880806584371548,-1387.24831983608
470,0.0224710556198782,0.0201476400981596,0.000818275842988755,-1387.36049009274
471,0.0276516528180972,0.0223541063539375,0.000597551041071158,-1389.6717231273
472,0.0302222883691717,0.0235964433913276,0.000535658935929128,-1391.59123278882
473,0.0158774415823298,0.0187098146196611,0.00059990684500564,-1391.18890556416
474,0.0313597112435486,0.0161997879961429,0.000728730744379176,-1388.25133244479
475,0.0337203983181223,0.0116015079825251,0.000559383797561353,-1390.00757235199
476,0.0306097383174529,0.0164055554954552,0.000958173647061525,-1388.77565935914
477,0.016651636741503,0.0198111896213594,0.00100490543318174,-1388.50850382896
478,0.0175651078503177,0.0147658176584154,0.00110884263354062,-1389.19010514848
479,0.0269897524965027,0.0135259167316587,0.00093861778686463,-1387.84757904978
480,0.0236310078391829,0.0201986335334585,0.000903493082133574,-1387.71630270334
481,0.0190585830526039,0.0221650102146982,0.000900949742597145,-1388.12548977766
482,0.0165290998377733,0.0224749230637296,0.000753595929766261,-1389.27370638304
483,0.0207263982668415,0.0231242757794595,0.000830079392672898,-1388.35336975465
484,0.022252512934436,0.0195094967627903,0.00061669285948107,-1388.11838939449
485,0.0289336648137792,0.0179458435927813,0.000841294840258206,-1388.08539483721
486,0.0284957742063812,0.0189306769902674,0.000699482522903877,-1388.14820045668
487,0.0212244591918689,0.0187927923997254,0.000864552877625938,-1387.13867010081
488,0.0211784310557687,0.0181300709677675,0.000751279634405926,-1387.34900677768
489,0.0202073426702522,0.018189555096746,0.000630939227641628,-1388.42045039371
490,0.0204331145819871,0.0145456207953031,0.00067719974204499,-1389.70608268642
491,0.0378394489384514,0.012393551463062,0.000854741354892547,-1390.1628200701
492,0.0251225875571861,0.0196059680163897,0.000968492634143199,-1388.17963634584
493,0.0178610219799837,0.0191104277797557,0.00115602463421651,-1388.67056274238
494,0.0161669322368845,0.0192369583657949,0.00142154264026409,-1391.53338729733
495,0.0161967533467261,0.0185099857551847,0.00137738130474784,-1390.85509763648
496,0.0221052556095103,0.00994387122252483,0.00139055443267352,-1390.73893766456
497,0.018522717899123,0.0155521079587535,0.00120873900159587,-1388.95867193785
498,0.0208054166259702,0.0198448260762934,0.00127900206616144,-1389.84469392802
499,0.020878993044447,0.013023191446642,0.00117616363319251,-1389.2156210419
500,0.0196968226982865,0.0209946551978944,0.000599296891267194,-1388.86631250845
501,0.0311825805612723,0.00846665744332032,0.0010171300625771,-1391.08066104813
502,0.0351003409894299,0.0112852563367215,0.000682083028095109,-1389.44093239952
503,0.0340199595942278,0.0163136357072731,0.000591704650767124,-1389.48895463213
504,0.0259216231857182,0.0190510337273781,0.000920468537060293,-1387.94478102266
505,0.0248821952783121,0.0155718903257237,0.000713088380284081,-1387.57979669875
506,0.0262382358855652,0.0192115369739202,0.000912562484074223,-1388.0391845308
507,0.0218705567220375,0.0213531564306892,0.000708754797148358,-1387.84159556093
508,0.0219671894638828,0.0222347924167513,0.00106905902852428,-1389.18382261114
509,0.0181804530216875,0.0145724626710464,0.00103185801596518,-1389.00917581445
510,0.0261425769732783,0.0148572604338434,0.000823146401004056,-1387.37934306789
511,0.0263364092754566,0.0187683143303946,0.000628609467976355,-1388.01747001261
512,0.0321196428620335,0.0221921094319496,0.000730826159137717,-1391.11747032314
513,0.0175241525434269,0.0201868791524034,0.000896311561333395,-1387.95097484023
514,0.0250968326770546,0.0215443400995089,0.000787344899526871,-1388.25921576465
515,0.023622053611026,0.0155649165921128,0.000916614883676155,-1387.39234879418
516,0.0270025177224808,0.0160978718032576,0.000686836148103383,-1387.57595363745
517,0.0293698952384795,0.0137662730872356,0.000709237166888762,-1388.01510961785
518,0.0275959271713701,0.0209008838842538,0.000664529758009585,-1388.71676109443
519,0.0249025447856385,0.0213086235167531,0.000651040639859244,-1388.35882774584
520,0.0205377538786919,0.0202591055482465,0.000897540017790713,-1387.38931755753
521,0.0194363071962867,0.0223059122951075,0.000777450145221205,-1388.10174187765
522,0.0257738795181217,0.0152175941854659,0.00075782860150554,-1387.41841852811
523,0.022721861740407,0.0207913171889308,0.000815736516787422,-1387.56131104058
524,0.0211313193956813,0.0230025154275511,0.000839469695584699,-1388.32053836228
525,0.0184943239687434,0.0150438416953759,0.00119975707332123,-1389.06502824237
526,0.0303888015888448,0.0144479777369667,0.000679416776995449,-1388.10860288733
527,0.0255121656534795,0.0198439491049195,0.000678147367248914,-1387.88779772099
528,0.0210183399452662,0.0202165100752814,0.00113238376650848,-1388.64582655228
529,0.0247518066026338,0.0140649066590145,0.000766323159922987,-1387.84881560405
530,0.0279218651282968,0.0150833726391336,0.000706107058106823,-1387.64883743374
531,0.0237216182673018,0.0169113889721146,0.00099806799858832,-1387.56917900213
532,0.0203542050432515,0.0158571126182024,0.000875336207088783,-1387.77571730622
533,0.0222876351280239,0.018731866833956,0.000722929139015804,-1387.36035160299
534,0.0265248833037315,0.0204947391543296,0.000772921995150735,-1388.17462219935
535,0.024181992988508,0.0193729523483655,0.000749443590324365,-1387.41947963902
536,0.0267848705757976,0.0161116143919852,0.000732319474405914,-1387.39708263316
537,0.0247536261252343,0.0139504696350403,0.00106757706119679,-1388.10335736779
538,0.0263949316638271,0.0153501422269899,0.000949348749370946,-1387.55925167375
539,0.0195546054859162,0.0215706051427937,0.00091317388137161,-1387.86037648464
540,0.0202639302685839,0.0193666275468324,0.00111767745037154,-1388.23315392194
541,0.0204380629242575,0.0163849444864436,0.00106670972065628,-1387.89464247587
542,0.0239377128374009,0.0162718065679424,0.000686673108804913,-1387.69456707131
543,0.0223615095512235,0.017618633438449,0.000921079862541312,-1387.22826289951
544,0.0251329214005616,0.0203843024562274,0.000792993538380381,-1387.82375976245
545,0.0243532385444853,0.0176954076791589,0.000902274708854811,-1387.31624317886
546,0.0165331039531427,0.0241056840995733,0.000600262749769582,-1391.00512331828
547,0.0265095588540868,0.0119816741090907,0.000779935304667584,-1388.70192737729
548,0.0313460761766392,0.0174190689561364,0.000775403949401137,-1388.55631475074
549,0.0232200415292499,0.0174958563640283,0.000725525165120401,-1387.36539762898
550,0.0276395929887868,0.0265856509525137,0.000675208526787892,-1392.07857455855
551,0.0228668951964914,0.0131187519186313,0.00117268419975763,-1388.83938961883
552,0.0247317071516375,0.0169291194474675,0.000518598723273739,-1389.26595022878
553,0.0363086908705608,0.0174240783186448,0.000884619955189541,-1391.27497931093
554,0.0229456407483743,0.0144688590066791,0.000790366992444201,-1387.97180922619
555,0.0248731021813425,0.0139945130378506,0.000711527770337378,-1388.13755021672
556,0.0280267677163781,0.0199441961879106,0.000569843021186951,-1388.99195667024
557,0.0278459415718523,0.016130383113039,0.000637837391498449,-1387.89771390984
558,0.0248585004687973,0.0173780006156703,0.000838126664235835,-1387.21220207248
559,0.0247398753345847,0.0133288015017019,0.0010489451061848,-1388.18146722362
560,0.0241514405210277,0.0184789326703047,0.000965520065382427,-1387.64829914244
561,0.0230243094584271,0.0134453832132613,0.000827502763073323,-1388.33992928847
562,0.031401102616528,0.017333540640433,0.00090066799667959,-1389.01593848072
563,0.0188408254020679,0.0173951193895998,0.000978577765765748,-1387.65842917468
564,0.0278713469203817,0.0148868734296985,0.000690949536781131,-1387.74189907033
565,0.0286404228092753,0.0199027006556753,0.000801724279437474,-1388.60448810594
566,0.0165432299607683,0.0202478949407636,0.000895521162627876,-1388.46054687744
567,0.0272551492321525,0.0140120256582097,0.00084695499799186,-1387.59858446671
568,0.0297754376810264,0.013506914379937,0.000710935313405443,-1388.11670963378
569,0.027516094523015,0.0162148294084244,0.000793010794484962,-1387.39175658504
570,0.023351579679628,0.0224087263135675,0.00111713924135523,-1390.07918171788
571,0.0246629571843754,0.0141772699619883,0.00100010061560873,-1387.79823155538
572,0.0273459680231615,0.0144069011748972,0.00105998484693775,-1388.28229850503
573,0.028398448784189,0.0160019389938767,0.000831434672994815,-1387.56287342305
574,0.0279408065663314,0.0158620246803867,0.00102261653654834,-1388.24785493392
575,0.0224235488662625,0.0142914103912668,0.000700124457900587,-1388.78407325962
576,0.0277476467731656,0.0142608853233758,0.00101417352732067,-1388.10955168468
577,0.0228998228888275,0.0169804137102384,0.00114323915927371,-1388.37357417152
578,0.0199615437604721,0.0171279681206826,0.000975032587681687,-1387.50521355056
579,0.0238770096995157,0.0207494505318433,0.00100061383666165,-1388.47548950306
580,0.0215893021959957,0.0215350572574688,0.000983885846656483,-1388.2100837384
581,0.0256079625206819,0.0219003786050563,0.00147187494969698,-1395.16231415179
582,0.0171178651593911,0.0211258497087808,0.000503546801051993,-1391.73178462685
583,0.0208349697294465,0.0191832678621692,0.000790347234886737,-1387.22820912019
584,0.0209099386711278,0.0184413832299529,0.0011735266173978,-1388.52887240826
585,0.0233441861119803,0.0202245843618295,0.000633715891335408,-1388.03169123655
586,0.0235067890729927,0.0156313768613969,0.000861281941679712,-1387.35088053987
587,0.0285271111598041,0.0159955783982276,0.000630475462107003,-1388.00939687129
588,0.0251800352939753,0.0139167796112344,0.000633136519993766,-1388.74586338377
589,0.0348461149913607,0.0137091957584906,0.000895676724029635,-1389.506139966
590,0.0184375832398829,0.0218594731200307,0.000966947379802749,-1388.30894163716
591,0.0225733017478325,0.016509955382888,0.000774882790225286,-1387.40049077388
592,0.0284578658106458,0.0164743666172547,0.000976858783075075,-1388.2058716719
593,0.0282187264182791,0.0209528025065369,0.000808867822943204,-1388.9723457043
594,0.0183875098624589,0.0193868914940101,0.00106571620852193,-1388.05884532453
595,0.0195709025087856,0.014598541409057,0.00109505992305903,-1388.67333149652
596,0.020171966080167,0.0213449704946721,0.00106291408200824,-1388.47359822545
597,0.0212769895793645,0.0197749786149249,0.000831752503533543,-1387.2303182106
598,0.0203176306450049,0.0190700081043451,0.000755420660100107,-1387.38867467836
599,0.023331523593442,0.0171764219092711,0.000894407832550566,-1387.21185886621
600,0.0264807066233097,0.0113034490729282,0.00110913042655039,-1389.31065914453
601,0.0264826109359007,0.0142383339871142,0.000708762575437948,-1387.84062856372
602,0.027179842197186,0.0183100014629775,0.000754140043721477,-1387.63277178952
603,0.0226339354857464,0.0203161318517585,0.000795514686629072,-1387.41679847548
604,0.0263860987502464,0.0192996602057444,0.000766532567075815,-1387.73314539677
605,0.0194934924295196,0.0215017660078507,0.000921751057732336,-1387.86349761307
606,0.0188141697562749,0.0182670241426384,0.000867586131255938,-1387.47153181923
607,0.0209501672119817,0.0152783379440136,0.000894062361377376,-1387.8751830036
608,0.019186998943005,0.0191619127535969,0.00102258854449514,-1387.69206426388
609,0.022398847393783,0.012644172846131,0.000976521396601364,-1388.71711895372
610,0.0205597167728192,0.0107173621189557,0.00153861885659354,-1391.17851596724
611,0.0226473558296113,0.0105057725786008,0.00113575510722309,-1390.0690834206
612,0.0239565671833129,0.0172516883422397,0.0010117112997588,-1387.68038958635
613,0.0223211963001835,0.0159827708708356,0.000996756356063465,-1387.60214610889
614,0.0239878325787337,0.0221789668862696,0.000922784649821888,-1388.70763908008
615,0.0217403043250989,0.0189448908590391,0.00107680408341247,-1388.00177697087
616,0.0224123396132273,0.0165036471509369,0.000914171925356488,-1387.31602063812
617,0.0250848232045007,0.0138482602021742,0.000719151007849536,-1388.12093113609
618,0.0341249661944725,0.0153703545607712,0.000745216040903294,-1389.01571072333
619,0.0362664664238843,0.0156116640402339,0.00108446316525821,-1392.15343646651
620,0.0234907566002954,0.0147346732750651,0.000766325088335546,-1387.82194626962
621,0.0209221569350676,0.0186855793943046,0.000936662877725248,-1387.25475263657
622,0.0230411035658833,0.0198996348342742,0.000765692941839808,-1387.38581017674
623,0.0272025196989574,0.0183877178404597,0.000740878639030515,-1387.66428056567
624,0.0168376479339407,0.0213683803302585,0.000950910530661597,-1388.6279054542
625,0.0239531038987537,0.0118885189086548,0.000969516907635919,-1388.81416048876
626,0.0288869770446213,0.0172143069651975,0.000841221970265443,-1387.87985884907
627,0.0294808480146228,0.0185105673444989,0.000641926310214031,-1388.44297170828
628,0.0201953212879156,0.0188673236880518,0.000651919257652763,-1388.10659494155
629,0.0247894740022975,0.0217504695761782,0.000732103694637223,-1388.27272447698
630,0.0175754677189305,0.0173119023220817,0.00083513591775383,-1388.2254321745
631,0.0224223107977311,0.0181500729910379,0.000945376362045246,-1387.30988745035
632,0.0236111078578287,0.0184488347514115,0.000995537175221338,-1387.70602439086
633,0.0205754549722541,0.0169595187671066,0.000791533749827331,-1387.52505402567
634,0.0256239311462156,0.0141751760253506,0.00121343447309988,-1389.05418765161
635,0.0252629908225928,0.0139727164278397,0.000797591479124095,-1387.71427563165
636,0.02603745359112,0.0137641115271843,0.000834932951695811,-1387.66774608929
637,0.0259857149254418,0.0138841808364817,0.000611155182271796,-1388.81908149084
638,0.0376620098469899,0.0157385956592612,0.000777419254742928,-1390.64020071714
639,0.0188332540247011,0.0227823282997897,0.000676273522620822,-1388.85577436101
640,0.0250188999584738,0.014507559917991,0.000756877603217312,-1387.67467438728
641,0.025456778329834,0.0197264560340562,0.000665624114487206,-1387.90449874502
642,0.0278228742626865,0.0211320504533484,0.000752063198706542,-1388.80825206362
643,0.0177895846780526,0.0193477205445416,0.000777015707827856,-1387.99796926793
644,0.0264826711869003,0.0175368025198351,0.000991715988964522,-1388.03317257171
645,0.0254227520517612,0.0160290919137132,0.000770011449331166,-1387.27822005734
646,0.0214707783526348,0.0217656454660409,0.00095353091571608,-1388.13816381065
647,0.0218506169464275,0.022409392684437,0.000548044923591518,-1389.46892207213
648,0.0231872017217636,0.0134795990450162,0.000570171458886761,-1390.58181967924
649,0.0263264377937776,0.0189935697036954,0.000942796545382684,-1388.14154239427
650,0.0194960228231122,0.0199265314686038,0.000976529831220151,-1387.59426359023
651,0.0174331164245113,0.018359928742975,0.000920672895027625,-1387.93222159967
652,0.0168068620946476,0.0164405217113457,0.000885729417351092,-1388.84728078748
653,0.0311168975480132,0.0143921268884822,0.000914760674391753,-1388.44083096338
654,0.0191825451631563,0.018200738305315,0.000969457762771446,-1387.47879490643
655,0.0228536375997442,0.0188244226333877,0.00113573699750965,-1388.60405656071
656,0.0194481814557901,0.0153842846449889,0.000749234396594388,-1388.86021346524
657,0.0285935246210294,0.0192887081652373,0.000724034423456759,-1388.26377133014
658,0.0192773505959408,0.0191068457522156,0.000778557809211378,-1387.4958867636
659,0.0234249613756079,0.0192668233749416,0.000787275417160127,-1387.28120154866
660,0.0229569720975121,0.014726857309744,0.000924955526628521,-1387.67025729568
661,0.0207579404581568,0.0220364508689868,0.000937320784759522,-1388.11780348396
662,0.0255455563941037,0.0126217925199973,0.000881160731252038,-1388.17907440564
663,0.029262135968846,0.0129225181749058,0.000910257686837175,-1388.21526606974
664,0.0255616890043724,0.0197369214345931,0.00102733585723444,-1388.74496986089
665,0.0173704410843556,0.0216150595068426,0.000955198374480075,-1388.49033089237
666,0.0233892588385386,0.0151084758636735,0.00076877055556248,-1387.69478852417
667,0.0322790262155967,0.0150847420098686,0.000709937214206133,-1388.40740971111
668,0.0311474095006139,0.0146197654836701,0.000680727732561301,-1388.21553649106
669,0.0320352544463812,0.0135667129111832,0.000781426086965142,-1388.36310819358
670,0.0267833676338232,0.0210569003975142,0.000700368711071905,-1388.48966224916
671,0.0190836596501184,0.025228513975803,0.000637817203923014,-1390.10453991648
672,0.025275296905607,0.0215925264350727,0.000906919394834722,-1388.71415120809
673,0.0285412281250749,0.0192979281907776,0.00101567964140422,-1389.47876512935
674,0.0255290339055099,0.0192405418670844,0.000986750704104972,-1388.27320549619
675,0.0195699615791533,0.0186731646870235,0.000767024554737014,-1387.49468500144
676,0.0315164652251732,0.0115791816083091,0.000765254444640791,-1388.85378194585
677,0.0256381277606916,0.0119974870879511,0.00130260024373368,-1389.98213314317
678,0.0235472940055883,0.00870871094307682,0.00128196538527678,-1391.21795082944
679,0.0238063546263144,0.0181227375862031,0.000926127817087061,-1387.37705289435
680,0.021588452144065,0.0169238015730468,0.000714390381416451,-1387.71900028421
681,0.0201119671484129,0.0208554274158824,0.000901015825679051,-1387.56067841667
682,0.0179089352026436,0.0200554454056462,0.000843895473772102,-1387.79919418743
683,0.0261412498734979,0.0144544187158961,0.000956058111930003,-1387.63969316182
684,0.0259284965771514,0.013520705128476,0.00127796754687191,-1389.64120821188
685,0.0189730454259369,0.0161496383994268,0.00100757937807996,-1388.00631164683
686,0.0274147559472101,0.0174221662827464,0.000906767561796577,-1387.7845361647
687,0.0221121545521517,0.0161780867681965,0.000901325618634363,-1387.38594223711
688,0.0179078202886714,0.0209104143924977,0.000976948780936849,-1388.14348974701
689,0.0164152866349394,0.0183160488457118,0.000801899065203228,-1388.79507871547
690,0.0269843808558608,0.0136074086431644,0.000597469773856215,-1388.93635000065
691,0.0258624027883409,0.0190767509315142,0.000840453463960663,-1387.65501917491
692,0.0225465759056163,0.0165645294314981,0.000888886751526591,-1387.26987473939
693,0.0295975134097524,0.0147418523385375,0.000578396742272403,-1388.65259871006
694,0.0270226022629893,0.013656388146569,0.00138112003291483,-1390.88367179648
695,0.0209789498621461,0.0210015030828528,0.000980229182421902,-1387.91223700358
696,0.021038368238006,0.0177621478979234,0.000682057694669144,-1387.83598927435
697,0.0233222936273182,0.0183855884944353,0.000835652638632136,-1387.16754664322
698,0.0204699842856074,0.0160846408400558,0.000976827236837645,-1387.69612474443
699,0.0234386408212171,0.0157330291261648,0.000873877975840525,-1387.33858902621
700,0.0220948569439897,0.0187953268041684,0.000829078955125851,-1387.13489038503
701,0.0263173776645591,0.0149381247453387,0.000934393598668984,-1387.52623905804
702,0.0272852272828254,0.0155834952804256,0.000998189221339102,-1387.92708950049
703,0.0211133940699602,0.0185760899936249,0.000841483014441637,-1387.1340673732
704,0.0199059186323448,0.0157001307516992,0.00114183223077013,-1388.41883430959
705,0.0231575810534451,0.0142627130527627,0.000719880872288823,-1388.38974781998
706,0.0255337629130742,0.0197120572615061,0.000923129786127246,-1388.07949994883
707,0.0213121915016438,0.0160876788957832,0.000815750493623584,-1387.60527386143
708,0.0264384652729376,0.0146072935235776,0.000671762053545113,-1387.93984346598
709,0.0252375562996687,0.0199799031988701,0.000823480033231759,-1387.7557175943
710,0.0227292138426406,0.0145832357677615,0.00097382895669653,-1387.80802419829
711,0.0190724806994973,0.0180034755235468,0.00107180625655226,-1387.87281954652
712,0.0206066553275408,0.0162694336244301,0.000768753031749605,-1387.86395975464
713,0.0189311194490483,0.0174469084498293,0.000774086332874574,-1387.8762944864
714,0.0286434252180699,0.0136646515645838,0.000868806052307221,-1387.83861181899
715,0.0304394711300856,0.0160574512395361,0.000731755883773518,-1387.98136511164
716,0.0259862489103232,0.0178573036403913,0.000829364063831168,-1387.38189557672
717,0.0257914398026778,0.0166756507464983,0.000849891014821484,-1387.25692047391
718,0.0208969261870379,0.0180534982455167,0.000775343409842468,-1387.30172525222
719,0.0249478941656775,0.0172572065513146,0.000919811335764226,-1387.3887415954
720,0.0287695325680675,0.0220519831256506,0.000973713418719385,-1390.78083166162
721,0.0141129547139814,0.0230569544113271,0.000869481267549144,-1390.94553636122
722,0.0154359047562113,0.0160549851793128,0.000901910734623252,-1390.03376061633
723,0.0365650680614864,0.0158637164525718,0.000599877229213356,-1390.22683365808
724,0.03647467226183,0.0108339617945051,0.000734899363057798,-1389.6609778647
725,0.028983538403062,0.0157524824209834,0.000765797303541306,-1387.62138317369
726,0.0301121205336728,0.0232898839597187,0.000656196364251676,-1390.85632190819
727,0.0170514828269504,0.0181041784423932,0.00100565846090555,-1388.23447490109
728,0.0235248305417507,0.0195509981897413,0.000819418554488473,-1387.34357110572
729,0.0224790117294715,0.0172345648626196,0.000802851081505438,-1387.20708861722
730,0.0245932240141727,0.0144705104127391,0.00115245270655787,-1388.49496170117
731,0.0259122556681228,0.0148275055196391,0.000737820195616325,-1387.56824562715
732,0.0276728576099911,0.0157876668686535,0.000710474569376602,-1387.54519948695
733,0.0249846610986057,0.019861943260955,0.000871456458454328,-1387.78531284389
734,0.0227701216271042,0.0183271619788626,0.00113062669326547,-1388.43836403957
735,0.0196450273792725,0.0192311829253275,0.000708727355749682,-1387.75982921977
736,0.0216193701798999,0.0206081563278767,0.00079314074972546,-1387.42650760052
737,0.0216542784378862,0.018336312874543,0.000859280730252835,-1387.12134059356
738,0.0219688057060175,0.018344651081014,0.00107217430249294,-1387.90640453776
739,0.0220419638364103,0.0142185411634124,0.000727852291171158,-1388.76172264119
740,0.026680481701134,0.0195984572832325,0.000759446746573093,-1387.88602646735
741,0.0176614923393114,0.0236406123552557,0.0009449321094425,-1389.24152468953
742,0.0200668215481158,0.015223280202812,0.0011243175811742,-1388.45222871855
743,0.0207782552806952,0.0157382137010459,0.00112653518393433,-1388.27056212191
744,0.0201630789168471,0.015261874584875,0.00108182605287788,-1388.27318545505
745,0.0250337315593207,0.0170778628630312,0.000528488141289656,-1389.04396148067
746,0.0193086479188724,0.0199966796518996,0.00111106247173224,-1388.3436244609
747,0.018550444782198,0.0196884587076021,0.000728226992903571,-1387.95255174698
748,0.0186905974328039,0.0189232589373362,0.00098979931270781,-1387.62962330232
749,0.0201889213146409,0.0176646046480859,0.000743673743298182,-1387.62758012869
750,0.0197206735345302,0.0197868340916695,0.000981974291810468,-1387.57044155536
751,0.0208413972819913,0.0158424944562834,0.000770279234449209,-1387.98979462765
752,0.0261893255626787,0.0155305885069951,0.000862294531190947,-1387.31227496376
753,0.0250776950859934,0.0141345793579726,0.000734508931340845,-1387.90863122136
754,0.0310087862480985,0.0161915291240779,0.000719947962916964,-1388.15764931605
755,0.0311763984599004,0.0178999723997738,0.000526069383593796,-1389.54897367568
756,0.0240780709369659,0.021132914148443,0.000523758132176528,-1389.38387962199
757,0.0181108387229351,0.0206464098743342,0.000590612478601498,-1389.54250242276
758,0.0274965829779275,0.0168573478698337,0.00115981374523904,-1389.42910659966
759,0.0166302314444326,0.0188767552412885,0.00100990947945345,-1388.44472328279
760,0.0278598830705738,0.0218171240879993,0.000502518956268424,-1390.32373267208
761,0.0233574178869194,0.0192970140674689,0.000489824452572738,-1389.72953501957
762,0.0339174880285451,0.0190343064887957,0.000456346568470047,-1391.54652959748
763,0.0336282917690866,0.0126008706384614,0.000514349538700044,-1390.16847895025
764,0.0275202100987467,0.0206439393546941,0.000619292901548464,-1388.78458337024
765,0.0215754896620578,0.018322682106406,0.000915878361601689,-1387.19585300343
766,0.0246234034174877,0.0154168458122385,0.000954272040821171,-1387.46350510001
767,0.0290963839847651,0.012340796590396,0.000709028524337248,-1388.57951545238
768,0.0311577783143518,0.0142277754756121,0.000764607238643066,-1388.10559053726
769,0.0280278499836799,0.0173846993064007,0.000960670538321038,-1388.20339393947
770,0.0173703988256376,0.0247728957098873,0.000827261667740009,-1389.68150957963
771,0.0179805335151985,0.0189840327062143,0.00105300543220596,-1388.04735501219
772,0.0167408903532151,0.0178659510786609,0.000909979256725899,-1388.3710999694
773,0.0292960420929316,0.0143154827116551,0.000947269192242974,-1388.10754920723
774,0.0227716457859779,0.0124172874895372,0.00105562873673163,-1388.78565833877
775,0.0213597709117796,0.0129527051882334,0.00110048532297605,-1388.93628648204
776,0.0249672877597263,0.0183486700278508,0.000507612358716271,-1389.27618514992
777,0.03060991795025,0.016381766911809,0.000833686647343035,-1388.18930446877
778,0.0300807143795161,0.0165737569669063,0.00105196485433272,-1389.30334284841
779,0.029248916814788,0.0149725271268702,0.000887020801988063,-1387.84382525845
780,0.0299672316961313,0.0173761611357286,0.00092288438355188,-1388.60845162581
781,0.0288651758701165,0.0161232614053096,0.000643994476115716,-1387.96289241576
782,0.0214580849058799,0.0198036353447623,0.00076204995128012,-1387.32488498833
783,0.024061138121141,0.0144828986692974,0.00071328048981565,-1388.07694927909
784,0.0254130867863823,0.0210499749962796,0.000632463674487578,-1388.44753966315
785,0.0263673620805302,0.0126846729062705,0.00129302847638465,-1389.93186952615
786,0.0256115482605431,0.0135707052411021,0.000892625325722111,-1387.74448455076
787,0.0225871029813775,0.0222597058955667,0.000569233362897282,-1389.13852725298
788,0.0246586449617229,0.0186551984568473,0.000695279461640784,-1387.51308476152
789,0.0227062426922031,0.0203260038315577,0.000649078879602836,-1387.93168986457
790,0.0211622000458537,0.0178209439927738,0.00082678593549323,-1387.18529533445
791,0.02157234635234,0.0200501699051147,0.00106073836784488,-1388.13980261201
792,0.0230829275973711,0.0180647761567521,0.000798373904070689,-1387.15176065371
793,0.0239357116253452,0.0172025379216832,0.000638317336559621,-1387.8901561298
794,0.025994386017438,0.0177601119161789,0.000978107186413257,-1387.90300110252
795,0.0195289845240712,0.0176697136882666,0.000921727238711322,-1387.39418948886
796,0.0197657005159062,0.0189942402278491,0.000917576619653415,-1387.29174755852
797,0.024807784653852,0.0137645682101034,0.00113571883525365,-1388.48258903379
798,0.0240021541471816,0.0197406528469278,0.00104882600438856,-1388.46455297213
799,0.0196389773514345,0.0139925304931405,0.00125474822308548,-1389.45844025824
800,0.0237911799358805,0.0150868237734217,0.000746073002992689,-1387.71948433134
801,0.0242950394707937,0.0188382531151319,0.000920121275096225,-1387.54708450602
802,0.0183872046816389,0.0196318722013618,0.000826617293036507,-1387.62011413559
803,0.0196647207253587,0.0200196570583963,0.000905096462905608,-1387.40155894772
804,0.0156293269926621,0.0188010078667825,0.00123583382474605,-1390.13973239371
805,0.0154304958437043,0.0169553287544915,0.00111504990607846,-1389.63645532476
806,0.0269185405056726,0.0114582216723554,0.00104509647389695,-1389.02957089221
807,0.0243966761315041,0.0213890714423929,0.00095107755186591,-1388.5940384755
808,0.0239639898921163,0.0152534438704542,0.000751453191901983,-1387.61163354546
809,0.0286194477029086,0.0191478951219874,0.00067145487227874,-1388.31261298549
810,0.025863595881693,0.0130079297429973,0.000786161238167241,-1388.11999806522
811,0.0304017667954396,0.0164597197736066,0.000925807956717397,-1388.5249854532
812,0.0296403061176506,0.0143896068973851,0.00136354746536853,-1391.77653320993
813,0.0233905830317543,0.0085611358348815,0.00136747416557547,-1391.27596674159
814,0.0227423756462888,0.0101336510768928,0.00129972775671899,-1390.45107487094
815,0.0226889500298137,0.00981454182837972,0.00119629018755898,-1390.56298453903
816,0.0313317168627698,0.0160900331788498,0.00060534914356548,-1388.63331173393
817,0.0266833194127577,0.0186908730760717,0.000819825958124442,-1387.67685364729
818,0.0178211880378463,0.0197474321328604,0.000892623074736646,-1387.77275349402
819,0.0246965613084881,0.01372470266818,0.000932621637817934,-1387.77964729964
820,0.0310791991024314,0.0169333174780842,0.000839775708046255,-1388.4944577194
821,0.0161547939905467,0.0244730372283042,0.000830099549516383,-1390.02950325204
822,0.020154156528954,0.0219357246087579,0.000797035529549201,-1387.84907144483
823,0.0221855449550371,0.0217331382197974,0.000723841381223563,-1387.92328442494
824,0.0225886576670737,0.0155678566673253,0.000732121258263035,-1387.87851982817
825,0.0250513898954078,0.0179655729620999,0.000906400564416157,-1387.45305683481
826,0.0180660528695632,0.0188087351830958,0.000759768194289872,-1387.99613393002
827,0.0273681494213363,0.0172721483483261,0.000516618156786817,-1389.07193479687
828,0.0241406906474803,0.0178682722466348,0.000856414991022091,-1387.21307269382
829,0.0248551490262572,0.0142164895291176,0.00100238746001637,-1387.79467185944
830,0.0234852037057702,0.0136824522270722,0.000923356046299182,-1387.94885135664
831,0.0257851962617325,0.0161715606025554,0.000702179058213738,-1387.48042786783
832,0.0303117596028332,0.0150176614389526,0.000817100557510625,-1387.92404581828
833,0.0172881184108515,0.0188956789767607,0.00105662909252405,-1388.2912321388
834,0.0169005829208849,0.0189548817407633,0.000936109940589462,-1388.17166664279
835,0.0268319383835135,0.016484197412627,0.000533646217716475,-1388.88552933411
836,0.0419119902108862,0.0159218689155161,0.000625484035637336,-1392.53750117794
837,0.0298018815618074,0.0165569822430007,0.000830886196731277,-1387.97207383805
838,0.0251392021490094,0.0205350108973687,0.000848240281923237,-1387.98472421357
839,0.0291406926334601,0.0126595969332852,0.000714660704143836,-1388.39316546428
840,0.0243411321620222,0.0189842953219083,0.000731995656181617,-1387.40818085449
841,0.0249670577720384,0.0186406907978007,0.00085426235845726,-1387.41805929014
842,0.0255000610935205,0.0185449525912478,0.000804218880761621,-1387.40941706366
843,0.0246193806990856,0.0185224135923045,0.000902283344164932,-1387.47262906366
844,0.0172320455822267,0.0188884259704113,0.000889882446202662,-1387.99879057988
845,0.0240224296650389,0.0180826065745516,0.00079431457102646,-1387.19420842377
846,0.0241605355493756,0.0130757570021353,0.000507992126733178,-1391.58091311086
847,0.0250089668523087,0.0193923765314543,0.000826340514521167,-1387.54483794662
848,0.0220949503722572,0.0201088592373566,0.000804143307848923,-1387.32535654395
849,0.0197228549018008,0.0252070292777027,0.000818943843521067,-1389.51976506184
850,0.0233967899623298,0.0143372541062977,0.000936261187698158,-1387.72974558933
851,0.0234714682604539,0.0208291469586105,0.00110990877366873,-1389.23845021334
852,0.0197080349461593,0.020319528498433,0.00143295801982194,-1391.6348309697
853,0.0164091326168457,0.0201382680700722,0.000700593080224037,-1389.31812420717
854,0.0308865094247459,0.0191972363757764,0.000882768251897478,-1389.47267417604
855,0.0194884573079226,0.0173953234025752,0.000965161427515476,-1387.50615585406
856,0.024518790175165,0.0150854804164273,0.000757022332092124,-1387.55606113829
857,0.0255520563483402,0.0152702269749251,0.00086381263203704,-1387.3140727198
858,0.0206886245949125,0.0233532837520571,0.00079073339658725,-1388.45285130485
859,0.0189004435286555,0.0221519898383349,0.000821617408122994,-1388.08236608239
860,0.0219401906141632,0.018717244826926,0.00086510803905547,-1387.14114061668
861,0.0232736820667836,0.014545270185427,0.000889910453029858,-1387.6667032099
862,0.0301255641183437,0.00840951535475309,0.00103785036546032,-1391.21803760402
863,0.0301748520678927,0.0114558592185318,0.000644135849881855,-1389.45621318632
864,0.0249016053877624,0.0255389273217464,0.000775481003513695,-1390.46281830944
865,0.0311112851308667,0.0132662962181394,0.000791864382914592,-1388.23621738935
866,0.0347618926759352,0.0140003987379595,0.000877432904505495,-1389.42068118863
867,0.0261893340297284,0.0184290936809256,0.000679875297520386,-1387.67574068916
868,0.0226012986504946,0.0213147919209413,0.000941158332029987,-1388.07417204616
869,0.0200848560689357,0.0178882641368285,0.000777217016785465,-1387.44867056061
870,0.0243119582027552,0.0174894985309249,0.000710463344662279,-1387.39461960837
871,0.0260561776031078,0.0235805274354679,0.00073177458158332,-1389.52356800216
872,0.0259281288156723,0.0233661429087784,0.000744818269337032,-1389.36811192385
873,0.0198458708862634,0.0181946458955227,0.000694829413941101,-1387.91769909176
874,0.0204524952973565,0.0213135325398926,0.00071080741365314,-1387.87559831097
875,0.0207971877349401,0.019884624662779,0.000975071471281019,-1387.55265332325
876,0.026716318569621,0.0155590031512246,0.000657178286832952,-1387.79755414194
877,0.0187187015448668,0.0259863582822652,0.000599760638328464,-1390.86272129489
878,0.017904742921979,0.0205785075440405,0.00119109367778422,-1389.31967054896
879,0.0164663817355825,0.0184945427711688,0.000881269420889389,-1388.48103922255
880,0.0219645111869489,0.0229937187053314,0.00106989472752745,-1389.61439636234
881,0.0234235746840919,0.0171450259928109,0.000956800382564449,-1387.38602813982
882,0.0275036077929633,0.0172296843706381,0.00104713220478244,-1388.58668336467
883,0.0226763690062333,0.0195960735091457,0.000832755203887593,-1387.27009288785
884,0.0320641898986651,0.0171345370060505,0.000880982315687639,-1389.11357623477
885,0.0220066460980102,0.0165237530467074,0.000974005718646922,-1387.46262427015
886,0.0235758665916975,0.0164135060110282,0.000996601235465032,-1387.5504112379
887,0.0216396575467659,0.0168121975950765,0.000850653439185908,-1387.28763813843
888,0.0235821471471127,0.0198023992626719,0.000885891851203406,-1387.53409040101
889,0.0214353177021511,0.0166089881470684,0.000894693153093661,-1387.3469467649
890,0.0236182866859908,0.0147062075153017,0.000930794402746138,-1387.58976395221
891,0.0226842820669863,0.0219745415652427,0.000939376272670849,-1388.37164837468
892,0.019911065676167,0.0178746226476149,0.00106069329205155,-1387.74297973676
893,0.0222337538115072,0.0108563116487225,0.00106658177019516,-1389.94530313379
894,0.0230232588106086,0.0213250540592352,0.000838877765628973,-1387.81686681093
895,0.0203955360106388,0.0164144494283123,0.00079412720968409,-1387.74459605765
896,0.0260873970890613,0.0158262865494144,0.000947498148767487,-1387.5152523717
897,0.0225804589845808,0.0177272080210613,0.000941841132699603,-1387.2937684137
898,0.0199645581562615,0.0244492720909061,0.000962014249683369,-1389.52578705079
899,0.0215548992685204,0.0243968113613085,0.000608284796026139,-1389.66044282321
900,0.0267559592869167,0.0152795288853816,0.00109582300328404,-1388.41250881829
901,0.0181682636622878,0.0165472178591884,0.000835088716236752,-1388.25422377282
902,0.02012803746742,0.0227495531269352,0.000923125871297781,-1388.38149043553
903,0.0198965147437863,0.0206626861254168,0.000963374907094158,-1387.70054710468
904,0.0244818707881892,0.0150537742804685,0.000993569778148244,-1387.63057577453
905,0.0279467341734088,0.017333353665466,0.000711270617682589,-1387.64683154031
906,0.0278865765080847,0.0156356596135265,0.000943661705577551,-1387.7833483955
907,0.0217183408590792,0.0192261077351134,0.000704100209846197,-1387.49285595583
908,0.0183299531073137,0.0209562965936767,0.000770084582156538,-1387.9829079792
909,0.0198677537177051,0.0189130078095031,0.00087827204424911,-1387.23673118864
910,0.0232325044941379,0.0195798247392335,0.00104967539663335,-1388.23440914644
911,0.0166508408740152,0.0138759380633057,0.00116095373562678,-1390.14652590964
912,0.0203387775978994,0.0211696711873216,0.00107459002575449,-1388.49155959871
913,0.0284458737525609,0.0109082373212137,0.000684310642339177,-1389.82053470019
914,0.0379418953011264,0.0113223999824799,0.000662774956122458,-1389.97069635555
915,0.02715231370652,0.0160663549520499,0.000971487062264135,-1387.80232929673
916,0.022143356256172,0.0148374951143111,0.000778903652913144,-1388.07696192172
917,0.0271732600024053,0.0152518832071524,0.00082028591815077,-1387.37907730283
918,0.0277101185542161,0.0102676225779415,0.000825628466055935,-1389.85795169901
919,0.0385012275683324,0.0130601463187431,0.000705854307988751,-1390.10389853112
920,0.0339357684440075,0.0155635139092282,0.000753779720086742,-1388.99662689366
921,0.0224943413260954,0.0202990808665428,0.000729991725924888,-1387.51681278057
922,0.0205079194932435,0.0165446023725114,0.000840508168314607,-1387.53777689913
923,0.0207911646970378,0.0188566181240279,0.000865565120218622,-1387.15459598716
924,0.0198597917581299,0.0186889150489712,0.000943200156996243,-1387.32101319579
925,0.020245574108264,0.0191203982068583,0.000952937255490252,-1387.34784216503
926,0.0176576500681551,0.0179499692322907,0.00109043637731485,-1388.27813977838
927,0.0224875701835372,0.0196855497918782,0.00116151505345605,-1388.99223108962
928,0.0236573893924732,0.0170006754805558,0.000594641014560259,-1388.38837056324
929,0.0370277389559451,0.0099922819673101,0.000906000465675781,-1390.30274136745
930,0.0311413971800937,0.00990928727540962,0.000806363485119027,-1389.83017000571
931,0.0341013219502868,0.0155634094181827,0.000652676382378708,-1389.11670760189
932,0.0346035654647855,0.0160874833524896,0.000849011738548034,-1389.69787768226
933,0.0220484901138473,0.0178308360238065,0.000823282074121833,-1387.13895287273
934,0.0229949426951834,0.0174710293411081,0.000797672200017964,-1387.17179034918
935,0.0265998354456769,0.0189874724949048,0.00067182713687434,-1387.86799989116
936,0.0206573453554101,0.021049310271054,0.000918070691911465,-1387.66276001388
937,0.021187713607994,0.0186704801610535,0.0010646129193739,-1387.82454568868
938,0.025252598728018,0.0177495431498633,0.000877737473485491,-1387.36112484952
939,0.0193589386014056,0.0162112007261728,0.00102310560970936,-1387.93481490505
940,0.0309355746239212,0.0155936924703195,0.00046550581380082,-1390.13344101908
941,0.0320204799666247,0.0138228617565418,0.000630933784514388,-1388.67720565715
942,0.0260015810022792,0.026262741063809,0.000617120355343056,-1391.37859945447
943,0.0165774938209178,0.0241113065364723,0.00117565497578222,-1391.31456880195
944,0.0237918958191853,0.0206874325844176,0.000707294457793034,-1387.78739708119
945,0.0188492493864242,0.024543114107916,0.000843854757371134,-1389.23989955678
946,0.0187640126195131,0.0222528658940912,0.00086698260378871,-1388.15865981799
947,0.0240859846499309,0.0110128397873718,0.0009956310514968,-1389.41591777977
948,0.0343496741931098,0.0158946227582677,0.000625128509229265,-1389.35081806638
949,0.0208763930874322,0.0213065767849972,0.000690155711039884,-1387.94494308421
950,0.0223275153487457,0.0207380664551697,0.0009735024540097,-1387.96381871615
951,0.0198808450581409,0.0182938363480562,0.00110770509397551,-1388.01156851784
952,0.0177775110320557,0.0180350812829841,0.00102655333223925,-1387.99710921838
953,0.0221932323008446,0.0198943703585114,0.000752387120143251,-1387.36559737261
954,0.0198862776892628,0.0211183427327556,0.000798034637995736,-1387.60984887629
955,0.0231452530012136,0.0216442748772759,0.000629460017897639,-1388.41588050855
956,0.0183035238889182,0.0261420009492046,0.000803422948989171,-1390.21575285248
957,0.0212600522653103,0.0239806887610031,0.0008319848654579,-1388.84222993587
958,0.0206023311744307,0.0206931789414534,0.00102930834092401,-1388.0419134412
959,0.0200185837018271,0.016446506237129,0.00124623560886628,-1388.9341904505
960,0.0176041908852764,0.0174476293576716,0.00113571721848364,-1388.52531440692
961,0.0171563049439814,0.0167672303322678,0.000805914715959531,-1388.80621350389
962,0.017135443915337,0.0253097987694483,0.000936039866842589,-1390.27221087877
963,0.0239203736202553,0.0110132991960089,0.000917500157342518,-1389.58783014413
964,0.0247572028175224,0.0148556649065691,0.000771615682230953,-1387.54320956973
965,0.0192368796323887,0.0194473719535033,0.000871819042055127,-1387.35689068379
966,0.0214193690522779,0.0167822202560109,0.000730182398475431,-1387.69898151992
967,0.017893305242,0.0189943052362734,0.00124935589977628,-1389.33505314926
968,0.023049841161127,0.0108605003948893,0.00124857165920846,-1389.95971425981
969,0.0234723336169522,0.0162725803841668,0.00100949785710954,-1387.60630838491
970,0.0232573822356554,0.018240628161719,0.000926765999968823,-1387.32987734193
971,0.0185797211284747,0.0216430040705204,0.000656945631105484,-1388.74612599508
972,0.0217881914320587,0.0209035505158081,0.000830512241504186,-1387.51273345245
973,0.0207086593124359,0.0189163808550622,0.000890027532572875,-1387.18111040312
974,0.0205751679197374,0.0178872353318782,0.000709018471086655,-1387.70687138015
975,0.026136727769263,0.015770625615544,0.000971553747960698,-1387.61845604999
976,0.021726342712352,0.0193188079617924,0.000904135752226558,-1387.26198116243
977,0.0207173757299585,0.0189423491965055,0.00100995703396332,-1387.5431495479
978,0.0231208216487331,0.013524019884994,0.0010444488131121,-1388.23170632345
979,0.0213799037982145,0.0118023757191614,0.000992528451257082,-1389.62552060871
980,0.0246773271669079,0.0158722541926203,0.000977372923865611,-1387.51895749212
981,0.0213715361616253,0.0187453341390479,0.000865797207578528,-1387.13588689652
982,0.0198456824035994,0.0178863121679831,0.000928489925351283,-1387.32616891159
983,0.0270149956443957,0.0163299993981851,0.000784811052403226,-1387.33364468894
984,0.0208434968974586,0.0202949366690602,0.000942111294702255,-1387.52588943075
985,0.0140780895870454,0.0169677846852934,0.00129069717029771,-1391.50324198335
986,0.0271100302380296,0.0144069368933805,0.0012331686629747,-1389.53796704261
987,0.030576541379571,0.0127427481244097,0.000466471901314836,-1390.89394144403
988,0.0338245697937319,0.0148180722034337,0.000855640317066691,-1389.10825669027
989,0.0171400185207017,0.0185004622759098,0.00105785235371453,-1388.33917074072
990,0.0201102982958192,0.0169420129421883,0.000936783029512058,-1387.45768711648
991,0.0157737582048513,0.0162278176276497,0.000879755723660509,-1389.73342706202
992,0.0253242058132887,0.0197815396116198,0.000727455497302184,-1387.70387067936
993,0.0214320937900217,0.0188610092505654,0.000896077294418397,-1387.1810587609
994,0.0209614097834978,0.0204195425687811,0.000894960447262863,-1387.42728848629
995,0.0217212415608292,0.0188486699929908,0.000925956331649538,-1387.25922893452
996,0.0179197368510946,0.0203420695804592,0.000796958346155007,-1387.9332169227
997,0.0270704969109915,0.0162303773167475,0.000836131685773659,-1387.36039241454
998,0.0216380175390461,0.017406070857139,0.0011186078418365,-1388.101270155
999,0.0253663637843396,0.0164084493223277,0.00112339594932822,-1388.48957496197
1000,0.0273324296439014,0.0122447415990728,0.00104796909555252,-1388.69480310674
