"","i","asc1","desc1","pol1","p"
"1",1,0.126253494379463,33.4149429782556,7.25796603023106,-245.45801315934
"2",2,0.328162805285249,25.1135116799782,1.44790036408244,-224.099131813479
"3",3,0.45016414381916,18.6401127949664,2.14039729920621,-191.795006097829
"4",4,0.267747074538408,11.8133160964117,1.48490498498147,-176.892704155666
"5",5,0.334953624340425,10.015601848515,1.2610987366863,-173.110966502932
"6",6,0.0571959582239426,10.6785175643731,1.2641197288711,-173.331595936953
"7",7,0.468548246120317,9.88600285736954,0.996441892026966,-172.430570284225
"8",8,1.34051936268459,7.39723625739131,0.689153207835085,-168.216059242347
"9",9,1.03762149556854,6.76975461967353,0.736166968312386,-166.918965305714
"10",10,0.315947310831226,5.40259313167993,0.500419075805314,-163.003084010477
"11",11,0.142172348059787,5.56937129057958,0.753351034065002,-163.574692141543
"12",12,0.328715449646253,5.34058241784773,0.443885581698215,-164.841764405992
"13",13,0.596059805958251,3.68965169079942,0.353355878112761,-158.646944264451
"14",14,0.0850643901418038,2.47824409679636,0.312672943238884,-155.66878334576
"15",15,0.0336415409097087,2.44041703607827,0.346944826752709,-156.877198926697
"16",16,0.107522489586098,3.15187418075684,0.343677253098616,-156.578924538032
"17",17,0.132797219338498,2.80242673458854,0.310394789063481,-155.836732321374
"18",18,0.0889350004255581,2.62355158333757,0.231744073332304,-157.81482218219
"19",19,0.194931447282771,1.84928598457735,0.154086802533097,-155.828584586713
"20",20,0.307145359203268,1.79394669120323,0.163305650808257,-153.984169076457
"21",21,0.146744595059967,1.89046678154069,0.216838622121603,-154.075187048914
"22",22,0.305069165416964,2.32370375291212,0.260055201257066,-155.630208510939
"23",23,0.0936782771562626,2.23202927890914,0.27830024991869,-155.09500251822
"24",24,0.0413120074412362,2.67330392489266,0.347477584739215,-156.127471815929
"25",25,0.0247426896303649,2.82206413563047,0.347747381724137,-155.892521969362
"26",26,0.0720349696572389,2.96503947969204,0.347826282538287,-156.146025709838
"27",27,0.0842651805593464,2.95230733217284,0.324590661118835,-156.08502734334
"28",28,0.0287743951661827,3.18904010411175,0.347628229026127,-156.583458217958
"29",29,0.0359061641010496,3.0747449156276,0.343550533743811,-156.260215908129
"30",30,0.0326367304922515,3.0817998043431,0.414954745773136,-157.415425120279
"31",31,0.0354200279444887,3.41320121720927,0.368945277353845,-157.126177642985
"32",32,0.123156122700123,3.08635513903728,0.372747753828488,-156.773741181793
"33",33,0.214402841336225,3.29130606917615,0.359405730044547,-157.088111703656
"34",34,0.0667192526258922,2.92157167892481,0.319732731763069,-156.004264730749
"35",35,0.183525523949665,2.25781104584084,0.334705663415259,-159.213392674197
"36",36,0.196404372776436,2.86935256847328,0.32428337804217,-156.222369036412
"37",37,0.386837971706589,3.00076557735355,0.32570212325289,-157.029864109507
"38",38,0.289510928603483,2.51931493549749,0.294301677810476,-156.28639955299
"39",39,0.00147685628718398,2.62511255460588,0.304427547400706,-155.166850132371
"40",40,0.0390108874636986,2.16147745889231,0.291262323961296,-155.459408713872
"41",41,0.085506840156067,2.14802024418443,0.211352849230309,-154.930260265699
"42",42,0.411617341237901,2.28439733035239,0.193403991869436,-155.625481911445
"43",43,0.768535733230215,2.45855163176181,0.19885083768985,-156.112514703512
"44",44,0.424733191100582,2.4583286642005,0.262462626066175,-156.16917894003
"45",45,0.418517437808522,2.3494709086546,0.246698800423054,-155.820475617298
"46",46,0.303851469916892,2.08367943771372,0.197601262810977,-154.603430336915
"47",47,0.365103356961274,2.37074854103608,0.205437812545628,-155.846576647458
"48",48,0.458641300346066,1.83229812392863,0.177853329038026,-154.833924060821
"49",49,0.342708672135186,1.73524001714945,0.192819363463914,-155.238325194783
"50",50,0.156094749111904,1.61296308544719,0.161711152345521,-153.307303919754
"51",51,0.0901773354880526,1.38896226078562,0.14992910273034,-152.614602708708
"52",52,0.089255362712964,1.37479102430847,0.128862849294774,-153.484208500434
"53",53,0.223425287205255,1.24291878673803,0.121068148544066,-152.569542864253
"54",54,0.18688237326418,1.24637480937401,0.11847820556638,-152.510861188378
"55",55,0.257469762983927,1.18227949814973,0.146939056210587,-156.452779239906
"56",56,0.104634297210487,1.13189476162328,0.132175652386057,-152.559986515136
"57",57,0.0763870702773521,1.32041576074377,0.133094541739826,-152.702251118617
"58",58,0.305222903013693,1.52448888288408,0.144662437273434,-153.334636771019
"59",59,0.446952061845601,1.77311215648729,0.145708236195835,-154.088075138007
"60",60,0.43795638775896,1.80449325188867,0.130939230845144,-155.316056630936
"61",61,0.520041592163902,1.87263378933808,0.152965239955083,-154.356203553206
"62",62,0.364469913169821,1.41695135280489,0.12991327136645,-153.346326312134
"63",63,0.14682072508484,1.04318245403651,0.0876219703705688,-153.095769962296
"64",64,0.100208725428267,0.995650194123363,0.119646689648136,-152.639823888936
"65",65,0.156317831662133,1.25981522062214,0.126362416202394,-152.458687377702
"66",66,0.169121518292013,1.30519996788733,0.141061624739628,-152.812455417521
"67",67,0.146015121520776,1.10270203254936,0.102229701888265,-152.326796815957
"68",68,0.0694587422217048,1.05519172787495,0.106711809982637,-152.024576853522
"69",69,0.187840240441543,1.18690145128388,0.114589327608149,-152.343340559993
"70",70,0.0293139979280223,0.966894725180534,0.118564040874886,-151.866025875372
"71",71,0.00580695066543851,1.30139232516641,0.146262599741119,-152.255003024882
"72",72,0.0681011265923457,1.13620585334882,0.101500615401762,-153.733566936047
"73",73,0.0734654518668445,1.11279793109188,0.105007421475752,-152.776358701852
"74",74,0.210092782566933,0.946769584497457,0.0715368822140091,-152.87313092655
"75",75,0.381888029174077,1.04959583221845,0.0664977069782523,-152.591447200719
"76",76,0.51482541017805,1.09292271898029,0.0607897307170249,-152.146950578625
"77",77,0.445909175800488,1.01260939002678,0.0689352892780248,-152.244948653126
"78",78,0.354645753595305,1.06363864429779,0.0727614175856151,-152.4688469255
"79",79,0.429062380557085,1.12944257731987,0.0807782580987046,-152.363211967124
"80",80,0.40258449989427,1.17374922047006,0.0841658791116655,-152.497482652395
"81",81,0.428616044289312,1.13067266918034,0.0866139211417552,-152.681713017394
"82",82,0.226977513887429,0.952217936274173,0.0816805532795288,-151.832417994735
"83",83,0.24502118983026,0.906955015756837,0.0658502534877513,-152.395340466672
"84",84,0.378550131717233,0.900046032081583,0.0541087365027975,-151.707401729482
"85",85,0.453419807927822,0.884967243886498,0.0423198662656482,-151.533559134982
"86",86,0.595996323284134,0.937414415430619,0.0301305459410941,-151.359723140629
"87",87,0.665060425066097,0.906671197330252,0.0129336769678177,-151.574531804594
"88",88,0.755993189954366,0.938871517991118,0.0123953953134123,-149.783210779928
"89",89,0.761589325764837,0.900145048469797,0.00857982008634319,-149.497776011484
"90",90,0.759853443954714,0.864577000902523,0.00139146716203182,-148.148790883125
"91",91,0.742307212871641,0.761036970582726,0.00206598428557058,-144.992523504222
"92",92,0.763541297613439,0.768254770198509,0.00145282801235846,-144.180375474001
"93",93,0.749096994595029,0.738027755402925,0.000744547505129319,-143.052300096813
"94",94,0.764604703891077,0.730874926181057,0.000344855760102084,-142.937973079615
"95",95,0.733926285563632,0.668627211558529,0.000166846102759396,-144.766377881466
"96",96,0.699108001499283,0.667807406836995,0.000571139830234357,-142.285014859204
"97",97,0.681375566538234,0.666021130622023,0.00072437841654573,-142.263439806445
"98",98,0.691622231294965,0.658339277325635,0.000227596974107996,-141.724281792529
"99",99,0.695624466257475,0.687765513260557,7.75445674942387e-05,-142.26923561506
"100",100,0.701411105893231,0.683081774661951,0.000579591338332046,-142.27006152366
"101",101,0.714831666441449,0.712729572516077,0.000716106717434237,-143.055438862629
"102",102,0.720335218925067,0.690087617793148,0.000801331985529422,-142.902257720653
"103",103,0.694778005340602,0.680834893732492,0.00126433772697018,-142.998385790606
"104",104,0.68986646055142,0.662776401059683,0.000264191602360173,-141.70201962516
"105",105,0.695107197885684,0.700640431221455,0.000696490501182365,-143.404951002663
"106",106,0.692371316366278,0.662258302218018,0.000589750938749453,-142.192501641364
"107",107,0.687696530224872,0.654381924356263,0.000994981331703591,-142.857410732877
"108",108,0.671743107784858,0.665811676044518,0.00135772603031418,-143.021483287042
"109",109,0.666266741846061,0.634298540144552,0.000175147251817963,-141.29291097587
"110",110,0.656024080698837,0.617305440677996,0.000140232713492612,-141.19936846877
"111",111,0.639761925353648,0.600240656867444,0.000125497391401105,-140.952569344481
"112",112,0.57869940234991,0.588367484529664,0.00394326499667606,-144.997153364534
"113",113,0.427348997166421,0.501584351148807,0.00327346257907906,-144.985624899596
"114",114,0.487263419857779,0.466831446648488,0.0025440654173193,-142.119854570113
"115",115,0.36364168110033,0.473780078193227,0.00040209276997507,-142.541367950322
"116",116,0.423014585476175,0.45154294387025,0.00106029635732223,-142.536613857815
"117",117,0.410446495786604,0.387615486128509,0.0020293408167539,-140.379728223401
"118",118,0.423970076211985,0.412775160859559,0.00103011194944085,-140.499100479279
"119",119,0.42029130386653,0.401678420358893,0.00159258080709917,-140.263278022429
"120",120,0.419055569761229,0.362748837603764,0.00156127109775423,-140.592004165986
"121",121,0.287451032833295,0.382905848707343,0.00239176052194602,-141.476534387873
"122",122,0.422796838618056,0.393096708203271,0.00269517991739137,-141.484908063449
"123",123,0.401303800211201,0.356909735714378,0.00221909876949267,-140.724336659203
"124",124,0.20125339007552,0.303264973269014,0.00328945737831997,-139.643122553654
"125",125,0.186507054565592,0.130594583144845,0.00239605992222815,-136.397963330738
"126",126,0.0766203894916545,0.157626319970692,0.00254830577687486,-134.174109308037
"127",127,0.0568606511023279,0.138830339394603,0.000880259193593203,-133.1388905165
"128",128,0.057498113246138,0.139313630945418,0.000766835502242108,-133.274714505485
"129",129,0.10667985868354,0.068691986923925,0.00075053099708261,-131.817570884585
"130",130,0.0608787217088764,0.0928670175350499,0.000781020073080071,-132.258237464998
"131",131,0.03734304675028,0.0600726168669717,0.00174848742390689,-134.136463223316
"132",132,0.0944463400922895,0.0350227057769619,0.000311953832968962,-133.025733012746
"133",133,0.0592901050455819,0.0601213396233698,0.00151307340707014,-133.002216790737
"134",134,0.0866946196757872,0.0756241651302075,0.000794035268393142,-131.852967804006
"135",135,0.0829043495559962,0.0498257761155227,0.00112039184594905,-131.872176723675
"136",136,0.0723799353810676,0.0690076223758266,0.000406155664182989,-132.127468719194
"137",137,0.0306318535174232,0.174242707818062,0.00361175096389222,-133.344530497208
"138",138,0.0128626255654691,0.124936883935805,0.00236843551146516,-132.202021971887
"139",139,0.00823760491830701,0.140200174785284,0.00440171846722931,-132.680824406751
"140",140,0.00947100558652757,0.148287908565446,0.00279773719468361,-132.403447701922
"141",141,0.0173534175184399,0.17671732408938,0.00613667140638038,-133.942294872901
"142",142,0.0180695643614041,0.149168824949729,0.00890554689033531,-136.60466933935
"143",143,0.0188042654592827,0.148275066008306,0.00799352553307779,-135.820638506459
"144",144,0.00728294069651023,0.169022062626419,0.00505303912204634,-133.183074880238
"145",145,0.0180507391190939,0.124195577829853,0.00781411509395799,-136.850706760918
"146",146,0.00724083194472869,0.132144707184266,0.000733671908297505,-134.303374752421
"147",147,0.116922342778195,0.124357311448512,0.000268063732467739,-132.916256625161
"148",148,0.190614295913426,0.120741338582247,0.000188379830509268,-133.662785191871
"149",149,0.188663654665955,0.11540831597612,0.000307967492825699,-133.973994878071
"150",150,0.182245393493322,0.11426589654644,0.000483306048713179,-133.201148129842
"151",151,0.0640102521630589,0.085740043644182,0.000372697272844976,-132.557170145569
"152",152,0.0703682037175613,0.0790738595040894,0.000464227167460293,-132.074882942954
"153",153,0.0990931295205385,0.17975275251335,0.00130287584668241,-134.333554689948
"154",154,0.0911963940035385,0.106722066828692,0.00014614837561512,-133.306418035181
"155",155,0.142825606381159,0.108922639158621,0.000387722596733302,-132.671359881496
"156",156,0.0794104125535148,0.0614951590777318,0.00038196407673601,-132.143718582227
"157",157,0.0907890638921194,0.0856462914552073,0.00066492922347719,-131.942696256257
"158",158,0.125122328959354,0.0789180205901513,0.000940716472512733,-132.263304504273
"159",159,0.114523687192768,0.0543488071285774,0.000967200662216487,-131.791056858866
"160",160,0.0662911858277883,0.085105129286269,0.0012427975408488,-132.61977083148
"161",161,0.0414604167034358,0.116905685737906,0.00207734010210957,-132.518205597108
"162",162,0.046442046763603,0.0991193413688422,0.0021870713134358,-133.101926730017
"163",163,0.0442244771658117,0.150848134427275,0.00102593753605476,-133.355144906772
"164",164,0.079505908368994,0.0675090071637568,0.00233129510012063,-135.29952408053
"165",165,0.00617107125415284,0.0726077381419552,0.00142753579535373,-134.050793892948
"166",166,0.00697381974852944,0.105903028154474,0.0043652635668659,-133.35108357249
"167",167,0.00796546833545968,0.0853214775868293,0.00343444855335889,-133.869479355988
"168",168,0.00428471155634468,0.153772776976488,0.00448037371980568,-132.56910403164
"169",169,0.0211011724490031,0.143610768117901,0.00124194915687166,-133.116533656632
"170",170,0.0808074900259661,0.147521417241997,0.00244474240967808,-134.299487155087
"171",171,0.0832234306091439,0.169199435788825,0.00112343485609741,-133.877466590919
"172",172,0.0908820963173973,0.112434739627554,0.00105804215435858,-132.957584764505
"173",173,0.0599083689039598,0.200423348074096,0.00243848578540096,-134.271704319548
"174",174,0.0394424595006332,0.0847035682783463,0.000574671250138793,-132.954916205554
"175",175,0.0421838483854231,0.102479151517644,0.000631868442693038,-132.943774776055
"176",176,0.0383150008049737,0.0843871926165967,0.000947304777868443,-132.398956431195
"177",177,0.086132903652317,0.112403934971654,0.000734986881796243,-132.551491492843
"178",178,0.0899680043252163,0.0544144999873909,0.00200248156282726,-133.707688271246
"179",179,0.117489390263518,0.0690449752548686,0.000159896631787161,-133.091666121325
"180",180,0.0772676835493425,0.123092226122825,0.000440598796900908,-133.085722986884
"181",181,0.0623523342193324,0.0580703067693409,0.00122703097457345,-132.337494201217
"182",182,0.0702883933714926,0.0619713420564202,0.00146267727980772,-132.765969492219
"183",183,0.110074906789438,0.0555948850463667,0.00127665028677213,-132.024111549805
"184",184,0.0517315996485456,0.0875025864192879,0.00127285778440111,-132.475108356103
"185",185,0.0130827236321521,0.0919099073011967,0.00164364370792116,-132.539580971457
"186",186,0.0407904414142481,0.0783689539938398,0.00126508322585136,-132.518478409992
"187",187,0.0700953003474112,0.0603718779784172,0.00156251430913562,-132.988643777715
"188",188,0.109944560351118,0.0681332027371334,0.00126768838930666,-132.408308762875
"189",189,0.0810099856814093,0.0368342037935692,0.00166200973478133,-132.66788939542
"190",190,0.0961793462965719,0.0302513127064483,0.000230691748494898,-134.086262417349
"191",191,0.0549381131542673,0.138272595960981,0.00503582726583245,-136.041810427952
"192",192,0.00697769120956325,0.100970284973564,0.00323960515503337,-132.708732261795
"193",193,0.0104791524361908,0.149774545562379,0.00261897969493383,-132.457835862247
"194",194,0.00397441840324627,0.108847751679301,0.00253432896585282,-132.269612959096
"195",195,0.0149092122014075,0.114907772979267,0.00367267027277767,-132.746479521488
"196",196,0.00169004990606063,0.159653695364784,0.00245934550834597,-132.591513885986
"197",197,0.0973448476156708,0.153919405897786,0.00292210259036382,-135.884684769157
"198",198,0.0653557763235167,0.143796754806157,0.00124668805399497,-133.088615394547
"199",199,0.0997794073478826,0.129896557605807,0.00190714325267792,-134.986128562738
"200",200,0.0458333876008492,0.113201684321788,0.000977564947635526,-132.540796844818
"201",201,0.0115819266894712,0.0848131401824576,0.00408253145461981,-134.826753143674
"202",202,0.00461569877554116,0.150538060185496,0.00383277840034235,-132.411693528067
"203",203,0.0146844837798477,0.174368708320999,0.00342502364890968,-133.0111465017
"204",204,0.0212040555264274,0.142107817579852,0.00146574841461747,-132.855989423276
"205",205,0.0424795754403882,0.136493074108287,0.00420004274957137,-134.143128185091
"206",206,0.00872849295492733,0.140084376998122,0.00251113439340606,-132.316364435623
"207",207,0.0164278134791085,0.148085814652427,0.00298889495841627,-132.508527189933
"208",208,0.0589064496498461,0.15710885493511,0.000998000864595022,-133.505797233426
"209",209,0.0833068816659889,0.0438378808635606,0.000983615367066892,-131.695002956394
"210",210,0.106446841986564,0.0928331589290697,0.000523127197136628,-132.086663250278
"211",211,0.136984570214836,0.119639586583077,0.000419398019595269,-132.789675403087
"212",212,0.123307660535306,0.0650327497764207,0.00122481143307846,-132.187869399484
"213",213,0.0552350457259069,0.132202021861725,0.00221242908850382,-133.044610549551
"214",214,0.0398755818410371,0.102879285212567,0.000323477082575178,-134.27941632198
"215",215,0.0496426021903276,0.088851765586589,0.000358536157939085,-133.334851585364
"216",216,0.13855608720784,0.117093145297983,0.000336885046784089,-132.78815683324
"217",217,0.0922063874069099,0.0644854867298809,0.000811403741596197,-131.721755522988
"218",218,0.0823358443283711,0.0657785273889261,0.00201404991817845,-134.239681118768
"219",219,0.0518578431755511,0.156030882719885,0.0029150039110863,-133.50698532031
"220",220,0.0523855854165334,0.146016576657451,0.000999211908170535,-133.230261548606
"221",221,0.0710868132516524,0.106875489042983,0.000461169846441028,-132.691676695301
"222",222,0.0805792737195692,0.115282211151679,0.000682227770246711,-132.605684236167
"223",223,0.178034221823057,0.139886480863725,0.000195613312899922,-133.726655867715
"224",224,0.0971361492640473,0.0902664319281036,0.000712748336152471,-132.073274224139
"225",225,0.0525637306295025,0.0997677751880044,0.00115052844386443,-132.327569485948
"226",226,0.0383288823258272,0.0903455730208693,0.00218503070269776,-133.053898284445
"227",227,0.0437283003600821,0.112395719595019,0.00176398017899991,-132.419693337588
"228",228,0.00363973471806762,0.092675109850362,0.00367448331097848,-133.463788773872
"229",229,0.0181630782604317,0.184736136909684,0.0073466488676579,-135.29341449034
"230",230,0.0457590028851092,0.206126461905175,0.00285833315008735,-134.38463111091
"231",231,0.0529524821038784,0.150171455286518,0.00161689276825555,-133.072475557107
"232",232,0.000530493984304035,0.0934282493687213,0.00418144111416286,-133.836227630625
"233",233,0.00103365669337058,0.12907021829994,0.00197082720478563,-132.437967237852
"234",234,0.00220666126532491,0.0665070813245441,0.00251494154252435,-135.609313441309
"235",235,0.0288318433152569,0.0624287018118272,0.000391279547569191,-134.658475097959
"236",236,0.137033223423311,0.0700591724996829,0.0011271517068917,-132.957187562229
"237",237,0.115453849277119,0.0752403685522589,0.000413744830599629,-132.07093105345
"238",238,0.115223330601029,0.0971698287552483,0.000313935173775981,-132.362521581959
"239",239,0.148475849080279,0.0920176404773324,0.000819928792376151,-132.337362695231
"240",240,0.0368464628244373,0.0858499086751054,0.000486637175702961,-133.395799308725
"241",241,0.135711227412124,0.0820278358597879,0.00045389450979599,-132.214652398235
"242",242,0.0450578515400688,0.0673466304795415,0.00118775298616207,-132.602457303623
"243",243,0.136130780028796,0.109294265249041,0.000192064834328251,-132.944801632097
"244",244,0.145928890858078,0.0892634444028823,0.000767156211164739,-132.246947607097
"245",245,0.112686385732392,0.120858539860955,0.00186361835359762,-135.385012559313
"246",246,0.186849518346215,0.261835179895075,0.00177033541934178,-137.795436002243
"247",247,0.198992572484677,0.238430859022438,0.000662652118137535,-136.658641974442
"248",248,0.169521640672385,0.230124870869947,0.00085854072536314,-136.291352051733
"249",249,0.25441385453273,0.182131876936502,0.000136838190020603,-135.345080960574
"250",250,0.236448919940101,0.158317060502947,0.000172417723382424,-135.927290345164
"251",251,0.0226580307245649,0.158055839998725,0.00744966439938271,-135.330425024086
"252",252,0.0495887631040595,0.176678385013128,0.000197969865684917,-135.8612706253
"253",253,0.0946034076382377,0.172015446094343,0.00157882019563888,-134.194992034754
"254",254,0.0333589587507373,0.175851861199218,0.000520468547862452,-134.798927040093
"255",255,0.191449308679663,0.215810955621811,0.000150448288928055,-135.926961811855
"256",256,0.143811224379204,0.186990999394288,0.000687938677046347,-134.837058892245
"257",257,0.0964902788171129,0.170749645941087,0.000119540372208736,-135.525824609003
"258",258,0.149621756092752,0.0833307814803366,0.00150332918408715,-133.997318319685
"259",259,0.131977115762011,0.0835927034078546,0.00113492856125466,-132.585615824177
"260",260,0.12976440026628,0.0700027836170733,0.000719592598446978,-131.906592323605
"261",261,0.0572864048408654,0.0723088445872106,0.0012445000951783,-132.504982928891
"262",262,0.0586773291951087,0.106547251728304,0.000790945434546717,-132.472216381634
"263",263,0.0566759054745697,0.0611695945458792,0.000994794747590831,-132.105857651648
"264",264,0.0392560765750605,0.156305499884593,0.000999505969355914,-133.54008222745
"265",265,0.103412830989804,0.0326154132565738,0.000724209453392275,-133.172113407792
"266",266,0.0912220076121592,0.0338481500148025,0.000382983778312659,-132.685854976639
"267",267,0.0971718735564201,0.064814573190484,0.000852757511438961,-131.769666456047
"268",268,0.0992605028843315,0.0756708351948226,0.000818772038832575,-131.917301686527
"269",269,0.0725996169375289,0.0204647316680251,0.000838264005203595,-132.565849613191
"270",270,0.0729120814090643,0.0271907419372747,0.000842710281054845,-132.182037119516
"271",271,0.0855454083719317,0.167094063370602,0.00154327796268133,-133.907899324776
"272",272,0.0330450188171592,0.165779916276045,0.00630273370985115,-134.942732462618
"273",273,0.0253406727680428,0.178035829308855,0.00119544966473595,-133.713878107928
"274",274,0.0484992704797911,0.0383669215033306,0.000605089214136933,-133.210882470375
"275",275,0.0494162569889612,0.0340241251698311,0.0010653071206408,-133.371206230393
"276",276,0.0835407281413341,0.0388352689853943,0.000587300052803806,-131.891597547201
"277",277,0.0905799357703852,0.0430946438791145,0.00140422557770713,-132.105794457558
"278",278,0.0988008959972053,0.133089292048454,0.00150989466173378,-134.052425423746
"279",279,0.0794402253449276,0.0456379744765925,0.00144076937659523,-132.411482082827
"280",280,0.110882323621585,0.0716666646042844,0.00109649394111698,-132.239583774836
"281",281,0.122441005074116,0.0855917241811688,0.000190766810552605,-132.755102723902
"282",282,0.0928219862046534,0.0789327729459271,0.00115617982694375,-132.434984632337
"283",283,0.144081081359796,0.0840651140128675,0.00104048720664088,-132.446606950098
"284",284,0.0443546941327687,0.053828597395711,0.000551346224265142,-132.832308889619
"285",285,0.0465992606050051,0.0558241305625891,0.00101106238987629,-132.481557793425
"286",286,0.0589738518814975,0.0658989450143286,0.000573870078997387,-132.050078824192
"287",287,0.0433063857614601,0.10536410692972,0.00336046633219836,-134.334679181363
"288",288,0.0369858789194747,0.119308009670794,0.00167275893871719,-132.358439346235
"289",289,0.0314138220673314,0.143567395070028,0.00190113873583188,-132.675929475796
"290",290,0.0330479976063649,0.117062229812481,0.00300299682720957,-132.870401022952
"291",291,0.00769093704232724,0.168222379730158,0.00189132007865651,-133.339138683779
"292",292,0.0629344931228298,0.196501668455277,0.00475164709795725,-135.297482093038
"293",293,0.0615765514918251,0.149627707049487,0.00408147052761854,-134.980466175302
"294",294,0.00810064976047551,0.17208873062187,0.00401095688311564,-133.276472113284
"295",295,0.00289261022924023,0.081518443912789,0.00392262669414078,-134.806210877478
"296",296,0.0202048870789804,0.173341153675792,0.00378012222802332,-132.976810494254
"297",297,0.0147054254388672,0.109239520371495,0.000934894124426813,-133.253683049954
"298",298,0.0974800872364595,0.126640667004862,0.000379183901697429,-132.996716101419
"299",299,0.151241344677153,0.115570539102484,0.000377598245021275,-132.86317156897
"300",300,0.130896668807257,0.09910348125539,0.000607240469744342,-132.420003763934
"301",301,0.104920676257434,0.117483326851133,0.0020804014159717,-135.795281460538
"302",302,0.153426432375698,0.0855531925333661,0.000807041045457359,-132.915624050366
"303",303,0.094431110627612,0.0507087918497991,0.000274331914231163,-132.677159400324
"304",304,0.0613538265809728,0.0512779033096261,0.000284899722898069,-133.2851989828
"305",305,0.0927281465630306,0.07058475135918,0.00177471734715004,-133.636945302364
"306",306,0.124158138888895,0.0769888347084052,0.000151978165642358,-133.072652333302
"307",307,0.108785321888943,0.0769347172376058,0.000720787813136938,-131.928779019321
"308",308,0.0664418401102155,0.124223417312761,0.00227500741188116,-133.659578025651
"309",309,0.0126505327363383,0.124060005911167,0.00304412564120053,-132.278337830126
"310",310,0.0119106340152247,0.121750582761653,0.00300336341566398,-132.261059833473
"311",311,0.00209515049293802,0.155095054960051,0.0055113175568892,-132.878772259152
"312",312,0.0249652172267102,0.158085008739354,0.00684657992087607,-134.984766192958
"313",313,0.0214729749747031,0.156603152761716,0.0043704873348871,-133.165519903809
"314",314,0.00512957396597495,0.137850687780753,0.00581521309672919,-133.417066218952
"315",315,0.00962943222458413,0.137646304881391,0.00112783917124354,-133.352699306324
"316",316,0.0201047648406283,0.139128250102724,0.00360703261458772,-132.686479701094
"317",317,0.0252755016835289,0.178706102863904,0.00385186802805074,-133.20696925864
"318",318,0.0126065057650291,0.177351517386058,0.00649334654531408,-134.349299328082
"319",319,0.0274424949913181,0.182005173128202,0.000848590095444557,-134.301899321877
"320",320,0.0897312409921746,0.0339198040164263,0.0018852968841938,-132.855575513783
"321",321,0.0902109992633928,0.0716640006694352,0.00168883058069651,-133.452848038841
"322",322,0.117667258303909,0.0641388783841042,0.000226965609018696,-132.760455714886
"323",323,0.0775748886696397,0.0587197635658723,0.00153220772855926,-132.823449901682
"324",324,0.101476911430738,0.0931514446584066,0.000990075664216797,-132.516525140349
"325",325,0.0585551839798689,0.0400392700140747,0.00144140247206381,-133.099736942072
"326",326,0.0888645941099886,0.0403443625920602,0.00114278585477196,-131.76652160955
"327",327,0.06867737342865,0.0908595725350929,0.00160827210544689,-133.455068705827
"328",328,0.0291118733465235,0.106170287915581,0.00188826049265234,-132.23263160773
"329",329,0.031126768329194,0.118136890154587,0.00108461476214189,-132.690179223496
"330",330,0.0576044919410092,0.128986730547961,0.00112359775229615,-132.745931617633
"331",331,0.0586785907166558,0.0364139691020887,0.0019860185679281,-134.722522690618
"332",332,0.0975805606808747,0.0981498053544737,0.00214525528072483,-135.527953354876
"333",333,0.095820886520571,0.0398564504382044,0.000626528543213227,-131.797392852866
"334",334,0.0862897509742041,0.0642550527257403,0.00108523178105292,-132.003720483538
"335",335,0.125230356447165,0.0648301720709369,0.000679616451272595,-131.851675850098
"336",336,0.0855655966286635,0.139679054136948,0.00211799235471309,-134.237961917644
"337",337,0.019540740211795,0.106397311893638,0.00162584458568649,-132.275098186109
"338",338,0.0227367451453771,0.113710798272948,0.00134280503181763,-132.471122829536
"339",339,0.00190656297092389,0.115937143674365,0.0045072778178161,-132.914077495428
"340",340,0.0113412517420284,0.130527479448401,0.00357040912464463,-132.423541137505
"341",341,0.0131723449136412,0.140207989514937,0.00295585918816375,-132.351392940565
"342",342,0.0215483750467358,0.170915199157224,0.00322846481124147,-132.912648931547
"343",343,0.0115612849419594,0.150360927179308,0.00155093675383224,-132.999188033616
"344",344,0.00212555377994865,0.0940904239210183,0.0026441191303204,-132.770011341479
"345",345,0.00449685037607349,0.123567119241966,0.00273904080339604,-132.158830307636
"346",346,0.00677656858738374,0.169553878727687,0.00721800615078883,-134.237444049728
"347",347,0.00653768975740882,0.128696446967339,0.00469146245382072,-132.882540917607
"348",348,0.0261721926054743,0.186951958596748,0.000436185706011309,-136.130223048657
"349",349,0.0510035851474742,0.162355051533584,0.00502393247036691,-135.017871071004
"350",350,0.017132058627845,0.151374048601377,0.00496057685727923,-133.291105397644
"351",351,0.0125786011442178,0.167014265656802,0.001843168908995,-132.995680042767
"352",352,0.120164894121567,0.162613115463467,0.000667481314219292,-133.97106477998
"353",353,0.182513547145499,0.180204698799502,0.000191932469431138,-134.71481618221
"354",354,0.177768881726505,0.113905806743884,0.000547633903866082,-132.840483689635
"355",355,0.147673188408264,0.169873928455557,0.000609380886317629,-134.318373713436
"356",356,0.0563118597071609,0.148145360659636,0.00075009609801439,-133.53878355167
"357",357,0.160718011530635,0.103332293300054,0.00133319725246382,-133.298333881699
"358",358,0.0568326258682524,0.108907003216689,0.000699175957260199,-132.627495404792
"359",359,0.107774582667637,0.143852832746265,0.000379369323158573,-133.497115004321
"360",360,0.0470011390911069,0.0538364321083004,0.00113856467481957,-132.661940308112
"361",361,0.0656131860781186,0.0575267081923334,0.000887552368571927,-131.851312420523
"362",362,0.0621287045493941,0.0508150970622314,0.00119228559228354,-132.294605172487
"363",363,0.0679733009884417,0.121717403106545,0.00119317997341343,-132.715641526696
"364",364,0.070147703520596,0.10852782833335,0.00127438586865884,-132.768855736669
"365",365,0.0875173096522229,0.144037722984123,0.00243999845291923,-134.732035714816
"366",366,0.0716597559284828,0.217331354319396,0.00261245218593117,-134.744546799325
"367",367,0.0529431148044759,0.198395617078822,0.00521741404924548,-135.060648515687
"368",368,0.0283143679012002,0.152786947919322,0.00507938434936309,-133.884066813345
"369",369,0.00529396066027093,0.150117146539154,0.00172049159623778,-132.859604718309
"370",370,0.0528769978574587,0.110621169138191,0.00113306146764111,-132.409049183069
"371",371,0.0296917380179253,0.100272875091226,0.00183726957375102,-132.261769670819
"372",372,0.0103989742788795,0.092740843652796,0.00291672002336425,-132.894115122363
"373",373,0.0244305579036671,0.163279801566459,0.00140034809984195,-133.351236791898
"374",374,0.050854576703517,0.126842565228543,0.00151898926591427,-132.609531472098
"375",375,0.0190311084828045,0.155610815713671,0.0030584998754782,-132.678884950264
"376",376,0.186209486813898,0.151950318314402,0.00218550373577657,-136.605916199834
"377",377,0.169793238869518,0.146857551463025,0.00223057433206908,-137.15898596171
"378",378,0.0633892892135117,0.147183039605249,0.0021313870339333,-133.352238250098
"379",379,0.00994372728329012,0.132854385143759,0.002155408690443,-132.320494528326
"380",380,0.18387003693471,0.134954211427318,0.00130828766423022,-134.072877030982
"381",381,0.0644480230685559,0.102976192078661,0.0013676881329969,-132.739724366081
"382",382,0.12159996693049,0.0676396065215391,0.000288771178216826,-132.468182869983
"383",383,0.0934687276396699,0.0610785097830605,0.000188895751216112,-133.030172705421
"384",384,0.0915681812237512,0.100251303808962,0.000514941056067602,-132.187419132546
"385",385,0.171653417421564,0.106074874305808,0.000618653128474939,-132.863794407573
"386",386,0.157028994585144,0.102800071762748,0.000109315756633668,-133.491663244365
"387",387,0.156439009774097,0.110258967666828,0.00172539237719547,-134.246953460989
"388",388,0.0095474786324419,0.158405105935028,0.00205345049219107,-132.725222739746
"389",389,0.0648012968613433,0.128450876165396,0.000524505424750792,-133.281163571978
"390",390,0.104478631669929,0.0468995756075558,0.00114449611156905,-131.771174010809
"391",391,0.0888090376932247,0.0629515175957064,0.00040906065138871,-131.985546685348
"392",392,0.101187512022217,0.0910894460001217,0.00083937647949803,-132.24370843722
"393",393,0.151614995968918,0.121158872758636,0.000773560438196561,-133.250150986617
"394",394,0.0821191071725797,0.0678587139267686,0.0006820561562397,-131.716269762369
"395",395,0.102900032102495,0.0973898999828302,0.00139854592704904,-133.485688322147
"396",396,0.0478979992206753,0.098388573414816,0.00136408887453337,-132.348176305876
"397",397,0.0252124964255245,0.106617443000884,0.003231834079744,-132.98041905577
"398",398,0.0199956928383727,0.0788678703581855,0.00131706775509075,-132.823537061226
"399",399,0.102535619843887,0.0532661087431514,0.00128765083416682,-132.046526024363
"400",400,0.0683082745438424,0.122536646120416,0.00102329289640015,-132.695038739731
"401",401,0.0474029031448825,0.0657191789082576,0.00053485248169458,-132.52578363123
"402",402,0.0582522618739747,0.0717497262966325,0.00133876377203667,-132.675324215769
"403",403,0.0872367844426162,0.0886245738299963,0.000164120179548877,-133.017353881325
"404",404,0.06140934445037,0.0994605610137967,0.00224013550307458,-134.207459095646
"405",405,0.0624111398033692,0.216207687658616,0.00147572824044024,-134.621173495753
"406",406,0.0646268099327968,0.0171277163390839,0.000970174176774497,-133.386867292845
"407",407,0.0563863064129365,0.135689944649047,0.000880778421899268,-133.061190022804
"408",408,0.0461917917464367,0.149544786475259,0.00179594467486471,-132.96700245078
"409",409,0.0196826959544827,0.0908027239611464,0.00110627323520456,-132.738606859833
"410",410,0.128798167288147,0.0847022332530186,0.00318002310019326,-136.638657076415
"411",411,0.0161818971081431,0.0941025421379724,0.00276887650077904,-132.77529316693
"412",412,0.00693172997014201,0.140977099215166,0.00331616252538439,-132.302828334628
"413",413,0.043562473857707,0.160086771068818,0.00207851691564018,-133.140265202315
"414",414,0.0284032856915992,0.142535568802693,0.00164702300100517,-132.730337005369
"415",415,0.0797938558865321,0.110333200065255,0.00012204834522987,-134.050203845554
"416",416,0.107987848955487,0.233604286256959,0.00310875211235806,-136.298480225623
"417",417,0.117873987875103,0.195704598480264,0.00210498288061873,-135.499180805101
"418",418,0.148238310061624,0.21751646868164,0.00174547265927581,-136.301081351261
"419",419,0.14409095592361,0.219451123956964,0.00142228331582722,-135.997337753229
"420",420,0.0600590964665911,0.0840010750379984,0.00124288473101231,-132.575269922114
"421",421,0.0524383635695873,0.105957082071783,0.000578805444619245,-132.854337827437
"422",422,0.118989944747493,0.100808146433872,0.000513187305749986,-132.300821900141
"423",423,0.122277083063599,0.0950702044241724,0.000448054934517448,-132.253164191024
"424",424,0.124638529378044,0.0725024369734281,0.00132109254268705,-132.476237799997
"425",425,0.13708961650754,0.113832471567997,0.00346614194739784,-139.034125898867
"426",426,0.166647392450297,0.300916498425917,0.000539046779731862,-137.8893566127
"427",427,0.19875750383521,0.268303549589861,0.000906934924589576,-137.513822734022
"428",428,0.150686294090734,0.190046152364216,0.000230622637831503,-135.130151277046
"429",429,0.19909209484475,0.187813777689357,0.00015232053029423,-135.039333220305
"430",430,0.164203768867382,0.157084510116418,0.000316846570867836,-133.878973443643
"431",431,0.0916713040722766,0.046098188317504,0.00124179199144447,-131.916951905874
"432",432,0.0772059503557004,0.0718648337315487,0.000403371175913957,-132.069238407247
"433",433,0.0573792145200758,0.0362456304360458,0.000618110644252476,-132.717333354003
"434",434,0.062541816711985,0.098009735722988,0.00122136339999454,-132.553478824938
"435",435,0.0941064850487922,0.115563130505173,0.00118781117373989,-133.284959219531
"436",436,0.18890585335427,0.220487973989717,0.000408891661776632,-135.959056605937
"437",437,0.215540455924214,0.245246829885962,0.00039026135448706,-136.754295824626
"438",438,0.19123939596653,0.257401763104963,0.000594360892464473,-137.069881966746
"439",439,0.296335802230411,0.219321018715956,0.000752888941294527,-138.352913801656
"440",440,0.168289328828293,0.201392712094504,8.16841103847009e-05,-135.811273557847
"441",441,0.245076957094587,0.182569374867602,0.000926767132842682,-135.116456495461
"442",442,0.0520030459203735,0.0712614889964417,0.001286561644976,-132.623319737752
"443",443,0.0939772217295136,0.0692975645786945,0.00163619810618028,-133.240537424936
"444",444,0.0687936668845956,0.0272562176601195,0.00100733436700749,-132.387928832226
"445",445,0.0912235246095637,0.112884207161595,0.000886521041226334,-132.722185086971
"446",446,0.112471121305366,0.0431352012551885,0.000698323287624123,-132.641578653866
"447",447,0.0660533655045626,0.0446995469806456,0.000770674136717085,-131.919963625696
"448",448,0.0519852148640858,0.0850518720916869,0.00163493506099849,-133.074415164349
"449",449,0.0521040530133869,0.190715390383324,0.000204109578783899,-135.973881946221
"450",450,0.199980438201192,0.193267377814272,0.000170866519306401,-135.159055119991
"451",451,0.0435117492961506,0.113463964564743,0.00395918488125129,-134.788170696997
"452",452,0.0306185092875711,0.116841326056835,0.00465162087383629,-134.478320810792
"453",453,0.036662714737408,0.157091278432047,0.0041649288432754,-133.658446052985
"454",454,0.0356618678603696,0.170266990894481,0.00323463880683113,-133.3436962996
"455",455,0.0295541419336287,0.188935065942324,0.00308228828311724,-133.595960001936
"456",456,0.0340368620328161,0.170120435618014,0.00269445754009315,-133.205642400232
"457",457,0.0488980676668376,0.12523667639294,0.00290855956632199,-133.409141661695
"458",458,0.00731647632453564,0.118317885286985,0.00386914116521935,-132.591705456818
"459",459,0.0229191654565747,0.0995197696590649,0.00213145314151806,-132.312814588204
"460",460,0.00497356074965171,0.0915539717099783,0.00116208465976795,-133.430346468008
"461",461,0.0226342849710937,0.161475835608066,0.00297443841572603,-132.839870192815
"462",462,0.0176955919197098,0.119350127865352,0.0029202651961274,-132.340681325615
"463",463,0.000779501460915742,0.151235144649419,0.00296985872708816,-132.263682004217
"464",464,0.0478161430699171,0.128555442315312,0.00331678450826009,-133.713663129717
"465",465,0.0479617019276525,0.130248818454665,0.000127966943152168,-135.855813114072
"466",466,0.144949396373676,0.149023519281195,0.00022194025086513,-133.671155410004
"467",467,0.208258715974998,0.14913246482271,0.00121611865404321,-134.445966052155
"468",468,0.055131664937386,0.0421373098573039,0.00108685235970074,-132.555941669331
"469",469,0.0914025833477831,0.0573178641571178,0.00103791374605023,-131.828489692396
"470",470,0.0849610541191032,0.0534500994247716,0.00104566850818096,-131.803213204445
"471",471,0.100666876801586,0.0780151881162387,0.00024423664738085,-132.456443841433
"472",472,0.0934448018130735,0.0377043137130175,0.00213649680047406,-133.374591492209
"473",473,0.0844659806125719,0.0319236587507201,0.000728323099751784,-131.854521954051
"474",474,0.0920157756808454,0.0622472729400772,0.00129735315055421,-132.321056213622
"475",475,0.0925874524499863,0.139020362216413,0.000937035765229298,-133.235153017885
"476",476,0.116380861471869,0.156636073522457,0.00152957066848111,-134.688544874589
"477",477,0.0463303979919215,0.165232109656872,0.00291403957649008,-133.452880655341
"478",478,0.0353558448321011,0.0803360211343935,0.00244264600224685,-133.992815731838
"479",479,0.00501578999805052,0.16187659130729,0.00727854674842681,-133.959321505531
"480",480,0.00407670651260348,0.164710103366252,0.00395873189136503,-132.699329482503
"481",481,0.0206161278167708,0.138317266950014,0.0059469163701227,-134.36718179655
"482",482,0.00270388437291875,0.123617106552019,0.000758080341727262,-134.37211637277
"483",483,0.190146515641068,0.118568060341853,0.00104969698653236,-134.936880950207
"484",484,0.130128822430042,0.0559532219597573,0.000661426847673959,-133.711604533699
"485",485,0.0596508066255191,0.0552413236963881,0.00141270160890735,-132.762514388181
"486",486,0.118952291673867,0.0848024738832501,0.00359509800719383,-138.031282694179
"487",487,0.0391276885821498,0.183743014863088,0.00332003750246048,-133.624372761396
"488",488,0.0477441236105323,0.143321464365864,0.00104835537892508,-133.136212518499
"489",489,0.133606636208788,0.0722403275116675,0.000371140441647229,-132.226867249994
"490",490,0.0493856690815845,0.0399181781627984,0.00150974192596394,-133.792424089416
"491",491,0.0821068254256499,0.0444718402348379,0.000522170237821555,-131.931704555758
"492",492,0.0540920412577617,0.116323571274855,0.00176038326610634,-132.681546067367
"493",493,0.035473780560294,0.107934856597595,0.00140062067618434,-132.276566885303
"494",494,0.00846373169930818,0.106340368427345,0.00146903858744702,-132.631859620677
"495",495,0.0666473986800346,0.0801080393824787,0.00179800500573555,-133.871500587692
"496",496,0.0707998611865535,0.0758274676579901,0.000510423696240571,-131.96727078083
"497",497,0.0786770216169271,0.0694847425162342,0.000559879481744358,-131.795023771004
"498",498,0.0535559335258059,0.169150527979975,0.0010815019855484,-133.750248391483
"499",499,0.0316468170926563,0.142543627724485,0.00284614794767552,-132.739581274996
"500",500,0.0215513141220145,0.172969032188194,0.00182971075561639,-133.130249071844
"501",501,0.106323712046224,0.212633233365529,0.00165584755103445,-135.301319988054
"502",502,0.0661880103935092,0.162368802876182,0.000699793169169652,-133.929083447483
"503",503,0.123937147726661,0.160456509550441,0.000727367418511776,-133.962217316231
"504",504,0.142123970048052,0.0611248645468536,9.28651167761603e-05,-136.557019468655
"505",505,0.0561287576169682,0.111578218396687,0.000969553181442228,-132.470821774788
"506",506,0.0956665091537345,0.0812555176881298,0.000390608869429239,-132.034680593277
"507",507,0.102534696683109,0.103988983267832,0.000490619807236069,-132.264023619559
"508",508,0.162542521915806,0.1019749987131,0.00116607956207714,-133.129603315611
"509",509,0.0273900478047905,0.0830198228870457,0.00231791329103904,-133.1954602781
"510",510,0.0107638997526909,0.118388665031684,0.00493617811374033,-133.49476860932
"511",511,0.00850674835022265,0.159895542291256,0.0056268856919853,-133.200815364189
"512",512,0.00301501176954836,0.165060016176174,0.00654590361425109,-133.640427875655
"513",513,0.00958692227098133,0.170729012288301,0.00152986514093875,-133.815747085571
"514",514,0.0916052559813262,0.0262318643449131,0.00233226062834999,-135.132920319335
"515",515,0.0852474366698011,0.211805817462703,0.00538692357150587,-136.773468842735
"516",516,0.0365852662793484,0.178267628736278,0.00210925708969164,-133.414595806717
"517",517,0.033984138283953,0.126915851443967,0.00361547872389865,-133.286074213041
"518",518,0.00994639424417472,0.110805061255721,0.00256593990678347,-132.219543602914
"519",519,0.0149911119353035,0.133645066019645,0.00262594904145635,-132.285939370229
"520",520,0.0157620240262481,0.13923061447718,0.00236704846601899,-132.378732453015
"521",521,0.0585194222406704,0.15042137674134,0.00383999555785329,-134.521272155149
"522",522,0.0243700100501145,0.175983184595983,0.00209098047450276,-133.104975757158
"523",523,0.024056509886573,0.182180816303221,0.00178197471827862,-133.589494286495
"524",524,0.0722217406286545,0.03758322180128,0.00160538482232984,-132.924805297861
"525",525,0.0785386119416801,0.0142866210398223,0.00116443006253954,-133.33623546751
"526",526,0.0515790176146516,0.0303442295367736,0.000779560134570108,-133.394894588777
"527",527,0.100425093517731,0.128964545558154,0.000377460309623281,-133.042061077598
"528",528,0.11069195080505,0.0877645160400156,0.000359224066161735,-132.177147639091
"529",529,0.139976070822036,0.0767532796765144,0.00123159879473936,-132.803608720393
"530",530,0.0257382136175748,0.11344231949699,0.00215960381631812,-132.243397286192
"531",531,0.0138681402611056,0.125185125213784,0.00362655235474372,-132.539538716462
"532",532,0.0111165071019495,0.138471148651701,0.00290223945757103,-132.298670489058
"533",533,0.0652524777471613,0.220595874726768,0.00308710514397399,-134.779437447148
"534",534,0.105902080803163,0.233724496704569,0.00267615410845848,-136.055001240062
"535",535,0.0760303012952477,0.141799313381755,0.000499040070994655,-133.563548073037
"536",536,0.169542640885477,0.127909577412608,0.000641257773133154,-133.33781260926
"537",537,0.154569263054163,0.0914023092725874,0.00115013827287563,-133.033232720267
"538",538,0.0439688508346931,0.10552890789589,0.000952993843114056,-132.45066393084
"539",539,0.149650546008936,0.142878226973675,0.000508128618082776,-133.466922324315
"540",540,0.115856526456877,0.0702974698191646,0.000838910047341559,-131.961910184441
"541",541,0.0353420046033037,0.144754977664691,0.00420536838486173,-133.647651527604
"542",542,0.0303122117916642,0.166717647504835,0.00510051601476933,-133.962631663599
"543",543,0.0398295341847578,0.184520350562063,0.00203868609149371,-133.554324387064
"544",544,0.0288134362555879,0.0982962627171318,0.00269749481875603,-132.891981535147
"545",545,6.13934472701189e-06,0.089712984922448,0.00202706466528344,-133.042123779692
"546",546,0.00685472633454484,0.112673039421809,0.00198376812542907,-132.295545053563
"547",547,0.0289459947808161,0.116804763299789,0.00127194126082741,-132.500813790851
"548",548,0.18763748166354,0.126715495589966,0.000185748591204419,-133.233323770479
"549",549,0.0759298144561477,0.118660315592859,0.00197730631622754,-133.923085742046
"550",550,0.0517460946127682,0.125657964480531,0.00176882730710831,-132.667418769243
"551",551,0.0862815264754942,0.146494146433559,0.00178176574697326,-133.824194034737
"552",552,0.0244621710923851,0.0819062911094192,0.00135138295562342,-132.571633926893
"553",553,0.146854079062597,0.0956457173692851,0.00145831125903121,-133.278676622972
"554",554,0.0910841306408175,0.0623193471981328,0.00164173417102396,-133.067139306515
"555",555,0.126619559286985,0.0978332364606967,0.00032972715886284,-132.428769697123
"556",556,0.102643661263439,0.0537975231300305,0.000828422530536143,-131.672517359197
"557",557,0.057261839205415,0.081897271636242,0.00133085186538646,-132.700001632172
"558",558,0.0217839267835233,0.117578126726261,0.00207503188522889,-132.215548267509
"559",559,0.0159012265623288,0.121122400350348,0.00247142783373706,-132.202883387208
"560",560,0.0166583112586641,0.129967434644164,0.00141880893311418,-132.712215118144
"561",561,0.17392116501852,0.107775582200974,0.0016568651249936,-135.106242255877
"562",562,0.0497215114375042,0.162022147763741,0.00139036135739459,-133.379439158356
"563",563,0.0440746657106402,0.183678314857271,0.00406444240196093,-134.0825257109
"564",564,0.0559034240867915,0.16266083666303,0.00108826624511562,-133.582414260356
"565",565,0.0466134902146028,0.0336957967941306,0.000275272621428006,-135.560640826949
"566",566,0.0670639842101013,0.107282542648797,0.00189883867302942,-133.586616213485
"567",567,0.00166738076785101,0.093028807015992,0.00214695003727706,-132.784199611767
"568",568,0.0163465684008483,0.0856106174438001,0.00123016735354824,-132.827147253176
"569",569,0.0456275984423332,0.125802944212315,0.00436909901889179,-134.909249525723
"570",570,0.0417497155972196,0.181675224622865,0.00190445365260074,-133.603266069585
"571",571,0.0632425111087228,0.0938534107698525,0.00283272279738463,-136.310877654583
"572",572,0.142044408340969,0.0765203728374711,0.00235146828814856,-135.985476901531
"573",573,0.126392400592981,0.0708159700973406,0.00207195939868058,-133.823368808501
"574",574,0.108803353606447,0.0670865067578543,0.00189537864994874,-133.589360098588
"575",575,0.0712757519568826,0.196224782317285,0.00368365746995345,-134.996219089136
"576",576,0.0295365268856488,0.15106212935671,0.00195641481576961,-132.79844219493
"577",577,0.0601270637979623,0.113589775885913,0.000319398969264684,-133.62639364008
"578",578,0.077694260613403,0.0327360952110678,0.00234848196090877,-134.193072440252
"579",579,0.0833944254023686,0.0304601622133768,0.0013623872140239,-132.081504449826
"580",580,0.0777858342019541,0.0178941916597297,0.000874948373667238,-132.598852150876
"581",581,0.0762033711539796,0.0311028469930702,0.000740788919438803,-131.997334775234
"582",582,0.0983522895318621,0.0987498773040971,0.00130047067949021,-133.254782711376
"583",583,0.0061475525155033,0.153561628628125,0.00304244177876989,-132.386694990512
"584",584,0.0213079388920853,0.114157864532703,0.005158415806437,-134.531711871199
"585",585,0.010088391462899,0.174248433812687,0.00124111128785666,-134.786350205481
"586",586,0.201600595487779,0.203610264255858,0.00155888769358262,-137.509862859722
"587",587,0.0299894515710904,0.202124881619017,0.00241024811109897,-136.430460946285
"588",588,0.0551853865335851,0.180206103327994,0.00295242560010916,-133.942406935966
"589",589,0.0645528782176185,0.222615576297078,0.00686904894348249,-136.535080502403
"590",590,0.0610682341585667,0.206489656885499,0.00944719975882801,-138.557674589205
"591",591,0.0522784414914005,0.183199399791921,0.00214752307672708,-133.782265574803
"592",592,0.0376185032574447,0.14562420847306,0.00152795200314759,-132.880356299042
"593",593,0.0856694966730918,0.0876620930254429,0.000437117996539884,-132.051882848872
"594",594,0.106753318573704,0.0831066420564434,0.00142214653216845,-133.149014971953
"595",595,0.0499686961446608,0.0991689390125591,0.00152394996469859,-132.494985365793
"596",596,0.021816406439474,0.078504243725713,0.0019701083447557,-133.02465827644
"597",597,0.131182293242875,0.108951708716334,0.00160654511405329,-134.467535014921
"598",598,0.109489693749043,0.208015651090727,0.00188418348204447,-135.334021482724
"599",599,0.0606498937669707,0.112936199293763,0.00150770080887126,-132.694359386338
"600",600,0.00128339052184522,0.107588661395665,0.00100447131894473,-133.746339241642
"601",601,0.152712891453329,0.132749069362631,0.00048046694069736,-133.230290422612
"602",602,0.130228931520331,0.0728532770189158,0.000975658535952333,-132.060237700385
"603",603,0.136345960596628,0.1094005966651,0.000492637846050619,-132.604813938989
"604",604,0.129885274204723,0.132217881396508,0.000728081860411104,-133.277709717719
"605",605,0.18184711318915,0.118141395638044,0.000856550229657426,-133.293944675271
"606",606,0.00460008930970304,0.0801531897112154,0.00222344576241432,-133.463420263895
"607",607,0.0182906388157594,0.117683712693142,0.00558242698125084,-134.617465804162
"608",608,0.00713711169125433,0.116799854192962,0.00163954923261365,-132.510171973765
"609",609,0.0331851327795812,0.0988842782966007,0.00165485262438752,-132.254901273865
"610",610,0.0207076134460724,0.15149196493655,0.00390578911223096,-132.899576864466
"611",611,0.00765945283859719,0.126459180240324,0.00415524809026947,-132.63350877711
"612",612,0.00502778320326394,0.144540876918869,0.00284066667480559,-132.30026017538
"613",613,0.0204712350012893,0.145465499078105,0.000770883900883544,-133.967993438585
"614",614,0.0575879282117195,0.0394887256321166,0.00027738570499714,-134.110669657915
"615",615,0.0663592634580997,0.136075966789488,0.00173152005447148,-133.097619697749
"616",616,0.0647515617004776,0.159647316425923,0.00354624527502553,-134.499612350963
"617",617,0.0577765241673782,0.136881049570496,0.00124238328425142,-132.882621565453
"618",618,0.0547935897461324,0.133742659331864,0.00120600339171759,-132.810798130486
"619",619,0.00815297772121545,0.102455877035345,0.00276551583992487,-132.428209722169
"620",620,0.0119571649939337,0.160487551495886,0.00649930532327667,-133.897379924823
"621",621,0.0353475078690028,0.159457954998848,0.00591357952293383,-134.856923897516
"622",622,0.011391753847835,0.135045734205821,0.00402872499459089,-132.614726880357
"623",623,0.00981652205330406,0.135795738159718,0.00382774183913805,-132.481894357539
"624",624,0.0283256656335563,0.148990049768757,0.00393018085869839,-133.162778456287
"625",625,0.0145864135908181,0.14082857812075,0.00324787235267912,-132.432791377777
"626",626,0.0115991639002131,0.169832719803813,0.00212107576723745,-133.045582111365
"627",627,0.0103531972817281,0.165479450945172,0.00568918283763274,-133.285700200625
"628",628,0.00692765125915687,0.160428617622097,0.0035470229717812,-132.445778699877
"629",629,0.0157571037593697,0.164044399657569,0.00186082650187807,-132.955839982314
"630",630,0.0666272516247052,0.166799527351956,0.00145078397153062,-133.619051479033
"631",631,0.0341564539147564,0.192548984819386,0.00512640301178363,-134.226109594296
"632",632,0.0671451984871969,0.20936123771443,0.00287977312973931,-134.655177638726
"633",633,0.0584262376546145,0.215988099001817,0.00394882774194672,-134.848717050353
"634",634,0.108378355661356,0.239887805592502,0.00259808387635132,-136.180322806099
"635",635,0.0909491027030402,0.0404611442211204,0.00181229596897913,-132.736836213195
"636",636,0.0833527583997501,0.0608998093143601,0.0020237971524621,-134.126555345602
"637",637,0.119755461322182,0.0537417467826996,0.000621015657854844,-132.131294432919
"638",638,0.0567552383135799,0.0546059772329793,0.000755038205091193,-132.031352287299
"639",639,0.0649019609016601,0.0542120149189487,0.00150341185282177,-132.867907829488
"640",640,0.0462064672141993,0.11570284364358,0.00193617467829893,-132.567728997755
"641",641,0.0222438365437496,0.137872458171667,0.00162669722639853,-132.64769194418
"642",642,0.0779501189244635,0.0327661477101944,0.00172529527734352,-132.853072113148
"643",643,0.0762951488550924,0.157261311449675,0.00137572644760437,-133.511969039809
"644",644,0.000600325782309096,0.15305181760216,0.00333795444889336,-132.24069216937
"645",645,0.0818511551168672,0.194675799774679,0.00142950763638913,-134.492887083177
"646",646,0.10932891331545,0.249922539655364,0.000375114146884696,-136.532118436863
"647",647,0.216600029740521,0.179027586979268,0.000720497408959341,-134.871432094701
"648",648,0.108985695374766,0.0657225246203434,0.000445978213892752,-131.964122083405
"649",649,0.102425765569791,0.0863033663700384,0.000400619873828602,-132.06790200912
"650",650,0.0533681476590415,0.20388905046022,0.00810905149057583,-136.913145367857
"651",651,0.0499048022258941,0.165912549810709,0.00773979896170912,-137.543008441991
"652",652,0.0334539931401111,0.170020713401198,0.00623255834876437,-134.869780232026
"653",653,0.0399806986385555,0.207899871479203,0.00163863940781091,-136.054170571343
"654",654,0.10050527239657,0.128053982271472,0.000766201100124391,-132.994998522957
"655",655,0.122151130912936,0.0778351254013022,0.00113895005820861,-132.481089593695
"656",656,0.0939086529010948,0.0425129895150814,0.000856503619228609,-131.611365536916
"657",657,0.0769353704701028,0.0291625638810618,0.000914455885483597,-131.9592994422
"658",658,0.0855554189210698,0.0323860635136488,0.00103544331379197,-131.751973600879
"659",659,0.0793356178005118,0.0531896901402217,0.000492292265787742,-131.915536722963
"660",660,0.106197448715877,0.0906204853975609,0.00160703960390832,-133.822013261556
"661",661,0.112395645279808,0.0776503829580246,0.000987974317161183,-132.231528480665
"662",662,0.134272309109566,0.0703018142711143,0.000743230226489957,-132.118490664239
"663",663,0.0726394711678884,0.0623151196301791,0.00119167808726152,-132.193436215099
"664",664,0.0574712609872521,0.136280907295741,0.00192345657272071,-132.972069473171
"665",665,0.0396561718810641,0.117048573964828,0.000639891906634006,-133.283631772632
"666",666,0.175644466240358,0.113953626046676,0.000527800367373613,-132.715140764542
"667",667,0.0895667638702727,0.156512865553377,0.00228978026248177,-134.483034342297
"668",668,0.0903954669967008,0.230725439315416,0.00137845346754799,-135.36898716186
"669",669,0.122612051330595,0.128202285241282,0.00137804779980213,-134.41151651034
"670",670,0.0339902936820356,0.130640265052633,0.00124298502336488,-132.742459966445
"671",671,0.0418014116838371,0.12068470373071,0.00128464779872099,-132.493391173852
"672",672,0.0101102006302185,0.0993642852922731,0.00310157874249641,-132.71393750042
"673",673,0.0134368612273707,0.160042060558535,0.0007280494536127,-134.373882897333
"674",674,0.195837963929663,0.161554741893463,0.00141974877375707,-135.548750128144
"675",675,0.153513013530116,0.114912992188552,0.000918723636078222,-133.289463974774
"676",676,0.151574512604474,0.0866444867901784,0.000469039340281442,-132.386806483802
"677",677,0.0786292183893378,0.0737810684695318,0.0010430996997153,-132.107262968249
"678",678,0.108298377927035,0.0612971042529754,0.00071987123539412,-131.756365269033
"679",679,0.127224086387323,0.0736475623967714,0.000395236521355229,-132.206216188495
"680",680,0.118670428167357,0.0437264816956438,0.0013122870766304,-135.12057953419
"681",681,0.0309041793761625,0.119183760992648,0.00479502035017171,-134.564356401659
"682",682,0.00750058235827692,0.12426177810767,0.00510001524756777,-133.301465488769
"683",683,0.00435307596232014,0.144711770702129,0.00314028582107131,-132.283821951413
"684",684,0.00449288924434574,0.109259397762042,0.00186296188138441,-132.420966460625
"685",685,0.0135022242373635,0.148298108642891,0.00280756149486559,-132.4563136648
"686",686,0.0172764603336323,0.0967431991500668,0.00216471532423001,-132.360595512844
"687",687,0.0184462802094204,0.132327880552548,0.00450905908743435,-133.186680832731
"688",688,0.0200385034185828,0.156912928104492,0.00135060819930912,-133.280213781312
"689",689,0.0456817591476979,0.144623463708519,0.00208156104450558,-132.883554287433
"690",690,0.0766527095370906,0.19261110205289,0.00254145651595122,-134.562632870745
"691",691,0.04899078729575,0.134260618801997,0.00190025291844184,-132.751300039043
"692",692,0.0139465704626901,0.0828834433190977,0.00231539283723078,-133.041610266777
"693",693,0.0163370010949644,0.146778742272706,0.00574833723863433,-133.796839602464
"694",694,0.0449028893552976,0.187678740310818,0.00767038525236917,-136.430078473455
"695",695,0.0571719555750065,0.174839275680806,0.00406620219522851,-134.532696145835
"696",696,0.0218441628392229,0.086506447728335,0.00208853576592272,-132.674158162884
"697",697,0.0220986513360376,0.163996070660473,0.00331836693515913,-132.910019389457
"698",698,0.022814197014156,0.154717315062129,0.00269784267327615,-132.70835200138
"699",699,0.0233779462693734,0.115499459386838,0.0038843104309714,-133.242991317276
"700",700,0.0339306500832247,0.122361765567354,0.00128162676429854,-132.548891794353
"701",701,0.0130025581966686,0.107759168651741,0.00211889339112832,-132.214369143597
"702",702,0.0403021721256548,0.116317818335298,0.00191656955045282,-132.419538178029
"703",703,0.0236657646640295,0.0807790203713484,0.00186090935489457,-132.801101777827
"704",704,0.0217183945145325,0.101337315239906,0.00150448583990748,-132.30150841527
"705",705,0.054703702077255,0.152617098615679,0.00118804583787069,-133.264635356661
"706",706,0.0246925591038008,0.140050021644573,0.00206843470617887,-132.518446655683
"707",707,0.100990439762001,0.0431280581494407,0.00146341436479613,-132.142178538843
"708",708,0.103883844602695,0.0644399166001199,0.000284144808968113,-132.382883932737
"709",709,0.123800632673958,0.0677429091794382,0.0012761134710521,-132.278111605117
"710",710,0.0255836098560714,0.115925193649554,0.00176062333463204,-132.25373160034
"711",711,0.0368845392027633,0.125867980659709,0.00271013126494811,-132.737772559893
"712",712,0.025697967995892,0.123177801886835,0.000531195640409344,-134.201861347346
"713",713,0.101708555819622,0.100579431828401,0.000568935289448278,-132.204330561571
"714",714,0.0521496407457188,0.101985016290401,0.000981117699385606,-132.340372667088
"715",715,0.0447032632686228,0.110080748706023,0.00157247977181833,-132.363709770698
"716",716,0.00762084257835672,0.0888453133300044,0.00455208625898123,-134.852462623464
"717",717,0.0115277980066327,0.112442565261068,0.00260238678649337,-132.214240314809
"718",718,0.00294044548427308,0.119925383777034,0.00335910202972394,-132.270511677788
"719",719,0.0257556898543291,0.103791170184403,0.00159705411656768,-132.229419000114
"720",720,0.0231262610350896,0.16680565303705,0.00390000276871202,-133.114446560669
"721",721,0.00748689075846268,0.127051081454545,0.00130359001115335,-132.97290581709
"722",722,0.0664064307954435,0.0539687317849743,0.00105797287483218,-132.002870482821
"723",723,0.0514002483177774,0.0672172505173353,0.000882862015527874,-132.139748282262
"724",724,0.0374861858065954,0.11595110568664,0.000769718926678961,-133.023287074746
"725",725,0.16095464982989,0.130387965636131,0.000800150454971069,-133.588542070986
"726",726,0.196859912229973,0.166861293139004,0.000854790953993595,-134.837607551294
"727",727,0.0398487686100531,0.100346098140526,0.0014515295632754,-132.263378426805
"728",728,0.0265603984579401,0.0864528872522309,0.00191085229099992,-132.589561345532
"729",729,0.0236262985831791,0.133907630484216,0.00345419421548736,-132.715197149042
"730",730,0.0028666452116633,0.138783427194714,0.0035950383671141,-132.270908603876
"731",731,0.00451893914256771,0.134340916266713,0.0039758999516596,-132.411238680372
"732",732,0.000786314694533917,0.1123007872548,0.00274830141776741,-132.254515296293
"733",733,0.0288625652695453,0.122257792998913,0.00163057041949584,-132.370324597981
"734",734,0.0357556847663881,0.111599502073836,0.00257085461179759,-132.705659537659
"735",735,0.0271394490681531,0.106180134889094,0.00149509937935762,-132.2597937657
"736",736,0.0332274449477685,0.172698277524728,0.00194107403875434,-133.306176303176
"737",737,0.0647593652267282,0.15454563194689,0.00326241482575923,-134.27397283486
"738",738,0.0789880793912607,0.192209710121067,0.00392743213778695,-135.428107763459
"739",739,0.074232171362065,0.231054829518152,0.00290918437710438,-135.22144785845
"740",740,0.066680850336127,0.212064247782379,0.0019726977349382,-134.482989943581
"741",741,0.0700500832936429,0.215464385213333,0.00176342758986846,-134.607376666724
"742",742,0.0655658667191591,0.194408791711711,0.00206270526988213,-134.255723554737
"743",743,0.111186368646548,0.0592579420152892,0.000275291923474628,-132.555462336806
"744",744,0.11847264390414,0.0898284020757653,0.000737666391477166,-132.235996065358
"745",745,0.107055316602621,0.049917044881061,0.000767519309974434,-131.650829129509
"746",746,0.0711236923862825,0.0300127893451227,0.00189065497475744,-133.573699563637
"747",747,0.100889030755283,0.210022247804312,0.00440910630838034,-136.786073454865
"748",748,0.0666836221350435,0.177930550994914,0.00364865999279399,-134.66615996126
"749",749,0.00637365233227018,0.158027975375825,0.00536516171961538,-132.984370588152
"750",750,0.00447740444942148,0.109700579418821,0.00614312225415004,-134.79324975182
"751",751,0.00733516028378547,0.168269261610412,0.00610363221037507,-133.542602383699
"752",752,0.00382990045162246,0.149212727713988,0.00698802410706515,-133.959811685713
"753",753,0.00279426249626913,0.166208991461467,0.00353703567094689,-132.962359806898
"754",754,0.0721137880103545,0.219767261876851,0.00289345220048172,-134.823848290644
"755",755,0.0703966826958787,0.136526978433104,0.00158896312436833,-133.122472768253
"756",756,0.00572963017443091,0.087461901817541,0.00232026485392407,-132.933334823322
"757",757,0.0959461364395974,0.195574260245582,0.00164930048394373,-134.73552137388
"758",758,0.0281354721570588,0.175453864049888,0.00547272656453414,-134.035545556771
"759",759,0.0172780600120877,0.154340947579083,0.003258450067099,-132.650511274672
"760",760,0.0023665968873838,0.102816795069931,0.00429186036802507,-133.32352230262
"761",761,0.0212035004413509,0.0938073518022641,0.00143877815838541,-132.38461566395
"762",762,0.0303532185363891,0.128303330599,0.00177180081315931,-132.42475249128
"763",763,0.00676740684321157,0.13755763925385,0.00525288748182575,-133.11962104883
"764",764,0.0165567012750997,0.169860611914574,0.00349704468438122,-132.784201021469
"765",765,0.0170931057654812,0.109714793378368,0.000969407685453803,-133.093600512761
"766",766,0.0588386182620166,0.0613756218062295,0.000912156623525299,-131.987876734508
"767",767,0.131300408000051,0.094388895367447,0.00120446806632225,-133.10525664633
"768",768,0.141022810561596,0.165210837204602,0.000188054529375434,-134.343615213109
"769",769,0.202871964282521,0.174803919270952,6.30599990493127e-05,-135.059418671894
"770",770,0.206568741393821,0.164447393686349,0.000137072262810676,-134.472621572781
"771",771,0.217445213470044,0.148631234448909,0.000254801705951502,-134.037912555899
"772",772,0.0976257623799106,0.146347572663586,0.000872624611861955,-133.423757003032
"773",773,0.0846828632193568,0.0822155807828016,0.00110878950536353,-132.391253229479
"774",774,0.141206338826268,0.0893909937252495,0.000700501856693601,-132.297164104125
"775",775,0.0703117396723413,0.130263227346865,0.000982490439031349,-132.859587514378
"776",776,0.0331123976662719,0.0842471151317997,0.00178920827369014,-132.680552826249
"777",777,0.0464913528512104,0.164621465262518,0.00191873633916616,-133.285490893767
"778",778,0.0900289378307123,0.0465957878264878,0.00054633038646623,-131.814590468784
"779",779,0.0880427238270205,0.0899788930081828,0.000898133935600486,-132.232753512259
"780",780,0.0766076355923586,0.147545513621371,0.00227742485795611,-133.926735588925
"781",781,0.0528192112534269,0.16266399673644,0.00254943326492188,-133.458953435507
"782",782,0.0230754543849926,0.123083849044361,0.0033910538175315,-132.706280817564
"783",783,0.0209809295656445,0.138611413541127,0.00299661785755006,-132.489866678987
"784",784,0.0332478906969289,0.136665585680699,0.00332548992137604,-132.978506681755
"785",785,0.0521041087699096,0.145136233101387,0.00133891805886823,-133.009350083156
"786",786,0.05607566466688,0.0928009275283779,0.000477200520124547,-132.715124122773
"787",787,0.141893764265886,0.124629036162294,0.00033642281532025,-132.953391342162
"788",788,0.143385867069983,0.112421628406966,0.000588124046855434,-132.779405020845
"789",789,0.163340509932942,0.113443032792199,0.000674227914958802,-132.85494036429
"790",790,0.0760888723661858,0.151556214381778,0.00130949472284221,-133.375966068277
"791",791,0.0833655758060297,0.0416742640456319,0.000827358339200882,-131.646576704126
"792",792,0.0842051070946487,0.0309104616240196,0.000911902017277931,-131.776535606448
"793",793,0.092726712831671,0.0634885549068185,0.00034511893456837,-132.158640061993
"794",794,0.117997890695298,0.115793752236667,0.000325132452528436,-132.635677232884
"795",795,0.10435524672349,0.100956575131982,0.000811468145840081,-132.440348513529
"796",796,0.0977100519793709,0.0557110657541367,0.000754993197294984,-131.645762012589
"797",797,0.108564630866035,0.0498060325480007,0.000636586293068219,-131.744298273278
"798",798,0.0805311487736285,0.0389379517348091,0.000381529313674006,-132.570041554915
"799",799,0.0868710656720113,0.0895007673208547,0.000829407584721637,-132.134886346779
"800",800,0.125164821572409,0.0974922792963859,0.00143302842827415,-133.664530830431
"801",801,0.147406389631561,0.0846509295773119,0.00171903128166236,-134.0170145011
"802",802,0.0233632303340207,0.140657740639316,0.00492520963192632,-133.628160371702
"803",803,0.0183167633479062,0.138263736646982,0.0019109190081222,-132.504565132669
"804",804,0.065964999086768,0.198219723622753,0.00289446099520719,-134.515823921187
"805",805,0.0492028535274009,0.169548860181408,0.0026675004536788,-133.51983804127
"806",806,0.0526378977413946,0.165751718753332,0.000957299674228138,-133.769579326672
"807",807,0.0768750842497105,0.0951398624968342,0.00143901064746928,-133.252213783761
"808",808,0.101072862655056,0.0520308536963985,0.00155104790060699,-132.423689959848
"809",809,0.113216398169024,0.0755836513302731,0.00168041850043682,-133.445816815504
"810",810,0.0212503147135178,0.180090111767361,0.00143832061933491,-133.857975939326
"811",811,0.0612511292745928,0.159397120885993,0.0020964353380041,-133.456644641505
"812",812,0.00500647768116793,0.135806591339384,0.00498201871159818,-132.906590756843
"813",813,0.00366453210049378,0.135364602965747,0.00284555809259413,-132.19619700142
"814",814,0.0717028440704005,0.191646603146959,0.00282539659400854,-134.530178419211
"815",815,0.0278675806533385,0.170737894350154,0.00175090570971048,-133.268855187888
"816",816,0.0356628161980769,0.0923070544836169,0.00202892530890339,-132.677754529766
"817",817,0.0276846887533288,0.155613701212262,0.00240962260609134,-132.803951509042
"818",818,0.0259664312030273,0.104702927376807,0.00111457661545205,-132.555491322959
"819",819,0.024723187353618,0.0991706927348371,0.00145550352046293,-132.286243454103
"820",820,0.0415903982980434,0.0922650631045331,0.000934282454049618,-132.357437736457
"821",821,0.168092879934895,0.149561342223032,0.00132572077756558,-135.222509365751
"822",822,0.220660691947554,0.202474747208492,0.0015024383326186,-137.230748003623
"823",823,0.0582767483663884,0.0235336986022301,0.000954563711038684,-133.445729353006
"824",824,0.0965836783665055,0.106574845644217,0.00018846558512183,-132.931471301486
"825",825,0.139081029542599,0.0885734345670964,0.00134530560036958,-132.945212519201
"826",826,0.0367894110955952,0.0830891272438391,0.00145909027791233,-132.497228603594
"827",827,0.0116694453749033,0.179258211658916,0.00838524098022656,-135.710999390897
"828",828,0.0171190232658833,0.153768765468811,0.00821550755076983,-135.705866367776
"829",829,0.0169397723755838,0.17080688419949,0.00584032054507584,-133.653749497559
"830",830,0.00475975421492194,0.109706337445375,0.00531443799649771,-133.951662055869
"831",831,0.00842867169327324,0.170415909021252,0.002592564215023,-133.164055218507
"832",832,0.0551207363381766,0.125837366514798,0.00154640300408228,-132.662513078835
"833",833,0.0564130538107401,0.0809101822677269,0.000547955361829389,-132.309696011922
"834",834,0.0624623423622192,0.0991152924152131,0.000635066934752206,-132.424287806126
"835",835,0.093255518961798,0.0429856080666161,0.000590191765574754,-131.800534077537
"836",836,0.066760399185288,0.0719605115005445,0.00156373846558661,-133.165987026249
"837",837,0.0091468423692012,0.0931939220745384,0.000830340190078819,-133.881319292056
"838",838,0.0812686699400916,0.0566629087504157,0.0013272490718207,-132.314558018246
"839",839,0.0750311073027299,0.0664995096310473,0.000441272509725858,-132.005324726049
"840",840,0.0967195608328224,0.0683222417564744,0.000831733030423765,-131.801189892011
"841",841,0.0721567347885156,0.0798500405214555,0.00136644202230304,-132.824604461967
"842",842,0.065571265364193,0.0719081777563336,0.000525476792470342,-131.999984972425
"843",843,0.0902849122324443,0.0774992194341187,0.000700380789433907,-131.831779421589
"844",844,0.0914672121353225,0.0763378629661085,0.000548638119017816,-131.823218298039
"845",845,0.0626719727757742,0.0899467448150269,0.00169299052748148,-133.477665810758
"846",846,0.0125834147028368,0.133660029025651,0.00484424834411061,-133.147098096285
"847",847,0.0164776982429419,0.111194279035942,0.00101911506975955,-133.029377410275
"848",848,0.0855993555080019,0.140221686572756,0.000893117983168004,-133.181921082017
"849",849,0.0773663920979461,0.0296993236355999,0.000847595367905085,-131.9450885905
"850",850,0.0774967792160597,0.14858778316399,0.000540926074762751,-133.684192791979
"851",851,0.149390065640993,0.0729384081017167,0.00022769181628038,-134.350681865664
"852",852,0.088981650527139,0.0655793083362178,0.00113974902685017,-132.113099376428
"853",853,0.0610043431350539,0.0464778519828368,0.00151334321094008,-133.02491466219
"854",854,0.0575175249350908,0.11853261341367,0.00164712342147804,-132.70466839181
"855",855,0.00394444558942135,0.156044539616783,0.00180532588204391,-132.817400931005
"856",856,0.0241029971889918,0.0720332513652144,0.00178097208672299,-133.314533270721
"857",857,0.104420642231949,0.0611361347815401,0.000385581899908574,-132.079413104784
"858",858,0.0675667345003551,0.0736329650800378,0.000685801299883977,-131.866736474167
"859",859,0.0707652335175911,0.0920102331165795,0.00133428179556513,-132.906915121152
"860",860,0.0504414819784741,0.0645842007766855,0.000775675572277329,-132.146242333055
"861",861,0.100313202159856,0.0425424313470839,0.00099230654952096,-131.642050272876
"862",862,0.0953230245584131,0.0917935363065106,0.000418701768241412,-132.096917779048
"863",863,0.11614335985706,0.0660078969852056,0.00268115566439306,-135.008240715116
"864",864,0.116320734765067,0.0638675942915169,0.000429776650710991,-132.07231110316
"865",865,0.105586638285266,0.0458064781725089,0.000537795994812903,-131.910203614599
"866",866,0.0552292667134957,0.0719232063815474,0.000899518739570477,-132.090297967345
"867",867,0.0522234996707519,0.0816964126686002,0.000334879351274273,-133.172450216676
"868",868,0.117231337664525,0.125677322177771,0.00105504935397726,-133.558193801749
"869",869,0.111126380635615,0.157836204020961,0.000503475704712169,-133.845530082101
"870",870,0.215225877494335,0.161958351240793,0.000506012960459525,-133.720979037307
"871",871,0.134322260893493,0.165696000146779,0.000618154790899193,-134.122567886014
"872",872,0.177260641110348,0.0975348028091399,0.000335479362805445,-135.276425268027
"873",873,0.136760569636647,0.119020813618952,0.000766680914230389,-133.070502614911
"874",874,0.15409034540657,0.104424101230297,0.00205935872391048,-134.619104948461
"875",875,0.0361286314801012,0.146705275267582,0.00326805215346425,-133.085237035286
"876",876,0.0264419681780244,0.164556495929201,0.00255346408075969,-132.955088281757
"877",877,0.0640577218725037,0.151274795883886,0.00281191161721838,-133.866250946614
"878",878,0.035033827451097,0.150555365499303,0.00166566039946674,-132.919467350783
"879",879,0.0146267926795402,0.155182605943594,0.0042302250361104,-132.858961119182
"880",880,0.0176448171938775,0.170344482130116,0.00574158235732236,-133.639131086777
"881",881,0.0111250487922715,0.152689976868387,0.00282466526125316,-132.487957652815
"882",882,0.00644294395855199,0.109423096332629,0.00133675008097863,-132.853949795313
"883",883,0.0657379760879952,0.110634591982018,0.00135281542738289,-132.715007949811
"884",884,0.0215347244540818,0.112158112293843,0.0031296063771574,-132.628337877122
"885",885,0.00919932593343146,0.0977129545645057,0.000934768503139947,-133.534019052679
"886",886,0.0849146389342976,0.0664458700705283,0.00121756734419951,-132.266008354711
"887",887,0.0798841247684274,0.0313736945287683,0.000831552068624459,-131.850062246245
"888",888,0.0886923372244694,0.113912114393773,0.00118149617624012,-133.145549358187
"889",889,0.0115121180790485,0.104918959019947,0.00471923728541482,-133.939850909542
"890",890,0.00210830942881041,0.140277166665788,0.00398646565198566,-132.358464317133
"891",891,0.0147399300478348,0.130579573714282,0.00398547171947966,-132.720783843109
"892",892,0.00362242965504554,0.096819290669597,0.00176546697155462,-132.70459067621
"893",893,0.0489595586126905,0.155491513225589,0.00190353465967477,-133.12446225812
"894",894,0.0123269569710407,0.0887735054726585,0.00235209611397113,-132.743388846793
"895",895,0.0299370478236343,0.126710469982478,0.00307784376290204,-132.724815082707
"896",896,0.0485144717402024,0.15165399941628,0.000556730962177989,-134.0711951046
"897",897,0.182688124300186,0.13537559726519,0.000495101923873688,-133.366934399942
"898",898,0.127422264546992,0.0857169341681806,0.000510674620139875,-132.180825567799
"899",899,0.126164654250644,0.109385630079311,0.00122250465335101,-133.576031951803
"900",900,0.0390105121612044,0.182941612172882,0.00103556963943847,-134.026825536118
"901",901,0.0325259001817358,0.118543809033769,0.000759079142921028,-133.218217601964
"902",902,0.0401389112196238,0.0955997561472198,0.000457997755962369,-133.46597782427
"903",903,0.0460862203667463,0.0825133718599629,0.000795498801879303,-132.352781552207
"904",904,0.126968440568497,0.0624678656148213,0.000905786445559872,-132.16463633828
"905",905,0.0509420626871495,0.141665198709731,0.000901983523406467,-133.224127823268
"906",906,0.0453647610501184,0.102005152572175,0.0015163856704351,-132.357617035404
"907",907,0.0472190764647763,0.134478968990504,0.00197061484534895,-132.737752509155
"908",908,0.00345856723153357,0.106480959416486,0.00315106169068451,-132.462549908698
"909",909,0.0132622182068808,0.170519016598768,0.00280474051825237,-132.804379261619
"910",910,0.0180918685708368,0.1628010751096,0.00153164144999954,-133.205220688028
"911",911,0.0984773070216419,0.13886964356882,0.000535226159292268,-133.248529535582
"912",912,0.111622850178718,0.167829706040112,0.000929613725159888,-134.106091784933
"913",913,0.113269192109578,0.167221426161841,0.00103416541606494,-134.161657190325
"914",914,0.166262507974921,0.0973185301009571,0.000879752368761819,-133.478661618498
"915",915,0.162085901625626,0.108246230093952,0.000764501388175011,-132.684586799945
"916",916,0.0376995390384286,0.0686843551136064,0.000906588834173286,-132.627083305465
"917",917,0.129568779854494,0.0765421701215029,0.00059245568931792,-132.042447262385
"918",918,0.119415774910405,0.0602925094750278,0.000604184151964405,-131.821954927112
"919",919,0.0657235053009222,0.0465076858822682,0.000838506130047312,-131.897056779199
"920",920,0.0692657180353025,0.0981663073338752,0.00108207819690559,-132.523044353342
"921",921,0.0673920703790333,0.156813335624323,0.00159213109556676,-133.404220042564
"922",922,0.0814228137889324,0.153836189804145,0.0023076968621225,-134.151708784273
"923",923,0.000780550404714247,0.101275777576249,0.00228489678803114,-132.505366302047
"924",924,0.0320508850276732,0.133131896968584,0.00340523744377394,-132.988205969186
"925",925,0.00553715988184914,0.111910021008934,0.00422798665270874,-132.948760926099
"926",926,0.0102479649317739,0.174818360176941,0.0048961721686993,-133.614767138401
"927",927,0.0229712655214959,0.150763167580395,0.00278694115162508,-132.649578103883
"928",928,0.0248723890681893,0.152815484445164,0.00364247386893292,-132.937071602584
"929",929,0.0198049948255185,0.112133205007276,0.00112445055973487,-132.765640341319
"930",930,0.0199981634892583,0.0947935773445315,0.00114364994584042,-132.65370177711
"931",931,0.160131244126001,0.0987334336483454,0.0015665184283086,-133.921667309622
"932",932,0.16120574835378,0.113046748582681,0.00133655937139978,-133.617653740338
"933",933,0.00198460396005211,0.105307775997778,0.00444056645522439,-133.303781541898
"934",934,0.00140293908148289,0.148257558987092,0.00317091410926063,-132.260591169342
"935",935,0.0148101592416884,0.143011638356919,0.00388702097973514,-132.659620510237
"936",936,0.0102710683469879,0.137666527744292,0.00200165389770397,-132.453090754336
"937",937,0.0192924059990787,0.101362655145695,0.00367044706387199,-133.376080392689
"938",938,0.00278295178161608,0.134385399916735,0.00194399244221671,-132.486345128849
"939",939,0.049367823152905,0.1730726926121,0.0021260584816596,-133.509207937651
"940",940,0.0252148936313258,0.179649183846753,0.00481104264428231,-133.544458353374
"941",941,0.0219177747912471,0.149480589859674,0.0053873241299004,-133.800099839925
"942",942,0.0267260054719021,0.191997168033833,0.00471146813998028,-134.455929348239
"943",943,0.0441919097875087,0.165805581129714,0.0055808112290933,-135.038277334143
"944",944,0.0527169990243019,0.170465276499541,0.00694001807942336,-136.778548857352
"945",945,0.019424017963946,0.150548546519209,0.00446587468125569,-133.11177122884
"946",946,0.025096890867063,0.162602983297413,0.000904507651198213,-133.932847613653
"947",947,0.00677662400916656,0.121049452444505,0.00577473602239827,-133.943036011653
"948",948,0.00512090626535757,0.167519573834493,0.00511385700003274,-133.169714231287
"949",949,0.0129101982667276,0.149796199694005,0.00419039028138149,-132.755670633506
"950",950,0.0289614069905188,0.157336154471631,0.00368646138160012,-133.127402281742
"951",951,0.0183471977005659,0.170369875558879,0.0019012307009328,-133.027028797319
"952",952,0.190765356900751,0.161973961241794,0.00171041427916299,-136.29115291893
"953",953,0.0625471638829521,0.151702715713082,0.00129510998834163,-133.242041499531
"954",954,0.0425702589804603,0.10065109895038,0.00141121827829489,-132.28198035893
"955",955,0.0238844782710374,0.0990450270756359,0.00206646097851772,-132.304105936823
"956",956,0.00777952649916069,0.087233770030967,0.00146742015533805,-133.005957994938
"957",957,0.037168280642628,0.126302851280301,0.00102963191338275,-132.840619850776
"958",958,0.0573870772991484,0.0651364552293601,0.000615178358870439,-132.039212540085
"959",959,0.0507572438447262,0.139223644399335,0.00347913362000004,-133.876446986813
"960",960,0.00449271716466913,0.110626117502719,0.00200914147112599,-132.33817090113
"961",961,0.0431018421944198,0.129949173325837,0.00196458150242966,-132.599964187541
"962",962,0.0169302979061043,0.186498809542202,0.00900136233486257,-136.637957085472
"963",963,0.0210082578590802,0.167206286831669,0.00907572201475552,-136.315369410814
"964",964,0.000350104416159548,0.139722308263277,0.00825967587952018,-135.012330009977
"965",965,0.00673204559550158,0.115404189285745,0.00356121787309822,-132.470028165417
"966",966,0.00518066463527889,0.123159066227441,0.00456946842778593,-132.862199570927
"967",967,0.00785007650996348,0.114446255548695,0.00364769783136367,-132.556630540429
"968",968,0.0232204016041482,0.128803322162233,0.00535458132188294,-134.255093559112
"969",969,0.0153547570498523,0.156700016470475,0.00389920411002157,-132.780144453195
"970",970,0.00938739840501829,0.158942520833947,0.00506280501229148,-132.98559319999
"971",971,0.0140435499031093,0.159445310975634,0.00634153241052082,-133.940561278015
"972",972,0.0034823576516573,0.167973303713559,0.00430364579160583,-133.180509058937
"973",973,0.0574440818410102,0.162471042431882,0.00264285281120982,-133.618592794356
"974",974,0.0199196970325886,0.155532303578718,0.00371985518567351,-132.845605045366
"975",975,0.00593263891961132,0.154319479261575,0.00322637854704613,-132.381608114065
"976",976,0.00163782487023173,0.147182046703997,0.00427435824543046,-132.438458723076
"977",977,0.00885726732679707,0.161461320678291,0.00239145561482484,-132.598238156069
"978",978,0.0572933716142447,0.121292303202796,0.00110347338784989,-132.598885461858
"979",979,0.0148110414114498,0.109857963235233,0.00212527650726097,-132.193955263972
"980",980,0.0712992805762579,0.0392291525401121,0.00112886743667426,-132.081087766013
"981",981,0.061122092936574,0.0670974020423882,0.000443286745519453,-132.260773305836
"982",982,0.100078456685577,0.0506058847661525,0.000355440897368527,-132.306820064423
"983",983,0.104948258751218,0.0980384417324731,0.000689926742672535,-132.246098608119
"984",984,0.165789186875596,0.186604539375733,0.000295283133451804,-134.82496682499
"985",985,0.0372733786814411,0.0762822952804743,0.00167286057081945,-133.0394042808
"986",986,0.0283666659836994,0.0587899249984657,0.00175554404577995,-134.557152906931
"987",987,0.0659339324153759,0.0914063834308852,0.000486036390026942,-132.363294438415
"988",988,0.113490733298547,0.0515911715093821,0.000356198870908206,-132.360183518416
"989",989,0.0508423199290103,0.056728323163475,0.000890776567119723,-132.214972383537
"990",990,0.0983727527194075,0.0388010359411987,0.00106143063220512,-131.72103393998
"991",991,0.0932763959941678,0.0594549495396856,0.00147609716484814,-132.601458822663
"992",992,0.0735248895892504,0.150267398081399,0.00030061838410132,-134.38342399779
"993",993,0.191250689579051,0.129981534992561,0.000241729854248643,-133.156431441638
"994",994,0.159919229517752,0.113706973605797,0.00118829467084644,-133.498585220356
"995",995,0.0831219683166802,0.10006171093784,0.00138546884895771,-133.294413285897
"996",996,0.120215031281303,0.0629677426186806,0.000850216708783647,-131.801056183219
"997",997,0.0589066423533681,0.0842999790188016,0.00116926679259202,-132.459387212953
"998",998,0.0483428564145728,0.0672358622612141,0.00176675683558897,-133.759548654123
"999",999,0.121424334229955,0.0730080688654781,0.000913747746700456,-132.085530982767
"1000",1000,0.103702420365701,0.0415721949942086,0.00140799105396524,-132.301882353213
