"","i","asc1","desc1","pol1","p"
"1",1,0.215843294847935,23.5008483854288,9.561456565152,-265.405865049572
"2",2,0.0597908641538556,33.6999115012296,1.48916494142902,-256.811533309041
"3",3,7.0634557497986,23.1817083939504,1.70093583304127,-212.150235807427
"4",4,4.4350116443335,10.5083963172495,1.2082896339864,-191.213336921759
"5",5,0.322610766466116,9.22752093399476,0.811061103383729,-171.469822611514
"6",6,0.738283870298992,5.96454888892119,0.621720720585573,-163.019680607653
"7",7,0.372672292505473,5.33599973981491,0.509262375046264,-161.292474526045
"8",8,0.0953627191048048,4.99311400355621,0.618324765892404,-160.083914504557
"9",9,0.213049298345849,5.94205364286363,0.684112442858315,-162.04754654403
"10",10,0.150051180529963,5.23605915802975,0.692035193366961,-161.649525767728
"11",11,0.0845781209464447,5.3655498245781,0.562985746931697,-160.588960650594
"12",12,0.183547760202406,5.71111795093657,0.560467607925872,-161.922426229806
"13",13,0.730087351468701,5.22035618700431,0.440158051995228,-162.055886633595
"14",14,1.34008644334473,5.30696846502426,0.436737796970036,-162.390517381707
"15",15,1.32121950727913,4.41126649248433,0.350757474675726,-160.31139230158
"16",16,0.861538627979864,3.0450039125615,0.332298568087709,-160.000666933804
"17",17,0.529112332626019,3.21837343219865,0.261350453315748,-157.349543157952
"18",18,0.338690926042833,2.18835041196702,0.245690353899755,-154.778862897871
"19",19,0.363489621746865,2.52973649189038,0.249272780175115,-154.582247684447
"20",20,0.294664400059977,2.2167488475826,0.262450274279687,-155.13820455032
"21",21,0.232266448531906,2.63569973363553,0.261087311688577,-154.690678964452
"22",22,0.353876213590153,2.80550157417061,0.26056695312639,-155.361313566583
"23",23,0.449877901889638,2.64278893373481,0.231564297813831,-155.156891585753
"24",24,0.625450774330155,2.5921971277603,0.241963922549985,-155.424122792907
"25",25,0.130923231294264,2.16773134158348,0.223152156874924,-153.449537793996
"26",26,0.167476573200721,2.40648640992996,0.275698055302292,-154.223217028621
"27",27,0.585373851708137,3.27631242990383,0.30084288012691,-156.608953247547
"28",28,0.188919986656908,2.30514104871695,0.186951222515648,-156.663459911153
"29",29,0.992620410084212,2.3621396529073,0.136831736590761,-155.163299708992
"30",30,0.987356656618556,2.14555873653385,0.145972455788085,-155.112647543866
"31",31,1.07436290274309,2.3440970850733,0.146705904846921,-155.073493184633
"32",32,1.00341351186319,2.11777805438041,0.122226474260742,-154.257366152494
"33",33,1.04484387960015,2.30279851945023,0.118982941421395,-155.366462542673
"34",34,1.07133537751156,2.16377392924954,0.138410173971671,-155.33244311299
"35",35,1.20264773911437,2.26616045378684,0.107954773019341,-154.790882950938
"36",36,1.15321132592255,2.13093547723563,0.0971412137682821,-154.415182534795
"37",37,1.36439764313299,2.49576793344812,0.123692761276613,-155.553251922966
"38",38,1.33706174738595,2.6555603267585,0.133928526155282,-156.002751435016
"39",39,1.36127272041949,2.50563606531916,0.114984793159043,-155.572622835841
"40",40,1.31088955294727,2.22486834728922,0.0847439826281778,-154.931723936211
"41",41,1.36160089627109,2.21721586944463,0.0967075454846328,-154.949223846521
"42",42,1.23959144100707,2.18112208421518,0.120244947525791,-155.728968781134
"43",43,0.867769744384534,1.8717090786126,0.0983371557314197,-153.781787231986
"44",44,0.838374514390414,1.69156153036586,0.0863767430885605,-153.025449977034
"45",45,1.02144453714931,1.99728074533648,0.11016372955869,-154.014893966485
"46",46,0.892115661792666,1.83743828680504,0.0996433923322838,-153.395477379137
"47",47,1.03434948101924,2.05077001633297,0.0967470031354556,-154.441244755512
"48",48,1.12077155443152,2.02571814130827,0.104981485093988,-154.323005570807
"49",49,1.08702256400337,1.90496544108534,0.0977642993126729,-154.187948154162
"50",50,0.986719993098304,1.82289925053658,0.0866280865759788,-153.353929519506
"51",51,1.00223032012174,1.70470196269944,0.0857587955231512,-153.765692115885
"52",52,0.731047374908784,1.63158189510758,0.104411397832721,-152.908644759562
"53",53,0.617067693313462,1.59180785221038,0.0990506277731882,-152.821339847785
"54",54,0.764055710644481,1.59831736857453,0.091517786716696,-152.66757089974
"55",55,0.523681268872247,1.29267316923432,0.0965502960526762,-152.385061605241
"56",56,0.394993386691582,1.35020711223736,0.128341796097979,-153.114664466257
"57",57,0.103067167490311,1.40624940147697,0.130972487701939,-152.356022490105
"58",58,0.355302887958902,1.6629086795412,0.165050414669868,-153.074448613416
"59",59,0.436035239665104,2.06785907586618,0.164625667108717,-154.129500437101
"60",60,1.00604033587662,2.40037053723792,0.14527364567875,-155.086709028563
"61",61,1.00708065407061,2.50074191047291,0.182990901799436,-155.738669779974
"62",62,1.10194380267692,2.5526994565136,0.172658418190055,-155.786196495047
"63",63,1.02842062867504,2.13297224955812,0.165886159430039,-157.837198941239
"64",64,0.0988842016749276,1.55355001919942,0.197117365093352,-153.157298881092
"65",65,0.0705258846794303,1.80035578340682,0.200480790434944,-152.453504774219
"66",66,0.0309785050931197,1.84928618556539,0.19952847465557,-152.561643942821
"67",67,0.0830422280926368,1.97633067380129,0.212660862857624,-152.875551317718
"68",68,0.130321057203556,1.70462400471391,0.161479513500551,-152.846374734426
"69",69,0.316046581158231,1.5477016526189,0.146553800631002,-152.367192583097
"70",70,0.0927155785488424,1.20547550967944,0.130234341629096,-151.186214154915
"71",71,0.0563012908205704,1.22705723978783,0.132329704049881,-151.152270051647
"72",72,0.0880292956803073,1.24998586148757,0.143907982246231,-151.523904611047
"73",73,0.0526595526932824,1.33505404996472,0.157186412161935,-151.574881434784
"74",74,0.12867959530796,1.43281893513513,0.130406043316025,-152.497896733827
"75",75,0.317041289652479,1.37878732767019,0.117826243628923,-151.867469684064
"76",76,0.401858730678834,1.80124902367105,0.148255334727176,-153.109090236383
"77",77,0.38189903517801,1.62054083717927,0.162275702807436,-153.40057583832
"78",78,0.0542719643925376,1.22024539699746,0.168200422664348,-153.325756631906
"79",79,0.032419643580283,1.7119359538671,0.180353328176535,-152.364439264488
"80",80,0.288318178237152,2.03808091181824,0.186236416728136,-153.521980359611
"81",81,0.481886626246265,2.02519499048233,0.194503560788271,-154.0915441538
"82",82,0.499283247449341,2.09346635479002,0.180434030359038,-153.764595798746
"83",83,0.715587460041398,2.33246798630909,0.17615844520329,-154.599851591749
"84",84,0.665923295332748,2.42122703759342,0.198196012485181,-154.744486607255
"85",85,0.185934433392022,1.62236221712033,0.216965294896256,-155.423447965132
"86",86,0.0894796029453549,1.66424822196553,0.134808714668456,-155.947735314918
"87",87,0.20313264327791,1.45908922437802,0.163792511081187,-152.673682197925
"88",88,0.219245841620595,1.79786945442362,0.158211904132091,-153.389596327655
"89",89,0.337259785548265,1.79861080189469,0.172341140714665,-152.940455244572
"90",90,0.0968332937900976,1.62397801801045,0.164574644734669,-152.256315912164
"91",91,0.347133809774595,1.53555991475734,0.137737134514568,-152.296504235456
"92",92,0.242046434985908,1.55982873082592,0.159306631645357,-152.354447805591
"93",93,0.0662286748511333,1.44577309819687,0.15645690617715,-151.653558958363
"94",94,0.0118912195755424,1.45221629593734,0.167782030310552,-151.566952993322
"95",95,0.115557951488909,1.51773743170893,0.149605710211247,-152.102719602756
"96",96,0.370402674520637,1.52562225429678,0.129848369993446,-152.265354466331
"97",97,0.341163307863844,1.70748744229346,0.180884051503769,-153.654909936012
"98",98,0.0762569711161801,1.48468221646363,0.177496917703252,-152.15258122795
"99",99,0.103429995722719,1.90854321565418,0.177941819172847,-153.72282614441
"100",100,0.136013425256903,2.09652282227133,0.187877480274105,-154.58793164536
"101",101,0.444132646838474,2.11290614374464,0.152798804055473,-155.527864203637
"102",102,0.307919644614734,1.78412661606807,0.204302712276857,-154.387238981298
"103",103,0.3152318068947,1.95104938046432,0.190109166218619,-153.214254330489
"104",104,0.0337932524091359,1.43266874723725,0.141899082430768,-152.229484971344
"105",105,0.090817546170956,1.26999706162094,0.124077191372318,-151.60555968783
"106",106,0.236090514083463,1.28533482553317,0.1160702400087,-151.572603118704
"107",107,0.294015672717544,1.30921895638572,0.108307385423476,-151.791555002616
"108",108,0.396375220287961,1.41826063176474,0.110751770463981,-152.065159368096
"109",109,0.347042307110291,1.36144461724433,0.126191543452324,-152.246995624066
"110",110,0.344686217335573,1.51831739678266,0.12492995500986,-152.351278894944
"111",111,0.358190004511779,1.65198051214346,0.144539537695994,-152.556741124211
"112",112,0.413060449383358,2.01173547258307,0.174829051180336,-153.502107019721
"113",113,0.386655194841951,1.86177790065424,0.168914771163413,-153.088323120444
"114",114,0.235808292760208,1.54630267082477,0.173548545837041,-153.10823060162
"115",115,0.200132593957416,1.47514212839126,0.133909897593327,-152.207730927533
"116",116,0.266067984631566,1.37030314056076,0.125783084408997,-151.78561331149
"117",117,0.0828529891040373,1.04044661474529,0.0997485317669992,-151.154683438264
"118",118,0.195822635981109,1.07550125316159,0.0990256988528365,-151.013405257872
"119",119,0.191928987288289,1.02333602467214,0.0970082176118127,-150.919573156635
"120",120,0.250297310522432,0.975767966845539,0.0821743025423358,-150.811392991475
"121",121,0.226753246686025,1.00765759464338,0.0878320651043243,-150.875680303879
"122",122,0.234585426010198,0.998042365791552,0.0959978852372292,-151.32688707092
"123",123,0.226777614292825,1.14656338741979,0.0940000240986705,-151.636296726997
"124",124,0.298236141880789,1.12944685067724,0.0835369881307035,-151.707840800346
"125",125,0.20638615699234,0.890297738659157,0.078684665064074,-150.584774954425
"126",126,0.217798549892024,0.826694856251178,0.080075576229792,-151.356592555835
"127",127,0.0902110795513923,0.714902776618367,0.0616287796594171,-150.895056699159
"128",128,0.136330270188764,0.735116598463755,0.0776554096101063,-150.861761781418
"129",129,0.109661714571131,0.78958907783504,0.0927623142759932,-151.563528049776
"130",130,0.0680907421082432,0.917164509244166,0.0968701457038207,-150.475376354326
"131",131,0.00550409632652221,0.839055761234857,0.0820373763915304,-151.253222628404
"132",132,0.00271591910018021,0.733666731551535,0.0791532772201731,-150.085644906175
"133",133,0.0203439696696945,0.700220589715918,0.0758083938016812,-149.928879116818
"134",134,0.0108923824924164,0.698005253441634,0.0821888126986068,-149.942508112153
"135",135,0.0167181008454695,0.59475178058357,0.0811315297083263,-151.338342373895
"136",136,0.0101222068174279,0.709348878671154,0.0902028217942747,-150.473851201353
"137",137,0.00447939222316969,0.700535301344767,0.0789333893008358,-149.866558498617
"138",138,0.0378185413639379,0.631664437342597,0.0649284845034232,-149.849351176875
"139",139,0.135149879216985,0.716946048560386,0.0610925553774684,-150.3011282686
"140",140,0.169360711185609,0.699264069389945,0.0621712191184865,-150.118217745464
"141",141,0.14495486609247,0.702549472571251,0.0583616970258182,-150.26654827617
"142",142,0.211573439576085,0.665485082204025,0.0460706487774731,-150.140914925129
"143",143,0.221565889637842,0.681351043907398,0.0418949607461383,-151.183488503548
"144",144,0.290129899635085,0.687862397004605,0.0408227111033176,-149.887645925682
"145",145,0.259877232277207,0.598502681607792,0.0325525293557575,-149.572131971484
"146",146,0.302419012598795,0.621145918509827,0.024809575317365,-150.706476410301
"147",147,0.296163522539053,0.461641773974558,0.0179800213127899,-148.304682077882
"148",148,0.224513782812955,0.385994751921297,0.00979885310820441,-141.489225521923
"149",149,0.238525030420462,0.35185213602454,0.00808594077811038,-142.616996786091
"150",150,0.175534729031484,0.311662633910349,0.00520740525297723,-137.147776837204
"151",151,0.151694865672173,0.271441709639961,0.000234046823973229,-133.350623617676
"152",152,0.143843361814838,0.19988142938478,0.00146566168047024,-131.510895783913
"153",153,0.0885780819207847,0.0229788925119953,0.000469937930769472,-126.274646073278
"154",154,0.0884852993197004,0.0357891486803888,0.00134601800053266,-127.082988688426
"155",155,0.08242751607774,0.103877449261492,3.31483921724705e-05,-126.440064544476
"156",156,0.0208029978202828,0.120375650639837,0.00275768943557944,-126.715059447668
"157",157,0.0681555435898915,0.191647773048499,0.000803754316590422,-128.444995922247
"158",158,0.0540171700320956,0.203721777598863,0.00189673377015947,-128.419560300346
"159",159,0.0536402741591394,0.178333046959708,0.0017375458875572,-127.825922391822
"160",160,0.0322085387933473,0.0773823520543157,0.000543841119396215,-125.399384991454
"161",161,0.0555099175110467,0.0840070565930618,0.000907670153863969,-125.585227694108
"162",162,0.0689164194192679,0.0825395042726528,0.000539672994098233,-124.887946033647
"163",163,0.0885361315119057,0.0536142733503211,7.40752441775377e-05,-125.282553901813
"164",164,0.0979283242132843,0.0282511283802729,0.00013421025875606,-126.549546829402
"165",165,0.0713813771671756,0.121637761968116,0.000942900536512013,-126.306099160304
"166",166,0.0345080134019921,0.0921233272233415,0.000523181173613825,-125.110860560426
"167",167,0.0642423613889988,0.0772202753936778,0.00145347568359182,-127.596925813076
"168",168,0.0331007817872269,0.0876474474378259,0.000667783721295539,-125.209782727966
"169",169,0.124571395259303,0.0809514222252711,0.00103244152058794,-127.125662866263
"170",170,0.147461066970637,0.111004193373095,0.00069509436454742,-127.570787500245
"171",171,0.140671562771663,0.0743418895129267,0.000685208020709905,-126.698349445761
"172",172,0.0642418970278043,0.0756869983385886,0.000128670306832287,-124.679969272759
"173",173,0.0581727317068712,0.0792029079239915,0.000805654797605284,-125.438579286389
"174",174,0.0628270913984314,0.11677786218632,0.00104688649120243,-126.099325581696
"175",175,0.0283767122125978,0.124133318146441,0.00118280366868721,-125.518027504103
"176",176,0.00405304620545831,0.129359987421255,0.00191593665157575,-125.629335254672
"177",177,0.0363722118023723,0.146277217977456,0.00129038374913823,-126.159219846196
"178",178,0.00301157063581574,0.14550972552966,0.000948819747549081,-125.492639834208
"179",179,0.0613397632804298,0.0579356744661853,0.000140150391887584,-124.974653259877
"180",180,0.125538152262039,0.0827461833905071,0.000412981491406449,-125.720585015298
"181",181,0.0816113234510211,0.101094405011367,0.000492736126540482,-125.341586208153
"182",182,0.0105223058129697,0.0847975384216728,0.000612748556264205,-126.375041112603
"183",183,0.0690344069512494,0.0529642863191953,0.000224323332858144,-124.818735355079
"184",184,0.0691495545654038,0.0777265251752379,0.000190157255205636,-124.504876164597
"185",185,0.0967632076824833,0.0617218693300653,0.000424867237621203,-124.815499111115
"186",186,0.090646658742036,0.0905706638925724,6.62798991754251e-05,-125.460712396347
"187",187,0.163411108805497,0.16225714810149,0.000447713801153106,-129.187239145713
"188",188,0.0228257165638868,0.108562356909626,0.000253760283962206,-125.707776883234
"189",189,0.0842873042403438,0.039865960896857,0.00104087135023104,-126.268683419145
"190",190,0.0592044526591144,0.124837899238929,0.00109834461187882,-126.191239426868
"191",191,0.0493698647226276,0.133594833848378,0.000515021409565896,-125.919641382054
"192",192,0.120954261422821,0.0958917268748768,0.00159661231050683,-129.31878168883
"193",193,0.0865107590443529,0.143012749127525,0.000329389810296397,-126.987809714854
"194",194,0.0567869323164307,0.117252615223599,0.000990727752495526,-125.861097070173
"195",195,0.0134814369628464,0.118604941514806,0.00163303918167912,-125.585161291534
"196",196,0.0246484212341417,0.0940435023045248,0.000517319479469653,-125.357480083331
"197",197,0.0241502833938115,0.102036615680955,0.000939739125410094,-125.314137456644
"198",198,0.0486020839903674,0.0803524651989628,0.000359880660330296,-124.770652851267
"199",199,0.0587626821374089,0.073165675461238,0.000764686943051283,-125.376710720073
"200",200,0.0153130354050031,0.148532478187945,0.000939662646185575,-125.702999883787
"201",201,0.0118203230169317,0.141079862028016,0.00123739903721771,-125.536796455985
"202",202,0.0345289634975952,0.0917737849213416,0.000941106122063148,-125.352133528621
"203",203,0.0210003806339526,0.145245443124833,0.00157867061428361,-125.884995923801
"204",204,0.0466365970210857,0.100291802085228,0.00115343483787185,-125.688637449771
"205",205,0.00371030037645021,0.156860972729712,0.0011003076657513,-125.627109890889
"206",206,0.0982612411722072,0.140027769696075,0.00212794315111491,-130.222482356018
"207",207,0.0863203518331892,0.200516043294777,0.00223425421195767,-130.007046856224
"208",208,0.0346772694260094,0.0600725900020365,0.00220531855355387,-130.810578221718
"209",209,0.1234132232664,0.0781993202470566,0.000574613896722775,-125.884333481549
"210",210,0.0122863405042687,0.101377267266129,0.00162454126200687,-125.856660606811
"211",211,0.0434530827673174,0.201161769067715,0.00335765518001633,-128.984124959238
"212",212,0.054679293299399,0.157641006656556,0.00071430416194448,-126.819747889767
"213",213,0.0935243992396591,0.107057264134584,0.000768407673281936,-126.401121026792
"214",214,0.0957695018184354,0.086464282511823,3.62264366838001e-05,-125.942116366694
"215",215,0.0820736649611337,0.0831434559115546,0.000812026245162453,-125.77314550969
"216",216,0.057000447228715,0.125354818991394,0.000772614448695654,-125.850178666773
"217",217,0.0655228191640663,0.122127227212108,0.00054048775018578,-125.787740435004
"218",218,0.0174470202056093,0.114857301150498,0.000969428959367023,-125.31414288406
"219",219,0.0531277337840042,0.117879429393163,0.000920660792872801,-125.710561030648
"220",220,0.00838967421834971,0.108605989073524,0.00137146325490618,-125.58685160832
"221",221,0.0250016804087515,0.11902760349874,0.00174909720288002,-125.838173095746
"222",222,0.024160580830029,0.0824931444239009,0.000169496237197588,-126.303846842913
"223",223,0.0945252785671868,0.0616101811919742,0.000503681901380006,-124.916900692326
"224",224,0.0392065402838984,0.069653680822065,0.00024118200580168,-125.347000508869
"225",225,0.0403478007708757,0.096618443532489,0.000485489759312329,-125.035242342813
"226",226,0.0286892923540561,0.0975259614616528,0.000519713587305336,-125.21861355064
"227",227,0.0818871760129697,0.0739420217805039,0.000877582768668564,-125.847946847021
"228",228,0.106626382845503,0.0605982125082495,0.000838079567355045,-125.868840567343
"229",229,0.0827367860141548,0.0699586764274437,0.000187024860717711,-124.550079109329
"230",230,0.0649048859506139,0.0673651784198349,0.000230155936806942,-124.501495095383
"231",231,0.0711333220358452,0.0889952465875417,0.00143146485036816,-127.595311043394
"232",232,0.0624032276280626,0.0978541511348151,0.00202705957101954,-128.473883101321
"233",233,0.0016086086243655,0.131800013556016,0.000469978228736849,-125.75519612195
"234",234,0.00760597222211746,0.112322238287867,0.00209336559396809,-125.94673252363
"235",235,0.0133934095221241,0.167134191841269,0.00268230381823664,-126.540324904753
"236",236,0.0274324029669968,0.131973726953712,0.00152031310321924,-125.797894791047
"237",237,0.0772223150952919,0.0783145485065132,0.00200932316831478,-129.920006749339
"238",238,0.133283468911216,0.087386087374442,0.00175752064823471,-129.491540929747
"239",239,0.0395872256264532,0.168198183042348,0.000613912044382854,-126.878670422848
"240",240,0.0248702603998452,0.0631722916918537,0.00054888381807971,-126.642198007729
"241",241,0.102706726407332,0.0815247801012897,0.000472925217800409,-125.231936395656
"242",242,0.0161185082201713,0.0795244230758957,0.000915813560999516,-126.234545750097
"243",243,0.0843128098702881,0.0396465924949358,0.0007142709182068,-125.499056774315
"244",244,0.0848034894908459,0.0559700595888421,0.000476938384259395,-124.806186463001
"245",245,0.0785749092742531,0.0860308069066363,0.000406224780876327,-124.776299227696
"246",246,0.108363443598282,0.0970393491193008,0.000312224699352255,-125.459451255036
"247",247,0.138286232108782,0.100541851529306,0.000324372786640872,-126.351305512569
"248",248,0.0852835387243095,0.0671501213452267,0.000341875536801998,-124.582653634045
"249",249,0.127891524260655,0.0926345897209096,0.000575943660940507,-126.291932337614
"250",250,0.0682617634103826,0.0677553282027122,0.00058586574413638,-124.937038355143
"251",251,0.0426624988929297,0.105906120831395,0.000926896995200627,-125.360910526218
"252",252,0.0270050803828606,0.140169696719723,0.00153404802229728,-125.918273803032
"253",253,0.0136786531189066,0.137012626899374,0.00156241350921168,-125.611851128849
"254",254,0.0250702713619579,0.15084063234621,0.000413039164022517,-126.201639106399
"255",255,0.0548960723210915,0.164612997656031,0.00177633580054487,-127.531979203729
"256",256,0.046764411490437,0.162620424778278,0.00186922523814057,-127.246201994528
"257",257,0.0144202888628192,0.117058182698213,0.00153240669356724,-125.539470499304
"258",258,0.0363996826307952,0.16350373891853,0.000817617740059023,-126.568642626515
"259",259,0.0249885298292261,0.160862659032669,0.00249010363629477,-126.822439505932
"260",260,0.0462035883490069,0.140587042300122,0.000586456889005433,-126.07094570753
"261",261,0.0160268331648201,0.168889240758645,0.00434853130589029,-127.761564708104
"262",262,0.0144939552852137,0.108130174253393,0.000520397141258442,-125.503489486338
"263",263,0.0726705108044951,0.111037329418314,0.000997366106264906,-126.278881595497
"264",264,0.0324817669547421,0.0879582740207253,0.000841989904223928,-125.334408663516
"265",265,0.0256093884364973,0.0883287987552301,0.00139044442091114,-125.97336519584
"266",266,0.0477279858587065,0.0866880243794156,0.000241275667760715,-124.935783356701
"267",267,0.0993764814819919,0.109304609729781,0.000952414225666217,-127.148771641548
"268",268,0.0379662101578551,0.12986337173965,0.000451880688865912,-125.700256529901
"269",269,0.0840378081609149,0.113250074603663,0.000822813469416658,-126.362720556568
"270",270,0.0812942412224339,0.194280320403263,0.00189239228540395,-129.394093087088
"271",271,0.102095632471649,0.0370773421119785,0.000332049858059206,-125.424512766002
"272",272,0.0831401992963628,0.0911129273405122,0.000335656677770558,-124.847948008637
"273",273,0.105902023421313,0.040413944007299,0.000822825839097493,-126.118224729472
"274",274,0.0700178743090859,0.0909720106860068,0.000696950429929966,-125.365894302062
"275",275,0.0415819491188143,0.122780950125641,0.000681886297864863,-125.489580677124
"276",276,0.100106533612727,0.0967949044912739,0.000698810894098195,-126.087207050144
"277",277,0.00224946866688678,0.155817969392923,0.00177129397141795,-125.673320059206
"278",278,0.0124368602439795,0.105970290930864,0.000227531242157428,-126.160855410748
"279",279,0.125470070738004,0.0977503515940752,0.000385519144659448,-125.994252392462
"280",280,0.142683857040466,0.12455716444786,0.000187415899937284,-127.153062672017
"281",281,0.122549658504915,0.0504206523205419,0.000155848185124636,-126.280733784987
"282",282,0.052661040166559,0.0892203157623425,0.000892039659278828,-125.428581080561
"283",283,0.0355790396148232,0.0998816856300724,0.000596299226752905,-125.110034102447
"284",284,0.00882441783075828,0.12819446078019,0.000682740550598987,-125.454039425039
"285",285,0.0225886715564956,0.154134195054969,0.00231317509876985,-126.507480367154
"286",286,0.0440330861940374,0.194309651748058,0.00261117243709797,-128.170454872886
"287",287,0.0408400357816652,0.120365908233447,0.00145705483527807,-125.969384488279
"288",288,0.0737719895776483,0.164766803489684,0.00143656596035628,-127.971645265591
"289",289,0.0524910497257706,0.0716294098674576,0.00132318420047815,-127.075867340184
"290",290,0.0714805174488923,0.107513714415294,0.000799465695814921,-125.814197449005
"291",291,0.101934666191018,0.0590610892046938,0.000828506951952546,-125.746310620366
"292",292,0.0927096844735677,0.0963655657067262,0.00058860231058323,-125.627567126701
"293",293,0.0328223490245243,0.116516441821101,0.000503850326502987,-125.334036038976
"294",294,0.0679149779685484,0.0603985725685374,0.00171434209912118,-128.691654573992
"295",295,0.0965639799200071,0.109686694955413,0.000846988417198392,-126.76769860259
"296",296,0.103046670902635,0.0910416751933278,0.000886235139250198,-126.553095741294
"297",297,0.0296205118876062,0.06652771904253,2.77289002021095e-05,-128.177517707967
"298",298,0.0339950012918577,0.101933831343294,5.82727874340886e-05,-126.594965134785
"299",299,0.0887828779021121,0.136782567880328,0.000263216741084686,-126.784981744412
"300",300,0.0075242478458318,0.123468163032992,0.00235372777922425,-125.971261342131
"301",301,0.0276040874691964,0.0841369394559919,0.00224656335925657,-127.597256761799
"302",302,0.0283377579394969,0.18938567281045,0.00459094175431116,-129.191068491708
"303",303,0.0350016620551846,0.120246712823154,0.000872085274979755,-125.410201184088
"304",304,0.0318443829485384,0.105400768660157,0.00128751883590916,-125.568781947572
"305",305,0.0602000783186169,0.139071785890909,0.00018208309774525,-126.77629236827
"306",306,0.0536217140275569,0.0862647477956533,0.000721859665742492,-125.144718744751
"307",307,0.0476435360222137,0.108428173203249,0.000335160132000658,-125.273956805643
"308",308,0.0884081794940196,0.0327022601887653,0.000460127936667623,-125.409154530114
"309",309,0.0741981274506775,0.107333231034274,0.000831729165242385,-125.957264755942
"310",310,0.0499060301266313,0.110778177081937,0.00183608918610226,-126.837892168906
"311",311,0.023997429220768,0.15522314595084,0.00448138020785553,-128.379038429555
"312",312,0.0365109102513076,0.160562545411002,0.00345931395294944,-128.100507553992
"313",313,0.040188813611274,0.158058742292128,0.00119818976719748,-126.541061655145
"314",314,0.0464578100310256,0.158573468308856,0.00124672811928039,-126.757394259058
"315",315,0.0243625959987068,0.079942511345983,0.00160571340586789,-126.689925179582
"316",316,0.0219587965643324,0.0729964204866037,0.0020103986499122,-127.981111519787
"317",317,0.024922245038332,0.183036361551965,0.00242418991091568,-127.392536602669
"318",318,0.0420567736844331,0.133026663330818,0.00176947881729812,-126.451157388669
"319",319,0.0151791354503913,0.158853084672129,0.00251297302959895,-126.411583196528
"320",320,0.0171462704848176,0.0840994108665167,0.00208321741554504,-127.138040874693
"321",321,0.0390561160329115,0.194035591267995,0.00105700141111023,-127.602842664871
"322",322,0.0499627565232166,0.135241588379175,0.000378528196169936,-126.080294135407
"323",323,0.0603164338741047,0.112516721828195,0.000785852774261826,-125.619881447831
"324",324,0.0477241831408691,0.102214639766452,0.00147961443684155,-126.233516565548
"325",325,0.0475624978268007,0.0873180810796467,0.000603303455045575,-124.969727196245
"326",326,0.0624052581423742,0.0664736128068528,0.000645098057452227,-125.110789662414
"327",327,0.0746924749946678,0.116314864941418,0.00182701161325206,-128.22283186292
"328",328,0.00947263218529712,0.105622358416366,0.00223344489477218,-126.243281125061
"329",329,0.0200893563835233,0.102329834610033,0.00198986525455043,-126.202374328788
"330",330,0.0145528561050294,0.140151288690474,0.00366181522536615,-127.184257174267
"331",331,0.033651795816019,0.180103985552102,0.00518422448959893,-129.473710166119
"332",332,0.0160807509997023,0.187521858780603,0.00378819090002028,-130.15988147509
"333",333,0.0204056230430586,0.157300317519232,0.00241719475426076,-126.549173039746
"334",334,0.0579722766884029,0.107605693833342,0.000335085835696862,-125.244349770881
"335",335,0.0484542834241827,0.103949986008069,0.00112310596375934,-125.685296480995
"336",336,0.0473964405328475,0.0768975550481045,0.000905919503094665,-125.619198221743
"337",337,0.0370531303271374,0.121717338734022,0.00124651720730517,-125.69290792181
"338",338,0.0897555963552789,0.102706983071865,0.000334535426681496,-125.28615701738
"339",339,0.035606657658063,0.175386186423961,0.00285534521586794,-127.746923600491
"340",340,0.0338021718261647,0.0789873326530167,2.23466044949955e-05,-127.52343047654
"341",341,0.0539414579051815,0.104611985149516,0.00123291503266727,-126.012598765018
"342",342,0.0649295626599186,0.114578156116242,0.00103182939625845,-126.112093493151
"343",343,0.0182783346795435,0.070764941483012,0.000444896799135249,-126.774455433501
"344",344,0.13342621651617,0.0839826142381747,0.000606227286705826,-126.342348306106
"345",345,0.140828443318321,0.0858584881434575,0.000140627143788434,-126.339231312856
"346",346,0.0420668944441198,0.0777293125359968,0.000211295023398373,-125.144781343052
"347",347,0.0753647664944999,0.0909950018271488,0.000338757105735581,-124.7696808337
"348",348,0.0516884453011952,0.0975820190169196,0.000728289333849395,-125.181000767709
"349",349,0.0233231338935787,0.104855655854425,0.000730906120603724,-125.255589668789
"350",350,0.0519580748523013,0.136368053788537,0.000745194287084651,-126.049382124523
"351",351,0.0244413277106034,0.0996795010929532,0.000603618035386728,-125.275306702328
"352",352,0.14915077790243,0.141812073752178,0.000375310811458337,-128.001877740275
"353",353,0.0125016763228523,0.15333845297495,0.00208548368572503,-126.037624271119
"354",354,0.00683723526556644,0.148423522780889,0.00144002676159753,-125.593622472746
"355",355,0.00706804695792793,0.162060685399343,0.00455037559396567,-127.512934126094
"356",356,0.0118719414592969,0.157601410008938,0.00085992685562511,-125.780289478603
"357",357,0.0197195066634166,0.0837848644561579,0.00152927237862283,-126.395876865733
"358",358,0.0281028232949245,0.174045093565307,0.000847754731913136,-126.570901204368
"359",359,0.0231412700467711,0.0739658734397011,0.000853610301472547,-126.146045634439
"360",360,0.133656638604954,0.0773985438494385,0.000232728580441013,-125.841355933371
"361",361,0.0759954949961337,0.0531449023296643,0.00078734366610041,-125.541947620286
"362",362,0.128219670471025,0.167236748718216,0.00165587585254542,-130.875189087499
"363",363,0.120766650326499,0.256270478317887,0.00139086575494448,-132.091537040032
"364",364,0.123395530019914,0.13680372648539,4.63458939351431e-05,-128.051771497072
"365",365,0.182463584043708,0.144550590849506,0.000283958007303404,-128.731355711127
"366",366,0.180794516481324,0.108594528352345,0.000626403946692451,-128.965216001427
"367",367,0.101862314439537,0.0441311696571036,0.000250709423396623,-125.116155337546
"368",368,0.10234708286743,0.134820905229402,0.0008629719661761,-127.542855938627
"369",369,0.110708617564557,0.0571196011212446,0.000785825064857298,-125.811051569068
"370",370,0.0656214764527139,0.157887039904996,0.000736142965756049,-127.100151169634
"371",371,0.0645843085397035,0.068515619182928,0.000817052428492401,-125.547910829947
"372",372,0.0554168769868114,0.060030878824334,0.000909630963317259,-126.043306082018
"373",373,0.052400797518807,0.195176178293002,0.00189847144059377,-128.239561044794
"374",374,0.0606293401206555,0.0732483507996528,0.00050181564190458,-124.758540614445
"375",375,0.128120702754763,0.0551959447176577,0.00057206043116447,-126.850820156284
"376",376,0.123936629605615,0.109655388385749,0.000709616525693531,-127.033621391822
"377",377,0.11811923611636,0.0799034066060741,0.000677368760920293,-126.000056051491
"378",378,0.0776388844845197,0.0375152965407452,0.000376209550511457,-125.249428569591
"379",379,0.0884697176539616,0.118312584529338,0.000304689295628847,-125.871751354014
"380",380,0.0898774148420754,0.115818236791917,0.000483893092484553,-125.944486604944
"381",381,0.0655330590400283,0.0640297551174032,0.000623348790471312,-125.066627312727
"382",382,0.0446564548133784,0.16714731309633,0.00175832068616142,-127.210509036829
"383",383,0.0578158689459662,0.117796393399158,0.00168667910775931,-126.917110208725
"384",384,0.0191177405715285,0.16997576801768,0.000649188432633374,-126.303162249769
"385",385,0.0266550794021617,0.119622278276337,0.000561496650806313,-125.356294676945
"386",386,0.0112979707271677,0.113514818365101,0.000986109366946591,-125.380438370134
"387",387,0.0521142850026606,0.0955781717995604,0.0010399385753204,-125.650276308807
"388",388,0.051676820330646,0.1067422869274,0.00117082221122019,-125.846745246597
"389",389,0.0401272845836778,0.100611036310642,0.00110883275781322,-125.506893085779
"390",390,0.00758831995730615,0.107006879941035,0.000805386283098853,-125.583496084316
"391",391,0.0154014355563963,0.110130156303818,0.00405023044829533,-128.37124937925
"392",392,0.00658927653372305,0.114650918992733,0.00183846610566729,-125.730797633119
"393",393,0.00326140566400393,0.116431601852363,0.00300938892763327,-126.559055152287
"394",394,0.00424133864809394,0.106381082586129,0.00193157342766749,-125.9963675956
"395",395,0.0357540568571368,0.119413158390153,0.0018681320084302,-126.258681499203
"396",396,0.000985352274620025,0.131138011824887,0.00368648429000119,-126.791949175368
"397",397,0.00190105624623884,0.167226443980075,0.00493259251187121,-128.598170402243
"398",398,0.0121072842808727,0.155046792723698,0.00346040534619981,-126.911894750078
"399",399,0.0208931744272942,0.145797965814444,0.00202665080127428,-126.1397146629
"400",400,0.0167273005578799,0.101831824936913,0.00014794981986683,-126.390199417448
"401",401,0.0999701542990863,0.049811488439794,0.000390471994545233,-124.914752261662
"402",402,0.110214167892942,0.0559768360454627,0.000224897495329246,-125.095163826413
"403",403,0.0688625080984198,0.100273853462148,0.000666433385851183,-125.392658783014
"404",404,0.031698939331897,0.074348351334121,0.00104598848121285,-126.047813541686
"405",405,0.0637783352291741,0.0407557948991506,0.00102383699070843,-126.815992946837
"406",406,0.0542198815743015,0.0877532833272808,0.000354389350638801,-124.745249452315
"407",407,0.0835551870018054,0.106781852080805,0.000464596270627169,-125.498116109413
"408",408,0.0370301861457125,0.0566323180664573,0.000435531584325476,-126.039684853119
"409",409,0.0513440712498161,0.068017690784692,0.000392261284814634,-124.801371909737
"410",410,0.0532130801443587,0.0853388594204854,0.000806354699006205,-125.304864146526
"411",411,0.117799801724061,0.0583562806679116,0.00238037186205575,-130.547223262922
"412",412,0.0219408678094468,0.107743307746754,0.00210210419010259,-126.237003456719
"413",413,0.0130292165161192,0.160385448991031,0.00243754657489785,-126.270386739214
"414",414,0.0120041716065099,0.116171252722406,0.00252858070559848,-126.294993834322
"415",415,0.00188799917937237,0.111907880948101,0.000302471816574836,-126.334633960393
"416",416,0.138283736738239,0.111085275432825,0.00049133080068771,-126.888862222799
"417",417,0.0194016048340851,0.0936058614973035,0.00181418651290113,-126.280153534877
"418",418,0.0201631578667882,0.15983876665211,0.000847268831207295,-126.066414276789
"419",419,0.00410508526586965,0.111222990406732,0.00296709485702002,-126.688668540781
"420",420,0.0156408402294336,0.162380531549523,0.000604929377949932,-126.06847900234
"421",421,0.00577290868201347,0.168715753925815,0.000682578053437845,-127.281279371069
"422",422,0.0257047046128451,0.112181354754012,0.00186056570034992,-125.995662796448
"423",423,0.0514860107052316,0.198558644426279,0.0025621581488038,-128.564387200007
"424",424,0.0402148156831104,0.175775336748327,0.000513354477367513,-127.242992347219
"425",425,0.0913251659095471,0.0548056195376601,0.00120556488836182,-126.700711407225
"426",426,0.108947175443706,0.0451564031535211,0.000722711333968185,-125.782884682211
"427",427,0.0798216497701712,0.103809480517628,0.000844115419767679,-126.139433934069
"428",428,0.133684486542928,0.0996233731502742,0.000618413501769303,-126.719368245358
"429",429,0.110886326586616,0.0512056484361243,0.000220900946541901,-125.215287954717
"430",430,0.0745552512197222,0.050857402704062,0.000588318016417982,-125.124777361863
"431",431,0.0681200807608998,0.167521639608708,0.00214796454220726,-128.468635445288
"432",432,0.0726512351373338,0.177705461630054,0.00180476754985626,-128.567640280474
"433",433,0.0588568422793724,0.101245811389567,0.000368004672837472,-125.035270901522
"434",434,0.00431247348847826,0.168418239158857,0.00279660383671091,-127.375977607894
"435",435,0.0506901230655253,0.186815654731335,0.00264490351182048,-128.498904191862
"436",436,0.0426460319616324,0.135023001007516,0.00404591828140275,-129.339360045696
"437",437,0.0228285014840604,0.124767723112672,0.00205422717781664,-126.05094777117
"438",438,0.0181018846067411,0.145147500432097,0.00155912052598681,-125.809183363475
"439",439,0.011090776885807,0.0942535646721912,0.000643482466342661,-125.868481760247
"440",440,0.0534971423988129,0.0712626376526341,5.6218265530711e-05,-125.509762319606
"441",441,0.0939731902547339,0.0885382723575978,0.000770252057355875,-125.964335635103
"442",442,0.0492271712801286,0.162910820068178,0.000306898895872061,-127.234022981962
"443",443,0.0217532950762765,0.146373415039041,0.00159880211893998,-125.93310427439
"444",444,0.0365913199734127,0.181604772700205,0.00174156830241634,-127.201073613245
"445",445,0.0548445101343621,0.145521342303816,0.00127339462032809,-126.676613479584
"446",446,0.053114930356517,0.0786147726476201,0.000414381282530692,-124.708794228665
"447",447,0.114652393903687,0.100788752107068,0.00134193575635173,-128.544201657642
"448",448,0.119126462601666,0.17770944883251,0.000681809680727636,-129.158842171584
"449",449,0.0916344842739317,0.0185434407574763,0.000970244652575316,-128.910409332139
"450",450,0.0700557415728122,0.0345545567971856,0.000223741265530977,-125.852670632462
"451",451,0.100829769865274,0.0586746028795641,0.000403509857063436,-124.852723631415
"452",452,0.112918362866826,0.0948771370441356,0.000328126675426555,-125.528617206155
"453",453,0.0810017354110091,0.055456633504907,0.000129113344313266,-124.862205550693
"454",454,0.0742620771389221,0.0893660113272243,0.000225871096840217,-124.690056835294
"455",455,0.0519055124490675,0.100889650423124,0.0013498222670255,-126.168698782825
"456",456,0.00139533509761759,0.119957656253821,0.001945291654426,-125.718289135709
"457",457,0.0416298911785801,0.103720066958867,0.00182115704519326,-126.551301932166
"458",458,0.00841851306041775,0.142479269076208,0.00104876935301931,-125.507259435209
"459",459,0.00435517723278308,0.119696416370386,0.000685719185604366,-125.542307312076
"460",460,0.0894123750584525,0.0412738668755436,0.000483227610752787,-125.064974515584
"461",461,0.0937367979801567,0.0845583252901684,0.000496534779688614,-125.162632995485
"462",462,0.112372740968002,0.0579321762899548,0.000614440407614872,-125.496307415891
"463",463,0.0913239192887817,0.0647448679630762,0.000925033681226722,-125.968696176416
"464",464,0.0890573066529174,0.092522048486895,0.000475014429688833,-125.201962794331
"465",465,0.0184885987844092,0.130604564990946,0.00135973711748053,-125.528728708338
"466",466,0.0103131099474325,0.167585308665928,0.00390025924115892,-127.334260994124
"467",467,0.00867329984220027,0.15697661069356,0.0021455735266852,-125.934144345399
"468",468,0.00379248382082421,0.0964418578718786,0.00167853298113848,-126.234726509099
"469",469,0.0205922326114979,0.126447619456671,0.00181208141818862,-125.804149971473
"470",470,0.0137899953015647,0.0889251630781089,0.00223693056346137,-127.021676229021
"471",471,0.0447601814695112,0.193083479822622,0.00376338072251786,-128.971821925239
"472",472,0.0756079056785247,0.216823097735456,0.000681497458602894,-129.493750229351
"473",473,0.100282620831629,0.0557324755929161,0.000757598698796589,-125.527028853122
"474",474,0.0805842265960068,0.0881669190268483,0.000783761754620226,-125.74529348314
"475",475,0.0474783714267409,0.0787139277194208,0.000777181286855681,-125.303070017396
"476",476,0.0417395593725319,0.150222477680444,0.00108343154499285,-126.317313423335
"477",477,0.016805449218286,0.0764362417826767,0.00089544385040035,-126.378693476073
"478",478,0.0806026635007588,0.038386318484561,0.000880250097999009,-125.951053004434
"479",479,0.100323151173162,0.0425554634385954,0.000877150515808871,-125.876697426413
"480",480,0.0941129775131235,0.0809945665273864,0.000760492844421209,-125.781780254645
"481",481,0.0795187592036299,0.0510994348620578,0.000896290968305067,-125.825158475873
"482",482,0.0586506483516109,0.0624443051420349,0.000581600255858065,-125.07196305031
"483",483,0.0698810168781962,0.0631302847042128,0.00105423935831518,-126.305428754466
"484",484,0.0817285833449195,0.0899546640161636,0.000638517311694845,-125.399665148548
"485",485,0.0012855480958925,0.15674359189594,0.00038921225147637,-126.263409198963
"486",486,0.0264102454514705,0.162878588407455,0.00315552278705038,-127.389086156793
"487",487,0.000164041654435824,0.132355610295172,0.000979507286103322,-125.442394448891
"488",488,0.0390276336673882,0.140735508632124,0.00209477997495071,-126.740535070845
"489",489,0.0489592959797665,0.10756687264626,0.000861869483974846,-125.405515585454
"490",490,0.0647041570579439,0.117887414768501,0.000283264943044032,-125.690667523853
"491",491,0.031960831669658,0.0955000477318024,0.000946315345731759,-125.325359421701
"492",492,0.0497946588277798,0.0829460969738063,0.000940571438768074,-125.565883262976
"493",493,0.0974065822995551,0.070748107077464,0.00098606438900703,-126.308321641303
"494",494,0.0623234962582471,0.108371518007115,0.00118951096424829,-126.238976511369
"495",495,0.0688747833580287,0.107815486674394,0.000952105452987756,-126.023495805755
"496",496,0.044160955492225,0.141024534824545,0.00263521247701182,-127.541157371666
"497",497,0.0529342111592796,0.177977819897939,0.00122469791934561,-127.560002456782
"498",498,0.0339072903512925,0.144549319387737,0.00187368499480129,-126.420999445957
"499",499,0.0372782115935469,0.175030809196055,0.000874028470193197,-126.958076386697
"500",500,0.0222249532741885,0.149698474464685,0.00055951925489069,-125.974266363201
"501",501,0.0455453979332632,0.106929863627932,0.00046564447564599,-125.167431829381
"502",502,0.0561246151376431,0.0861617757803027,0.000427626823487572,-124.739701615137
"503",503,0.0550756490526317,0.0590600184824029,0.000302344205874624,-124.881316724595
"504",504,0.0840468936944472,0.0711564423658827,0.000396328305417557,-124.651331053443
"505",505,0.112448399482784,0.0685083302757236,0.0012654863644205,-127.293548849928
"506",506,0.0487602951868378,0.163095179735997,0.00050703706166076,-126.967460816972
"507",507,0.0275670840031171,0.159560780678442,0.00617093170489272,-130.267995543069
"508",508,0.0410516628700834,0.184432137806048,0.0038124569490963,-128.808740550702
"509",509,0.0274504053173536,0.152618974045295,0.00371244155968717,-127.834246597771
"510",510,0.0200415902402646,0.145620167012109,0.00285064939966692,-126.710429663848
"511",511,0.0147471991546358,0.158335444027723,0.000717110590256587,-125.929484558555
"512",512,0.0467929902212292,0.0727317933210004,0.000836468404697838,-125.595797118389
"513",513,0.0562852665415806,0.144821334829999,0.000889599560058243,-126.461771481091
"514",514,0.0658967520233384,0.101944630216232,0.000498698744453773,-125.146308505031
"515",515,0.0995557013471737,0.0639758862455752,0.00053137996092431,-125.053438808871
"516",516,0.0752198754336225,0.061470208668869,0.000830375878994268,-125.609612460619
"517",517,0.104239242631107,0.0527735108414814,0.000643865850819065,-125.365976543604
"518",518,0.110606338574787,0.0581397154227456,0.000991433643937606,-126.31228941729
"519",519,0.104505397826836,0.0697068230417674,6.15709017359567e-05,-125.525704958299
"520",520,0.0539986326382448,0.0829425117245113,0.00042721923659173,-124.726159992026
"521",521,0.0551417771270039,0.073743730093309,0.000896761368153761,-125.731359770837
"522",522,0.0675252507026971,0.0877522725968578,0.000879757672876923,-125.765670067796
"523",523,0.0461115478935637,0.127184213834661,0.00174064287083074,-126.516100587893
"524",524,0.0128018980292486,0.13050966884169,0.00148800988368665,-125.512967245502
"525",525,0.0124898715073478,0.150088013630484,0.000557419672305434,-125.863970168025
"526",526,0.0666185631343899,0.0497577110165846,0.00117538536130873,-126.89962636508
"527",527,0.0935384526071989,0.0572342462472031,0.000558815142255617,-125.003968700708
"528",528,0.10599120607148,0.0775039852375353,0.000376378205338622,-125.066445834744
"529",529,0.11148112661928,0.0392256939367544,0.000251300252810691,-126.200809964281
"530",530,0.0835992104681852,0.0542318407466713,0.0010173550132601,-126.142761516085
"531",531,0.0395268093994741,0.151945876623744,0.00155369200577442,-126.533064928932
"532",532,0.031903618847895,0.131969640988534,0.00121837857703389,-125.715818966033
"533",533,0.0746544321905188,0.115424782530265,0.000901240045651846,-126.226040313518
"534",534,0.0304098809137133,0.131104999907121,0.00104003353047922,-125.592093391249
"535",535,0.0176699338687876,0.124524138583919,0.00152545661145852,-125.559191863853
"536",536,0.0168159564344238,0.136898993985755,0.00151435522138409,-125.641476242287
"537",537,0.0420154979477372,0.155700487181807,0.00112963938495915,-126.499109430382
"538",538,0.0357553054789102,0.156308938576629,0.00159976572520401,-126.545693631546
"539",539,0.0463092059788657,0.192070874086872,0.000563153019789457,-127.794055294899
"540",540,0.0568679753562862,0.0833155299931836,0.000488204097226769,-124.778129493195
"541",541,0.0691007240476658,0.05165840116365,0.000542860970839234,-125.096046495831
"542",542,0.0859057623986049,0.0506259281584404,0.000525119901928477,-124.940280876314
"543",543,0.104112663842152,0.102588028525038,0.00013167550503123,-125.633833131675
"544",544,0.0440224967532374,0.104575655363827,0.000621262691692027,-125.143117094917
"545",545,0.0713907410139313,0.0603589896225955,0.00132259400388846,-127.218960164085
"546",546,0.0358224197807135,0.122912486061535,0.00257673456051519,-127.11230913522
"547",547,0.0286837064196522,0.134074712237723,0.00124722324490266,-125.700542479138
"548",548,0.0366939252493186,0.167814148827712,0.00106820004479525,-126.716514665497
"549",549,0.0233972098477732,0.0879485208865952,0.00162124950428724,-126.286486368794
"550",550,0.0374033304586102,0.142927393992433,0.000572434632618845,-125.998724499029
"551",551,0.0495215090553396,0.130515720352765,0.000946820159841802,-125.925202839859
"552",552,0.00991149507651179,0.118402747745516,0.000620268254956319,-125.468377657833
"553",553,0.0288384983804227,0.150509719519843,0.00175826056628707,-126.292810980012
"554",554,0.0219025931295649,0.160566307757768,0.00117272718861986,-126.119255959635
"555",555,0.0220075603840141,0.0840246472374136,0.000821850563165444,-125.70037540485
"556",556,0.0351003691334864,0.127687729953148,0.000129405913715189,-126.437782870362
"557",557,0.0939155982656516,0.0973397948235484,0.000367388906436604,-125.228469592784
"558",558,0.0751635192997796,0.066129569007342,0.000118641618748405,-124.72021662958
"559",559,0.0951209675619103,0.0710608624741312,0.000485293715176913,-124.959043512767
"560",560,0.0485114098342777,0.0818232737004307,0.000163324191295033,-125.030261415466
"561",561,0.0876955836212001,0.0902868367997705,0.00011791947867002,-125.046414451195
"562",562,0.0925637874432129,0.0669943446444807,0.000743216001247734,-125.49205897893
"563",563,0.0839830688434908,0.0955700821538037,0.000982704336620883,-126.545556902386
"564",564,0.0304429782956372,0.091160557442298,0.00117715370392684,-125.627710278477
"565",565,0.0384783071866113,0.135658823485151,0.00044539336277098,-125.879442994721
"566",566,0.0207667557693328,0.154519289297229,0.00139610109120353,-126.001250585961
"567",567,0.0176731923274448,0.173696905475198,0.00153359123792914,-126.47147491577
"568",568,0.0214519441823618,0.174107888648383,0.000770461422796409,-126.451704493671
"569",569,0.0222381105732588,0.0993270732052658,0.00146818008522483,-125.746057905828
"570",570,0.0429813895497533,0.104937841968014,0.00113933717858658,-125.589817583522
"571",571,0.0101203679612438,0.138513245989006,0.00208586698207776,-125.828094054565
"572",572,0.0675779044892543,0.15377182257893,0.000668885179803015,-126.988476854802
"573",573,0.211485971377115,0.185172290651719,0.000422936906945533,-130.730723659566
"574",574,0.204054897515661,0.185258248407151,9.76204643773191e-06,-131.298675676977
"575",575,0.074600605453612,0.118927468398448,0.00139223238071729,-127.210423606457
"576",576,0.0753798083190884,0.150239516999569,0.00037272479456034,-127.096408859924
"577",577,0.0586413077875007,0.123078872555246,0.0011104707594208,-126.155837886824
"578",578,0.058462582844667,0.145833678030774,0.00207030616981666,-127.619340534947
"579",579,0.023923035939722,0.147543707905981,0.00149785696950953,-125.962583234497
"580",580,0.0190662247837526,0.138319669276867,0.00378578872469836,-127.520926034404
"581",581,0.0233240636390643,0.17120327991247,0.00353114100602647,-127.520594232732
"582",582,0.0157012026515357,0.140848368012102,0.00121267476284313,-125.579553614202
"583",583,0.0038839951084269,0.128186998550811,0.00136217833046282,-125.428453007763
"584",584,0.0750553675906808,0.0392613490334443,0.000846271780875013,-125.981136796308
"585",585,0.0683218294490669,0.131035786215685,0.0010223923414322,-126.520631942261
"586",586,0.0598028390386674,0.070275863470361,0.000115638816193533,-124.813288350398
"587",587,0.0638336532702379,0.0407734879710981,0.000888374952874646,-126.435545468039
"588",588,0.0989232160864835,0.104984141216428,0.000891430046571008,-126.842341014798
"589",589,0.014912045191862,0.128913966907358,0.00188262788613907,-125.749412242817
"590",590,0.0288958108003521,0.138913289004847,0.00217882915187951,-126.420142561125
"591",591,0.0612233662631936,0.118289618702548,0.000111481225011264,-126.254993027906
"592",592,0.120039241395658,0.0764332578078258,0.000554643777129045,-125.716406460523
"593",593,0.0432954565207447,0.103434868913213,0.000443317384772737,-125.110726483942
"594",594,0.050936781434772,0.101374306169141,0.000810572230210173,-125.307009440046
"595",595,0.0390727249276495,0.108255891758209,0.000302295984195992,-125.355750686178
"596",596,0.00809839043200771,0.152087411513087,0.00181324416510288,-125.761354150496
"597",597,0.00359235077324997,0.121037602553299,0.00174699895196824,-125.602533137277
"598",598,0.00659015532477585,0.0949676986878625,0.00067616791679793,-126.089791861002
"599",599,0.109150024498844,0.121177271351809,0.000109758612541379,-126.541340445951
"600",600,0.0694272791830069,0.106970895874784,0.000800691787405285,-125.750491736507
"601",601,0.0987000978752927,0.104945372053098,0.000294655230210385,-125.476715935123
"602",602,0.0449080690715863,0.12792261315745,0.000703338489520142,-125.667686707398
"603",603,0.059360475784242,0.114615138433245,0.000244921385951212,-125.60309923503
"604",604,0.147541909751445,0.0830621649130308,0.000160165516914684,-126.421086647846
"605",605,0.0896683090736178,0.0771770873638422,0.000659584270267812,-125.364024127879
"606",606,0.0859119822762227,0.0442456004563996,0.000532078911733335,-125.056040748067
"607",607,0.106360504953183,0.109832251655861,3.51115300907233e-05,-126.841008139042
"608",608,0.0529065163236418,0.092340285837264,0.00108845394168603,-125.789174174913
"609",609,0.012176045066571,0.158684562110099,0.00138915536708363,-125.798973847216
"610",610,0.000822771027836568,0.161539517774487,0.00135941478811127,-126.345782276129
"611",611,0.0216118661850821,0.134356865791183,0.00206361459955299,-126.05993425532
"612",612,0.0232160546695531,0.176180749027656,0.00102471141903494,-126.50053610604
"613",613,0.0252890320216825,0.136068455830176,0.000367446727022956,-125.867217654573
"614",614,0.0594282225012603,0.137866615933536,0.000442313753841168,-126.2653703005
"615",615,0.0542890220677673,0.141264619907844,0.000272071804185081,-126.532407164814
"616",616,0.0533531248343881,0.0787995355626754,0.000318308025739065,-124.651787592721
"617",617,0.108788137284334,0.0646368242121963,0.000267408662028767,-124.938878537997
"618",618,0.050594857008922,0.0631185939162391,0.000381351512538624,-124.930181360233
"619",619,0.104284385393754,0.0549242450727577,0.000667117008199407,-125.403041752226
"620",620,0.105759950045033,0.115747238987917,0.000190888063096436,-126.023737257794
"621",621,0.132725588247513,0.0801658219576713,0.000111443139702044,-126.12929142272
"622",622,0.126470149902505,0.106646950038258,8.18795346243677e-05,-126.553712745443
"623",623,0.113341716477533,0.0392303287319468,0.000407785696717042,-126.69329811419
"624",624,0.0655136741531782,0.111180387350332,0.000574320221386658,-125.465807370761
"625",625,0.0152124598173125,0.14818656304854,0.000799878225349797,-125.72103491798
"626",626,0.0243486641262621,0.134914451199578,0.000542285579565186,-125.64080159025
"627",627,0.0362897655199536,0.130576076523316,0.000983768802777209,-125.664915288975
"628",628,0.0327967633869739,0.144669994082782,0.00129537115732512,-126.030739494134
"629",629,0.0300038678675548,0.111294820476285,0.00125468470206186,-125.504533570098
"630",630,0.0632939752277911,0.157486354599859,0.00128769511921366,-127.284920152019
"631",631,0.0455347845615168,0.179443420648267,0.000924536077060648,-127.349293301989
"632",632,0.0689122661243149,0.0705821845768211,0.00153398985825031,-127.984469829322
"633",633,0.0948858048724947,0.0491242840619971,0.0012080037386301,-126.65467477734
"634",634,0.0924720842018968,0.0681242787025743,0.000815483446488767,-125.705027969377
"635",635,0.0525688802172043,0.110187755622808,0.000928848792316247,-125.579098608639
"636",636,0.0304876953451848,0.129635395442644,0.00129372942088871,-125.69156463036
"637",637,0.00925015899122933,0.119521695025811,0.000479344599782644,-125.606427239668
"638",638,0.049835499464032,0.0552851655556825,0.000347684773875464,-125.272989931115
"639",639,0.0867196582822133,0.139680761006891,0.000573490994701337,-126.856352294185
"640",640,0.0217776461660091,0.127602559177475,0.000541015621067978,-125.49007443746
"641",641,0.00817574094763184,0.122371921121747,0.00181891219797197,-125.63685532349
"642",642,0.0132833110278023,0.143626788404266,0.00300410366730935,-126.576483147418
"643",643,0.00480231044205002,0.131063831403701,0.000227075997207464,-126.237488666661
"644",644,0.0406907804329683,0.0595298637958302,0.000600283603062529,-125.813037066041
"645",645,0.106272806850018,0.0609711790186074,0.000420562929513179,-124.992727857458
"646",646,0.0669434585753767,0.0703303380344559,0.000326132759362907,-124.482254536066
"647",647,0.0619347958215337,0.0679582746961634,0.000174410813308058,-124.600946206158
"648",648,0.0761508511159481,0.0733139396338707,0.000583791289537581,-124.966042854507
"649",649,0.0698866632648771,0.0808096281307524,0.00029606905383476,-124.50873741258
"650",650,0.0791189082920082,0.104860126809539,0.000382064385413115,-125.269302581546
"651",651,0.089288978600717,0.0563835526317393,0.000534455710192111,-124.924966100607
"652",652,0.100326614991348,0.0355849186929956,0.00128608847425766,-127.283909766801
"653",653,0.0666250516442531,0.117903642208894,0.00129863923535901,-126.653195540833
"654",654,0.0678438665364625,0.0887369567781425,0.000409419234597022,-124.75606681365
"655",655,0.0382695141499054,0.129972562014731,0.00126209029700976,-125.8531429844
"656",656,0.00233791748901736,0.133745358530287,0.00244221988099725,-125.889757701183
"657",657,0.005603056162596,0.162645487678722,0.00568475704652885,-128.402415893919
"658",658,0.0205920026841037,0.173559613668109,0.000617542074360373,-126.519056946652
"659",659,0.102302844519974,0.107247170316859,0.00124643550251624,-128.133283772488
"660",660,0.0962190844513436,0.127560906945093,0.000970420283232778,-127.396092129402
"661",661,0.0641521526504726,0.0524715917089302,0.00120179039378602,-126.987461061595
"662",662,0.0680083735681081,0.0911956014943896,0.000286568722307887,-124.725381128378
"663",663,0.0783007479904894,0.103163172144508,0.000206563522263428,-125.198503887112
"664",664,0.0698313014974349,0.0707020009688739,0.000324378122725913,-124.474258008593
"665",665,0.110308747678001,0.107761037221187,0.000336638159552217,-125.850375262973
"666",666,0.0729274029493428,0.0236915935245239,0.000518419454439234,-126.45676386012
"667",667,0.0954412371072389,0.107430732333725,0.000428731868973628,-125.67174728495
"668",668,0.0650628701910668,0.0413690618225598,0.000434740612130885,-125.497249420564
"669",669,0.111537495133238,0.0618956420290967,0.000247507831077451,-125.044432359364
"670",670,0.0989357534478867,0.105054048278407,0.000315724402213596,-125.502070079301
"671",671,0.114002584485584,0.142909013736922,0.000493772598593277,-127.497489092154
"672",672,0.0666520765010695,0.149971217998416,0.0013226173706384,-127.230716868843
"673",673,0.0395124553302449,0.0890083295266167,0.000686669616358477,-125.108753662297
"674",674,0.0281915909224515,0.126118067584795,0.000441192553434382,-125.558850256664
"675",675,0.0248315542137123,0.0925214871007938,0.000676961405784234,-125.344311272234
"676",676,0.0246741913754638,0.140550094526905,0.0014954653967308,-125.847778851891
"677",677,0.03634650427593,0.0860129053627997,0.000190623034481647,-125.4556863151
"678",678,0.0669575885166162,0.0959746533602449,0.000189857188970948,-124.966580951824
"679",679,0.0898630452134807,0.0549361877078586,0.000463237276535581,-124.81273214735
"680",680,0.0716234640919266,0.127574734685675,0.000744859375859632,-126.225677990987
"681",681,0.070925681959206,0.0346087845850392,0.0018112819643445,-129.246254290108
"682",682,0.0700750275798589,0.19473895424882,0.00192547214928647,-129.006665917603
"683",683,0.0622630103676794,0.149360731038449,0.00085302076797466,-126.748171523476
"684",684,0.0418204824614012,0.108693518627825,0.00089956752778285,-125.352460364561
"685",685,0.0494694303912635,0.0881921265602971,0.00162627536936904,-126.985156754609
"686",686,0.0281677172895933,0.125285724713582,0.00227848843382103,-126.431900385686
"687",687,0.0261401790721895,0.149685564336629,0.000797628454646406,-125.92808139306
"688",688,0.00275775325857171,0.1230360676774,0.00139579468450571,-125.466171568244
"689",689,0.0551519080343339,0.0488991205170191,0.000163757017861136,-125.63975210665
"690",690,0.110240730495054,0.0768929072727028,0.000664395299941975,-125.732332736012
"691",691,0.125363516553178,0.0744801829223499,0.000208180693711003,-125.557069332867
"692",692,0.132472557601958,0.0685066053174874,0.000418100344987974,-125.813819671676
"693",693,0.0487139635998506,0.0600645508251326,0.000557737769163893,-125.349664802545
"694",694,0.0486408199231615,0.0865896913902399,0.000359789705668764,-124.818056399401
"695",695,0.107160076134176,0.0583854984218348,0.000326290346005538,-124.941359713709
"696",696,0.104990134002935,0.0432219752045589,0.000586054687443626,-125.432120057338
"697",697,0.0974998594894559,0.102159409535649,0.000378246154106647,-125.456966478244
"698",698,0.143767388735805,0.0690609652123101,0.000429507668450645,-127.355505300342
"699",699,0.142710845540243,0.0763741266132433,0.000311053835015321,-126.174021270569
"700",700,0.107802553532762,0.100081322657264,0.000475972458142595,-125.795622699562
"701",701,0.0882303949193785,0.107873372761787,7.42040085939828e-05,-125.982302191366
"702",702,0.105520588087941,0.0684365714679519,0.00117868215961917,-126.942702143209
"703",703,0.0315886330722964,0.143389742743461,0.000363202418303089,-126.134277421844
"704",704,0.00333513151051227,0.120472335878145,0.00112586320932039,-125.444948429823
"705",705,0.0296394255517099,0.140771593844741,0.00131688452242862,-125.879935757873
"706",706,0.04152579883017,0.0827171370668112,0.000884913281538561,-125.40700372754
"707",707,0.0847430351670987,0.116334343490207,0.000337733917740493,-125.748732812219
"708",708,0.00832750056595365,0.127051738381384,0.00149853914756846,-125.472106015872
"709",709,0.010848099368352,0.150892833503469,0.000859633447586007,-125.689994059783
"710",710,0.00582265216964402,0.108624035394732,0.00132322962814145,-125.615612687502
"711",711,0.0255207207343573,0.101726848838152,0.000583230977780922,-125.248134740444
"712",712,0.067766279308094,0.0421542291860771,0.000966741947362016,-126.436554734196
"713",713,0.0839024613956966,0.0565703876005917,0.00137736275173341,-127.307799161915
"714",714,0.106334880803602,0.0601883611384513,4.97261254630241e-05,-125.780234451699
"715",715,0.08511771903665,0.101119676001881,0.00118878759877364,-127.306256707748
"716",716,0.0876479922131773,0.192820771588229,0.00063029647716675,-129.016507848786
"717",717,0.028826467704968,0.182173217393505,0.00127700972530959,-126.847355218021
"718",718,0.0314258908611739,0.12389723322386,0.000492943901214047,-125.478946405195
"719",719,0.0354747714000071,0.12108399778067,0.00077591265704508,-125.401019567853
"720",720,0.00694011867399886,0.119598128597699,0.00100851851088925,-125.397744480069
"721",721,0.0104643967186892,0.0793480098284212,0.00212613033914673,-127.634883246308
"722",722,0.00908109348925062,0.129004409073883,0.00128032277412808,-125.410853722117
"723",723,0.0141367844038724,0.151364871349155,0.00228917925828015,-126.180377787291
"724",724,0.0259456800790017,0.14376799881245,0.000195541042882876,-126.524095456925
"725",725,0.0946209905987994,0.0353673605898725,0.000590108856459045,-125.471206498989
"726",726,0.0856032122908989,0.052701400851548,0.00055766795223952,-124.978041299502
"727",727,0.0842060285956523,0.0426155446860806,0.000416702729705614,-124.968947264189
"728",728,0.0920932225429953,0.109034132845324,0.000608616980086349,-126.017713849447
"729",729,0.0667294606146878,0.0230046589774306,0.000587977969114168,-127.026274677947
"730",730,0.0686274431310777,0.063357933437438,0.000529491976526646,-124.848496447873
"731",731,0.00729931300477662,0.121264798119205,0.00301663041363391,-126.542348356798
"732",732,0.00640986600681159,0.139432235661677,0.00323820207445331,-126.526882551813
"733",733,0.00868659834480384,0.0994519945208752,0.000692925675258759,-125.786652647963
"734",734,0.00382439686141375,0.150300756616881,0.00379984713711127,-126.795142057912
"735",735,0.0127462705758035,0.109593841660758,0.000805572752258424,-125.398477655693
"736",736,0.0610965705008795,0.0778742213032874,0.00106462976062072,-126.228123097495
"737",737,0.0310448138416561,0.13686651393662,0.00124993487403929,-125.802938326898
"738",738,0.0049925729771061,0.146404629870701,0.00149149438714886,-125.554439058904
"739",739,0.0187503032781517,0.11529408158986,0.00262405055402034,-126.582704053001
"740",740,0.00696685871839274,0.149894037997306,0.00191440425599874,-125.760979141729
"741",741,0.0515602176687439,0.138859386894337,0.00139982249278031,-126.522973031082
"742",742,0.0334661444839297,0.128601987614432,0.000515136169953919,-125.58311578557
"743",743,0.0773657590317127,0.0842128163988193,0.00063794706689221,-125.230300519062
"744",744,0.0298783655944219,0.112723513745025,0.000797004143830417,-125.254691816256
"745",745,0.0321237069822249,0.0986499970750334,0.00125532854021135,-125.595369211379
"746",746,0.0173392812942146,0.118865755048861,0.00286655264676886,-126.733672733054
"747",747,0.0103956199360416,0.108187621792804,0.000832204394218112,-125.468961450947
"748",748,0.011247130279755,0.129071362109559,0.00101423072868382,-125.376776536328
"749",749,0.035285022747709,0.107465810516933,0.000322220130090841,-125.345445650073
"750",750,0.0547950494886491,0.140007316929856,0.00214486308921845,-127.481171607261
"751",751,0.0554329630003038,0.125310561983737,0.00114578111330449,-126.138187691943
"752",752,0.0317373091379063,0.138864807173984,0.00117311126658923,-125.82401059579
"753",753,0.0123935642053613,0.0870986980049374,0.00158867882875723,-126.415108700084
"754",754,0.0563009392514626,0.0715742651258147,0.00111583287976592,-126.432911955162
"755",755,0.0367237451179477,0.200869895941963,0.00336390252178237,-129.430118776534
"756",756,0.0471085842571101,0.154391567297013,0.00218291863050418,-127.346735852003
"757",757,0.0162814619100783,0.108769470539456,0.0017340493266921,-125.777935840421
"758",758,0.0157234581641603,0.122072767837754,0.0021483851364876,-125.969588699138
"759",759,0.019827862452367,0.133589913943156,0.00139887317595638,-125.5999388577
"760",760,0.0289414841637494,0.182461251169396,0.00304944435218589,-127.615138596424
"761",761,0.029523769814193,0.12290358787876,0.00146417703365234,-125.71250042281
"762",762,0.0349812662633288,0.142595651687689,0.00114737679563443,-125.971961789829
"763",763,0.0536768324546674,0.0650928564077509,0.000752722108189335,-125.506982359373
"764",764,0.104510386266098,0.109724454971418,0.00034769690410081,-125.806725092259
"765",765,0.0376307512393311,0.145191850924528,0.00307782620269002,-127.7063345466
"766",766,0.0345761154250283,0.140462469584484,4.49734963970828e-05,-127.786669089089
"767",767,0.0222476783236092,0.126418452167146,0.000563013369032645,-125.457005836289
"768",768,0.00550295864996933,0.13436949466762,0.00139083683402302,-125.448358938228
"769",769,0.0489414173663453,0.10909665730362,0.00119674273485868,-125.817139642932
"770",770,0.041525855877157,0.143910598246323,0.000311247258524004,-126.372676487041
"771",771,0.00824834860298617,0.121476843453701,0.00110897899925259,-125.379204524677
"772",772,0.0208386676083243,0.124702916290147,0.000874597674784559,-125.355999735973
"773",773,0.0397813032054363,0.123497710982526,0.000563210863556032,-125.492822959106
"774",774,0.0393643573525181,0.0723898156199834,0.000745122311794321,-125.503936962443
"775",775,0.0599294493811296,0.134852170095485,0.000462625300438201,-126.151346090018
"776",776,0.0507252033311508,0.0697160689087142,0.000368446233731098,-124.772644030058
"777",777,0.105929215572312,0.051253208177426,0.000611025641760438,-125.356399539445
"778",778,0.0742989998259318,0.0851801726373345,0.000752013370467859,-125.506867792409
"779",779,0.0431310922310445,0.123082287190051,0.000522258105331217,-125.525267884011
"780",780,0.0141084790269223,0.11351706238423,0.00180084563923801,-125.747468890942
"781",781,0.00313571679735046,0.142529815617082,0.00154291267297184,-125.516730542983
"782",782,0.0317591147034127,0.14440280618328,0.000285349186826327,-126.320334847029
"783",783,0.0884457923276493,0.075254000112044,0.000714853033398476,-125.468499714358
"784",784,0.137534381919275,0.080074527270827,0.000379666298515634,-125.999863480469
"785",785,0.0413219519069356,0.122873603722621,0.00134041854624692,-125.891935303611
"786",786,0.0421676427814944,0.1157191356943,0.00107701326338552,-125.586460492923
"787",787,0.0566503786274562,0.0932983080450643,0.000771624055156273,-125.272054091212
"788",788,0.0711018087651975,0.0453366851218192,0.000486488153506565,-125.169529430643
"789",789,0.0683171344547244,0.123904193954185,0.00039250342843723,-125.880956946464
"790",790,0.00107717475638696,0.164689524529046,0.000691929399969955,-127.302732189581
"791",791,0.0400933475731722,0.118504466297859,0.00140932858909117,-125.884906776521
"792",792,0.0677833872579849,0.1115401672697,0.00156502067280743,-127.252196019844
"793",793,0.0291705869306437,0.106739545163492,0.00117917163034755,-125.439530467868
"794",794,0.0164418708395909,0.167696104114621,0.000997898351251571,-126.061783410959
"795",795,0.0688565786498031,0.0187715090407359,0.000434150994930366,-127.336714737555
"796",796,0.0744525423561523,0.0994829250747576,0.000396354870691437,-125.059956290407
"797",797,0.0533708744072511,0.0802928120732087,0.00028385690497221,-124.666273410593
"798",798,0.0455392424704121,0.105371603840575,0.000453120087613074,-125.137972483324
"799",799,0.0431801308773686,0.057319745626543,0.000578597418292317,-125.763566651809
"800",800,0.104807507840412,0.0542345179072304,0.00134282748082292,-127.140786843884
"801",801,0.0944854264425647,0.0688987594019596,0.000740168369106466,-125.53041585092
"802",802,0.0852682239559381,0.156002317048951,0.000977323282614465,-127.709625534481
"803",803,0.00580280542690518,0.144198157836222,0.00207378134865308,-125.775876399515
"804",804,0.0539635823452364,0.109395453285135,0.00136556756603413,-126.230651685081
"805",805,0.0700554613103502,0.0440004017222026,0.00118887577697175,-126.975488197401
"806",806,0.0677348129832942,0.047405552216953,0.000737243947203715,-125.664666863915
"807",807,0.0556607793164822,0.127541371549603,0.000613654616296257,-125.819817732273
"808",808,0.0934242064179831,0.108185079484848,6.11993101036068e-05,-126.166862512765
"809",809,0.0714060358265388,0.157345350044363,0.00185662222772774,-128.133686779257
"810",810,0.0459789240503693,0.111568878593847,0.00163128554420829,-126.337435379697
"811",811,0.0321095779287099,0.130442254851554,0.000461419997015661,-125.657723628257
"812",812,0.0734676908338335,0.027602567080012,0.000269916755312686,-126.183278917159
"813",813,0.0728781965048918,0.0274129303730922,0.000191181023494325,-126.461196605563
"814",814,0.077149193072909,0.036719134255656,0.00079679945113753,-125.888784294367
"815",815,0.0584311096228767,0.169269985201293,0.00126517281080381,-127.464429206286
"816",816,0.0631488185543138,0.0679807857204716,0.000561014336601437,-124.895306664828
"817",817,0.131700944752889,0.0611023552325072,0.000609657443470563,-126.64339990001
"818",818,0.0843898892006354,0.0567548020868383,0.000718994943737885,-125.317044382954
"819",819,0.073683279021739,0.0612224085158872,0.000185898763749756,-124.595841770352
"820",820,0.072041404554838,0.0409202432501895,0.000137635953018479,-125.594851587999
"821",821,0.0850408855441148,0.0919890525887874,0.000195544028647962,-124.866473766868
"822",822,0.0870746640608216,0.092594422200372,0.000271999119890571,-124.890935460446
"823",823,0.0504493879117952,0.0847199717665191,0.0013029737148982,-126.373776220755
"824",824,0.0458946647248602,0.198662432649367,0.00225717553128663,-128.187178477446
"825",825,0.0441906332045131,0.0896931363348426,0.00187413030431733,-127.222462846354
"826",826,0.0244795270587285,0.0702029765612372,0.00282459683214189,-130.278336713154
"827",827,0.0195990821734409,0.173758317756028,0.00261244040158585,-126.852418837285
"828",828,0.0153439563302093,0.154153630360086,0.00111240060237478,-125.814731596343
"829",829,0.000625788407280631,0.131252882580565,0.00256803506740166,-125.954476668877
"830",830,0.0323091501682862,0.101387779659152,0.00234763563745621,-127.07688743332
"831",831,0.0274442910649038,0.0965046376901304,0.00172208474432142,-126.152871483053
"832",832,0.056258528416218,0.106374150363995,0.001115548989152,-125.894794067372
"833",833,0.0868136201178102,0.147354009619184,0.000254013887883334,-127.292434894604
"834",834,0.120942499294354,0.108595616560843,0.00121417151863599,-128.481999637351
"835",835,0.0484967654141299,0.0956121285975792,0.000513475235439165,-124.96679209877
"836",836,0.0374036387571561,0.114302677519424,0.000753746640294941,-125.299767268693
"837",837,0.0076802030617725,0.120109834211353,0.0032682996792592,-126.811489440689
"838",838,0.00585090854077132,0.165431334724939,0.000360244962145226,-127.036722557939
"839",839,0.0361086649630437,0.10170923795558,0.00191182132754492,-126.527360181412
"840",840,0.0227954791241014,0.146004355996826,0.00198732408843309,-126.173178189366
"841",841,0.0115318449242399,0.0774034635483243,0.000440379098580328,-126.998159094558
"842",842,0.0873316187589198,0.0619748607802204,0.000467027551592718,-124.779246826131
"843",843,0.0735059315377763,0.0678055647743619,0.000279692273895007,-124.463170150056
"844",844,0.0532910926394642,0.0565665928335676,0.000200113925249901,-125.135602080402
"845",845,0.0549425029506391,0.0694301509652643,0.000288014611491911,-124.627323262629
"846",846,0.0514241930504457,0.0867891452449355,0.000347693049264071,-124.771319749421
"847",847,0.0216512946664302,0.085525594235982,0.000976805624162689,-125.739179311996
"848",848,0.0583485227013793,0.0948606741876512,0.000800189909088464,-125.35817132815
"849",849,0.0731162526179373,0.0697267231872336,0.000999901027231419,-126.131214771188
"850",850,0.0983166905956615,0.0417506747303307,0.00108667327739944,-126.347883127464
"851",851,0.0884433783960515,0.0337243611009514,0.000958044434576596,-126.162390870617
"852",852,0.0929656403196438,0.0420932903043954,0.000630136689133397,-125.291528221245
"853",853,0.0627420811256503,0.0848069368855406,0.000408461615666015,-124.679550982562
"854",854,0.0628187375076923,0.0848569908099493,0.000117222189484531,-124.900122353167
"855",855,0.127868438833491,0.0724631696167076,0.000938916722441934,-126.701923698788
"856",856,0.116282476424103,0.0511233783751311,0.00100578101873089,-126.656381436902
"857",857,0.0697475665648623,0.0758332622498228,0.000195424504806849,-124.483303664869
"858",858,0.109295254871587,0.0506417477501034,0.000648335882146677,-125.503790831497
"859",859,0.101316144972992,0.147014234246732,0.000367230205701902,-127.372251941132
"860",860,0.145049010265244,0.115712025773322,8.33632939293503e-05,-127.304131145213
"861",861,0.142062490778924,0.0717310106139829,0.000969307968383218,-127.941130972337
"862",862,0.133886616274475,0.0735707380204116,0.00080738682736756,-126.541534814178
"863",863,0.0769544621574413,0.107331122837292,0.000997159585214608,-126.430173956046
"864",864,0.0172489951929083,0.125211136950268,0.00476778780625061,-128.784774990997
"865",865,0.00649973667890616,0.162702867380842,0.00371737758290386,-126.956929046122
"866",866,0.00424097141821864,0.160335180786342,0.00187088569577102,-125.932301947591
"867",867,0.00228298478156625,0.147004365864649,0.00178519903099464,-125.578341632648
"868",868,0.00119097585881991,0.127941804383996,0.00109126514611823,-125.425855233119
"869",869,0.020568320333435,0.126517947317369,0.00221642425437854,-126.130488306774
"870",870,0.00571195365973814,0.0946456583070416,0.000805563756881954,-126.085125153917
"871",871,0.112124145016557,0.073249403116245,0.00164976798323897,-128.622957495796
"872",872,0.0338127530043025,0.135833505506335,0.00088595407391649,-125.708346758746
"873",873,0.0012803012427994,0.132437726320969,0.00273282402639047,-126.063659970355
"874",874,0.0228892198408657,0.120306308160386,0.00274695950402753,-126.782637157559
"875",875,0.00111745110158807,0.146101714329223,0.000312257697200235,-126.071061833247
"876",876,0.0166536087705314,0.139798252909995,0.000903243386626515,-125.548092799246
"877",877,0.0358954713186427,0.0859840121346811,0.000162788181480681,-125.583533517971
"878",878,0.113767095934406,0.0645028403487693,0.000365206763123963,-125.149879075539
"879",879,0.107173358574475,0.0665956606422083,0.000235610575771131,-124.904414959159
"880",880,0.11558257074049,0.0609739507528661,0.000366911623906872,-125.231426382269
"881",881,0.125057444455936,0.0607398018428901,0.000420364589120586,-125.598887233411
"882",882,0.0806742851527678,0.0876537511669469,0.000536703143442358,-125.090995483378
"883",883,0.0806128374158614,0.0504349494837813,0.000667232430915085,-125.243985785409
"884",884,0.0881868683400298,0.0896095247802898,0.000318421961787058,-124.868429487682
"885",885,0.120145764806099,0.0877857093231179,0.000305928311395978,-125.527267006132
"886",886,0.0766821507474111,0.0421540606444459,0.000352986290860899,-125.057382971015
"887",887,0.10371423798992,0.101013781331785,0.000207339246165245,-125.438231071856
"888",888,0.0710322301424513,0.0508113689426545,0.000142853697773073,-125.05827556543
"889",889,0.0542534032082723,0.0494714734577588,0.00016186395442801,-125.649834500767
"890",890,0.0798108214398278,0.0928641661942834,0.000214425527586134,-124.824606604094
"891",891,0.0942540252962798,0.0656093836160638,0.000241562516661163,-124.648537869449
"892",892,0.120744290384113,0.0639556154044656,0.00020724638771371,-125.403640934234
"893",893,0.107073218404877,0.0836257387911421,0.000310371720279489,-125.1209567584
"894",894,0.0951792507999112,0.0339984271510154,0.000431631803062731,-125.401640942766
"895",895,0.0713318358779161,0.0733394218657826,0.000117182028807595,-124.683945033247
"896",896,0.0890118414360962,0.0787197569569612,0.000477300465743821,-124.940891256351
"897",897,0.0646955754528456,0.0639909386870783,0.0006321280998971,-125.093612936595
"898",898,0.0818124542282633,0.0673268362526871,0.000663205239775453,-125.181655458333
"899",899,0.104901830071191,0.0722874751337026,0.000188467581528067,-124.924012348743
"900",900,0.114182828366553,0.0638219391193107,0.000778882465850562,-125.923664913365
"901",901,0.0945396689320968,0.0958464300876368,0.000577475018018329,-125.624145786812
"902",902,0.0370648063103304,0.117238510811624,0.000570288547627533,-125.333605839698
"903",903,0.0630426668398803,0.141559259954823,0.0014540747518074,-127.04495309686
"904",904,0.0316986789186847,0.138654981796396,0.000720915238077411,-125.740700363169
"905",905,0.0944916513497984,0.105624157088329,0.000656761479539239,-126.090658488814
"906",906,0.0805868535202809,0.0826098697438293,0.000123968075503016,-124.779867563333
"907",907,0.082716009234879,0.101273190170269,0.000594705917295957,-125.571220370988
"908",908,0.0380716428429832,0.091843790767446,0.000447011076745196,-125.048129054584
"909",909,0.0765281475514905,0.0494388923391314,0.000252637791339119,-124.806045690797
"910",910,0.090048547857451,0.0666692172503559,0.000258596743786774,-124.589247452631
"911",911,0.0650818538531684,0.0959250155092817,0.000324038887019169,-124.867152536255
"912",912,0.0908994472043214,0.0516889893001987,0.000803638131302524,-125.54431122916
"913",913,0.0777782685671292,0.0529964506289484,0.000147122585929059,-124.87362600223
"914",914,0.0465681933144398,0.0584870327673706,6.2118381750817e-05,-126.160206695932
"915",915,0.124432109291745,0.0848261072585054,0.000169196823756323,-125.648925221954
"916",916,0.130395574586221,0.086145385728499,0.000181307482625325,-125.853773711483
"917",917,0.138470950147286,0.0945326023512245,0.000606061141757601,-126.70119457717
"918",918,0.0978909125695449,0.0700439306941714,0.00021300057556116,-124.738841447791
"919",919,0.0900901262192675,0.0720453355959637,0.000281476307459205,-124.615067064994
"920",920,0.0534480811855793,0.0548070442579546,0.000729236365990129,-125.780189282898
"921",921,0.114707795314244,0.108690939472436,0.000740541687643961,-126.879245916157
"922",922,0.0360035147232368,0.105020968968713,0.00032844537465664,-125.292007295317
"923",923,0.0617011669039752,0.0698507315000003,0.000571888927220508,-124.912479519637
"924",924,0.0231820824003544,0.151613359585173,0.00524464079655554,-129.11555914421
"925",925,0.00604711989875686,0.145778637172107,0.000648948093171214,-125.656176415421
"926",926,0.0364953736402252,0.0992114590520578,0.000380201424045295,-125.158383314763
"927",927,0.0689024090903752,0.0723592881345834,3.62540294768986e-05,-125.559468211116
"928",928,0.0634902916288378,0.0652383099920285,0.000837781227667102,-125.639581613123
"929",929,0.0469281804038468,0.0750219197453299,0.0003184818410329,-124.825417127398
"930",930,0.0966675988632031,0.0814086901465415,0.00119349743235387,-127.203214809461
"931",931,0.141023879138177,0.083035330594054,0.000774105627209711,-126.779357369775
"932",932,0.119695793730806,0.0895730790732941,0.000278666218366274,-125.5356954586
"933",933,0.0290745542385567,0.106743464371401,0.00158918397438722,-125.829911357876
"934",934,0.00463146400871927,0.151969743841309,0.00208139570005131,-125.756474456654
"935",935,0.0160897279346859,0.0867491714527289,0.00128326287389767,-126.074326944059
"936",936,0.0812850521837546,0.131379697452274,0.000969373763273565,-126.887104879769
"937",937,0.099298496343792,0.12762753084291,0.00119195240298573,-128.090923747282
"938",938,0.0041741740340783,0.164319733141922,0.00188139109672363,-126.404636120936
"939",939,0.017084099569556,0.163518061560281,0.00399070766978803,-127.540655414306
"940",940,0.0284637981818326,0.170931037243121,0.00414998348704738,-128.330254662263
"941",941,0.0360638348860269,0.138193739258707,0.00413840818651393,-128.916809217107
"942",942,0.0284339968103091,0.138933641229971,0.0039850513550359,-128.232961770774
"943",943,0.0133375925351045,0.155141152164449,0.00186364744165323,-125.976349418826
"944",944,0.00985708251454638,0.155590972813038,0.00108045928054672,-125.674796624576
"945",945,0.00622685052721316,0.138197610619639,0.000685567834200261,-125.546288552316
"946",946,0.0259675237323701,0.090859190032115,0.000260659366640792,-125.67742721585
"947",947,0.0497567585793273,0.120983638269708,0.000672065751937475,-125.554892026583
"948",948,0.0387231091364924,0.0814654582063045,0.000655567623905548,-125.171082876056
"949",949,0.0473668403239797,0.0907796414915762,0.000594838795239614,-124.976412208234
"950",950,0.0169543542535765,0.0951440427450049,0.00149542470430206,-125.902069303915
"951",951,0.0198054906443659,0.156618392482976,0.000790689170704833,-126.000956738259
"952",952,0.0519882091028425,0.151913496450712,0.00149720199684548,-126.907857590462
"953",953,0.0662258237719389,0.170695193205729,0.00223907271663041,-128.528048926212
"954",954,0.0860716825396636,0.139205454558881,0.00151834730084681,-128.129613468007
"955",955,0.040506493191772,0.122825480865707,0.00172686879033462,-126.268107123815
"956",956,0.0349125464029199,0.110681610027555,0.00120709604316483,-125.532973945665
"957",957,0.00587495455838614,0.125208686324191,0.000970249651504067,-125.391331676922
"958",958,0.00466322924595142,0.147954603572953,0.00429331282477581,-127.250938470125
"959",959,0.0180474024708465,0.122513394251663,0.00169584765843886,-125.66752428903
"960",960,0.00129154458480425,0.133958322295073,0.00131894290648328,-125.428101967798
"961",961,0.0151774038778394,0.104176125549702,0.000361209047117977,-125.731386035648
"962",962,0.056516895138728,0.0664451782385661,0.000692944064236212,-125.286454449064
"963",963,0.0987218411546763,0.0433140560385799,0.000222512301553975,-125.095669164451
"964",964,0.0877259575050011,0.0909465266316296,0.000404298783519097,-125.008719893963
"965",965,0.0318004082966678,0.082362170825745,0.000500366306229653,-125.295358138017
"966",966,0.0552593140367643,0.0764615837583314,0.000446833580296782,-124.716451017128
"967",967,0.079287187717658,0.126102912070681,0.000854941661295759,-126.526569679527
"968",968,0.0669131847832173,0.0602047900665531,0.000110262848624371,-124.929256298231
"969",969,0.0558559992188258,0.0670389945446243,0.000498458910486138,-124.864648355801
"970",970,0.102851992605625,0.0774245640860838,5.28704100214815e-05,-125.656559964018
"971",971,0.0698738276250122,0.068772614719081,0.000907559915632055,-125.824304183497
"972",972,0.0238064662216833,0.153659774968599,0.00272089026755827,-126.832925146519
"973",973,0.0650695623248572,0.128721930988212,0.00163528866976174,-127.202899296997
"974",974,0.032362563812373,0.156278998115752,0.0024813743740166,-127.021653742456
"975",975,0.0323570378525704,0.0881742759156954,0.00375080568070884,-130.780074452124
"976",976,0.0275982362057358,0.126483197538816,0.00350368596208753,-127.805229625261
"977",977,0.0342552517534171,0.163592970594278,0.00574167184463382,-130.239732453747
"978",978,0.00560163232439664,0.162144231412933,0.00136480504066333,-125.941907740892
"979",979,0.0175904155112888,0.0822460694036556,0.00148434357191664,-126.469420187344
"980",980,0.0351946398506972,0.154146040458812,0.00241925416354413,-127.052316138213
"981",981,0.0307620200276052,0.105665212498418,0.0013158076818787,-125.581360104155
"982",982,0.0426046913216818,0.0989816744141008,2.5508602308156e-05,-127.095287426239
"983",983,0.0793233234333613,0.0671180527563052,0.000748388513556464,-125.392558356345
"984",984,0.0392352485123131,0.113724772969354,0.0010417747276399,-125.481746919151
"985",985,0.00615899607795139,0.173562209698079,0.00149359076450106,-128.103654546248
"986",986,0.0223427491503595,0.155235379729145,0.00180065947566219,-126.222631513889
"987",987,0.0500570229324247,0.117811075337984,0.00271903435032497,-128.250822026804
"988",988,0.0215783483206682,0.169369010065467,0.000834935278095117,-126.252746526124
"989",989,0.0309138695102974,0.068850666950419,0.000797799395038782,-126.018916326846
"990",990,0.0910466049901578,0.0824790570060733,0.00063602418213678,-125.41227202448
"991",991,0.0411737702055716,0.0925074339150386,0.00066035562299286,-125.067992377251
"992",992,0.0350964418358291,0.114842559882204,0.000612055158638393,-125.27727663634
"993",993,0.018324749062268,0.114552825886522,0.00166141270019012,-125.672612385377
"994",994,0.0155340666592382,0.109282276559325,0.00154169137999431,-125.622322539781
"995",995,0.0209756184695861,0.131480710521823,0.00185400800366344,-125.869496541926
"996",996,0.0232718105656831,0.0976677810661177,0.000601635276022801,-125.322292140216
"997",997,0.109857557665952,0.0430646674659465,0.000104320510570667,-125.897786964848
"998",998,0.050412544381189,0.150793355385066,9.41597213959327e-05,-127.672143167916
"999",999,0.0869171204603209,0.0285949913254531,0.00092051180257253,-126.300688950486
"1000",1000,0.0854692446616002,0.0576598746394441,0.000143379420453917,-124.770284582448
