"","i","asc1","desc1","pol1","p"
"1",1,0.00328827661961494,1.15386399402655,0.134308409903815,-151.868815224824
"2",2,0.0113263721641502,1.18083544852314,0.138454930799397,-151.97029007975
"3",3,0.031317551642176,1.21813482679074,0.148161139302597,-152.343698945199
"4",4,0.0500483730086267,1.35748402339953,0.121539670924768,-154.467502044851
"5",5,0.0219088508896201,1.24019740911364,0.165840411683262,-153.280752980631
"6",6,0.00639688317422041,1.38943166821533,0.149547581496459,-152.577555423105
"7",7,0.250907507027591,1.78574367606602,0.174351566206521,-153.682354737889
"8",8,0.245560461156964,1.71039408931215,0.143692917712821,-154.484370078678
"9",9,0.273158164395408,1.60234614667683,0.129708434979195,-154.293014802761
"10",10,0.589338514900601,2.02932710668092,0.217700744756053,-157.867802256311
"11",11,0.262551424805447,2.1659465370226,0.226675500467096,-154.636895733046
"12",12,0.134592371342484,1.92794642219431,0.199430250458025,-153.868676279015
"13",13,0.0502476875960419,1.93373033351854,0.19981208156401,-153.982194314893
"14",14,0.0644782819336797,2.1552776864065,0.23323385019547,-154.24997783874
"15",15,0.0984383508739385,2.1506948450515,0.234470637780902,-154.263200909697
"16",16,0.251765288652814,2.40029208323313,0.236809382659158,-155.131946392298
"17",17,0.462055330165637,2.38357894223994,0.206400593159125,-155.456831482489
"18",18,0.109646340358684,1.75214335240163,0.189948171260171,-153.39455683922
"19",19,0.0644616919673339,1.73256060451851,0.197053661076972,-153.301841992168
"20",20,0.138113910349171,1.90189918425875,0.198729514512248,-153.788158455576
"21",21,0.172733280061134,2.05391441500821,0.204119676533713,-154.299879269412
"22",22,0.154057432456404,1.5593132279391,0.149724591431533,-153.258789870886
"23",23,0.24800679203909,1.47826408134119,0.136809284416864,-152.991009373517
"24",24,0.232772435236263,1.46337131794651,0.153372053518883,-153.23902437262
"25",25,0.235739596817519,1.46158767578597,0.137429573133282,-152.925593259538
"26",26,0.228743821889486,1.51456016229995,0.156172549111681,-153.190714120451
"27",27,0.45373932846253,1.64599411435636,0.144372955974756,-153.759349413519
"28",28,0.397027623731618,1.61364194081995,0.141629041243816,-153.466090129651
"29",29,0.392244897981705,1.51944427146792,0.125132455870282,-153.200560224249
"30",30,0.303675276860823,1.43595258495576,0.121083120473825,-153.06158529487
"31",31,0.236502644011293,1.20795218802878,0.097957347743471,-152.905187731568
"32",32,0.128978543488037,0.787524638504637,0.0890329950347327,-152.371217784934
"33",33,0.196546336659777,0.877293421439352,0.0891521664136805,-152.276784579959
"34",34,0.0315304287381429,0.870011002270556,0.0960695305309904,-151.284537715062
"35",35,0.0860820069996007,0.838300158283004,0.0812545246257627,-151.443867630471
"36",36,0.117085978601213,0.905259571904406,0.0858631629574989,-151.58410173477
"37",37,0.116939467372494,0.97106051617316,0.0978091044389345,-151.637653511377
"38",38,0.183281025252366,1.02974312042009,0.0967630442256918,-151.83818432345
"39",39,0.223358499615545,1.0173941816035,0.101913749632314,-152.433435312494
"40",40,0.030239956193919,0.800844487167429,0.09246853192023,-151.200844849334
"41",41,0.0718528564220662,0.884869162749406,0.0924082572321329,-151.386740741121
"42",42,0.154575937757383,1.09457261340098,0.117290384048645,-152.286012197519
"43",43,0.0673981858451815,0.964473335717159,0.108563107341251,-151.671572649629
"44",44,0.0400508553962459,0.9064177373486,0.103808626457499,-151.450889131979
"45",45,0.0243070681093311,0.964900782654936,0.107190865180635,-151.48755201693
"46",46,0.107275570293433,0.983739844784974,0.117531192821292,-152.674314252881
"47",47,0.0855309174063658,1.12993262753505,0.0959662377695369,-154.168992533098
"48",48,0.14355134086749,0.830379733854993,0.0763490156940932,-151.346161405531
"49",49,0.208792014597787,0.854401049187531,0.0737612030429121,-151.398552117404
"50",50,0.137507301546128,0.758243621574238,0.0685172320955468,-151.171763522085
"51",51,0.228157359518821,0.945563063480241,0.0695409843199654,-152.585686101476
"52",52,0.324545023318136,0.85971707225235,0.0731826506855885,-152.879264599887
"53",53,0.112285266117506,0.819253041713833,0.0758428502052633,-151.442243514948
"54",54,0.183108625464976,0.904017561679867,0.105903816369512,-154.068842179708
"55",55,0.0181921416876773,0.935156317608763,0.106562511398886,-151.406850596582
"56",56,0.00681568807767691,0.881290775698733,0.110441682752936,-151.619543761634
"57",57,0.0243286696212173,0.931436233004776,0.111828492731523,-151.606659784672
"58",58,0.0907401917488204,1.12269947935821,0.117951698528525,-151.950379398936
"59",59,0.229274584081753,1.34250883024935,0.12771709318786,-152.629335681089
"60",60,0.233895654221089,1.34244862162573,0.139939969040133,-153.061443517829
"61",61,0.200428908873635,1.39536428626447,0.132109991525714,-152.763159400852
"62",62,0.22349759775904,1.12592875050415,0.116323585824783,-152.732782341708
"63",63,0.0323711328610899,1.30171080613851,0.174643643614122,-153.595822834002
"64",64,0.0624429857053654,1.30713321727666,0.144064598349839,-152.318567763689
"65",65,0.0976283095594992,1.3165110463503,0.129764816388912,-152.647149159853
"66",66,0.0638540896746047,1.23715920152207,0.161750021354626,-153.544193183068
"67",67,0.0329125100009198,1.32700025306558,0.150346284169635,-152.310616253553
"68",68,0.118095189217431,1.35554118709452,0.162499659030849,-153.282939017808
"69",69,0.108370881650366,1.64792250246815,0.149471144713879,-154.408513654314
"70",70,0.10945890681434,1.12524484583045,0.146661701541858,-154.14359153873
"71",71,0.059892891015885,1.20121659683473,0.154397520950791,-153.187524135236
"72",72,0.0183644015135817,1.40469922481798,0.166008046638436,-152.518432532292
"73",73,0.144421626015051,1.51047660376491,0.157570728976496,-152.907401243495
"74",74,0.154502604449864,1.37809094054612,0.153227578869912,-152.956515065585
"75",75,0.205225147785063,1.61737377080853,0.154426830694482,-153.318498933374
"76",76,0.197089639754546,1.68430466859912,0.191688156196925,-153.969691859372
"77",77,0.292005239070183,1.88193320417675,0.163823108767264,-154.387514746003
"78",78,0.430679780545951,1.80547942663551,0.154193709166248,-153.931147746142
"79",79,0.495660368029591,1.78192511985476,0.152483812216688,-154.031205119283
"80",80,0.396306839529784,1.40867455855356,0.0999406490683734,-153.573940564004
"81",81,0.556412809162097,1.45688780439938,0.0991318983213196,-153.056885422896
"82",82,0.634271313208271,1.58713662203635,0.103806853028402,-153.43622727341
"83",83,0.807389815944234,1.75185727136895,0.100505888570895,-153.911475422082
"84",84,0.908671298549893,1.82814909026926,0.105067526997111,-154.243169071292
"85",85,0.836874596086471,1.60828300375357,0.104052136992335,-155.101892661768
"86",86,0.663912771814946,1.52144484703304,0.0914911435842727,-153.23563406692
"87",87,0.855911524583302,1.75556178621305,0.100544642584594,-153.94322050167
"88",88,0.866816727354108,1.84301522507054,0.10553007199164,-154.174436078487
"89",89,0.896594482758776,1.82463916723868,0.106115560033198,-154.23254169911
"90",90,0.882778870375482,1.85367423473006,0.101493560848531,-154.235535938316
"91",91,1.05282281521575,1.90348702653324,0.0777408824279144,-154.85329986783
"92",92,1.26173439834912,1.80609618777494,0.048585747397472,-153.832767047376
"93",93,1.33480453843494,1.85619360616372,0.0507442224026396,-153.877498467598
"94",94,1.36872395927099,1.8392553487925,0.045748805926774,-153.800545518913
"95",95,1.13158651637559,1.40725381261633,0.0162827829098711,-152.660935659492
"96",96,1.1782806944627,1.36017796784433,0.000782725382757072,-153.140142171098
"97",97,1.1672164309726,1.3068176226712,0.00479737393859688,-150.425588187782
"98",98,1.17907870431353,1.22488039240117,0.00747145929136121,-151.806313207405
"99",99,1.01661318916964,1.09776577348518,0.00216917560376875,-148.547004359747
"100",100,1.11124456583954,1.15881066522311,0.000364597379634961,-146.874688472053
"101",101,1.12705849918902,1.1321377559628,0.000138774248302419,-145.45351416806
"102",102,1.13467612379544,1.1393216145968,1.49855861894713e-05,-145.408248152794
"103",103,1.13003406335107,1.13285316425566,2.34418615885663e-05,-145.376838293325
"104",104,1.11996380567482,1.11667143314047,0.00012763934170931,-145.437191657481
"105",105,1.12527034470659,1.109202205772,0.000342587033973134,-146.12519724994
"106",106,1.14677017770892,1.16306794544906,0.000580763994300175,-146.016694880653
"107",107,1.15742697523137,1.16682520378307,0.000149801542168173,-145.721408515092
"108",108,1.1478655613803,1.16930854313811,0.000193694265254193,-145.847852679274
"109",109,1.1488046062922,1.11937327023609,0.000107290817672144,-146.799677562897
"110",110,1.08567520287299,1.1272522758686,0.000121584964285242,-146.436484795828
"111",111,1.07992427276965,1.11945094371274,6.36850515472891e-05,-146.291292225984
"112",112,1.0510848788177,1.09270308765456,0.00276471096996817,-147.124434568765
"113",113,1.03307414697994,1.07316853728513,0.001159961106673,-146.343558364397
"114",114,1.07208914647525,1.07245319760362,0.000161818144163867,-144.996103265455
"115",115,1.08434703124397,1.11162535328657,9.24479091516307e-05,-145.65238860353
"116",116,1.06093283110902,1.10779827933665,0.00169301018987258,-146.88497523128
"117",117,1.070924248692,1.08938048790236,0.0015955781924829,-146.258126587465
"118",118,1.05549984807718,1.06188787860161,0.000541931165116135,-145.207588875552
"119",119,1.03692962395462,1.03975330594863,0.00112722895731794,-145.626640014739
"120",120,0.980066427085678,1.00159322296712,0.00464954485767544,-148.463142113038
"121",121,0.981805006249749,1.01805196242095,0.00417102231268225,-147.632982802959
"122",122,0.944487958476777,0.978112715492809,0.00308684152631817,-146.593538720479
"123",123,0.923884487012579,0.982041331967133,8.28108074413073e-05,-147.094695785285
"124",124,1.01632470235938,1.02852827694647,0.000229134578219642,-144.764227539651
"125",125,1.01747807361835,1.02294099785194,0.000202170665376712,-144.602759580159
"126",126,1.04981021480784,1.07332418043646,0.000362525843188968,-145.422280743042
"127",127,1.03870785622299,1.00924737536904,0.000229199843021178,-145.61182458604
"128",128,1.04157033548871,1.01077146292701,0.000783747088077123,-146.656775792115
"129",129,1.02962914027649,1.0178584927158,0.0017719872144701,-146.846453915775
"130",130,0.990143869172642,1.00136974061831,0.00128442596140662,-145.338987391944
"131",131,0.966499916716316,0.950874618393322,0.000335340780633486,-144.304901199597
"132",132,0.988570488437551,1.0463309876798,0.00149711755977775,-147.2558456559
"133",133,0.983347050801858,0.950218211628176,0.00178128458520117,-147.859351371421
"134",134,0.915974009625607,0.903408454880054,0.00210650578134109,-146.061470694653
"135",135,0.875273884582956,0.9390840085593,0.000671627077361031,-147.241388268892
"136",136,0.858136105620785,0.95317929773017,0.000953228853919545,-148.173411548159
"137",137,0.827370414687449,0.931977548826423,0.000752841135090048,-147.990436554037
"138",138,0.796556401289636,0.826467877185403,0.00124695619217418,-144.990829019155
"139",139,0.845569463583695,0.87203917402674,0.00256115122624748,-145.532189098368
"140",140,0.842792575052157,0.849704748069823,0.00178284567965083,-144.529428967383
"141",141,0.886578775407047,0.852352603322551,0.00066438426047637,-144.584121215278
"142",142,0.830587344790941,0.786033986905296,0.0007581521174752,-144.709217352646
"143",143,0.800497964332277,0.778776346578958,0.0013941211646375,-143.954899949673
"144",144,0.81602495823352,0.814640880987394,0.000265973065923184,-142.869211344604
"145",145,0.703957288170078,0.714351700457299,2.38240084912419e-05,-142.896982023325
"146",146,0.718180610962153,0.67377951005543,3.55936173297513e-05,-141.49902397316
"147",147,0.68493198224971,0.642003728513624,0.00028016731363983,-141.313680102795
"148",148,0.652298880259278,0.646774066648026,8.89129773921989e-05,-141.372662854075
"149",149,0.646336083494603,0.644536453102689,0.000430755664507747,-141.748788913008
"150",150,0.647992050795197,0.642195359730374,0.00125662528341834,-142.057306768053
"151",151,0.646135151582393,0.643023968061639,0.00124088610436778,-142.150904753527
"152",152,0.657491408833053,0.635162990992705,0.000681618733136292,-141.121574393254
"153",153,0.661826074032084,0.638998379474436,2.25783351730126e-05,-140.457250080008
"154",154,0.649142333638917,0.616898863301384,0.000901848724100448,-141.391434941437
"155",155,0.617516832404172,0.590329828263732,0.00162183194474236,-141.945613241227
"156",156,0.628621019043128,0.617332904303365,0.00248846203919564,-143.124547049484
"157",157,0.622562209698914,0.618336753306403,4.62981765803342e-05,-141.267059778983
"158",158,0.637873817614343,0.626966873358359,0.000192481954528568,-140.937574307414
"159",159,0.665501984366787,0.636334743778444,0.000121769587735029,-140.484484307944
"160",160,0.670234957514541,0.637360113541432,0.000207374917149577,-140.667335072334
"161",161,0.661918755691156,0.651581733337307,0.000443505149185439,-141.325304622058
"162",162,0.667842305155176,0.642377508656363,0.000518453950889637,-141.027413294371
"163",163,0.633544059015308,0.60971049716735,0.00068162362421647,-140.803669879303
"164",164,0.625291593220361,0.59510675858109,0.000722960947615856,-140.730177153257
"165",165,0.612951211392597,0.597045451618506,0.00192929368353686,-142.202258740958
"166",166,0.609779737817772,0.582036061959991,0.00118432493389351,-141.16144652448
"167",167,0.591092050651846,0.549235011001703,0.00283549617469037,-144.827401699575
"168",168,0.465098982868821,0.585207370834483,0.00167098183071425,-144.044968052275
"169",169,0.551062733394944,0.574161127096144,6.2579297009496e-05,-142.393323405253
"170",170,0.625966831094133,0.591861841517272,0.000283496738896328,-140.143858941112
"171",171,0.603673318123737,0.543617533963199,0.000804365509352469,-142.339049076797
"172",172,0.525768085128521,0.517588676108904,0.00172890084735043,-141.269560702604
"173",173,0.522187472996281,0.509892675323403,0.00186210388734626,-141.160390668604
"174",174,0.417111940425923,0.547012971384894,0.00260018014968651,-143.409686292205
"175",175,0.394078170818814,0.352964058162248,0.000309987255103951,-136.470734526083
"176",176,0.414951505074419,0.341396344318971,0.000432540897822192,-138.93062930297
"177",177,0.243926491190829,0.227428163707862,0.000638637722703716,-135.143047133236
"178",178,0.0988375804543978,0.178356188136712,0.00141417802419727,-133.041137338501
"179",179,0.0702811559017715,0.213939971444689,0.00418896276168522,-134.407338014478
"180",180,0.105326486568403,0.206672222563506,0.00132752102068883,-133.656835216127
"181",181,0.0770082336753181,0.0980952912470296,0.000259473256595406,-130.96245973661
"182",182,0.163454418518771,0.116509504323057,3.62995888672958e-05,-132.404535500582
"183",183,0.143914845938265,0.129916977808158,8.03107891948744e-05,-131.795047802114
"184",184,0.112645754071781,0.125223533268918,0.000634781520133222,-131.353156775137
"185",185,0.073832838832996,0.0460130571192626,0.000628104259771577,-131.616743998189
"186",186,0.113131487065729,0.254850606507032,0.00141794205747049,-134.677887523429
"187",187,0.133447337474334,0.050113506966567,0.0011654755287383,-136.885128664587
"188",188,0.0499672342566406,0.0308474005546552,0.000760297363075127,-134.64467029289
"189",189,0.112320314896806,0.219785803401524,0.000893166088442356,-133.967005415413
"190",190,0.175495970530379,0.165767994556442,4.28230292781933e-05,-133.203508332598
"191",191,0.144140997035612,0.288206605148462,0.00302862093734811,-136.47204299288
"192",192,0.138570561045836,0.102030114158195,0.00215755650767508,-134.455005095582
"193",193,0.0689337013179577,0.209099951723516,0.000543391511806283,-133.276232868423
"194",194,0.0596415163261197,0.121365232075546,0.00222962904209842,-132.921869626467
"195",195,0.0123040419616094,0.159013429141634,0.00098377308969464,-132.278004107823
"196",196,0.126852603625407,0.150533621321366,0.000109300579336883,-132.166675498518
"197",197,0.0537415702696135,0.177704244661824,0.00043141972754915,-132.712796576476
"198",198,0.068238022102375,0.114645728130805,0.000236549618086856,-131.688628980222
"199",199,0.113295870438173,0.0874880099743092,0.000363886071068659,-130.562910931182
"200",200,0.155523590264879,0.111090674446308,0.000330459987407916,-131.151445965213
"201",201,0.0944592126557995,0.0602748824045603,0.00221744485557289,-133.87533574918
"202",202,0.0659111941671057,0.0192704602662755,0.000291648434407177,-135.374891970919
"203",203,0.0715250143985718,0.226944116312455,0.000570425816656264,-133.847726331978
"204",204,0.238658976035936,0.201797107814067,0.000494442930759128,-133.915725363123
"205",205,0.0706135329748071,0.0373747953416111,0.000958424676071685,-132.072094593423
"206",206,0.04067276738049,0.089296732264814,0.000855540948101456,-132.215605563696
"207",207,0.145714984291644,0.0861584157883413,0.0012484616700254,-131.685292459262
"208",208,0.10751975470827,0.0609533702859152,0.0019560902433392,-132.770783424057
"209",209,0.122320057798388,0.0718988355555268,0.000725876297782405,-130.802081655835
"210",210,0.126764749367415,0.0660012684444519,0.000376673736418489,-130.611546055424
"211",211,0.101484035481241,0.0538579511816171,0.000867007058213054,-130.905123110582
"212",212,0.123242720679303,0.0791607519054753,0.00185200977804233,-132.973128314064
"213",213,0.141354656544009,0.245573328390068,0.000563316293769121,-135.005198405417
"214",214,0.3282247110629,0.299118086119585,0.000233922788805152,-136.220650070599
"215",215,0.344547088629504,0.293151158832086,0.000274274584788917,-135.223783090474
"216",216,0.2753438182233,0.282334078803116,0.000349592895941478,-136.545005050085
"217",217,0.337011647194973,0.269788376414468,0.00024647114710409,-135.665109624792
"218",218,0.134005613398275,0.246098232794597,0.00186627992316283,-135.324113810725
"219",219,0.125562288890424,0.116735144179612,0.00060619536999593,-131.257726347297
"220",220,0.0575972229387099,0.119199357184897,0.00124544911513919,-131.771159559455
"221",221,0.0896345977503347,0.215517434557371,0.00112049486751831,-133.573314483968
"222",222,0.0541867631154371,0.21147900796485,0.00439181786843415,-133.989967808161
"223",223,0.0818764941721117,0.219915717530112,0.00185747969616487,-133.633408943836
"224",224,0.0862229280615789,0.134209192644547,0.00226090692739227,-133.892885744831
"225",225,0.0275333062994353,0.107818720307779,0.00233982346692837,-132.726748595869
"226",226,0.00970967931435989,0.17410442955589,0.0027999344481172,-133.002301671542
"227",227,0.0212901293331388,0.117300234456479,0.00108999088721467,-132.362230399129
"228",228,0.0342038155171538,0.140441569882933,0.00150622951460095,-131.879401575245
"229",229,0.0513308545825688,0.200227959902018,0.000617730833688641,-132.729965339489
"230",230,0.134432101347478,0.182727373431068,0.00302410824679654,-136.990033362419
"231",231,0.0293350028140861,0.173787484929256,0.000955461625445141,-132.16273630888
"232",232,0.0862736935462927,0.246737814340948,0.00285020889523848,-134.882944582467
"233",233,0.0933978014477537,0.244211377389267,0.00362862095894081,-134.873798809356
"234",234,0.0844436555845699,0.147668991116749,0.0017527937793744,-132.786281669129
"235",235,0.104119545630434,0.0544549684491966,6.96506760736492e-05,-132.224608734616
"236",236,0.0879773288159993,0.092682277974025,0.000918446847717066,-131.444276039937
"237",237,0.0981061527008836,0.0494676564840827,0.000895250262238391,-130.957427468849
"238",238,0.108531856609427,0.0978015550030338,0.000100494027399618,-131.030552257753
"239",239,0.0846528575362736,0.10041289847886,0.000744465755657757,-131.147146302053
"240",240,0.113680045159982,0.134108453113378,0.00118900870085261,-132.7306595422
"241",241,0.0367870582645287,0.142737846867171,0.000319531165673806,-132.688898267962
"242",242,0.0918043173931118,0.148228255523286,0.000793266914021449,-131.925985454102
"243",243,0.223996957322681,0.189218919246752,0.000327060770657071,-133.462438098225
"244",244,0.0938372452075975,0.0395113914114905,0.00159128454009624,-131.824195877792
"245",245,0.0581257034745952,0.0487178942123844,0.000498458039205053,-132.609673822569
"246",246,0.0711781167834761,0.2071516358735,0.00034435061383183,-133.596474772557
"247",247,0.233361615458988,0.180710077125389,0.000675964004575752,-132.989041339061
"248",248,0.0602415284354495,0.0919754206523162,0.00159881334630618,-132.869975721114
"249",249,0.0611033695591669,0.0612579169134658,0.00182701283755955,-134.17480395149
"250",250,0.0324118446920379,0.105540997754406,0.000404787091587411,-132.928790605244
"251",251,0.0633250318262546,0.074112320605385,0.000845019092912472,-131.672405171818
"252",252,0.0841696895143683,0.144344038622462,0.000101077699953154,-132.696822006616
"253",253,0.154046442115879,0.092825515372023,0.000804504009750663,-131.101119500927
"254",254,0.0782291266562651,0.0469117468235579,0.000995918422044189,-131.589528226083
"255",255,0.106997177078812,0.0789471808710995,0.00102342150258527,-131.432336862611
"256",256,0.104786971691442,0.0666449477550653,0.00149752286415281,-132.141056096853
"257",257,0.119013115756161,0.0644290189275894,0.00103641846471407,-131.014789687693
"258",258,0.123340060356415,0.0669440658387376,0.000167608219451228,-131.064386990434
"259",259,0.109481868059161,0.128729703562178,0.000434420168330612,-131.145313175903
"260",260,0.127175953006198,0.0848755428599915,0.0001772688293416,-130.823187049176
"261",261,0.109267443885182,0.159973428728229,0.00100733000557958,-132.54989048317
"262",262,0.0895553141546397,0.112561808177913,0.000109508028937092,-131.380077610448
"263",263,0.113977921223351,0.0757147580745932,0.000173786509417524,-130.830155458453
"264",264,0.100852499608788,0.0562733114206032,0.00140339457510831,-131.715351593532
"265",265,0.0967236371552068,0.0608776127352692,0.000449150876481384,-130.757524679772
"266",266,0.103288516059368,0.0963567653442366,0.000319456995993412,-130.566094679705
"267",267,0.119058384874207,0.191673345547367,0.000604710089200817,-133.213070013956
"268",268,0.0358411765192607,0.0614033905267437,0.00160852034369515,-134.900291940658
"269",269,0.0400246227362366,0.207000210451299,0.0035050884812751,-134.382912014643
"270",270,0.0609302270293371,0.213575373897927,0.00138094729492887,-132.899751487888
"271",271,0.0650396547448957,0.181728190445444,0.00194552562939934,-132.726322021503
"272",272,0.041823437575258,0.164384472144187,0.00135749066664516,-132.038731124344
"273",273,0.103614201796307,0.166708652921068,0.000589869531187857,-132.377876777025
"274",274,0.163207562419419,0.124239376277292,0.000816627293920675,-132.114025301406
"275",275,0.119751149616196,0.0637386536456042,0.0014493853423607,-131.60411716831
"276",276,0.118375218978658,0.0725619305419113,0.000506863048025493,-130.623553134943
"277",277,0.0702297068836452,0.114536604929713,0.00104413606866119,-131.634468117702
"278",278,0.0677483072331559,0.128430141376652,0.000699300786001155,-131.537626942461
"279",279,0.183639297488534,0.142028682362698,0.00109551618116944,-133.083393346161
"280",280,0.131376258639443,0.124994977155152,0.000214931766252221,-131.105557449441
"281",281,0.183832658331251,0.11649315090975,0.000573608300101793,-131.744321775153
"282",282,0.0869082075156122,0.109090399600571,0.000283275415132976,-130.866992155659
"283",283,0.152175804610114,0.150410895111375,0.000712825762102525,-132.484659336648
"284",284,0.00832036835781473,0.165198162154476,0.00609620831062875,-133.56722717881
"285",285,0.0291143976430244,0.186519175126524,0.000217567499998943,-133.883425714618
"286",286,0.122785495557039,0.166878246109197,0.0014462714358365,-133.600663683622
"287",287,0.0523545711317467,0.146832566147545,0.00226549063526358,-132.420743421647
"288",288,0.00713769739140684,0.147522837497916,0.00195121257990687,-132.125256955713
"289",289,0.104543648692737,0.147956094448387,0.000651680585714662,-131.883133293817
"290",290,0.158862957003938,0.106144819887002,0.000616857134154684,-131.185662150605
"291",291,0.102995978923549,0.0847772708196389,0.000715752555716678,-130.940133404125
"292",292,0.0806135712163873,0.115435636970829,0.000567732380490103,-131.155106219798
"293",293,0.140486266029471,0.116933724742898,0.000249064965317125,-131.053016371343
"294",294,0.0661396246602136,0.18627425733697,0.00180988990216611,-132.754647426942
"295",295,0.108809592300588,0.0696140948576389,0.0023919714002879,-134.175718762612
"296",296,0.109048737735358,0.0433553517848244,0.00200996277701094,-133.457702081848
"297",297,0.113088202892435,0.148362096598747,0.000486370672630361,-131.790612785062
"298",298,0.0837144163394546,0.143495615106975,0.00053328736278454,-131.740646209878
"299",299,0.0927969608822097,0.102471561466422,0.00128706625316972,-132.447877274643
"300",300,0.102952245642612,0.0914724587527791,0.00139383620533928,-132.610214842444
"301",301,0.0300788879079655,0.110653814077553,0.000784868208218801,-132.332471469024
"302",302,0.0627131534503821,0.140896312132223,0.00196401857872742,-132.425283274013
"303",303,0.0632415312246652,0.110098534787774,0.00263303496414423,-134.299120677154
"304",304,0.0518499855557941,0.0831531056198826,0.00124983798225731,-132.43676661548
"305",305,0.0756062744773047,0.177451733920046,0.00466176453086869,-135.488016427931
"306",306,0.0304365637892689,0.180624922249718,0.00113673935911828,-132.080368192708
"307",307,0.0420269812263769,0.157080111352597,0.000259585631080878,-132.857501687205
"308",308,0.224240315928911,0.16674543498447,0.000376419113831762,-132.339009157134
"309",309,0.10681656877976,0.0958725524319619,0.000326625032745256,-130.566294493452
"310",310,0.0735856717805177,0.0844645883489224,0.000531977647170473,-130.971907820331
"311",311,0.141309054351402,0.151130023420997,0.000520940222668886,-132.014390847619
"312",312,0.0754812459508473,0.0358186535122266,0.00100492008136482,-131.814419184212
"313",313,0.0990915185037289,0.090603119099593,0.000871018864698991,-131.305925086356
"314",314,0.14605731375404,0.102904013789234,0.000176364185965999,-131.079142054549
"315",315,0.128241656765705,0.0831568307708555,2.22548897174527e-05,-132.44542427461
"316",316,0.0640576763368094,0.080614432922387,0.000793845633622311,-131.50549494749
"317",317,0.151933929405486,0.122430377477999,0.000681700131253349,-131.757410240589
"318",318,0.130157656416619,0.115822902628146,0.000320479380912569,-130.91897087562
"319",319,0.126424869127923,0.0892308570324308,0.000377821873335876,-130.644509984499
"320",320,0.10698285366465,0.0774774141442349,0.000644870066823023,-130.765885220496
"321",321,0.0862820662618669,0.0893164446544148,0.000225767261397998,-130.765735374906
"322",322,0.118312233485486,0.0682938303178539,0.000129304068183774,-131.18130381594
"323",323,0.126684390566126,0.128326645421696,0.000401291579764168,-131.170239024967
"324",324,0.128617611279352,0.166587417959564,9.95952098362396e-05,-132.932416044997
"325",325,0.0982567834917287,0.07971447471287,0.00137015950479307,-132.318600294228
"326",326,0.0896694947994932,0.106697561335381,0.000164640588436161,-130.968095793397
"327",327,0.081703452801904,0.0945456940556774,0.000267018118557943,-130.790499468607
"328",328,0.169762200542439,0.111182653616618,0.000436393681113764,-131.040740162608
"329",329,0.172383727896962,0.15623242900851,6.04372245471192e-05,-132.786966870244
"330",330,0.181230565462821,0.204851142180741,0.000557370092292328,-134.032215322696
"331",331,0.168760253546771,0.116726301779794,0.000299834323915608,-131.27811343571
"332",332,0.184980297281373,0.118967305625914,0.000222786058157013,-131.467278295988
"333",333,0.127328419839502,0.141803620452413,0.00103604325700932,-132.712012356591
"334",334,0.169139199368267,0.182388361619099,0.000760127831292374,-133.599220919386
"335",335,0.0453317325987577,0.123179875858834,0.000918045183777565,-131.747493734236
"336",336,0.160029501140542,0.13342276586175,1.2089973258011e-05,-133.184052884106
"337",337,0.166826432133769,0.157643142563389,0.000163187615239872,-132.29992592969
"338",338,0.232977602620075,0.187936156716691,0.000185979713021276,-133.25807752411
"339",339,0.0266604645774013,0.115322283540577,0.000998441644650408,-132.241704237902
"340",340,0.165340474013405,0.13127574190934,0.00080585524158975,-132.301473434949
"341",341,0.0259640778232998,0.147451851746499,0.00351671796056456,-132.697375013954
"342",342,0.0345511247167725,0.173568191142939,0.00143887324224619,-132.114535479288
"343",343,0.0572780694105897,0.173176328880239,0.000689556068219216,-132.356143557049
"344",344,0.226240275378845,0.184553031065738,0.000346072629401817,-133.221013478974
"345",345,0.260665718176321,0.20814114490131,0.00120476502393556,-134.587904167098
"346",346,0.261686889793665,0.359666355384732,0.00205287146847531,-139.694192814623
"347",347,0.366841863838249,0.421249237647086,0.00340861623135748,-143.711477350516
"348",348,0.375182718214594,0.461760420829017,0.000917878446656851,-141.776245013799
"349",349,0.446249417285171,0.501975906046346,0.000129626315050985,-142.042606267244
"350",350,0.523254029240987,0.489776871302403,0.00046997659702448,-138.885111372638
"351",351,0.526131688633066,0.483213791755637,0.000281492398407491,-138.638155767556
"352",352,0.520088749033779,0.477691668116993,0.000955906226259774,-139.637432389721
"353",353,0.454139096356272,0.468386149335073,0.000911139151471852,-141.470885613444
"354",354,0.423087538330566,0.427946608189189,0.00114968036933309,-140.838736965194
"355",355,0.469700310563903,0.436163313497839,0.000673057772019746,-138.329223097351
"356",356,0.468673053761451,0.424273070818418,0.000426940516811113,-137.850204827056
"357",357,0.451860154157262,0.407552241108452,0.000179172297037279,-137.235664236796
"358",358,0.462518609577065,0.411538019584428,0.000203590350211697,-137.512754808058
"359",359,0.435134781234548,0.388408665488303,2.3750987076831e-05,-136.781610879111
"360",360,0.441911874603341,0.387801513348334,0.000349852798278888,-137.440106557981
"361",361,0.422019240146573,0.377697778902135,0.000502526274935081,-137.092564889255
"362",362,0.420955527639484,0.379023560398698,0.00088102860484303,-137.641605225318
"363",363,0.422570646323538,0.363545989888273,0.000231569033881655,-137.071745092207
"364",364,0.418915116873072,0.371826801046129,0.000849573752054187,-137.597853575279
"365",365,0.40802778462431,0.377599484127214,0.00137245356117276,-138.384908785144
"366",366,0.41071158007744,0.385390713579365,2.21396307245214e-05,-137.6883532471
"367",367,0.426454524524293,0.376527369913734,8.18793652969331e-05,-136.659654713695
"368",368,0.421803024491132,0.376057221248683,0.000550285804388125,-137.152521405922
"369",369,0.416739933190779,0.383618103812169,0.00232078325232154,-140.00443524741
"370",370,0.401902297419128,0.415026202479432,0.00175298496530122,-141.707115027498
"371",371,0.249452792177035,0.19523127684647,0.000908888333091676,-133.733005476167
"372",372,0.251285117260567,0.20053963152394,0.000231188194227768,-133.257719676367
"373",373,0.241357219598258,0.200332526864586,5.95645482015896e-05,-133.956984923467
"374",374,0.247263508856316,0.210259606675302,1.65977272715368e-05,-134.411734589996
"375",375,0.109233455842621,0.105228584192995,0.000830001784514338,-131.423821725902
"376",376,0.0698715057255996,0.109669094197335,0.000776104659201983,-131.351159095001
"377",377,0.0635305147355835,0.131670040478052,0.000344896274106364,-131.881678370149
"378",378,0.197332152259496,0.135488522117657,0.000285131277234524,-131.613068434905
"379",379,0.10994322568812,0.0616615533363595,0.000399486411705874,-130.681883120782
"380",380,0.100100546464673,0.0758533704936594,0.000328846495644274,-130.619171942244
"381",381,0.0772905314030093,0.150240402920594,0.000461367549615954,-131.971650927188
"382",382,0.143750237314431,0.162838721661201,0.000604052740753561,-132.493882329294
"383",383,0.126280055511924,0.12270758424058,0.00061332475033403,-131.384686661832
"384",384,0.0740481532944783,0.155894519653018,0.00104297378131453,-132.058023754561
"385",385,0.056686924319073,0.158435290640595,0.00102450320755002,-131.997505883175
"386",386,0.0731982828748057,0.0201501401998626,0.00161253160128176,-133.125470255844
"387",387,0.0855047482005224,0.150330863890945,0.0016630067952237,-132.705437165826
"388",388,0.0601827787094367,0.150554293485367,0.00192112745415627,-132.33032206147
"389",389,0.0148841857784283,0.161982925065667,0.00207713443280541,-131.94539274983
"390",390,0.0169827272667111,0.138419543995921,0.00242517290073151,-132.145698579996
"391",391,0.0180522895908915,0.161256467653688,0.00445413221171418,-132.946559424727
"392",392,5.54659762715759e-05,0.164743424587677,0.00442198482724449,-133.164796092521
"393",393,0.0177066317026665,0.169761906460979,0.00250357172182892,-131.978102050775
"394",394,0.0285125257176932,0.123936855185522,0.0030110914026226,-132.797895679196
"395",395,0.00172094376028999,0.109459766693122,0.00156739021448944,-133.395536323502
"396",396,0.156364276464712,0.0951586039256349,0.000147830182289856,-131.083248426681
"397",397,0.127811882283924,0.0984386048993707,0.000351693214593994,-130.708137257665
"398",398,0.0496108864715614,0.105759452352926,0.00185938218146882,-132.546077732287
"399",399,0.0623601199663955,0.228772701386578,0.000535671570214799,-135.695633750533
"400",400,0.137378229248912,0.167924460395067,0.000822538097604123,-132.906702524909
"401",401,0.00575714639488276,0.159399588017335,0.00231060945417679,-131.974045507462
"402",402,0.0274376459199402,0.170538016119915,0.000881718209924827,-132.214883534049
"403",403,0.230401525966067,0.190208185498739,0.00165035308838124,-135.139661704591
"404",404,0.122434436761746,0.066170838231123,0.00140396325266496,-131.557409063317
"405",405,0.0998746807850009,0.054172827855539,0.00102085469213729,-131.093190523799
"406",406,0.0682002110106105,0.172377240370253,0.00113873397153799,-132.325732200316
"407",407,0.0256709712029062,0.124803928056575,0.00274645063619807,-132.530546945229
"408",408,0.00790739838897569,0.123733057196564,0.00146952433710722,-132.589626620693
"409",409,0.109508578293168,0.101580056525828,0.00104859477313981,-131.895370466086
"410",410,0.0873395268610032,0.0821649549160289,0.000522012856420778,-130.758768131311
"411",411,0.0872000373835664,0.0428635785271964,0.000684841005459539,-131.128519665241
"412",412,0.0798925873999537,0.0656382523835897,0.00133733921051851,-132.277965621042
"413",413,0.112943774421461,0.080362129065393,0.00245996383425879,-134.849851971128
"414",414,0.134973607213271,0.0849201592474589,0.00132681651255109,-131.876737627963
"415",415,0.149247716680116,0.17164701346433,0.00107226614304282,-133.695266224977
"416",416,0.118898778759454,0.112026197269463,0.000873820904756904,-131.697979429294
"417",417,0.0381859647417895,0.151746211682319,0.00203592288288452,-132.067113184209
"418",418,0.0420485849083629,0.179931378949347,0.00355014177866663,-133.044078068456
"419",419,0.034862378740128,0.182392993785567,0.0100622710858459,-137.867402256369
"420",420,0.0178304982009592,0.181175690034406,0.0019388214225366,-133.025828765739
"421",421,0.0192631240479502,0.0893323286777804,0.000221512044196632,-135.784633297512
"422",422,0.167059340055309,0.181747144014901,0.000398546481201811,-133.001388511241
"423",423,0.199412929637985,0.199585515560505,7.72477270988245e-05,-133.959484562063
"424",424,0.186546267926588,0.186252308950587,0.000392796247690171,-133.287721160533
"425",425,0.0721243283648066,0.0943971382480465,0.000770511418888751,-131.267832248474
"426",426,0.148806971108899,0.109713337917993,0.000470371382127805,-131.152502700573
"427",427,0.125542366566746,0.0654324623650669,0.000821147710829825,-130.738073791755
"428",428,0.0522680050227864,0.115573006893589,0.00115331660331144,-131.726701114281
"429",429,0.0680118355783842,0.208917017164308,0.000585913057877341,-133.20736282702
"430",430,0.0714606833802672,0.12442811879392,0.00184931816970904,-132.712821301759
"431",431,0.0615932042331932,0.173572971825425,0.000612437487739699,-132.419866771502
"432",432,0.15461346205232,0.188498083886947,0.00013192318714992,-133.464853885466
"433",433,0.135967713612595,0.116360669813891,0.000417414981079209,-131.065413165921
"434",434,0.138769396419557,0.0897847658406284,0.000253912985521268,-130.815761657315
"435",435,0.120041395330284,0.114391768978467,7.17729917407101e-05,-131.427644885114
"436",436,0.135988878874313,0.0933986228441762,0.000243837373903391,-130.792137210912
"437",437,0.105874911965114,0.0920358108891656,0.000445756581051247,-130.615713742173
"438",438,0.133546914160406,0.0977369156392083,0.000125204408477102,-131.063631796074
"439",439,0.119884353977035,0.134039923136958,0.000221059806840575,-131.259921672967
"440",440,0.132720710578262,0.0725287678868766,0.00038981040920094,-130.579932666724
"441",441,0.104515387773703,0.0626693687718651,0.00080043753187804,-130.857127270479
"442",442,0.0675829139488315,0.110416635642859,0.000808603086305342,-131.402180147096
"443",443,0.0841618862719019,0.10595148914316,0.000880764299325435,-131.436992229402
"444",444,0.157859186604137,0.105947744866031,0.0012353447735793,-132.089415379813
"445",445,0.0730040525095881,0.131644841082256,0.00134275031684495,-132.016602364182
"446",446,0.0251136546540462,0.169665262668628,0.00058664283925147,-132.479836753461
"447",447,0.0192570081698899,0.155198021607129,0.00637055568237528,-134.530472433449
"448",448,0.0247262422598156,0.136364275325123,0.00498842255090092,-134.133949870196
"449",449,0.0049577278557557,0.14587097223084,0.00355086319353108,-132.451279568848
"450",450,0.0359026088483703,0.158174088315635,0.00201862737763451,-132.070794939967
"451",451,0.030958928945181,0.150697574231661,0.00206503231520747,-132.019894410756
"452",452,0.0313578329414692,0.123988768798508,0.000717427011510798,-132.208800084988
"453",453,0.197054224417913,0.169386461123356,0.000969818991323099,-133.872919584185
"454",454,0.121228061769459,0.215901472959375,0.00132614198453575,-134.144671249254
"455",455,0.101872268935507,0.167729242041256,0.0005014552418987,-132.411009854688
"456",456,0.0322903890964066,0.128521976149158,0.00377872107887018,-133.502783281797
"457",457,0.0625282614662225,0.198628064519649,0.00118271805658206,-132.794030475317
"458",458,0.0558127229458647,0.215213035005997,0.000938297451980945,-133.559848502575
"459",459,0.0931261052671685,0.174651956078953,0.00145571553258547,-132.897624868691
"460",460,0.0209051126174086,0.143400703918373,0.00343496446279233,-132.592119181821
"461",461,0.00963584693996784,0.155215085215252,0.00133231180827518,-132.158475167169
"462",462,0.0328384874090288,0.174921789953305,0.00094570158513994,-132.208489056189
"463",463,0.0960189808312822,0.17864723044002,0.000695780110522714,-132.670129474579
"464",464,0.244591556066752,0.173167119553368,0.00010154959492211,-133.611000096803
"465",465,0.204057732432113,0.147670173174879,0.000910089158173887,-132.496391417611
"466",466,0.0504583822520433,0.0971720139861605,0.000985771723786765,-131.802506701978
"467",467,0.13133096977386,0.114682905530103,0.00150198962471643,-133.473293772379
"468",468,0.076718944611527,0.148928054335724,0.00169470513705098,-132.503718260054
"469",469,0.218149202112307,0.158407764176036,0.00119238632862577,-133.523844467792
"470",470,0.130162949172486,0.173607040993713,0.00131320639150815,-133.644359732068
"471",471,0.091987822506516,0.0732929480270297,0.00085187358636379,-131.150378495096
"472",472,0.139592863866938,0.103230081555823,0.000423275516242196,-130.918745586736
"473",473,0.137641731432352,0.129701996641565,0.000239110956867189,-131.240237598734
"474",474,0.156557573795362,0.127484701144886,0.000308814077181018,-131.42309686437
"475",475,0.12162963540584,0.0491512217685443,0.000269369659924584,-131.828047790737
"476",476,0.109974424218751,0.0670522321713038,0.00137337741057043,-131.811774096609
"477",477,0.102645299576717,0.0495872434083388,0.000510670292813664,-130.845374711601
"478",478,0.0901450641648513,0.0598363756198072,0.00031090188127912,-131.034121882857
"479",479,0.0520528676849383,0.189040797700263,0.00205492299583845,-132.629860239131
"480",480,0.0487153526057626,0.138762905873168,0.00186224128560045,-132.07940581353
"481",481,0.0490838675186976,0.166449823329381,0.00227121692747752,-132.417570598115
"482",482,0.0565745550577278,0.181362223151695,0.000787399512415539,-132.473944249403
"483",483,0.104316140554031,0.183598809497811,0.000726776709509974,-132.872577274474
"484",484,0.0535752209631108,0.1416281489549,0.000374892845859576,-132.168227461751
"485",485,0.0646973001876886,0.19665085176834,0.00138745559191087,-132.807575668804
"486",486,0.0679061647973056,0.148221565595564,0.000800581154101581,-131.849092296615
"487",487,0.108347833863044,0.170325792298919,0.000841819739240863,-132.609355336301
"488",488,0.110818044503066,0.10765117431764,0.000679207313898282,-131.144347669242
"489",489,0.0951637119038121,0.0917683911367796,0.000236861937555957,-130.636837307274
"490",490,0.104977412073415,0.138993777100914,0.000226984800252227,-131.606648088933
"491",491,0.0403884096787,0.137758733677813,0.000540571325045668,-132.149246268006
"492",492,0.152087935895816,0.132043547005265,0.00061912400212711,-131.860292368967
"493",493,0.0733673639370641,0.0894236661317786,0.000601010276066143,-131.025136625454
"494",494,0.057350957185607,0.133632848360887,0.000624533362397797,-131.733258233865
"495",495,0.123864126071241,0.110372647301,0.00052851925283991,-131.005360542132
"496",496,0.0804572848198543,0.0749791864145613,0.000372414328427313,-130.886368604865
"497",497,0.0737360864737541,0.0842244148836305,0.000997182462239162,-131.678184170744
"498",498,0.0667881969176669,0.126206223529255,0.000398912618811888,-131.644101689758
"499",499,0.146027907021026,0.100438683645801,0.000452605417647282,-130.9759334144
"500",500,0.101600637254108,0.0822648942936121,0.000109039784125544,-131.078685057302
"501",501,0.11770015634646,0.090475047471811,0.000772703210315037,-131.115492936417
"502",502,0.0510029314024399,0.0833890621431119,0.000718619590276555,-131.855332807697
"503",503,0.0492576298736129,0.193279963535082,0.0053205514907525,-134.428836085023
"504",504,0.0513496119552252,0.212305054909961,0.00228015793946195,-133.482026322015
"505",505,0.063437945995726,0.195926865045778,0.00397081707615608,-134.083226890374
"506",506,0.0569831819168526,0.196778870936931,0.0029677386800827,-133.213101368896
"507",507,0.0551022091834168,0.18489792389047,0.00253990768890145,-132.854528549877
"508",508,0.0214825306734807,0.149291374173335,0.000872067213698166,-132.264913839673
"509",509,0.0381406121797918,0.169550094589915,0.00136344250970553,-132.092765976754
"510",510,0.0500132520061699,0.104744371428699,0.000555514264127902,-131.78498790341
"511",511,0.0724216521274123,0.0446634130761768,0.000757791967561781,-131.712586347856
"512",512,0.10819395249792,0.0576245006566778,0.000205345643128683,-131.125130239201
"513",513,0.123281797651726,0.0662702513857735,0.000360004258621864,-130.661743290025
"514",514,0.114351256473658,0.104286277114739,0.000401102655440604,-130.697434707887
"515",515,0.160502685626597,0.0983875285231007,0.00120935684880563,-132.033203233405
"516",516,0.0344459495462086,0.168564368794395,0.00198165264955455,-132.129420224206
"517",517,0.0752801116106771,0.184718375475884,0.00186518915375064,-132.936098601934
"518",518,0.0530888277569277,0.155218567212776,0.00257666204042419,-132.666051674746
"519",519,0.05522841175042,0.171781763493504,0.000979329096025703,-132.221503425183
"520",520,0.0804380179805495,0.147821989850976,0.00123101766601041,-132.131444787327
"521",521,0.0525455918930781,0.142654811802407,0.00218463218970273,-132.373182232678
"522",522,0.0373783226134066,0.200562819991938,0.00263630343138216,-133.424790661269
"523",523,0.112566618694463,0.169095176771786,0.002427070037167,-134.824298763396
"524",524,0.0420312167745924,0.151238311572227,0.00430331895994161,-133.840627441632
"525",525,0.0273149030999708,0.177142708499075,0.000527994667909461,-132.521298214041
"526",526,0.084780624999347,0.183118294576233,0.00152611430920179,-132.912581038889
"527",527,0.0645260763290659,0.0515295293552842,0.000147293386056718,-133.389119518037
"528",528,0.13030115460263,0.135855827952786,0.000134482841032411,-131.515823738329
"529",529,0.188269501405119,0.122182228356116,0.000141582990074942,-131.707111675238
"530",530,0.0709244516919672,0.0620470677659486,0.000128503111862432,-132.405477795736
"531",531,0.057957143819255,0.0750147476487687,0.000637480183210833,-131.63122530756
"532",532,0.147706604467986,0.0823689265974787,0.00138037342336142,-132.367384024663
"533",533,0.0936860104609636,0.217761087096926,0.0015956743544946,-133.797737664726
"534",534,0.134975631732184,0.21162722969138,0.00144353337550983,-134.424736192304
"535",535,0.109317729447135,0.0446576236560726,0.000353077849979291,-131.163863561756
"536",536,0.0914785164249947,0.0967424265625484,0.000293365273509571,-130.627532179478
"537",537,0.106888724453746,0.0817375435739293,0.000641307848770699,-130.791979149167
"538",538,0.151742128902608,0.123046079810675,0.000350297767382148,-131.302739958901
"539",539,0.175036981731307,0.157130766246597,0.00056109329532034,-132.603492959122
"540",540,0.0119962773115508,0.161580290932542,0.00135523220056084,-132.034773151789
"541",541,0.0260283144771097,0.170017463659979,0.00359446368757985,-132.603657577037
"542",542,0.0316051209565297,0.144276330692863,0.00446380697274132,-133.689859978623
"543",543,0.0199090979287452,0.17095378613364,0.00300414157061655,-132.141792083409
"544",544,0.0200727156728394,0.165044144639904,0.000397212932944428,-132.88486560617
"545",545,0.219573489903764,0.16109914574993,0.000165139462322733,-132.31066649489
"546",546,0.0126958417212617,0.16499477358193,0.00259898778700893,-131.968254078499
"547",547,0.0357664253606808,0.175029868531336,0.00134818867613924,-132.139446424714
"548",548,0.0172343224295657,0.160893014724496,0.00191896689462664,-131.979280907823
"549",549,0.026269083046947,0.113662656409675,0.00176274390785499,-132.234140973529
"550",550,0.0381021473937486,0.133560079993873,0.00184754685504082,-131.987069377601
"551",551,0.0565338004531172,0.115359192424167,0.00106941157483455,-131.659052108423
"552",552,0.0613745211372328,0.0425050346492837,0.00157485912750041,-133.707905728183
"553",553,0.103770709269712,0.0475070520014892,0.000769788100900449,-130.808294778914
"554",554,0.0931369110779648,0.114890168540162,0.00016980776268706,-131.079967939933
"555",555,0.0591206002357461,0.130672921736856,0.00203345461478359,-132.481612072407
"556",556,0.0250025770852844,0.138959212203012,0.00117729653627503,-132.019084911743
"557",557,0.0511778160557209,0.134652046972605,0.000603716469167845,-131.848634277407
"558",558,0.129005757697895,0.10183565497206,0.000514699895179639,-130.907348426362
"559",559,0.0725700396843801,0.088107420307357,0.000381494030240902,-130.943936147091
"560",560,0.0874519132466743,0.123293693032346,0.000538771665675688,-131.226977733464
"561",561,0.0654039566374226,0.0834065358471294,0.000530485611404198,-131.200250333929
"562",562,0.092505239731875,0.0884931436804253,0.000595695048789599,-130.806730260186
"563",563,0.122554452374331,0.0691731719802051,0.000452759243725332,-130.6292128388
"564",564,0.072046679829739,0.102266238136315,0.000406490302454941,-131.083568445796
"565",565,0.0831982924294861,0.0728906779097427,0.000669919078686477,-131.001176707608
"566",566,0.122336583139144,0.0713672373957838,0.000358388706375982,-130.645845876004
"567",567,0.134140767686525,0.147246811671603,0.000486116183174147,-131.796811326234
"568",568,0.0291973303794422,0.12512010280311,0.00276350095818165,-132.580959491724
"569",569,0.0406533530143476,0.150387592535088,0.00156768897071681,-131.928656214403
"570",570,0.0138993607549838,0.0857655171377513,0.00161729136537818,-133.854933819205
"571",571,0.0482117730169732,0.166894137324137,0.00142216644457079,-132.109849601469
"572",572,0.0967565264384962,0.138128016597184,0.000523649408630721,-131.541561265709
"573",573,0.0803606763077443,0.0658386955432447,0.000424617551925537,-131.024908440436
"574",574,0.130894813184882,0.120169587653024,0.000153876304011458,-131.131491159982
"575",575,0.104810724471106,0.0739456930967107,0.000766472479671302,-130.913103602422
"576",576,0.101076422036054,0.05180538408599,0.000802942287184046,-130.85663836142
"577",577,0.0670734521483316,0.0600063658714681,0.00129882928723921,-132.549130662651
"578",578,0.0760215131308076,0.0651357387935697,0.00097945565434062,-131.620127613643
"579",579,0.111538493751971,0.0818966195989997,0.0010653873034619,-131.554829900385
"580",580,0.0873852301934785,0.0621217140777333,0.000792520857596923,-131.08509908079
"581",581,0.111798604055449,0.049776245177724,0.0004034555906447,-130.867462008289
"582",582,0.104953361516948,0.109864472392146,9.75386802996095e-05,-131.145352234954
"583",583,0.1184050448095,0.163913955619545,0.00048510571025206,-132.312087203714
"584",584,0.169245208283243,0.122478779048187,0.000252079970243577,-131.480521845685
"585",585,0.115110696390687,0.0541030627246733,9.08948563375813e-05,-131.933695727356
"586",586,0.0986019925360215,0.0546225452431386,0.000876989599943271,-130.946876642755
"587",587,0.0824799272356209,0.0990620090194179,0.00117176690753022,-132.058195158929
"588",588,0.165346023623987,0.128918576266013,0.00100295705323515,-132.635330772313
"589",589,0.118848965964839,0.262852076384223,0.00167697455584255,-134.944976794934
"590",590,0.133340236183836,0.215405806303635,0.00137623099258075,-134.401839688016
"591",591,0.0554811408862649,0.0752701869117715,0.00117113599097396,-132.45776676037
"592",592,0.103061916167046,0.0800573898210523,8.7757843164601e-05,-131.262520516726
"593",593,0.120483351263296,0.110009685417537,0.000257365732793407,-130.753329952164
"594",594,0.153226731647458,0.103211307109107,0.000273506413736384,-131.030879662007
"595",595,0.148282706902502,0.0830355907762766,0.000434460116515298,-130.736225323589
"596",596,0.0886349914161782,0.0750377174652059,0.000305991771076154,-130.775874957975
"597",597,0.120692641911801,0.0822024867975663,0.000731074931914869,-130.929620304961
"598",598,0.139901105732378,0.0890508735758714,0.000747211970607639,-131.056000070472
"599",599,0.0754592416630268,0.0906068083475541,0.000452031080681612,-130.873312540446
"600",600,0.136889142574225,0.106359770977806,0.000246995353247836,-130.882563007952
"601",601,0.16488646808158,0.142878282793698,0.000303682874248065,-131.840179784403
"602",602,0.0932648699129138,0.0489325665936257,0.00076594939592582,-130.941481144265
"603",603,0.105839134662889,0.0626615016470777,0.000948281343506435,-131.034638092253
"604",604,0.0808506821375719,0.112407282744848,0.000774843845006086,-131.307856800854
"605",605,0.0802073703529141,0.0475626161814782,0.000612950391757794,-131.307933075295
"606",606,0.0620661224266354,0.104705887580826,0.00195956145873042,-133.126883988931
"607",607,0.0385060359035683,0.166631524334546,0.00296428773469686,-132.577124416897
"608",608,0.0210186851849115,0.172908970237145,0.00328160736186899,-132.261736382001
"609",609,0.0272237388085826,0.127715179381354,0.0025881550246275,-132.384054907485
"610",610,0.0314381197249534,0.175635527780413,0.0041685640588969,-133.058273206675
"611",611,0.018209668087568,0.159554450924089,0.00165145125809521,-132.002439879399
"612",612,0.0226010280079546,0.178547752378596,0.00232263487888744,-132.14126791954
"613",613,0.0280159171276435,0.0879297188321381,0.00234869407080864,-133.818537437848
"614",614,0.0341315384165956,0.183082915380938,0.00156349301153829,-132.064094927021
"615",615,0.026993127812304,0.0970772502371326,0.000243866602628994,-134.274362087041
"616",616,0.114870678672417,0.116262614992556,0.000635067330230005,-131.213454263012
"617",617,0.116417262896695,0.103657106015752,0.00107564757416903,-132.02825063195
"618",618,0.0631118384870205,0.120715699522578,0.000679719601277372,-131.493984742978
"619",619,0.0552840129465447,0.0597332524772997,0.000588784342936887,-132.202119362508
"620",620,0.0908946283194893,0.102089290138674,0.000148927704569294,-130.92981098336
"621",621,0.0917188120803131,0.138903259008904,0.000848671528093077,-131.789188993639
"622",622,0.0339409701253314,0.155571502147178,0.00386479494120174,-133.080683487945
"623",623,0.00185412797353509,0.137007815371467,0.00464737442327261,-133.179483604217
"624",624,0.0206440434809051,0.112170997960208,0.00272338234143576,-132.849040272313
"625",625,0.0218262983604784,0.144039227567141,0.00207418981650322,-132.010341430648
"626",626,0.0311668120369194,0.105524129887867,0.00200293518249127,-132.538357294053
"627",627,0.00958298437687055,0.107401475292032,0.00247509524551859,-133.037327519949
"628",628,0.00930564028914166,0.156068458432175,0.00302039127075516,-132.143651393892
"629",629,0.00525651526024067,0.153281468352103,0.00255324291448394,-132.053372104816
"630",630,0.0262279148478466,0.138382564854864,0.00124375017315741,-131.977505679634
"631",631,0.0901397327391726,0.160947900933356,0.00163918697230624,-132.848937732715
"632",632,0.0436128669570922,0.123731308365015,0.00235352841260548,-132.530394270422
"633",633,0.0251157270168812,0.113711763314874,0.000447055484649971,-133.111120499615
"634",634,0.187510518128423,0.186819414958395,0.000298319682734019,-133.241064159568
"635",635,0.0453428542912742,0.147873476743152,0.00164103709249344,-131.958489282339
"636",636,0.110636891280471,0.0976721541797959,0.00136181244088816,-132.645535583933
"637",637,0.0619883853124972,0.0828430060200794,0.00153145151895332,-133.055886729044
"638",638,0.014537747679237,0.153136042771509,0.00177294561919508,-132.025909328897
"639",639,0.0148127219702774,0.16248405436284,0.000910763803605307,-132.259840124818
"640",640,0.152326845035785,0.0769968666840263,0.00253382431868556,-138.322284204624
"641",641,0.0481505115573084,0.195296710777013,0.00373749601148698,-133.254334968121
"642",642,0.0539210567598987,0.173679521755655,0.00156330968944493,-132.289259920312
"643",643,0.0547481293977044,0.168038275096263,0.00182516284175448,-132.315450036148
"644",644,0.0578565034392921,0.154722385043299,0.000803777024098828,-131.965294880968
"645",645,0.100260815959282,0.202902026138699,0.0022621438085165,-134.076696042341
"646",646,0.109128927288772,0.172490810729745,0.00399134743316813,-137.223445517473
"647",647,0.133360080109117,0.0964349182098297,0.002925806017933,-135.892440185668
"648",648,0.149040712498267,0.105503781611889,0.00184960447859548,-133.552147576023
"649",649,0.0683297635046497,0.132390856971695,0.00113233030625563,-131.774518160132
"650",650,0.0882874422491061,0.0493563349865856,0.000916723734019007,-131.159286771406
"651",651,0.044328380084926,0.113283067040188,0.00114136345613962,-131.805435319515
"652",652,0.0305184981775741,0.146638339056625,0.00232399605751283,-132.110092484425
"653",653,0.0682128766755717,0.194785367373623,0.000740474558753072,-132.874779683937
"654",654,0.0421900002213571,0.157701983690039,0.00201005933959152,-132.129089220911
"655",655,0.0168913425045829,0.146510442427906,0.00223187162556335,-132.047418966965
"656",656,0.119218657331193,0.268447148197482,0.00202481734297557,-135.122452797611
"657",657,0.147828758417599,0.286583280896061,0.000306489152463188,-136.028010374134
"658",658,0.249609813259693,0.186214994146009,0.00200186366436742,-136.959527625327
"659",659,0.145484820072929,0.211963796911557,0.00126826813379316,-134.496889199592
"660",660,0.0637193990186956,0.105575464904753,0.00073907471487962,-131.386658475147
"661",661,0.107956208540836,0.057154983815409,0.000345131412828771,-130.821312225669
"662",662,0.0989028171553349,0.105613862395644,0.000709398472490338,-131.124968135964
"663",663,0.121223257476918,0.0604541407877439,0.000351677712721899,-130.701397396909
"664",664,0.104292346722059,0.0468478645451839,0.00126157232482027,-131.217942063134
"665",665,0.110584409837178,0.044806684905443,0.000999754756983845,-131.286200418046
"666",666,0.0641793564051236,0.196995834137827,0.000973582994575198,-132.813596119901
"667",667,0.0643739893448039,0.146265238259787,0.00121618450424685,-131.917891944889
"668",668,0.0848300108593548,0.11109753848465,0.0010153988238181,-131.721362569667
"669",669,0.0998022136613482,0.138870647510416,0.000339847295693937,-131.547653735792
"670",670,0.182952806298725,0.149559853585047,0.000330121195939049,-132.191156102078
"671",671,0.184894342767149,0.148702264694289,0.000579138501699348,-132.454687397625
"672",672,0.0998060785474455,0.0377566090432922,0.00132426913646071,-131.545912440506
"673",673,0.093610908914496,0.0318828460306974,0.00145165139295654,-131.896873200606
"674",674,0.0695824859624056,0.0399594266516558,0.000232929122366433,-133.239987466903
"675",675,0.110338448543517,0.148913911332894,0.000503889808846044,-131.822573800018
"676",676,0.12345534297614,0.0767802924927998,0.000187790331847853,-130.829469242291
"677",677,0.116654461772975,0.126997442460948,0.000379782757121793,-131.060578400677
"678",678,0.100315971743581,0.120284002664543,0.00107884635039365,-132.11012458478
"679",679,0.120467734791575,0.103354591929147,0.000129715469107378,-130.941270463662
"680",680,0.161164224253126,0.105584274944287,0.000160714595808785,-131.237371546951
"681",681,0.0782415637369834,0.0534807769316726,0.00118422431464729,-131.891435189197
"682",682,0.120880707194444,0.17892496718215,0.000287295895207948,-132.939904572867
"683",683,0.169166202902687,0.181431845123862,0.000344294721027068,-132.963332500059
"684",684,0.131864211249419,0.114280999257534,0.000938851351700972,-131.992063431645
"685",685,0.0537358809368237,0.112398048462997,0.00147283829352473,-132.004198142864
"686",686,0.0579458453398028,0.160427919203727,0.00119977750458595,-132.049596863909
"687",687,0.00394478377023876,0.146742763509475,0.00162853766658964,-132.262942210105
"688",688,0.0971163363325956,0.179407332210661,0.000617075550799161,-132.706583959179
"689",689,0.155279268568738,0.12407303118266,0.000821414239533964,-132.097770762322
"690",690,0.0379881146142961,0.172388132345899,0.000851973712513662,-132.263786382644
"691",691,0.110797720188721,0.178458604877213,0.000309374413507513,-132.908642012499
"692",692,0.233884320766124,0.179782826474184,0.000581150921257978,-132.839999035294
"693",693,0.138414540096791,0.182336750383703,0.000635582637733405,-133.078866591343
"694",694,0.0229674209465573,0.138120387718109,0.00231160995919877,-132.105149942639
"695",695,0.027268370309165,0.171124449927436,0.00395824355647286,-132.832521811658
"696",696,0.0160237043690102,0.141784801052113,0.000713003194579953,-132.63142999032
"697",697,0.076637770848953,0.134094272535697,0.000753268115654879,-131.595949557038
"698",698,0.0549316548198109,0.0860237222084823,0.00098393350932692,-131.909214477842
"699",699,0.0483561617988714,0.101686908725675,0.00048524789366686,-131.935701425666
"700",700,0.155791115823976,0.0933405041607385,0.000284352604551235,-130.78095309186
"701",701,0.12828987039201,0.105666639397681,0.000391607811646899,-130.811248573744
"702",702,0.155523773061413,0.0886547859001117,0.00034411230667104,-130.894646980547
"703",703,0.0585443760392013,0.0923034931042402,0.00108107659668501,-131.872906267241
"704",704,0.0420826438602031,0.131235319146434,0.00056736329138172,-132.047117617626
"705",705,0.0517814622928403,0.140906972990909,0.00149288829559139,-131.908303167708
"706",706,0.066299585601568,0.136685503503416,0.00312232747928813,-134.108365760358
"707",707,0.0611931827330471,0.176129228825093,0.000957497126789492,-132.339400854089
"708",708,0.029833885304957,0.097654657592977,0.00121009423329752,-132.438236110775
"709",709,0.150115915680445,0.107803972282865,0.000178525324394749,-131.165876502063
"710",710,0.0761803688560697,0.086752628985562,0.00093231194102293,-131.517061118037
"711",711,0.152173624554619,0.110511692231987,0.000785723095870957,-131.667310973801
"712",712,0.129099980470649,0.0848540088238996,0.000588981936964072,-130.80656281495
"713",713,0.111265276747536,0.090309565080582,0.000305509721146374,-130.559476095931
"714",714,0.114849373014251,0.0825746527572693,0.000837687068844446,-131.110184555199
"715",715,0.142310585629764,0.0874548036370307,0.000109969158805637,-131.273695442985
"716",716,0.102863932741289,0.10435010178124,0.000662899439389391,-131.033825233856
"717",717,0.129366786085803,0.171824890254253,0.000423712287014481,-132.586477571178
"718",718,0.208585927108669,0.135454144227731,0.00104894291824928,-134.39770817056
"719",719,0.109891097350973,0.100194854846404,0.00109857359929703,-131.999563963585
"720",720,0.0637158353398282,0.199584340705611,0.00237968765791784,-133.149540052254
"721",721,0.0759343354047075,0.23007647938902,0.00170624147560326,-133.573291645763
"722",722,0.0745660154413877,0.123408732225943,0.000522607763881698,-131.381682763706
"723",723,0.0542766289814849,0.0671584576720923,0.00094127411567426,-132.275717952097
"724",724,0.0878631883150138,0.150447720877325,0.000652852259819338,-131.905045034622
"725",725,0.114251406943985,0.0806874193605422,0.000524115810858384,-130.644964301059
"726",726,0.0829226565314451,0.043635080404266,0.000465947871395497,-131.431731648735
"727",727,0.0950034155012336,0.235591762451868,0.000243547206555689,-134.568737938097
"728",728,0.211165610510262,0.256565239391516,0.00129995226514012,-136.696385482826
"729",729,0.205458053596989,0.227266753856206,0.000555320375250724,-134.902898187768
"730",730,0.238520425077616,0.289772870784628,0.000297000770884453,-136.716804936342
"731",731,0.177991247859073,0.174247397963498,0.000292814134058017,-132.785568379668
"732",732,0.0347548275705027,0.145979476448929,0.00277751112901755,-132.41235116965
"733",733,0.0453403984980763,0.173307263277804,0.000627475828123774,-132.416902714026
"734",734,0.0462611867726518,0.130138223567483,0.000898399286297908,-131.756614399425
"735",735,0.0618507443087369,0.093094590219367,0.000153833426103714,-132.01800970967
"736",736,0.0773251890175279,0.0461949233286346,0.00142813722550371,-132.326882147768
"737",737,0.103549534037367,0.191039365284669,0.00236020288418912,-134.18266034528
"738",738,0.0575346197355857,0.198527337362788,0.000489034501884621,-133.008142351827
"739",739,0.134188894599745,0.210539107725631,0.000263086476348329,-134.064002337313
"740",740,0.0711628869308047,0.0958774614615426,0.00108001887965932,-131.81376189445
"741",741,0.1644762557038,0.105747861024885,0.000505089292829782,-130.973487077141
"742",742,0.0812511720632235,0.0898408329234776,0.000760737234116303,-131.150076345989
"743",743,0.0837059277509107,0.120037365306138,0.00107272173439725,-131.808897698873
"744",744,0.0727638452852329,0.15945389817787,0.000714341373887318,-132.079863496434
"745",745,0.173126717051989,0.115425263575028,0.000254544493336646,-131.17243798098
"746",746,0.121096259914812,0.103331680676807,6.53557560420844e-05,-131.406540178442
"747",747,0.157253376497895,0.108522084602089,0.000243361472022038,-131.161349809197
"748",748,0.149270451416408,0.0751300049821832,0.000271177059104491,-131.771457052507
"749",749,0.121569708468106,0.0540053478403352,0.000896523236449096,-131.288075976536
"750",750,0.0669163881804756,0.073306476512374,0.000830296179492917,-131.560110293486
"751",751,0.125541673562431,0.0984942987204425,0.0015556057466378,-133.118625078809
"752",752,0.103646370857262,0.180731476315053,0.000708183388702612,-132.785901554884
"753",753,0.0184197600329383,0.102658609512213,0.00194202624136339,-132.796954219442
"754",754,0.0313139034650054,0.0929905378053279,0.0011901551125245,-132.526536289003
"755",755,0.0768054068295509,0.242935298602037,0.00555808034194922,-136.369784571312
"756",756,0.099210640833794,0.216753131346233,0.00127186158666948,-133.770768997161
"757",757,0.263263485382615,0.210413287870864,0.000270360898699212,-133.409313153162
"758",758,0.265583843314404,0.223634528519822,0.000443390655210581,-134.160124753382
"759",759,0.201090004115077,0.1735735490233,0.000959045502991078,-133.98429766215
"760",760,0.234221198643419,0.176332700515172,0.00142908312511889,-134.466409820482
"761",761,0.230907633563468,0.206075015196812,0.000493877452184856,-134.203859537389
"762",762,0.0935119020522678,0.0850094273329692,0.000564003446484138,-130.750988663302
"763",763,0.0878468292731751,0.0939576292643015,0.00027859866807531,-130.670205349027
"764",764,0.163207968560928,0.126866018676539,0.00011473596032895,-131.777470573138
"765",765,0.114197378142429,0.133434259070024,0.00235337333000655,-136.07477472628
"766",766,0.0755313408464727,0.180177387843793,0.00273002276215453,-133.51282056492
"767",767,0.0764465357164229,0.169650122014709,0.00137190980211797,-132.461379866374
"768",768,0.0671383235539464,0.165321958773866,0.000897589551166923,-132.161800122854
"769",769,0.0391007748246929,0.1155252451862,0.00273753351098207,-133.047461812145
"770",770,0.0214065710024662,0.148176883627822,0.000833425833808301,-132.301214628149
"771",771,0.136551991351429,0.131937851921865,0.000614062129371928,-131.678195807821
"772",772,0.0396032589363385,0.17132806708822,0.000490282440714604,-132.57543161268
"773",773,0.0340099777499645,0.094455589496143,0.00145070474360347,-132.492459947549
"774",774,0.0955960404833727,0.0632250329744328,0.00072521276163507,-130.876150672688
"775",775,0.0997577627619364,0.116160330262426,0.000288950987480929,-130.826260801854
"776",776,0.175918288288803,0.102773669928652,7.89436300136489e-05,-132.41725309851
"777",777,0.154427632598679,0.135640019135438,0.000756651485134089,-132.247959683179
"778",778,0.133154223344337,0.0836234976564345,0.000829890774660977,-131.091017521701
"779",779,0.0795261392594359,0.131853002372799,0.000274370716276815,-131.707819228889
"780",780,0.116151696695335,0.118724933227532,0.000191097722949241,-130.925339416296
"781",781,0.086048283718498,0.157231157057167,0.00278868653565533,-134.177755367229
"782",782,0.0761937130712324,0.144897106918687,0.00231280734623823,-133.248043439996
"783",783,0.0390878447539448,0.195558033907256,0.00647652938888424,-134.717083923287
"784",784,0.0399301726556159,0.197186840491544,0.00405349686710454,-133.290337245912
"785",785,0.0376766342063415,0.182970650982593,0.00246619652291047,-132.352262389563
"786",786,0.0740103182295986,0.184376870978651,0.00225789608759979,-133.142446442826
"787",787,0.0589089217086212,0.142141122568641,0.000882245383821873,-131.769000340423
"788",788,0.0718487247578654,0.0869914450662337,0.000423662162710249,-130.962069402662
"789",789,0.0732718574309809,0.122636560887592,0.00118937789446126,-131.83508728571
"790",790,0.00922023012213975,0.115785929666469,0.00272744803192944,-132.809556940097
"791",791,0.0537498585530514,0.0972009709047445,0.00196295350977472,-133.16016782175
"792",792,0.0100271202228828,0.108889025173091,0.00222412671871524,-132.88310361991
"793",793,0.0421826441593036,0.183154336156599,0.000578300676535724,-132.584325678687
"794",794,0.0917265293308042,0.170398698320738,0.00201143357418669,-133.341134283307
"795",795,0.0554312785889357,0.193052108843284,0.00318492837942915,-133.280382591558
"796",796,0.0492646196710668,0.170781831951239,0.000928689459341195,-132.198148012506
"797",797,0.140480667797924,0.190450173429256,0.000683241373150824,-133.377370913626
"798",798,0.0425840239612386,0.0862900116067059,0.000810535809424736,-132.198206980497
"799",799,0.0555161838630089,0.132481481981499,0.000716304514512048,-131.705387159579
"800",800,0.163782201788979,0.0918211691315729,0.00075202290708516,-132.180670804438
"801",801,0.157978638298935,0.0951883058858815,0.00101524676868285,-131.600848820681
"802",802,0.136338476026582,0.0767433469963968,0.000356749268320461,-130.605343403568
"803",803,0.138201707728081,0.113013038225331,0.000566891761424102,-131.24164274993
"804",804,0.132207777147279,0.150931447294573,0.000165196511350533,-131.916607769347
"805",805,0.119488045941834,0.165879930583675,0.00102889585459242,-132.861128490524
"806",806,0.0931569881521203,0.111390631051293,0.00106366360783109,-131.924550426081
"807",807,0.0961126465575745,0.217969566045165,0.00174778549157327,-133.908918075724
"808",808,0.105312549500266,0.0733796894052781,0.000916912850312076,-131.145369304086
"809",809,0.134771642809388,0.0967295290908986,0.00168924070810474,-133.235368580743
"810",810,0.0740123239037146,0.0990792656298471,0.00186819616666397,-133.746371280465
"811",811,0.151940060095999,0.0955784218785176,0.000805693028873307,-131.120089259695
"812",812,0.0687796122419994,0.119659916697459,0.000646977873194682,-131.403232984408
"813",813,0.141967665273339,0.0936083246031185,0.00034090738602837,-130.821339037792
"814",814,0.157079438149554,0.111728645382084,0.000138528460174024,-131.417772975957
"815",815,0.123101098928872,0.101985362107852,0.000564272168202309,-130.938149518176
"816",816,0.0928557031987875,0.0851981739664573,0.000374597814668931,-130.611705134172
"817",817,0.113471270305447,0.136243767460779,0.000497104855943489,-131.414999502442
"818",818,0.123411132937828,0.156063140126579,0.000424493868527831,-132.010126611212
"819",819,0.104638328505929,0.0786912840672598,0.000738145895882745,-130.916765780133
"820",820,0.129998940724061,0.0643430497575467,0.00116663137760598,-131.590985579776
"821",821,0.126841549282935,0.0732132088801772,0.000147366635129714,-131.067685631896
"822",822,0.113797431581275,0.0468921059986898,0.00144254258043906,-132.247119308706
"823",823,0.0917862580576782,0.0360181614910478,0.000628417568618176,-131.23412887057
"824",824,0.103686833417644,0.111466888276752,0.000642870387527498,-131.088723419154
"825",825,0.0959261407662364,0.11906964932103,0.000167014195122614,-131.158918293482
"826",826,0.122794995860094,0.099887000737564,0.000358690101048308,-130.682151055143
"827",827,0.10049278962924,0.0881619087089052,0.000285132552357809,-130.571972581458
"828",828,0.0798698097645672,0.0943844150734245,0.00145228419716038,-132.781448116334
"829",829,0.0744072283185892,0.204029593822238,0.00130490977407255,-133.095884249368
"830",830,0.0497523298445642,0.0596047004834319,0.00122301941471597,-133.226434478281
"831",831,0.11980596781672,0.126097390881679,0.000696383368628959,-131.550547645663
"832",832,0.0364319973586266,0.137549673162633,0.00183586762283779,-131.963458647558
"833",833,0.00798457117695753,0.114375152705518,0.00144888683052619,-132.865518323944
"834",834,0.0813363394652992,0.142088401873017,0.000385103692403789,-131.801727695402
"835",835,0.196940853793289,0.175881558919025,0.000818425158514767,-133.778259498815
"836",836,0.12763375121561,0.140876264364109,0.000324260196022302,-131.43525920732
"837",837,0.110034604014188,0.121305064693247,0.00026705570244557,-130.897769314207
"838",838,0.150065792946542,0.118466551147175,0.000379307411497548,-131.223171812654
"839",839,0.122235360787433,0.0555334527166031,0.000584109025905047,-130.860858917727
"840",840,0.0534968843440423,0.103253653284088,0.000365654445529361,-131.880571296401
"841",841,0.173205127572513,0.113898025368515,0.000716229759025811,-131.37752652507
"842",842,0.16921562019149,0.106581376541492,0.000522082900364649,-131.071060629015
"843",843,0.0548447950125135,0.143922857592241,0.00196919089239442,-132.250519088936
"844",844,0.0843297504323907,0.12246144290621,0.00193249379900721,-133.489958518226
"845",845,0.0479750264344884,0.177623457768192,0.00164796631374369,-132.301076305275
"846",846,0.0978396893320026,0.140786938941472,0.000196533486862331,-131.867478304448
"847",847,0.108584077093464,0.207840973403652,0.001950919991793,-134.131491286512
"848",848,0.0647968481655738,0.117591184271025,0.00103256561482828,-131.615577338371
"849",849,0.100512310976623,0.0546096563230504,0.000151237417343832,-131.54086586987
"850",850,0.118330550225476,0.0873959136649209,0.00093719627130111,-131.383113928264
"851",851,0.0687235704366139,0.080033538526984,0.000460013393074871,-131.107199656088
"852",852,0.0434518677952244,0.186482243155427,0.00125539324404526,-132.28599999034
"853",853,0.0421519560025089,0.105691551806711,0.00155573623248925,-132.15763073741
"854",854,0.0449846003177126,0.132993132774206,0.0021846894422498,-132.279889091863
"855",855,0.00887958144489059,0.16159898609693,0.00362521798193456,-132.255503130739
"856",856,0.0070914500246068,0.138170813885003,0.00427975186310641,-132.989090815733
"857",857,0.0384175847438203,0.172057134981968,0.00405537027923211,-133.260809106217
"858",858,0.0528892135867513,0.194362672533802,0.00400505577791265,-133.677629061719
"859",859,0.0680194228560006,0.189033698138776,0.000181369941723866,-133.608337556809
"860",860,0.272139657424401,0.268675143089764,0.000419532222368295,-136.162699655089
"861",861,0.326305599933525,0.284397035532756,0.000334432868068455,-135.283394125637
"862",862,0.20244882583074,0.178742889069446,0.000103650285779399,-133.293565096265
"863",863,0.112614071136301,0.2146992760506,0.00374570659178645,-135.937194217146
"864",864,0.0595055145856863,0.144294040420655,0.00213645664338361,-132.493094823012
"865",865,0.027541432227587,0.098339048339073,0.000672637108259014,-132.87494287686
"866",866,0.0956553629075099,0.0816498014982248,0.000914939493775658,-131.313250600545
"867",867,0.0822783041946537,0.0879552806425788,0.000401942555831872,-130.731388077235
"868",868,0.0808880464776937,0.100058644151371,0.00146855780275946,-132.804762600088
"869",869,0.0287509173236958,0.100421090835706,0.00126967882879081,-132.399617864618
"870",870,0.117412187493702,0.0809176500217666,0.00025141572008536,-130.629247623249
"871",871,0.112292467088819,0.110107553446476,0.00024541041633472,-130.715967290486
"872",872,0.117533327377113,0.141577053494842,0.000432468803172397,-131.517228744673
"873",873,0.169111144040868,0.101346594017528,0.000232889591958556,-131.225449276401
"874",874,0.163001089177401,0.0981797518711095,0.000885435875729581,-131.581520025818
"875",875,0.0632559359291817,0.109229514970138,0.000113639678304401,-132.386487446278
"876",876,0.0652311456004936,0.100525994316814,0.000316927376245702,-131.406579180396
"877",877,0.10181981542107,0.12406737509957,0.000373155998907996,-131.018861173117
"878",878,0.18909425355718,0.10746742003653,8.56368318195014e-05,-134.369850865221
"879",879,0.108826062139545,0.145621858228682,0.000142885751039591,-132.069175305463
"880",880,0.185809564364586,0.147289066673919,0.00118785975904863,-133.496196199744
"881",881,0.206692934268934,0.158803908698504,0.001961304558758,-134.804640934398
"882",882,0.0137848796852599,0.139163113986415,0.00070782217705346,-132.754574905164
"883",883,0.043347595701105,0.0840040248301942,0.000434532894955665,-132.509576282516
"884",884,0.148328269667009,0.0935416201837221,0.000810025158887992,-131.119356868986
"885",885,0.0941188675267665,0.157341966351295,0.002064423759548,-133.516689433176
"886",886,0.115505050072646,0.145000100701962,0.00185202210321222,-134.387948690365
"887",887,0.189967072799103,0.14819724421415,0.00326316429367399,-137.330135152441
"888",888,0.107858491606482,0.257280855267867,0.00608961330300639,-137.061647249264
"889",889,0.106277211376707,0.258811957865414,0.0078166717054455,-138.258390008134
"890",890,0.11097446824235,0.262517438337996,0.00378793512118644,-135.662900080728
"891",891,0.12645552439462,0.24623411299012,0.0046654174876843,-137.217243390231
"892",892,0.14944294054944,0.314719731138324,0.00121072409379668,-138.003837867589
"893",893,0.329676857872455,0.312034290935349,0.00159048047279103,-138.513757270802
"894",894,0.158788312518613,0.22716183647245,2.7252950196861e-05,-135.005239210171
"895",895,0.13696815853611,0.0756814563218043,0.00246241545630854,-134.564878127376
"896",896,0.119266024737402,0.0733339225821854,0.00100321050573542,-131.21683614032
"897",897,0.105628582760712,0.107680294288292,0.000257891601609756,-130.66839114753
"898",898,0.0440738662501863,0.0666696288963547,0.00151996811818983,-133.909486713747
"899",899,0.0399274360709904,0.19623911505419,0.00387567267187379,-133.149079938154
"900",900,0.044127734050059,0.194209298512158,0.0020469961772688,-132.37054881016
"901",901,0.0565040216396791,0.167152863356993,0.000213372491212752,-133.004784880354
"902",902,0.169229494709123,0.141301762692866,0.000189699300575633,-131.9046237712
"903",903,0.068550820465128,0.11148796544153,0.00104425954708598,-131.630367085472
"904",904,0.178839787136216,0.133400162946489,0.000519547163221184,-131.879815011748
"905",905,0.124553592363815,0.121078882206557,0.000672670284528991,-131.456380008129
"906",906,0.0945293104892662,0.100187866868717,0.000918857123208909,-131.506169535448
"907",907,0.0684483163064223,0.0203188836366472,0.00107202716135185,-133.055445220725
"908",908,0.069993126805324,0.170051594486515,0.00250089733040653,-133.110865021833
"909",909,0.0613208951780374,0.174603739942266,0.000519800307726117,-132.523487739804
"910",910,0.113400067031351,0.114211542738789,0.000416828206906774,-130.834931682175
"911",911,0.116475549342971,0.116672084845473,0.000711855493847512,-131.388470373642
"912",912,0.108643095164147,0.0849857562843531,0.00113933033539724,-131.800172010938
"913",913,0.0880868236425828,0.0825438391085307,0.000783186097627909,-131.116640270572
"914",914,0.119172378168529,0.0613599808435511,0.000258828554378054,-130.877329158248
"915",915,0.127032004861644,0.136287823899552,0.00271688860641431,-137.645191055827
"916",916,0.0886350638724277,0.0680341520403324,0.00141668777796996,-132.31923997394
"917",917,0.0977309673067719,0.0550576977026863,0.00074497834874375,-130.845863851913
"918",918,0.117271656950017,0.0556343553592713,0.000349699947659454,-130.792116876426
"919",919,0.116150773294019,0.102069254460391,0.00119152212430088,-132.292974037345
"920",920,0.020080590637308,0.135816927662372,0.00342716171273767,-132.69235891253
"921",921,0.0462304588677603,0.147436862582966,0.00181371546951006,-132.03628930616
"922",922,0.0407399271753805,0.170889377066347,0.00420387639617849,-133.451965468723
"923",923,0.00238258095375242,0.148214840702426,0.00459482663430012,-132.866082389927
"924",924,0.00594722054114314,0.159176617402566,0.00529511335025178,-133.066640318413
"925",925,0.00376629218096926,0.160290786624156,0.00215973912808118,-132.09549156517
"926",926,0.0233526046154455,0.17440732671554,0.00191298411875473,-131.941684408727
"927",927,0.0336901840351878,0.181782929610443,0.00311344339543327,-132.484845644812
"928",928,0.0371193040517444,0.193514517034539,0.00301550524840338,-132.69927620652
"929",929,0.0410265730352924,0.176860078802529,0.00108556315493399,-132.236746797735
"930",930,0.0350647428214193,0.167282562748768,0.00201682857304885,-132.131842316072
"931",931,0.013775400336233,0.163304366796975,0.000365728696321995,-133.09686732097
"932",932,0.158103409486888,0.166641057847332,0.0009641114057903,-133.518737978688
"933",933,0.133671966851633,0.105719582044415,0.000872319692309017,-131.659901184608
"934",934,0.0669676121527213,0.179412229727933,0.000644478195960931,-132.544679331524
"935",935,0.130380671825947,0.100687660628465,0.00170079222923009,-133.519409442601
"936",936,0.133102454168066,0.0667061947035255,0.000788414360383073,-131.030612131562
"937",937,0.12433304409363,0.0752849140090361,0.000448118848184623,-130.633009467649
"938",938,0.10665791475679,0.0699653516362684,0.000339157088814564,-130.626666657282
"939",939,0.130387420022615,0.0648985268325004,0.000859939845476704,-131.034768556708
"940",940,0.11463820858898,0.0775464601554169,0.000733184518220871,-130.872174189746
"941",941,0.118144211277305,0.141573157510235,0.000390449654642495,-131.489353650011
"942",942,0.0827412757093533,0.0678380486014879,0.000641270532361741,-131.005158425997
"943",943,0.100318214413825,0.0663696343761198,0.000118863699044096,-131.348882374787
"944",944,0.0593222024141963,0.0674077340531963,0.000475220703673054,-131.746138022692
"945",945,0.139028786074527,0.0882906937495013,0.000109230844090562,-131.249537779415
"946",946,0.138052162130697,0.121452165203427,0.000335503200864572,-131.102751756616
"947",947,0.172717923694581,0.102201373541095,0.00020007331495081,-131.586641384353
"948",948,0.13135250081819,0.0740612677361388,0.000742739022028477,-130.735440024045
"949",949,0.102694986729167,0.0453197971479859,0.00107485508410121,-131.014085386814
"950",950,0.0908141342891804,0.0578392812146423,0.0019569635061848,-133.269783895359
"951",951,0.125027400152668,0.0556223308471349,0.00187960420041122,-133.961672761088
"952",952,0.0962299698549174,0.139879150836423,0.00114316128737669,-132.230083563892
"953",953,0.076079763380488,0.200369067473784,0.00040803017364225,-133.361496874163
"954",954,0.191657086199766,0.214736007672902,0.000237654326765824,-134.207839522591
"955",955,0.1146429698851,0.207449899551287,0.000132716148817515,-134.266497833663
"956",956,0.0751882844252172,0.157030894519655,0.00144623379409609,-132.313466736592
"957",957,0.0757436582655365,0.223731894992848,0.00145489340189123,-133.279243479083
"958",958,0.0910991618177806,0.190628850449663,0.00166153258262903,-133.247374467656
"959",959,0.0986094392490446,0.176076429121486,0.00215506484672289,-133.74930340602
"960",960,0.0359001821700861,0.186415162139087,0.00129358911658893,-132.129704660711
"961",961,0.0615831710377533,0.17987032820894,0.00308782369261708,-133.334496561275
"962",962,0.0688077421529489,0.221315203200184,0.00112822275810079,-133.194328803424
"963",963,0.064790071572437,0.0326866514078945,0.000645374848087649,-132.764454962057
"964",964,0.0889056549199016,0.0796488726003197,0.000303524926483155,-130.714718212868
"965",965,0.109422263958309,0.139597524581903,0.000577796762126896,-131.597592500165
"966",966,0.193230516283394,0.11837497283019,0.000193295735169252,-132.671206132928
"967",967,0.0723284700084504,0.071738031554598,0.000642115336110079,-131.207992237384
"968",968,0.0519430571917624,0.143881643869818,0.00033035834754159,-132.318870363626
"969",969,0.214799295547105,0.167088266258265,0.000135450796054553,-132.79327593638
"970",970,0.130649958508202,0.203330385078671,0.00104968220763069,-133.852532775177
"971",971,0.100204050100057,0.0259375332968944,0.0011324497066338,-134.173909037657
"972",972,0.0738268474748901,0.115828331477444,0.000367244892450453,-131.316550774405
"973",973,0.149368015555542,0.136495133225629,0.000339833798092604,-131.531134454129
"974",974,0.190883085463768,0.177026913979751,0.000954021370894461,-134.098378206993
"975",975,0.0949301724173574,0.173912033187358,0.000562672323723335,-132.553638876332
"976",976,0.135361355712723,0.0611829899670512,4.0924603223759e-05,-133.086426069005
"977",977,0.136858737443593,0.0617318247714127,4.14816585104757e-05,-133.232737794558
"978",978,0.115441060033245,0.107520552532032,0.00071888220003445,-131.252680757374
"979",979,0.163119281275903,0.107505633466193,0.000251562366477359,-131.074189257223
"980",980,0.0697019462993227,0.0696049369769413,0.000810501661709742,-131.494122473259
"981",981,0.122087479900486,0.0568256544581269,0.000319526448198745,-130.854608528747
"982",982,0.122181204425043,0.0816604316540295,0.000114982842654309,-131.060472251729
"983",983,0.101125503548107,0.0466085547228576,0.000241410008400352,-131.4711315713
"984",984,0.110152660387421,0.0867928451061472,0.000638145865757649,-130.828352373578
"985",985,0.0668703132582454,0.109307691680316,0.00176492896693442,-132.768721272724
"986",986,0.0439665628690461,0.204741914645158,0.00425143453385044,-133.822212664336
"987",987,0.0375388256203689,0.111665715955613,0.00148042729918568,-132.026666791378
"988",988,0.0403340810153129,0.179802567658356,0.00511299888737587,-134.045754514825
"989",989,0.00713311301049066,0.139720815737938,0.00286885212136171,-132.303433911637
"990",990,0.0334122079397288,0.115858308842357,0.00301213122901172,-133.177012273848
"991",991,0.0150244967974913,0.125537526611324,0.00319866113405459,-132.723451193513
"992",992,0.0169874452040296,0.166782103798503,0.000292875118586333,-133.202569629303
"993",993,0.187458459873597,0.150049128010458,0.000430329680031027,-132.308975501432
"994",994,0.203303465267891,0.143869305847787,0.000656977478242815,-132.057613723698
"995",995,0.206864946352654,0.15323210808954,0.000630889189791994,-132.235277918883
"996",996,0.0155761040058175,0.171727230529377,0.00612001518893904,-133.731561841505
"997",997,0.0136995607514758,0.171165671524105,0.0060046664222276,-133.628280578048
"998",998,0.0277024747652184,0.187124693115515,0.00510581788610789,-133.574979851255
"999",999,0.0258804732252698,0.178390931964103,0.00309586875698155,-132.286234418109
"1000",1000,0.0278144731626757,0.128715833333648,0.00175323864120133,-131.997288324389
