"","i","asc1","desc1","pol1","p"
"1",1,0.351364987675772,0.829913571937088,0.0946195698073524,-161.992548009726
"2",2,0.328669924757845,1.01297938829836,0.062059570100529,-153.591945156228
"3",3,0.541590302917763,1.12714247236885,0.0508088259587183,-153.215539385688
"4",4,0.576546327662334,1.01214935958171,0.037546706554777,-151.893011828994
"5",5,0.700608243960597,0.946359866320968,0.0153688605669591,-150.422101387629
"6",6,0.754737258692331,0.893243601290693,0.0187312584472957,-152.253401815201
"7",7,0.61104724268684,0.869213703658307,0.0275538372536519,-150.253499456047
"8",8,0.527805826032445,0.855272741247512,0.0351326460237451,-150.390346472227
"9",9,0.52334210467546,0.89704308767287,0.0395827144544182,-150.619651437776
"10",10,0.551591834733052,0.940002057737552,0.0375959855685241,-150.778620479929
"11",11,0.559279213104304,0.976616502774294,0.0383232430011786,-151.243167519419
"12",12,0.594876465822896,0.96302475869281,0.0344851587354603,-150.743646784029
"13",13,0.647043258020978,1.00333622197456,0.0293591397130782,-151.289107215276
"14",14,0.669580439406717,0.967684375920074,0.0244892410670542,-150.513203468703
"15",15,0.707075692966067,0.997571891738705,0.0292756624232376,-150.481015294769
"16",16,0.700684857560316,1.00536382170416,0.0251926877386652,-150.634366582031
"17",17,0.744699329583819,1.0403403596114,0.0206666355037099,-151.384107204444
"18",18,0.81658775618659,1.04808872854946,0.0182737165406486,-150.126885455996
"19",19,0.795867857510848,1.04228514664893,0.0230389816062302,-150.368056564637
"20",20,0.749365767443478,0.999054460984824,0.0256574421789757,-150.550815021812
"21",21,0.744521924206679,1.02111938924564,0.0255635093138495,-150.34083468378
"22",22,0.750490977300935,1.03690888038603,0.0213873049337736,-150.847230226309
"23",23,0.786820138611415,1.01675308203946,0.0252336148494082,-151.062146520287
"24",24,0.752953654856209,1.04782604909475,0.0281699198105983,-150.52584343914
"25",25,0.782000278612188,1.09286697077835,0.02999445873728,-150.722753633187
"26",26,0.768784500391465,1.09397560339981,0.0305752569257806,-150.74896500734
"27",27,0.780173257603567,1.04282444859954,0.0289839999377995,-151.130265070844
"28",28,0.768040667766326,1.09003998972489,0.035280365089447,-151.196292345308
"29",29,0.791778648029341,1.18762686394844,0.0444521124026356,-151.682530278762
"30",30,0.839355784521198,1.22554474743281,0.0360437102915345,-151.329291189705
"31",31,0.857597359012257,1.21725756286454,0.0321319049552033,-151.260727730366
"32",32,0.858338795694526,1.26752806068176,0.0410073620768212,-151.511314330029
"33",33,0.894275004977941,1.28761138481415,0.0370523931537681,-151.501587558915
"34",34,0.954495192093939,1.35930652251937,0.0432716099734421,-152.005463172402
"35",35,0.943314508274534,1.31872120647025,0.0423176216684323,-152.199153701348
"36",36,0.875515972937316,1.29579927853222,0.0418035784682895,-151.604883266875
"37",37,0.916227996686066,1.36545523460339,0.0584983513667122,-153.723292507546
"38",38,0.842248824038764,1.300668455591,0.055317826206789,-152.62045109419
"39",39,0.795638206464585,1.31257666283802,0.0512254121754716,-151.920116954881
"40",40,0.818031430618576,1.33911001241256,0.0489855625325435,-152.127012960384
"41",41,0.896911099371495,1.30640813525387,0.0444557163964232,-151.896540030955
"42",42,0.874125802384872,1.31082806963303,0.0434346756391892,-151.682422137797
"43",43,0.799033753983241,1.21403816019556,0.0333158167704985,-152.263153613781
"44",44,0.771473142455781,1.14197510997028,0.0345851902343564,-151.06953677476
"45",45,0.704236342804516,1.10214084466287,0.0339021310117473,-151.578739297526
"46",46,0.76083446207201,1.05500092274138,0.0207070956977385,-151.325582801388
"47",47,0.818489265134918,1.06295737630207,0.0210948955557465,-150.294395597951
"48",48,0.822906645971562,1.0274139242974,0.0252284678296893,-152.232560873049
"49",49,0.737488234388491,1.0369866362652,0.026831772772935,-150.489267757285
"50",50,0.735379628973439,1.02784076811203,0.0354793385932805,-151.815998414201
"51",51,0.683292721485564,1.1173798059904,0.0450628914212848,-151.240374582342
"52",52,0.772067748873386,1.20763998129881,0.043967755274239,-151.4257766352
"53",53,0.704363725214363,1.01813702477749,0.0328996035446661,-150.723502379752
"54",54,0.646009284807507,1.01778446766463,0.0331147048021056,-151.018811400323
"55",55,0.724578942533125,1.06418655577746,0.0368420026986275,-151.053706664313
"56",56,0.757617343513951,1.13974981886686,0.0356370253959456,-151.124177825873
"57",57,0.755717609697514,1.16857872725231,0.0499453903238194,-152.198854950768
"58",58,0.558529008511411,0.928097383910006,0.0468949136857122,-151.902074854193
"59",59,0.436680880785668,0.893035843741639,0.0533407521830378,-151.272469808392
"60",60,0.475542272053909,0.897990612108867,0.0618681802743248,-154.008334532901
"61",61,0.323969781336875,0.848853547040042,0.0672122759853528,-152.097173341483
"62",62,0.237723631881142,0.835949664258505,0.0570665976974769,-152.605064708767
"63",63,0.234124848394387,0.844017531110704,0.0771361749693872,-152.14202847093
"64",64,0.0286912065301019,0.621591961266271,0.0661286493598613,-151.450629788704
"65",65,0.0620724477270697,0.60146386432398,0.0572467984349633,-151.566432675225
"66",66,0.0482349104237059,0.550297223194373,0.0512581168248316,-151.735125461077
"67",67,0.146889305325112,0.540718455312481,0.0394088837681211,-151.023064539857
"68",68,0.144731034399029,0.480535730971956,0.0326630861369427,-150.554575685237
"69",69,0.232955492876601,0.535434244833956,0.0306354607404367,-149.826337188004
"70",70,0.276024154102608,0.6278061733059,0.0358273719715725,-150.329131026291
"71",71,0.281128735875921,0.6569792641265,0.0353993775669978,-150.904336762033
"72",72,0.323566007588377,0.671028060792782,0.0396970765221684,-150.465694027986
"73",73,0.240494360749439,0.584461157611097,0.0413433783131185,-150.710502429331
"74",74,0.238531577721725,0.632565395090429,0.0454523498464093,-150.748735384474
"75",75,0.223367679002185,0.602720008792459,0.0478993874408659,-151.277721688567
"76",76,0.149750650655314,0.652636196088243,0.0678346298273415,-152.403519965342
"77",77,0.150219212695269,0.86000325652227,0.098288684512153,-153.353674337299
"78",78,0.136365991315181,1.04981444189301,0.117510578373996,-152.939262544522
"79",79,0.0306309327524975,0.994622911225614,0.115225265980714,-152.301369965752
"80",80,0.109357533320203,1.18602034289631,0.134637844184614,-153.02514234751
"81",81,0.267804574650379,1.64581077543787,0.135214567656238,-154.849290097228
"82",82,0.536084161112841,1.72849359821098,0.127280029624217,-154.066522485692
"83",83,0.456170267347124,1.35610881857231,0.111746071831911,-153.33510840859
"84",84,0.463720052267805,1.44679543132827,0.103297747283722,-153.323565030224
"85",85,0.624290916455312,1.54391825168264,0.109424540130233,-153.507375620765
"86",86,0.530169221843531,1.45387147518975,0.103245503550878,-153.112615545057
"87",87,0.61867294852476,1.50058449676894,0.0943840653232459,-153.143133401419
"88",88,0.550457720456747,1.3163688515517,0.0828607124330307,-152.568749467967
"89",89,0.574072776548751,1.30125727162685,0.0747562003074825,-152.551208439453
"90",90,0.526508412636339,1.1884516255068,0.0714188165367131,-152.10486032259
"91",91,0.516244288240232,1.0033488886329,0.0647163756167472,-152.792705418767
"92",92,0.277170983273642,0.998875984325037,0.0669761274004639,-153.507847761474
"93",93,0.540396588427517,1.1327541340641,0.0598702862277445,-151.930858019464
"94",94,0.576461159545862,1.15789785289507,0.05700874410186,-152.033669266136
"95",95,0.641993068584129,1.20779919970259,0.0593030836470108,-151.841767543481
"96",96,0.682984701636457,1.33308439194076,0.0551433474498018,-153.858311292482
"97",97,0.75317740654936,1.31236032166392,0.0672002596894098,-152.638767436203
"98",98,0.633102880332706,1.36675080027036,0.0861144748095461,-152.806867277687
"99",99,0.613945508088191,1.42867352905027,0.0849631558123618,-152.930173554588
"100",100,0.686999732966648,1.63945855365538,0.119814121030036,-154.200399918892
"101",101,0.646167549887226,1.72961185123951,0.116091971466176,-153.914420896233
"102",102,0.727868759393882,1.79080706468873,0.12200968544767,-154.071275708538
"103",103,0.797757941196397,1.99362633177619,0.125988264939581,-154.658533294829
"104",104,0.823240927662984,1.86325076894036,0.129846463399808,-154.790298610156
"105",105,0.850396791987498,2.08888999051385,0.15779355793219,-155.666120439746
"106",106,0.551678397211064,2.06990493343413,0.17145853717615,-154.957833197758
"107",107,0.874721855423189,2.60599440239365,0.177311995639318,-156.667614250614
"108",108,1.24949325702564,2.95802945401415,0.197538165948185,-157.552237734243
"109",109,1.2599617384835,2.91266676863573,0.201246868345346,-157.735093125135
"110",110,1.11784282942763,2.80622618184264,0.199897473042988,-157.197384856392
"111",111,1.27060604585895,3.08920539647867,0.178013209610014,-158.233518260397
"112",112,1.47696458680947,2.99873812426024,0.155298997050198,-157.587996585394
"113",113,1.65093034034868,3.05513857101764,0.12782337747519,-158.27235074714
"114",114,1.71053218018127,2.72421092596915,0.0825005492429254,-157.660516593787
"115",115,1.93713042453051,2.80579532081443,0.0968913264057018,-157.222657461857
"116",116,1.87772457289292,2.91440237541756,0.0871497985322899,-157.851073300944
"117",117,1.94954755554707,2.92986085418321,0.0919057049278575,-157.242864132437
"118",118,1.96733409857474,2.91174004530457,0.0904831419333907,-157.132961131386
"119",119,2.04477057664771,2.96004852730175,0.0897665972599094,-157.293049310539
"120",120,2.03375352771698,2.90823402817064,0.115305152030965,-159.315891058247
"121",121,1.93377347415405,2.83660565359175,0.105102451310377,-157.610192016118
"122",122,1.71389484870074,2.67148958092075,0.101756948577746,-156.435594175429
"123",123,1.60686203719186,2.44354137225369,0.0664054045241259,-156.674863803812
"124",124,1.63665444435673,2.49997585631327,0.106855153868387,-156.945409641377
"125",125,1.57331428078181,2.55697330148462,0.112162706847645,-156.352558812019
"126",126,1.72904997789297,2.58756505063698,0.111384966747388,-157.849672536234
"127",127,1.55959798036386,2.72746608217796,0.117047038053739,-156.629744978724
"128",128,1.60605442906758,2.64266058472484,0.111318724483857,-156.358641535903
"129",129,1.70571982387321,2.8368580228661,0.101937202358601,-157.341013544392
"130",130,2.01581986462011,2.94688096264245,0.0852590678807177,-157.31376494294
"131",131,2.10136746489969,2.95338451833245,0.07411198561817,-157.405240011337
"132",132,2.18823339515419,2.85845816171337,0.0684910565686198,-157.236815203279
"133",133,2.03385172479544,2.71622065497125,0.0552133252871638,-156.660613834353
"134",134,2.05876682621653,2.61420974799911,0.0356899102168634,-157.19551910345
"135",135,2.08597374530817,2.43110218077771,0.0357458233815656,-156.491370115837
"136",136,2.04415658906,2.49281101489053,0.0376339239747537,-155.555457237969
"137",137,2.08983081867779,2.59064108161922,0.0511292026199608,-156.50878943857
"138",138,2.01825264736534,2.70368741947017,0.0566760755338474,-156.547881511605
"139",139,2.10618863000506,2.60918685196345,0.0355920660286444,-156.290785591901
"140",140,2.1949050608151,2.70821280785482,0.0543415202490781,-157.199187816648
"141",141,2.06544335708167,2.57992967501531,0.0385616476419627,-156.057116424682
"142",142,2.20250130129469,2.7326959397256,0.0457310546441289,-156.456123632892
"143",143,2.10926300784073,2.55556571117465,0.0264087618332285,-156.615489824771
"144",144,2.04987645625527,2.31816050559909,0.0218006611097898,-155.024966572579
"145",145,1.89068611801812,2.25173721386299,0.0260657909362095,-154.592429591907
"146",146,1.92844070996499,2.19994823554153,0.0109475692867499,-154.939311000861
"147",147,1.94536497870976,2.14656646534402,0.0148429367300856,-154.174827063325
"148",148,1.96742976883594,2.26426766278897,0.0277380112175058,-155.324818944099
"149",149,1.95890672806622,2.27680269045285,0.0165253232848489,-155.083219475917
"150",150,1.97981128137428,2.23797118561642,0.0195550484520392,-154.493533676482
"151",151,2.0268968927573,2.24336953436939,0.00815161891293925,-154.021175627951
"152",152,2.0624674605361,2.20544093251372,0.00025322525703853,-153.099059763486
"153",153,2.12448497837635,2.1912022342533,0.000519027218561782,-152.149442895358
"154",154,2.14778903857588,2.25737375413981,5.22801519705467e-05,-152.447047766049
"155",155,2.07667047675611,2.19134225857375,0.00128617289784643,-152.396911027204
"156",156,2.08018352186619,2.12650242688391,0.00110619347262987,-152.634927960213
"157",157,2.04090934867777,2.12450686992286,0.00602732451626683,-154.277878054714
"158",158,2.02826627181125,2.22869121846477,0.00688313581608898,-153.790418710093
"159",159,2.05300094948369,2.22887022067035,0.00828602116932774,-153.593742536175
"160",160,2.08418893524067,2.26142261380303,0.00740571253834011,-153.618439707229
"161",161,2.131638972913,2.38520948362088,0.0226209447638995,-155.803634368062
"162",162,2.11208470370265,2.38664180063841,0.0184976426701697,-154.818231815726
"163",163,2.03073552580316,2.38378828132808,0.0269269883919389,-155.031792964056
"164",164,2.02999733656108,2.36006653955312,0.0380247038275669,-157.158582359356
"165",165,1.94009833994004,2.43170388206335,0.0492144330281238,-155.767826411213
"166",166,1.7945280302097,2.35642784534711,0.0549871793439766,-155.261228434476
"167",167,1.67940871022699,2.19010738920951,0.0561069596838826,-155.281171898052
"168",168,1.64117113195183,2.26903140755891,0.0664961249579637,-155.163256104212
"169",169,1.5062919506717,2.15693595423197,0.0544387478453535,-154.899507108617
"170",170,1.56664225298596,2.11042760736709,0.0610337509804367,-155.034631151592
"171",171,1.54251349327078,2.23803617474179,0.0725704589406922,-154.935919295241
"172",172,1.59067117735955,2.3250156856329,0.0781414843420987,-155.303797431339
"173",173,1.50556146136191,2.16816514763107,0.0797462776510192,-155.650115463753
"174",174,1.23843923835801,2.29710295528501,0.147234684968242,-157.581652062329
"175",175,0.8924691743224,2.33971514048029,0.155877809928326,-155.651984769244
"176",176,1.08450782135503,2.4479558619116,0.144769341924819,-155.902466670154
"177",177,1.12569681649967,2.37140445692507,0.131641942434418,-155.62145936797
"178",178,1.09636184530591,2.10991115337749,0.0984143405464535,-154.947304351507
"179",179,1.27571116065088,2.14060194390112,0.0893684960810059,-154.65401365981
"180",180,1.28405608675792,2.11272164586102,0.0855730641428137,-154.540339246055
"181",181,1.29146350713605,2.20806670437223,0.108958081052294,-155.465535374302
"182",182,1.17114110585035,2.08307014129991,0.0819591865089828,-155.156889417262
"183",183,1.41166115884565,2.15719123738741,0.0877420951944999,-155.303413408838
"184",184,1.27454152266509,2.05136941920978,0.0912304319731,-154.883853918005
"185",185,1.22035563755462,2.06417200181289,0.103615018777786,-155.285673201056
"186",186,1.11692384265556,1.90159302986761,0.0778216157121158,-153.928867623567
"187",187,1.22808957317207,2.03975341795299,0.0893981387731194,-154.461175990487
"188",188,1.095425172442,1.69850535742481,0.0630124529662408,-153.119389238028
"189",189,1.03954935538859,1.59310464011736,0.0495223841867672,-152.939767871063
"190",190,1.09997855731611,1.62839332201927,0.0478870168444947,-152.865525711155
"191",191,1.09078811454244,1.56045278697487,0.0445636971745204,-152.444970015977
"192",192,1.05936451004899,1.57156822566869,0.0537218044150607,-152.66757894336
"193",193,1.07659515580581,1.47599329499596,0.0280311003151798,-153.388480697936
"194",194,1.25828918055654,1.58622149189059,0.028631771895782,-152.28101227793
"195",195,1.24840527820837,1.56840177657371,0.0278613903837991,-152.207513549185
"196",196,1.2511159179217,1.58793059754819,0.0252605024114418,-152.500492431802
"197",197,1.2784033858361,1.61940559218552,0.0336546328288231,-152.714585228835
"198",198,1.28175994822838,1.67157122037216,0.0385654632980366,-152.857930665968
"199",199,1.23001592772655,1.6027406868728,0.0367338791963333,-152.597646327128
"200",200,1.15744158132675,1.54648283121632,0.0288148631357914,-152.920767647597
"201",201,1.2767321998551,1.65291617204966,0.0283439453314912,-152.916940011175
"202",202,1.31482195049362,1.64844255427245,0.029235409964631,-152.509653195502
"203",203,1.30564496064703,1.59725326296879,0.0156480039777733,-153.517743319225
"204",204,1.35470490512953,1.58536370595174,0.0134767545373644,-152.06518775034
"205",205,1.39913603405629,1.62055479069452,0.0128027181555469,-152.069439754808
"206",206,1.41137693281507,1.59912910512673,0.0134543721217233,-151.920816172924
"207",207,1.42960770529236,1.59148692658061,0.0141507645121134,-152.553963578464
"208",208,1.38084979122703,1.56869584387221,0.00938171881847298,-151.658726601425
"209",209,1.39789372822189,1.56625593618786,0.0096523937028978,-151.489301706273
"210",210,1.40886686742223,1.58620616887964,0.0126243413081301,-151.848052600178
"211",211,1.36441749071504,1.59152804535296,0.00448335273217379,-155.108826043245
"212",212,1.57196085701488,1.66362668619932,0.00646180829460499,-151.732369563721
"213",213,1.55138919776529,1.67449869528661,0.00580848966921649,-151.28104670865
"214",214,1.50722816499797,1.68410529389056,0.00962125740519758,-151.8922548416
"215",215,1.50186754318727,1.65123402415622,0.00782868349826705,-151.562928060287
"216",216,1.52113764491278,1.68717092474366,0.000932105390907239,-152.552739975197
"217",217,1.60263397685837,1.76030320782982,0.011186191346273,-152.50526057681
"218",218,1.57682079852191,1.7593925044351,0.00735218346220139,-152.234469672974
"219",219,1.57970818524194,1.7204343990975,0.00830836508774549,-151.880428462555
"220",220,1.60282220736758,1.74396940126789,0.00335729775116419,-151.701848349662
"221",221,1.6269048622156,1.70206968894959,0.000595765264174383,-149.94176423773
"222",222,1.63150749611268,1.67624258579368,0.00152010641599692,-150.130608528162
"223",223,1.60602364917678,1.68238066146335,0.00019525459080747,-149.882618104234
"224",224,1.63642866053435,1.68334311432991,0.00390259559785575,-151.837770655727
"225",225,1.63299772194601,1.82463924498586,0.0142381135106813,-152.887130807519
"226",226,1.62915421127466,1.86462205777466,0.0102715157236754,-153.363252718399
"227",227,1.71543588287547,1.86048876423313,0.00602143202553676,-152.047957055533
"228",228,1.72352787577597,1.87831365774234,0.0112923352745319,-153.097100402953
"229",229,1.64490101818937,1.78290754526929,0.0111341530080445,-153.061050739069
"230",230,1.60314653587567,1.78463999277248,0.00673807803457951,-152.334417065532
"231",231,1.68408660730556,1.76004478049282,0.00443764185426277,-151.598416868669
"232",232,1.62895139552127,1.67077261951301,5.13916969290767e-05,-149.27715909961
"233",233,1.62050969411808,1.66752548117648,0.00115884843839717,-149.815393744746
"234",234,1.59952849425885,1.66005287402195,0.000864550532805804,-149.596486675558
"235",235,1.62881353232457,1.68258361254726,0.00451104483360264,-151.983213639245
"236",236,1.56946350309597,1.71568960557862,0.000690595940582665,-151.912275067841
"237",237,1.55980607386135,1.59651004090068,0.00251582059059983,-150.58467362699
"238",238,1.50878766812511,1.6142084890931,0.00168190010684669,-150.658385776235
"239",239,1.53682465296176,1.65476834235095,0.0095397366839995,-152.393909822899
"240",240,1.5268166761488,1.70663653628884,0.00884522137746081,-151.975222993381
"241",241,1.59098863592446,1.74235318913069,0.0101138949101361,-152.262377633018
"242",242,1.48717800957107,1.70208736772704,0.0131633251298399,-152.22205013154
"243",243,1.48837161653869,1.66430734585965,0.00509822857596728,-152.082062425161
"244",244,1.47681540101918,1.53875073273772,0.0006654524622922,-149.045593346554
"245",245,1.51661995040259,1.59966509493807,0.00114623019333087,-149.891471630304
"246",246,1.58622436089181,1.58081140564389,0.00268292606680095,-153.541199320548
"247",247,1.38423627451025,1.5331353785949,0.00946342650115872,-151.36508021421
"248",248,1.38583201578017,1.56245888234857,0.00713142033158158,-151.604911070891
"249",249,1.38093424273876,1.53432603464332,0.00427334245790351,-151.280699351872
"250",250,1.37719401102408,1.52901600558989,0.00090179543809061,-151.465733495814
"251",251,1.38340505579897,1.41573603201724,0.000133439727091254,-147.837095431923
"252",252,1.36697484442508,1.38790977798315,0.000395300224613335,-147.887035112068
"253",253,1.34953084512965,1.39113136637006,0.00046502849592996,-147.944846926795
"254",254,1.32826008839589,1.38860211041626,0.000390568107781709,-148.474047659661
"255",255,1.38328434839761,1.50567216556065,0.000849489377379275,-150.78434564126
"256",256,1.47109891160468,1.48658067710833,0.00101891278548078,-149.338408726474
"257",257,1.47144338803977,1.5187711373053,0.00144480459400518,-149.104803015448
"258",258,1.50088937215508,1.51027893945293,0.000948631507295066,-149.752386418812
"259",259,1.44117512756872,1.46809957544823,0.00178454792428491,-149.436381483774
"260",260,1.4452798458011,1.46756557189028,0.0027844776006502,-150.581021333038
"261",261,1.36060858310227,1.47339417738812,0.00852539492749868,-151.245953823513
"262",262,1.3531148043248,1.55561965894148,0.0112330948614174,-151.7195153184
"263",263,1.32100812117454,1.50905563219576,0.00904148983924256,-151.505542588313
"264",264,1.37481772142928,1.52227667197441,0.00917096516764681,-151.288912457524
"265",265,1.37482035179791,1.54337605925972,0.00894203746470879,-151.395230792554
"266",266,1.38000263099126,1.51013963818786,0.00160411474072773,-150.903596199427
"267",267,1.38208084879581,1.48513548791794,0.00448541421502751,-150.281569200368
"268",268,1.32170985544981,1.50411567811678,0.0134174515934602,-151.611059478459
"269",269,1.30570210905733,1.48020679750953,0.0149404438529978,-151.963226386102
"270",270,1.23294459271659,1.459644867904,0.0150788065657081,-151.526242535843
"271",271,1.25039820776653,1.41825707846719,0.00201569748603411,-151.570490295619
"272",272,1.39564547535796,1.46363185962951,0.00167581430522556,-149.101577515069
"273",273,1.40828819535616,1.48171896922608,0.00236848908436037,-149.421169027199
"274",274,1.46045701624053,1.50526410903624,0.00212898431842629,-149.456868338355
"275",275,1.47979141046638,1.52204537653458,4.9030937017621e-05,-148.455135443446
"276",276,1.50227054886407,1.5453446996577,0.000839511529442754,-148.959229254264
"277",277,1.49248540493125,1.50202669719999,0.000226457277425243,-148.951598043522
"278",278,1.47195863136857,1.49040381459124,0.00110457871480467,-149.32526286758
"279",279,1.39589532705383,1.4862086280511,0.00464092814754581,-150.187244191128
"280",280,1.32436272760142,1.36709191164297,0.000485066519965117,-147.855705348614
"281",281,1.33000028873086,1.37968792330524,0.00150063995877169,-148.394815015729
"282",282,1.33973578929715,1.37789938842258,4.92269612465691e-05,-147.667130432666
"283",283,1.31546910150105,1.29042700822842,0.000233928974341659,-149.133586228223
"284",284,1.2432906352504,1.23959095198679,0.000252234808152428,-147.240615936499
"285",285,1.16741355481877,1.22731427634725,0.00135845796493196,-148.0669790399
"286",286,1.22375011478632,1.25238568406522,0.00146584488676444,-147.623091283765
"287",287,1.23520523917306,1.27103761258778,0.00252975442172051,-148.396292176952
"288",288,1.24537613510409,1.3092161800559,2.23889724852845e-05,-148.51091810179
"289",289,1.25762270941151,1.30368842483891,5.93783102314378e-05,-147.606296228424
"290",290,1.29188430481216,1.28639861995317,0.00133145068827393,-149.096974543529
"291",291,1.27179795408402,1.31529847224645,0.00156569417191357,-148.043896422628
"292",292,1.29670745578116,1.33129111090611,0.00341636324676781,-149.553115613672
"293",293,1.24127961358687,1.38226019923606,0.00860926276296369,-150.760819008902
"294",294,1.26493583833219,1.37914576322809,0.00488403706299495,-150.240011134959
"295",295,1.24356157534957,1.39688521420373,0.0112330921164877,-151.14339284149
"296",296,1.23013744180501,1.37034653037608,0.00781994483550749,-150.660921090487
"297",297,1.19092259190132,1.37718488936078,0.0113239787451633,-151.004801916139
"298",298,1.23317266659443,1.39874340690776,0.0164075331317831,-152.339411872213
"299",299,1.21879575581644,1.38366550295428,0.00925350656964092,-150.884938589778
"300",300,1.28440595347179,1.46612578546411,0.00522222728659519,-151.626710348755
"301",301,1.38192957310864,1.4550867898583,0.00353954366958789,-149.658282031558
"302",302,1.37216381527646,1.4616342269173,0.00343731945398797,-149.835198753979
"303",303,1.39671636100602,1.46036140262312,0.00338852985859263,-149.653662477151
"304",304,1.38040629794091,1.47139356813352,0.0029372774768639,-149.849097110933
"305",305,1.38611436477826,1.50817433994979,0.00395224972930777,-150.730541266401
"306",306,1.41070699919951,1.4858373506263,0.00454234874978017,-150.213150068826
"307",307,1.43252861948861,1.54421686273574,0.00939638060423537,-151.973303676278
"308",308,1.36950043749539,1.44774748201844,0.00722545201189934,-151.415225491661
"309",309,1.26078821606468,1.31433885812115,0.0028588293130682,-148.683698649945
"310",310,1.24066061061422,1.32684552626814,0.00211153931194233,-149.371430345786
"311",311,1.15281808477962,1.1309355452863,0.000151090866927302,-146.996230885541
"312",312,1.15237641172922,1.29015576283848,0.00285013859273185,-150.114346616996
"313",313,1.24736406589792,1.28965564232401,0.00286811528442007,-148.639923994445
"314",314,1.2287226641306,1.30035309425158,0.00136998104613319,-148.747937328796
"315",315,1.26626303263411,1.29512266626244,0.000530847431388821,-147.314493317251
"316",316,1.27265604162774,1.29952833899928,7.31348336887766e-06,-147.04896970205
"317",317,1.28736327080214,1.35415137838095,0.000997699990558882,-148.663965144996
"318",318,1.35653265201847,1.39608001064861,7.78616606128216e-05,-147.792654565823
"319",319,1.34538702186043,1.39012342965445,1.87244392980494e-05,-147.873796913902
"320",320,1.34068849113786,1.33478393354735,3.52057765448666e-05,-147.994507326942
"321",321,1.29972111851526,1.32110977357822,1.8389597653042e-05,-147.158314734288
"322",322,1.29671666608915,1.33254879379856,4.72252524497436e-05,-147.396241054238
"323",323,1.32093693415798,1.30212518479745,0.000751679989804904,-149.48640842811
"324",324,1.27798416000247,1.28255484286059,0.000960878774274621,-148.049879196684
"325",325,1.28112494899011,1.27644606406556,0.00135528567274302,-148.976409552971
"326",326,1.27620098319414,1.31282694699238,0.00185496773254264,-148.198311712929
"327",327,1.30786031084589,1.31829168962141,0.00178950921122541,-148.971396005743
"328",328,1.25887057371654,1.29389628161776,0.00257684666796768,-148.600140644337
"329",329,1.19047525229632,1.23807589802505,0.000284977499146821,-147.490233501479
"330",330,1.2476146579877,1.29053349907449,0.00076987389605809,-147.601670801531
"331",331,1.2763553011505,1.32162287022518,0.00114813482932581,-147.920936788785
"332",332,1.30693247795911,1.36472824077712,0.00456665989384713,-149.885169700893
"333",333,1.27322517115956,1.37585697081129,0.000954432735286145,-150.129239629352
"334",334,1.213568679067,1.29034351808987,0.000562537058984662,-149.071438192911
"335",335,1.21111850978284,1.31157985155562,0.0124249773982081,-152.972922183366
"336",336,1.21499854533427,1.47000895815583,0.0152625714164282,-152.07455359071
"337",337,1.32227908823855,1.58678750957986,0.0283672591386636,-153.348001839465
"338",338,1.34526123543033,1.53840747988823,0.00714806680264959,-151.91616425565
"339",339,1.39067246842469,1.43200285217902,0.00567694941876983,-151.987668064533
"340",340,1.36531763362778,1.47349675407503,0.00536035756442875,-150.427932403859
"341",341,1.31469814841108,1.47527833433447,0.00451585275176765,-151.179311649595
"342",342,1.39758806078402,1.46288740145971,0.00479117329844981,-150.407159406701
"343",343,1.3490298331415,1.47447071235186,0.000709687566364094,-150.691580003622
"344",344,1.39333593189627,1.45128879631225,0.00173212447484976,-148.90380059752
"345",345,1.38689373349304,1.42144122580171,0.00255553988202927,-149.477195298025
"346",346,1.31658189899094,1.44498377479304,0.00481056459622705,-150.674527327991
"347",347,1.30808494948206,1.46771466609228,0.0100952910451458,-151.196181042499
"348",348,1.31373786503693,1.47455240513284,0.00702232422071487,-151.124018341805
"349",349,1.35049001552208,1.47209980491164,0.0103104209059654,-151.740412870816
"350",350,1.32313844376505,1.47763914966069,0.00870456903550826,-151.109613968239
"351",351,1.32809553614181,1.49074813279948,0.00855994513567324,-151.188900444786
"352",352,1.36138593753714,1.44172430641789,0.00369384297598355,-149.686927048754
"353",353,1.35623176752158,1.41982227015082,0.00618435502135246,-151.134841282877
"354",354,1.233584307193,1.38687184795455,0.0066219389973144,-150.775500841854
"355",355,1.27057207458218,1.35973575418194,0.000877013481191937,-149.694917440867
"356",356,1.301198420752,1.30374187339811,9.91048190749266e-05,-147.417746891168
"357",357,1.26027157591814,1.31265423315406,0.00011180835371888,-147.914185388379
"358",358,1.2718513350532,1.32025600881107,0.00291129416720709,-148.772625824103
"359",359,1.24328786408615,1.28940501501584,0.00146004059354336,-147.89793151503
"360",360,1.24792377603947,1.27028852363956,0.0025309666321831,-148.782157919905
"361",361,1.24776043019071,1.26647096187261,8.79859830764829e-05,-146.836257611208
"362",362,1.25315148353473,1.28758692602389,0.000160533600502191,-147.184663022732
"363",363,1.3169414347797,1.35133775111311,0.000397075750297425,-147.614642290372
"364",364,1.3273222644414,1.34339825631333,0.000769837542508303,-147.961554355511
"365",365,1.32559802326368,1.35182424811923,0.000442073778229595,-147.617881952517
"366",366,1.22147195160292,1.21598470945358,0.000706515358774345,-147.631004645139
"367",367,1.23701417979231,1.3055841017033,0.00289712573764507,-148.800170016379
"368",368,1.26664771517726,1.33836047252996,0.00304603238337248,-149.013193234705
"369",369,1.27797514147672,1.31452707479801,0.00206136325296641,-148.344280283545
"370",370,1.29880832789845,1.3486805764313,0.00124207301740591,-148.157882285701
"371",371,1.36181087794302,1.46536770888847,0.00292482595384455,-150.203849824259
"372",372,1.3487977121357,1.39428270596085,0.0030443591026832,-149.353980492111
"373",373,1.32696257386816,1.49290590648321,0.00498852037113842,-151.320104821208
"374",374,1.46638538073091,1.60198020972925,0.0079085126989893,-151.390511281828
"375",375,1.53324234165432,1.71429093660329,0.00844759030560025,-152.021853945965
"376",376,1.54615917056073,1.68491562901888,0.0082196907345222,-151.740279177029
"377",377,1.51984622251996,1.57923344725636,0.0125025013396233,-158.101497945395
"378",378,1.31165929586525,1.45778838178847,0.00180707547106969,-150.93772466757
"379",379,1.29193789548418,1.45601177176943,0.00492540691841035,-151.15362374077
"380",380,1.32452457106876,1.54382778698168,0.0247190829828888,-153.805137076422
"381",381,1.2053557610651,1.46954773766762,0.0205183090116218,-151.699851275171
"382",382,1.18009338856561,1.46376168380084,0.0262955927339738,-151.952892647786
"383",383,1.11963513588091,1.37914341256773,0.0241880510312871,-151.668805038347
"384",384,1.11869544652946,1.415224598001,0.0207517410746208,-151.992896777358
"385",385,1.22749880460285,1.46037471120448,0.0178491976537606,-151.571043026422
"386",386,1.19589195180279,1.43336278947955,0.0186935676509311,-151.509901725858
"387",387,1.20057136653198,1.56138021270904,0.0254411197853983,-152.956437790193
"388",388,1.31918854905115,1.56228189600045,0.013038981147301,-152.386272730659
"389",389,1.38669030453244,1.5800790847806,0.0109680503798476,-151.701346125571
"390",390,1.43115687727491,1.61727451258176,0.0110538059761142,-151.773512347723
"391",391,1.43808433742146,1.57645241664457,0.0045665131841253,-151.175756118576
"392",392,1.48545556318114,1.58351253470903,0.00138791761619772,-150.374625195155
"393",393,1.53573692384067,1.58195086525011,0.0045373775164305,-151.7173842078
"394",394,1.51924972304107,1.56386715161856,0.002746929499973,-150.257725125737
"395",395,1.48899117289929,1.53776340066789,0.00265791362040643,-149.916720888744
"396",396,1.42086858456613,1.4431757843713,0.00240594993768756,-150.015771077509
"397",397,1.32663399016294,1.40058869943488,0.000701330998508258,-149.098226558555
"398",398,1.37260389253328,1.43502091780216,0.000929397242854962,-148.731140255864
"399",399,1.38652219764579,1.42218482794164,5.00459763819714e-05,-147.858444443346
"400",400,1.43358538216069,1.40946498484119,0.000175644506517911,-150.220472069658
"401",401,1.32613894017575,1.4212595056158,0.00416621066234978,-149.912048061507
"402",402,1.35016802387581,1.44715573484266,0.00395865947065717,-150.001929117504
"403",403,1.35039719558426,1.43344253158299,0.00862717204732322,-152.04216868074
"404",404,1.25909102115016,1.37127836540584,0.0073565100732634,-150.473776597157
"405",405,1.2545777976414,1.42889556688132,0.00688939653916064,-151.144184621638
"406",406,1.30408398546494,1.43389853526192,0.0071083113640211,-150.717805591844
"407",407,1.29555716740008,1.38101701234534,0.00877130727870293,-151.724403068643
"408",408,1.18726043247766,1.34657265238293,0.0103995298339939,-150.823638629926
"409",409,1.20525209861278,1.35314745888797,0.00389014371133698,-150.521994529908
"410",410,1.29896108821886,1.3582140040803,0.00165234798170459,-148.505639901106
"411",411,1.30247934623427,1.31116505454747,0.00103604890816941,-148.200765821833
"412",412,1.23285958369409,1.2789942186491,0.00137628867165097,-147.819031233223
"413",413,1.21578232211765,1.22050714125928,0.000864517924456621,-147.392606404859
"414",414,1.20390206032888,1.19800480636151,0.000800638935546735,-147.591784784623
"415",415,1.21762734434681,1.22139750745024,0.000285127804511928,-146.847963835075
"416",416,1.19019185125933,1.24274379236882,0.00229808621031348,-148.091042682719
"417",417,1.20011822060469,1.23108463561785,0.00205396346720657,-147.866558034788
"418",418,1.17284019262117,1.1691312046851,0.00146385723570697,-148.007871937192
"419",419,1.05712922672852,1.17810650805377,0.00184580031592261,-149.476047016347
"420",420,1.06476331450267,1.07314183543048,0.00173046153991428,-146.866449904202
"421",421,1.07396004260336,1.08544213252488,0.00145549305557465,-146.624752460042
"422",422,1.0554754161252,1.08533112521705,0.00138924000372843,-146.559812839132
"423",423,1.05532523323812,1.07837966980459,0.00198796096605013,-146.854743683096
"424",424,1.029916726014,1.06090591372973,0.0011403816267312,-146.353428490111
"425",425,1.05699226669319,1.09619174128863,8.81895573161717e-05,-146.663920502316
"426",426,1.04755039531851,1.12263535523373,0.00294100068866945,-148.508211042031
"427",427,1.03524637093406,1.06721014032181,0.000740527682901967,-146.286979567758
"428",428,1.04810203357123,1.03039286899783,0.000625120126745295,-146.268203677682
"429",429,0.986491577631755,0.957736023048949,0.00014468860001352,-145.397650845593
"430",430,0.964327303013748,0.985946723050114,0.00142706184735641,-145.864017818466
"431",431,0.966778922626481,0.973405742751381,0.00151709775510142,-145.832318635392
"432",432,0.979033160280362,1.12263432455738,0.0022887505505733,-149.225980878246
"433",433,1.04404609498715,1.08527198748788,0.00242850823083079,-147.233891505967
"434",434,1.03927825620445,1.04357068830505,0.000374286291630736,-145.417944720695
"435",435,1.04177592599204,1.05293200903116,0.00345752770189372,-148.472767754698
"436",436,0.91296642290602,1.10605091710858,0.0122011053435219,-150.011868942377
"437",437,0.919813113775106,1.0543476863117,0.00941928518007945,-149.799069000274
"438",438,0.986506788154135,1.11721516428841,0.00226463205878838,-149.129268130211
"439",439,1.07095469467996,1.09809549443364,0.0036333393042742,-148.297357012609
"440",440,1.04931682603535,1.10159097732949,0.00458533806565414,-148.470882458167
"441",441,0.975961628484948,1.01954027914282,0.00387228527650706,-147.650059917088
"442",442,1.01219973585674,1.02622081714132,0.00279287139420673,-147.363870829127
"443",443,0.980516553851477,1.04540831898192,0.00633735675544895,-149.008062046752
"444",444,0.954731199254677,1.01755089820668,0.00446421519779315,-148.068529753846
"445",445,0.946804458592161,0.991622864908859,0.00267432443618594,-146.996875942239
"446",446,0.966942079417245,1.04101416769972,0.00495648262789128,-148.487084044015
"447",447,0.878228530016638,0.961523898132956,0.00575062739452543,-148.613977820504
"448",448,0.891922507723586,0.930149901797545,0.00104300943053579,-146.211388729657
"449",449,0.934556235323956,0.952057038338051,0.00125339669946306,-145.479026224124
"450",450,0.942969243913274,0.948506259729911,0.00122347420303037,-145.361588462082
"451",451,0.950805393808837,0.944412503125965,0.0011129072200952,-145.447704217883
"452",452,0.940599363703883,0.923365441785232,0.000691938519052462,-145.118827192933
"453",453,0.929776978896854,0.929398472453971,3.16221144057098e-05,-144.209411386274
"454",454,0.962668931566894,0.954747025179975,0.000409258489385655,-144.798719603476
"455",455,0.952522266122708,0.962056014553901,0.00236267650011657,-146.509104867362
"456",456,0.955867439861344,0.968362069312896,0.000610566424295019,-145.102409369321
"457",457,0.951108790651364,0.915730274626781,0.000704860371762746,-146.320743111819
"458",458,0.945582544613046,0.911067560483783,0.00017907915223655,-145.271318340481
"459",459,0.921504311034966,0.890291287454405,0.00104909639878098,-146.205179274035
"460",460,0.877129732041797,0.937626166261378,0.00343288799411732,-147.567691192618
"461",461,0.890035868484788,0.929481837458372,0.000676088623935895,-146.273622877318
"462",462,0.798291811580495,0.768404253241482,0.000820212204394312,-144.067428216248
"463",463,0.780022377545904,0.756437912854161,0.000935847363745988,-143.740822642758
"464",464,0.7807664324342,0.757042539908921,0.000615748246631266,-143.297105506323
"465",465,0.73607981515587,0.748494208992873,0.000309844440329836,-143.833401545205
"466",466,0.761899960056201,0.741136095881775,0.000305607025947009,-142.632534951984
"467",467,0.736027549990001,0.703839779618699,0.000335641533624973,-142.53796942647
"468",468,0.675560702171004,0.649112194101179,0.000517556902964081,-141.871020210307
"469",469,0.478784283646426,0.633299106513643,0.00221873934858231,-144.492182648569
"470",470,0.4968768779786,0.515853758493718,0.00106406704089744,-142.867281665995
"471",471,0.483098620899666,0.502000255467902,0.000587685836554133,-142.185741201894
"472",472,0.434212779735785,0.43903001130846,0.000101291583578115,-140.34447353142
"473",473,0.43895490646989,0.373773028230841,0.000210705109020075,-139.167846982082
"474",474,0.242977129896051,0.285253225761694,0.000718223659270739,-137.313808621217
"475",475,0.26727660193983,0.188457424742454,0.000450949791507903,-137.824215725337
"476",476,0.0184370906699942,0.0976636797826064,0.00375431063265696,-138.216495563842
"477",477,0.0387498683681021,0.207139831907575,0.00741835146165876,-137.606462488383
"478",478,0.040888325663095,0.188522078788597,0.00500933887588032,-135.457420474878
"479",479,0.0307647584567405,0.168665138558282,0.00090342045719076,-133.95405839607
"480",480,0.16844861173033,0.192075762263439,0.000467217046571497,-134.103645441723
"481",481,0.23653912347376,0.176225890178677,0.000176412716022203,-134.195619610185
"482",482,0.0855827249877299,0.0701325177255918,0.000967776580029247,-133.844414656156
"483",483,0.13224796929416,0.0862957558757586,0.000555302604298162,-132.577656011753
"484",484,0.1343377241828,0.116401645506497,0.00232839662218295,-136.955647219707
"485",485,0.173213596529231,0.244038608773214,0.000724186748468118,-135.740521698395
"486",486,0.157969044624612,0.117724756093909,0.00107086426768031,-133.794233988225
"487",487,0.141929712552504,0.170405244966076,0.00110444373621917,-134.408203924268
"488",488,0.0438876209226009,0.134910596750654,0.000894563111965139,-133.829038741933
"489",489,0.0595085694988788,0.164146898473312,0.0022113918535327,-134.114900999409
"490",490,0.0681943390858009,0.191068638078954,0.000931137317082212,-133.94306866236
"491",491,0.028342696290429,0.190040148201552,0.00728128839330138,-136.748167027473
"492",492,0.0306104816296711,0.171269087426685,0.00248329441789948,-134.136685110228
"493",493,0.0485101845951314,0.201493961085448,0.00173154351237924,-133.907202101471
"494",494,0.0787880879723805,0.160450841099319,0.000917747040621478,-133.422196935821
"495",495,0.0938160254576428,0.0661889152704977,0.00219871341228841,-136.093788943062
"496",496,0.0817367503784,0.163776780768162,0.00183994977270648,-134.091366303625
"497",497,0.021404602392497,0.187118019987206,0.000710129533664288,-136.092803618216
"498",498,0.126881674600191,0.069342281838017,0.000531145027329603,-132.86574823874
"499",499,0.137485476997149,0.112467558163586,0.000592640780219606,-132.576519977614
"500",500,0.100438117377926,0.0964163511542017,0.000192567865616274,-132.256070298426
"501",501,0.104576292275965,0.0537530100429978,0.000184381430980496,-133.798543486537
"502",502,0.0822543420330187,0.112231220128446,0.000794386394254813,-133.05445115617
"503",503,0.15452864155682,0.0950711610016717,0.00050816727390195,-132.739844377979
"504",504,0.0860945613251087,0.127766583431486,0.00152453672300278,-134.13631227298
"505",505,0.0908116758876619,0.148197098058627,0.00141342700042533,-133.781673542423
"506",506,0.0172917849645998,0.169627489476525,0.00311106540983436,-134.3380899918
"507",507,0.0581986209268754,0.191186849757201,0.00285959344727788,-134.539411789785
"508",508,0.0407530726319218,0.165039682517717,0.00177216788036934,-133.86627237644
"509",509,0.0428752141648942,0.16536720619151,0.000811732180409077,-133.780362060632
"510",510,0.0681119812031632,0.154598909890124,0.000604151309225591,-133.419729005114
"511",511,0.225407595732175,0.22343697962753,0.000243660424088169,-135.215780332426
"512",512,0.0626032410535606,0.0802767113346387,0.00051518688109209,-134.056745558012
"513",513,0.127188713252745,0.127263706254503,0.000206894588075847,-132.260913323917
"514",514,0.137712409890066,0.110266327018633,0.00161952613301408,-134.928428445311
"515",515,0.0726338693441218,0.190671520271113,0.00454683414630046,-136.164072018124
"516",516,0.0403399665029698,0.152407381213071,0.00179172755704933,-133.936892530758
"517",517,0.104382701630763,0.134183335179054,0.000892184236973768,-133.171975586865
"518",518,0.157532909369571,0.137300170031528,0.00127291996919326,-134.641065472615
"519",519,0.16868048626824,0.190337297057672,0.000197324213889445,-134.012547769342
"520",520,0.149682122217726,0.177997682916543,0.000501328080576305,-133.64822777999
"521",521,0.144480087157115,0.164489676735233,0.000912115445492052,-133.996431355351
"522",522,0.147337823948878,0.141509018154654,0.000655249778122342,-133.114229942972
"523",523,0.122128119102645,0.0962700619753864,0.000869712427727329,-132.971638705077
"524",524,0.113375987738819,0.180989588586355,0.000617590002265592,-133.759870361286
"525",525,0.156322819374792,0.11859955241674,0.000268761840932683,-132.582241440286
"526",526,0.131858077617255,0.100626716079237,0.000767725437214647,-132.815928187873
"527",527,0.0707080955741267,0.124858032840422,0.00154998119680585,-133.98966935432
"528",528,0.0955374015694777,0.0863553694230472,0.00112125419924514,-133.792958616311
"529",529,0.147339269354931,0.0962841995598631,0.000158546544085433,-132.777544729074
"530",530,0.120687722289685,0.118211931549998,0.000781160944419561,-132.903689379636
"531",531,0.0982209890750714,0.119519665324092,0.00104322790075027,-133.475851875693
"532",532,0.179842230496792,0.133837483910259,0.00100183713043428,-133.909304713322
"533",533,0.170782505675924,0.203962295876268,0.000346676409555605,-134.415857680211
"534",534,0.164910762573708,0.132009086118254,0.000203590716859509,-132.826604685903
"535",535,0.190076298963923,0.128476100262803,0.000185265773867235,-133.274010548846
"536",536,0.188517293743411,0.130390895520748,0.000527728367578567,-133.186986427748
"537",537,0.174040772084906,0.179842399584364,0.000283455776873982,-133.674249352792
"538",538,0.0357335812043618,0.145909583366514,0.00385222171294507,-135.381481342686
"539",539,0.0736768563565298,0.167815803785536,0.00208836843945861,-134.189729072643
"540",540,0.220431286576106,0.370363728248846,0.00167209941316884,-138.780381700443
"541",541,0.213856758109637,0.3640075480419,0.00357186296955227,-139.271355307663
"542",542,0.210520927503061,0.320848650473779,0.00471804469755542,-140.407090750593
"543",543,0.190332359259378,0.347708168933025,0.00367357787911992,-138.946144863776
"544",544,0.243484340000618,0.33165478325637,0.000907433800185724,-138.40627327805
"545",545,0.329962932601763,0.256960682561315,0.000160634110494546,-137.61792531323
"546",546,0.293886572602726,0.258171818092408,0.000222611207587925,-136.082522488501
"547",547,0.314163688032556,0.277389999009415,0.00131382571302126,-137.408188392914
"548",548,0.337156887727637,0.287289275609551,0.00155731055445476,-138.407209207052
"549",549,0.214860836726442,0.2243564959766,0.00123516507600798,-136.82241406522
"550",550,0.189529243959484,0.195468206265763,0.00103661878599656,-135.489936004249
"551",551,0.0365632193599163,0.167585149911622,0.00146662090401261,-133.828029227025
"552",552,0.0953694246997635,0.154951657081143,0.000775769249752075,-133.238167760283
"553",553,0.156575359724108,0.157395087066537,0.000104700820727292,-133.276978587879
"554",554,0.0692863925607236,0.137003411778845,0.00185529227290152,-134.123478101398
"555",555,0.0818932021371147,0.161342829790111,0.000433627903244318,-133.483448960127
"556",556,0.13038649041922,0.155297651340467,0.000422298034624873,-132.913520353303
"557",557,0.204603122733327,0.14235651203803,0.000782784168429651,-134.126328218778
"558",558,0.105602381564949,0.18905711340248,0.00213455587190065,-134.922704735407
"559",559,0.0513601947716787,0.169402446311218,0.00166104227925338,-133.799533456754
"560",560,0.0494057131599304,0.165304964091666,0.00120872731773611,-133.671224405225
"561",561,0.0551475371997658,0.159190900770633,0.000576384006066042,-133.670490402734
"562",562,0.136280466877153,0.166474439963478,0.000460082360980458,-133.258329525569
"563",563,0.100936838879956,0.19617254604092,0.000363827664970858,-134.355032540483
"564",564,0.2386918439056,0.182460785528022,0.000340013125084187,-134.13043825573
"565",565,0.0410803320559935,0.105742201728144,0.001487678923284,-134.886535767353
"566",566,0.0273843685817395,0.132309818803323,0.0016845614026885,-134.552727954408
"567",567,0.0675864337299576,0.157715186684949,0.000551435322440536,-133.495414896374
"568",568,0.09656084083548,0.143025860728008,0.00066963906447048,-132.964404086066
"569",569,0.167238287007614,0.115432997623736,0.000646097508789163,-133.004512309188
"570",570,0.160438351331603,0.150393159145727,0.000395849502198438,-132.983216030567
"571",571,0.128280549310307,0.0926782170956555,0.000951248908459617,-133.144887070558
"572",572,0.0815206699212187,0.169787271544825,0.00118836460807434,-133.662967158988
"573",573,0.0543333498490439,0.177672664653441,0.001665381809009,-133.852151532516
"574",574,0.0946026490166555,0.176347372523521,0.00228609388776318,-134.797098403638
"575",575,0.102050410137899,0.228550059099996,0.00208367468193249,-135.263681486414
"576",576,0.0847670817102092,0.144830096289791,0.000533302436458116,-133.06577523832
"577",577,0.11666000337859,0.150646983640477,0.000227719735587274,-132.935903000978
"578",578,0.148261589661992,0.0841574965742287,0.000533931916719156,-133.02133122279
"579",579,0.101445924818968,0.157975080563388,0.000200425078083511,-133.516628930877
"580",580,0.139422321366726,0.0830986850557877,0.000135573101750062,-133.004440187933
"581",581,0.139705752212767,0.0917086548882299,0.000206264224549347,-132.563890167716
"582",582,0.0664850240415822,0.0904791933475864,0.0015750066338581,-135.517552540964
"583",583,0.120720249418413,0.092210318540744,0.000792667105608847,-132.803549958221
"584",584,0.100685060593471,0.0822579410768099,0.000310496868240644,-132.393851674041
"585",585,0.116419343247348,0.100966327447297,0.000361448266672,-132.100010599588
"586",586,0.12599216300206,0.0866966723308693,0.000333641377340172,-132.294479539993
"587",587,0.139042632574627,0.159338939480835,0.000459938445605565,-133.05927860982
"588",588,0.108265323647639,0.119613946211054,0.000612991850846617,-132.539868508828
"589",589,0.112480424323214,0.0958610875876655,0.001492440467879,-134.548507544775
"590",590,0.114737139974862,0.0780252550867002,0.00167278995976806,-134.572920197266
"591",591,0.110135853023573,0.074812933865777,0.000607662074064222,-132.660319009643
"592",592,0.0919358641936848,0.177830259077672,0.000651130756847806,-133.701036205358
"593",593,0.176900631197207,0.177842363373834,0.000998570802432104,-134.903792701799
"594",594,0.0464305011272932,0.104157031471459,0.000616399553541053,-134.401477687118
"595",595,0.0997905585178566,0.132780970787035,0.00121214649233408,-133.743409439881
"596",596,0.0546858460252568,0.167442552667099,0.00281587891284143,-134.472369131725
"597",597,0.0586661745024432,0.199660251479533,0.00118796123860409,-133.996181131436
"598",598,0.0469472034974801,0.183674296762089,0.000294918194289088,-134.472765540869
"599",599,0.220229896476083,0.138519189750747,0.000376249794237121,-137.414617310076
"600",600,0.193981705436761,0.153663665284975,0.00062788810802552,-133.837297510373
"601",601,0.178390895418167,0.136458412960669,0.000626409630298861,-133.413051779793
"602",602,0.196977221567316,0.132903005479965,0.000197421950595349,-133.500926599657
"603",603,0.175723811049548,0.12699359294156,0.00160459234034819,-134.806423794188
"604",604,0.154142180344857,0.124844358153338,9.0510129935755e-05,-132.94499672465
"605",605,0.0925354207454619,0.231495565996497,0.00297860132015117,-135.537342293624
"606",606,0.136821577808512,0.212391336233,0.000642473552208141,-134.679630579092
"607",607,0.0919849212090642,0.180399936709808,0.00178810721023994,-134.283577474669
"608",608,0.0685814231548174,0.155408560430866,0.000885919935114565,-133.404263882453
"609",609,0.147346824352179,0.131014634738017,0.000411771000807618,-132.558935447237
"610",610,0.139379734111604,0.149929217563743,0.000566743701301556,-133.00209699854
"611",611,0.177773346762783,0.137753142334776,0.000665397522984122,-133.492584628729
"612",612,0.122954149801396,0.104232727948954,0.000633805151225942,-132.511048032962
"613",613,0.125160275318011,0.103307323839822,0.00140762634391527,-134.329538145979
"614",614,0.115714604844153,0.0700709975501775,0.000719702176328678,-132.896946341849
"615",615,0.132585635150901,0.102673986945656,0.00080533265167021,-132.904357682672
"616",616,0.0940332982337855,0.149335036341962,0.00101717343297947,-133.35779726087
"617",617,0.0983231307235508,0.152484421274377,0.00185964049982055,-134.565699826538
"618",618,0.0673302920590992,0.191198472333886,0.00395568522091668,-135.486174811526
"619",619,0.067061815867668,0.19292755810417,0.00323410884612789,-134.943706231969
"620",620,0.052271770990219,0.185237363239002,0.000554651463500836,-134.049747038013
"621",621,0.161260402290651,0.200016801666859,0.000363822480099451,-134.291852077222
"622",622,0.0635996471229953,0.0970071983510278,0.000701388011080794,-133.650227496715
"623",623,0.121473081017039,0.181408235854619,0.000402914947839809,-133.787189454804
"624",624,0.139013549294784,0.128576676627727,0.000560246298774755,-132.664436218352
"625",625,0.13138113125121,0.143299579423264,4.28576849683646e-05,-133.497303147903
"626",626,0.158489901843409,0.152767638267087,0.000191809445081546,-132.95829834935
"627",627,0.0636608530527847,0.119552679112703,0.000197875756596496,-133.740570249898
"628",628,0.14193943764745,0.0971741607724425,3.26283460840146e-05,-133.705025566335
"629",629,0.0842142019457252,0.0951673131672862,0.000366243320255559,-132.560113170764
"630",630,0.103908319773892,0.121838219260412,0.00037574602634649,-132.272086042101
"631",631,0.171628765949889,0.163430177280644,0.000838377815202406,-134.190818375769
"632",632,0.0323518463097507,0.135392503920787,0.00106628781080853,-134.22847845169
"633",633,0.15488419574472,0.167496813930553,0.00034969380962558,-133.241220272636
"634",634,0.0403659752466115,0.145962307575172,0.00216139083526971,-134.186650063672
"635",635,0.0887698578413082,0.035960015904184,0.000936107716719375,-134.587771517286
"636",636,0.0844768172467503,0.0634095096572093,0.000706294774589586,-133.642096452367
"637",637,0.112531027358313,0.140226344501835,0.000162306986260372,-132.77727364085
"638",638,0.0779957526313058,0.132863839702751,0.00105532700570479,-133.313603772912
"639",639,0.0637014003564372,0.134015365546201,0.00249232981137653,-134.884690828423
"640",640,0.0373787680599372,0.16194990627244,0.000601702636248796,-133.994222316017
"641",641,0.0495648049379375,0.149888576331193,0.00150650803528239,-133.743655165833
"642",642,0.031766237174776,0.140597008931561,0.00196398725900003,-134.308033068534
"643",643,0.0365700163752116,0.134073198481009,0.00108854717614721,-134.089425053524
"644",644,0.0869133754785471,0.0488327215036887,0.00121886531972986,-134.350826378307
"645",645,0.0994605708429544,0.143337069209353,0.000241101858822327,-132.985414417964
"646",646,0.0694837857006219,0.117059875174404,0.000733007107976919,-133.19613570495
"647",647,0.0869160439535946,0.136428617083133,0.00054837425478307,-132.891995944444
"648",648,0.105319779978147,0.0977806587181379,0.000227325647682106,-132.146922472841
"649",649,0.121523052990985,0.112120685340607,0.000556443226840318,-132.391511718796
"650",650,0.116610132810943,0.148072674786535,0.000376435065158037,-132.762622484865
"651",651,0.194627156456634,0.140118344696997,0.000348049721358658,-133.203151996654
"652",652,0.17532378156432,0.171620269005412,0.000424764243396844,-133.611717781994
"653",653,0.0916395628875852,0.0913814873288444,0.000787259189918085,-133.075504127926
"654",654,0.0789457057689246,0.0523495409463611,0.00167401921836725,-135.575102862628
"655",655,0.100063245281014,0.0555932107659778,0.000936261183009943,-133.538786307776
"656",656,0.0943160311684816,0.0939197645286458,0.000912662667055864,-133.291972343368
"657",657,0.160156255990441,0.156658239039716,2.35168434066925e-05,-134.156647175761
"658",658,0.151456468556481,0.151768550199151,6.56673574047522e-05,-133.396371958132
"659",659,0.155395067858092,0.154079947879497,0.00105645145413595,-134.360477079234
"660",660,0.0628158980842687,0.0920550974926115,0.000170885931939086,-133.961285465928
"661",661,0.116345873979506,0.129963730862311,0.000315935420291338,-132.279949732727
"662",662,0.115424904056959,0.0980352234582806,0.000527220787479617,-132.311103288452
"663",663,0.0857253399436702,0.164354901270063,0.000227259293359447,-133.853048163012
"664",664,0.2105210402494,0.172906218525316,0.00141308615212716,-135.621942721833
"665",665,0.0890393309185923,0.145651319493927,0.000110998214390758,-133.790377793402
"666",666,0.0772009990338896,0.0859589105801955,0.00125075663016836,-134.582371380152
"667",667,0.147632626082106,0.136966565869452,0.00154871051007621,-135.333667274598
"668",668,0.182945644670086,0.124112634502021,0.000986473500985725,-133.837438949964
"669",669,0.0882371740648741,0.0462038095118299,0.00159567487663521,-134.797156810274
"670",670,0.0940576553329462,0.182489109985696,0.00278078300356006,-135.279730813161
"671",671,0.0611705873060422,0.201503509144965,0.00197924295922566,-134.211798326587
"672",672,0.0449585445838064,0.203925639982663,0.000688711206842689,-134.615509791413
"673",673,0.121396090710424,0.206642680609072,0.00111358087203723,-134.602454898835
"674",674,0.0458645792861733,0.144993022781268,0.00114079315760041,-133.70864379313
"675",675,0.0248100363523403,0.143096087397349,0.00176957008299597,-134.383531413296
"676",676,0.0832299017990349,0.139730724116853,0.00232743072519129,-135.094632519177
"677",677,0.0347669972637657,0.178527635305912,0.00359010312437946,-134.614289806622
"678",678,0.0232669428140195,0.168817465075998,0.00231600100966284,-134.105857540287
"679",679,0.0437588490723831,0.144598872210853,0.00118883098391805,-133.762044820731
"680",680,0.188200202252942,0.127949042342469,0.000219237240076682,-133.151004730594
"681",681,0.0773731886134656,0.0978477579267246,0.000459233663839639,-132.827387001758
"682",682,0.101813743615667,0.118719597740314,0.000813248369070577,-132.957328998413
"683",683,0.17930344094553,0.12300641937809,0.00168217118368952,-135.171109280714
"684",684,0.0392852964322646,0.18590419517124,0.00166317517419145,-133.779142341995
"685",685,0.0850943117566065,0.135039447880974,0.00229870664983926,-135.311138968015
"686",686,0.0245440895390046,0.138021992323508,0.00505211815915833,-136.54244249542
"687",687,0.024461194264668,0.193420424900055,0.00213678321510785,-136.115046274382
"688",688,0.0423496239639239,0.113864381022798,0.00376975415183598,-137.113712966266
"689",689,0.0490838322051532,0.157175811490712,0.00415593141472162,-135.635548862784
"690",690,0.00207107477863358,0.141997310427987,0.00546618113616137,-136.509547294175
"691",691,0.0349064744580593,0.191128718118712,0.00484106076223325,-135.149189858984
"692",692,0.0355231207277648,0.190157393521854,0.00223613101304203,-133.936025803123
"693",693,0.0364953649962207,0.163651997587369,0.0013171084724751,-133.817713237026
"694",694,0.108044122389277,0.114424946064668,0.00134377671938051,-134.340979191102
"695",695,0.0664135394316804,0.144993486592861,0.0028902719065926,-135.133547548839
"696",696,0.0639507394294576,0.180515645744761,0.00416932426390722,-135.661484411543
"697",697,0.072579737782168,0.198711960205267,0.00107993802818435,-134.094527652237
"698",698,0.169208431109932,0.192384162592408,0.000336262721603593,-134.028290472998
"699",699,0.0851958267478672,0.10532784452554,0.0005874638559076,-132.707678631479
"700",700,0.0839362908241078,0.130017655682859,0.00123189017306294,-133.566426545806
"701",701,0.0622283246342688,0.102518022397978,0.00149343134383871,-134.64436467793
"702",702,0.0545562248772697,0.144982393263784,0.000549149975227571,-133.603771626856
"703",703,0.0839502709321542,0.134192628710291,0.00049929687304024,-132.898132815893
"704",704,0.168882156845471,0.145055452733984,0.000169573109090563,-133.046301910445
"705",705,0.134842277829828,0.120216756982503,0.00177657065975254,-135.613227001406
"706",706,0.139398785283852,0.109582501979661,0.00194846957718135,-135.666564898637
"707",707,0.103639665396088,0.151812945445611,0.000253890177114764,-133.15677530275
"708",708,0.0282005621934622,0.170733321299957,0.00630666981591227,-136.451416872858
"709",709,0.0663407568238813,0.230923348629965,0.00654344375732977,-137.340731017022
"710",710,0.0764264049554777,0.240431274617604,0.00364919129789561,-136.204756871129
"711",711,0.0998804299187603,0.211585979304498,0.00195393917077008,-134.893958007441
"712",712,0.153711829139894,0.208522032158801,0.00156916601939689,-135.619932350091
"713",713,0.0621827829595432,0.195766594160976,0.00379009781308117,-135.212403529634
"714",714,0.0477296842893417,0.193768669448095,0.00173283667218941,-133.865548753316
"715",715,0.0831740325737394,0.129146237582233,0.00108270745491982,-133.357365122477
"716",716,0.0956375712095075,0.0667653173726276,0.00151394656852533,-134.548962759759
"717",717,0.103713965604922,0.0680534804029594,0.00195337625996,-135.18751165009
"718",718,0.0949616268378921,0.132349942080126,0.00184837775685505,-134.97338495703
"719",719,0.0684090156824226,0.12828469889007,0.000239325406660784,-133.490461926159
"720",720,0.0672377166894302,0.210484453346958,0.00373702205317397,-135.23534349008
"721",721,0.103107587444518,0.186636190506871,0.00179505237385409,-134.532507254149
"722",722,0.235827824478866,0.188268599762874,0.000271281113301799,-134.295877796436
"723",723,0.11920007739689,0.146387940466821,0.000755238931199188,-133.141417232536
"724",724,0.203227013747474,0.148636289519609,0.000756822375329892,-133.770212213081
"725",725,0.206534264885443,0.172530952966295,0.000747158569719031,-134.53318817596
"726",726,0.186725619686636,0.208421031880984,0.000114589007194552,-134.753004916707
"727",727,0.183653392037591,0.114604132667557,0.000184006878334754,-133.769343288125
"728",728,0.160906603414098,0.0986277291351835,0.000659878332000139,-133.100445700165
"729",729,0.148949744246241,0.127196136955996,0.00164182599582323,-135.352459445437
"730",730,0.0782810840934313,0.195140644499008,0.00364737150532014,-135.538579845122
"731",731,0.0429088027021814,0.181529806518703,0.0005025415391851,-134.115116948922
"732",732,0.228115836791977,0.178061268101511,0.000687512478198992,-134.291685654265
"733",733,0.11185324784438,0.181454668047902,0.0017638361624943,-134.653749383409
"734",734,0.0931778193246954,0.132907865145791,0.00103125061219748,-133.317442928933
"735",735,0.16729334414974,0.108432343274979,0.0015345927919416,-134.749296707778
"736",736,0.0900849637150909,0.197280232861924,0.00273832349782809,-135.113557118016
"737",737,0.120518579018604,0.219503151411529,0.00112089690761138,-134.891878579323
"738",738,0.123767923710433,0.204911891334877,0.00155252893046249,-134.901566971709
"739",739,0.135178014946099,0.169866772800932,0.000894346840611825,-133.876550350995
"740",740,0.0651858985505342,0.117513990411993,0.000718063895188057,-133.301984899493
"741",741,0.0839741852027901,0.145196722357175,0.0007116544518867,-133.110521351987
"742",742,0.10449295945326,0.0973256457706388,0.000480459440365696,-132.294443540614
"743",743,0.100001045476329,0.0808130295643472,0.000601971590924849,-132.68771958643
"744",744,0.0782043610045914,0.142172095027771,0.0006488523608038,-133.116142767476
"745",745,0.215635275080253,0.150032100477417,0.00079392187181134,-134.763053517132
"746",746,0.154943788320692,0.1637845768166,0.000465019644427077,-133.266982255605
"747",747,0.154278131489031,0.188627210617545,0.000421394323794645,-133.926742735237
"748",748,0.12754774587594,0.183584674978146,0.00177235625946823,-135.107064381096
"749",749,0.0825232958528413,0.126556714984638,0.000412568425447507,-132.815459990788
"750",750,0.0805666926757675,0.148536841689365,0.00211895729815583,-134.480282595879
"751",751,0.0239786020558968,0.128379138695643,0.0027842475998837,-135.224586684225
"752",752,0.0602703214758763,0.211448050376212,0.00171265823607973,-134.08250624962
"753",753,0.0532442317608603,0.141628963249154,0.00212339648024372,-134.19257129249
"754",754,0.0551922394492192,0.126229967495525,0.00212004949223986,-134.540929436314
"755",755,0.0382403889118661,0.180731926506342,0.00107171512606247,-133.806492975384
"756",756,0.112970580192123,0.143017564908286,0.0018399737267439,-135.446980402834
"757",757,0.0902525759922568,0.134925888297355,0.000158595675570638,-133.188025781751
"758",758,0.137665775232717,0.114078359559413,0.00046124676231566,-132.374426130775
"759",759,0.0783248436590754,0.10041664398508,0.000517121277504163,-132.829188681979
"760",760,0.147579966909628,0.161685732664152,0.000350082857473093,-133.052446234249
"761",761,0.180378978899962,0.121000161146313,4.19600355545375e-05,-133.953209224776
"762",762,0.134107941516461,0.120956181426205,0.00010887175146726,-132.514852936999
"763",763,0.135477234032141,0.111891003637987,0.000653266685886494,-132.666295902116
"764",764,0.175412835090785,0.174174039502645,0.000886660350670957,-134.550955878331
"765",765,0.0543132603435134,0.118166273105097,0.00094230060137853,-133.72583048598
"766",766,0.16816272670567,0.116393546665956,0.0010114233869528,-133.546535795312
"767",767,0.0543243244765598,0.17763125993288,0.00235650442959012,-134.16401080248
"768",768,0.0659286398460087,0.150875219690547,0.00279551052762508,-134.867465094025
"769",769,0.0329664720225723,0.170998164324684,0.00226319417993345,-134.055132920449
"770",770,0.0249060149296335,0.131461360616045,0.00199573187979983,-134.749061003539
"771",771,0.0822684520870664,0.199524395990894,0.00178081023035322,-134.377539580212
"772",772,0.0924116372429463,0.184012676949826,0.000226233112588752,-134.323002382357
"773",773,0.16061245399619,0.0871127856576936,0.000318344067614678,-134.330214617718
"774",774,0.114332668078264,0.109464012962971,0.000158013003494388,-132.189001641837
"775",775,0.121121267242994,0.129486592025066,0.000441791886755444,-132.369940829999
"776",776,0.0932808909707073,0.105552601620085,7.19606013276896e-05,-132.926297048694
"777",777,0.126700923442282,0.138832617422089,0.000683007335742988,-132.943039601099
"778",778,0.124115416434641,0.118725092024249,0.000275166952505996,-132.124406877003
"779",779,0.153940256030918,0.0873931463983521,0.000434090894280872,-133.182376410502
"780",780,0.155191748972444,0.17605099292974,0.000128265593116674,-133.714811265393
"781",781,0.153583414385398,0.142129630656697,0.000626086835604862,-133.1398037332
"782",782,0.0577858124744768,0.123441167392292,0.00243267867711976,-135.063758716194
"783",783,0.0194762416777854,0.137313734113033,0.00201117368334426,-134.771287244707
"784",784,0.0787060533224744,0.185323835225181,0.00213239198859682,-134.371315169607
"785",785,0.0428710283051647,0.108938935765253,0.00233712404329348,-135.506644956551
"786",786,0.0429980965748151,0.208515551091363,0.00498391122651372,-136.088710267145
"787",787,0.0487705158536183,0.201490597503013,0.00727283116823977,-137.083136117021
"788",788,0.0362423077690857,0.193609691254811,0.00263382206143601,-134.203858592373
"789",789,0.0307130372522373,0.108622532048867,0.00188418299986816,-135.402744870931
"790",790,0.0600263696227524,0.190951400017806,0.00274219840184507,-134.499639900331
"791",791,0.0355106938089313,0.171604840012522,0.000753834000860012,-133.942873063051
"792",792,0.123388853291418,0.0834313801713444,0.00057356844091014,-132.517333869138
"793",793,0.0902334253029272,0.122604623590257,0.000774744280243197,-132.924093839399
"794",794,0.137011996552191,0.075834448899081,0.000167133383159472,-133.087129314076
"795",795,0.0863884989750867,0.140648896584499,0.00210943874389721,-134.823364938088
"796",796,0.0357521717550634,0.147634695680591,0.000746852394205756,-134.003712394439
"797",797,0.160292532751414,0.0927462686017349,0.000822265157422707,-133.989583267601
"798",798,0.0477666884402647,0.172519272252456,0.00256730166256633,-134.222385133013
"799",799,0.105984993811454,0.16796589970716,0.00230944158727268,-135.285040413423
"800",800,0.0936873841180146,0.183318713923545,0.00119440250932691,-133.943306617219
"801",801,0.051114888822938,0.134376903646143,0.000754253462678761,-133.625026520878
"802",802,0.0359842253360719,0.12159570209459,0.0018965001752148,-134.681852857891
"803",803,0.0713734931044407,0.126647935809607,0.000141797113603742,-133.714615510992
"804",804,0.0374598882851187,0.141727830293331,0.00366006239038803,-135.372085782522
"805",805,0.0174972684806502,0.147546732690165,0.00318456261336585,-134.924836193833
"806",806,0.0548396398983385,0.222311568291636,0.0036637673749644,-136.228504229691
"807",807,0.0759740251866241,0.187819997582359,0.0059044767116623,-137.726734473173
"808",808,0.0633251132963669,0.169118147881954,0.00142461746753172,-133.712072533975
"809",809,0.106681901892588,0.074247325219714,0.00133376764618326,-133.96251685484
"810",810,0.128574381155038,0.199003087294385,2.9837805558087e-05,-135.400470663779
"811",811,0.140478490002421,0.138747922080566,0.000802996787996611,-133.330054539206
"812",812,0.137768048979401,0.0782839354288343,0.000715448072388604,-132.956048558073
"813",813,0.0934275170580573,0.141492549751191,0.000576770374548673,-132.908006352455
"814",814,0.117025334942304,0.120724834430119,0.00053427438482969,-132.402102065693
"815",815,0.125986221419662,0.0981199552923557,0.000591343421237284,-132.446398469562
"816",816,0.158534574130781,0.108616301938295,0.000236111205636688,-132.719427233304
"817",817,0.130993680128587,0.113660873007827,0.000170064637836118,-132.241240047994
"818",818,0.0970140618809682,0.0982378838295238,0.000536935819284623,-132.458840247536
"819",819,0.138151309242381,0.110838067301384,0.000315981827251337,-132.240168572634
"820",820,0.0767579812212129,0.0877456737340233,0.000771574489041398,-133.479421741007
"821",821,0.0429644251778195,0.0626328925178596,0.000886013390192462,-137.200080786243
"822",822,0.115350400699694,0.119213267417592,0.000873665884004116,-133.117127346341
"823",823,0.0978465031822752,0.138667961155472,0.00103047231816586,-133.350379397915
"824",824,0.173297931853715,0.135643477337569,0.000219335297538772,-133.013114177706
"825",825,0.123213495396889,0.0944480432739381,0.000234364828113009,-132.168046780551
"826",826,0.154407834833154,0.134494181161752,0.000238721636838205,-132.609682553311
"827",827,0.0988792334312676,0.13037548622674,4.93246440779746e-05,-133.633767050986
"828",828,0.138795070283443,0.135960471842666,0.000523720806662401,-132.690230588102
"829",829,0.132165064488028,0.179040616716461,0.000799338110793237,-133.877093907946
"830",830,0.0512946245598858,0.0883623170156265,0.00148191547159794,-135.575436168486
"831",831,0.0604419324216004,0.174090194923509,0.00295936474205879,-134.637853959076
"832",832,0.0668459549379099,0.146979216744619,0.00129837254811607,-133.53746502963
"833",833,0.106037984090856,0.0477745699165058,0.000758579634771235,-133.75867311948
"834",834,0.0909287875064037,0.131632569878869,0.000370102099453924,-132.722401803909
"835",835,0.0726480246653462,0.118895043735164,0.00243052830207238,-135.827592587004
"836",836,0.0764671158993828,0.197433862640516,0.00257269886788661,-134.71230353985
"837",837,0.0465770286264557,0.163957732952119,0.00103232443968934,-133.683496223908
"838",838,0.0573637037167019,0.163750869998645,0.000996221813730964,-133.580607520815
"839",839,0.0934573424156179,0.18001200773923,0.0018185884906912,-134.329907444434
"840",840,0.0556115514078166,0.206541026702009,0.00264515387958301,-134.286563359971
"841",841,0.1079417630802,0.186799695378478,0.00141900452789472,-134.291090778827
"842",842,0.103470100833125,0.258458560365449,0.002033923097065,-135.600703438713
"843",843,0.127384318844274,0.280034495654032,0.0042996680129424,-137.23425344963
"844",844,0.129263283612086,0.250642276670084,0.0014015349054471,-135.790721230973
"845",845,0.0918713526138657,0.172177991339937,0.00267463446423719,-135.184886077251
"846",846,0.0800246901350314,0.23470547505026,0.00444495957368925,-135.919931739025
"847",847,0.0784757348669284,0.159142560936941,0.00195922177655439,-134.158856798616
"848",848,0.0848796355541,0.103710608970245,0.00057862673810848,-132.707719528958
"849",849,0.139356601750057,0.144097458464703,0.000120007081761455,-132.821604282945
"850",850,0.117359480882546,0.0416126007062309,1.50201754261172e-05,-138.916496716131
"851",851,0.0958429346761447,0.220962930892186,0.00456076172273386,-136.748784992913
"852",852,0.093145420333906,0.255182261435526,0.00232668136992256,-136.079121809177
"853",853,0.12284872558978,0.232325753501468,0.00179574308012981,-135.503728242827
"854",854,0.0840633670580381,0.19159582297015,0.00173808001085561,-134.265386091074
"855",855,0.0993425772300067,0.177107859554129,0.00249651093343929,-135.172082819543
"856",856,0.0541198343982661,0.11506352951643,0.000985660734820879,-133.809933149917
"857",857,0.140871765999174,0.141877867515519,0.000689890288230245,-133.123105894395
"858",858,0.106274045362361,0.108896033375311,0.000114666591215288,-132.396366837981
"859",859,0.113286181708833,0.143374272843212,6.93180634970729e-05,-133.436195725961
"860",860,0.14340962684078,0.0858670768421593,0.000164023035571537,-132.891748772614
"861",861,0.152063222838762,0.11827187985492,0.000322152875983055,-132.492593565217
"862",862,0.0883194378192933,0.0651575921987408,0.000659621834477566,-133.386005141921
"863",863,0.120704974705295,0.154918616160258,0.000198127859454567,-133.087804279235
"864",864,0.210028408633471,0.195588726440591,0.00157996902295547,-136.967920322304
"865",865,0.25583128566498,0.20734486545398,0.000636221713672601,-134.882470953192
"866",866,0.148257966084977,0.178395908506263,0.00086683476750132,-134.159778285368
"867",867,0.226962768878672,0.263633087221361,0.000739440004882536,-136.7210681335
"868",868,0.20153952541852,0.115425615004903,0.000484543941182512,-139.020382743366
"869",869,0.0741406204310745,0.0937379935213015,0.00144181422346138,-134.966616724825
"870",870,0.0717408641553264,0.0750818156531084,0.00091769754008495,-134.27783824896
"871",871,0.149158905989288,0.199818901057771,0.000992438202967444,-134.688483908331
"872",872,0.0987173032106155,0.127171922715418,0.000267352371478559,-132.479512728959
"873",873,0.0974568563689285,0.0769346847014379,0.000418864755124746,-132.609373572665
"874",874,0.116659233801349,0.133844464050079,0.000658255285385752,-132.779478282465
"875",875,0.107244182962288,0.0970723454631012,0.000335529004811346,-132.127645927063
"876",876,0.116911933194179,0.121522506696607,0.000355688712005357,-132.174808642258
"877",877,0.109918465572534,0.117690340866595,0.000287675246042577,-132.127404634869
"878",878,0.135637167565284,0.114782590821352,0.000209220112681306,-132.233926128476
"879",879,0.109961736476675,0.0942781748089598,0.000434731810331805,-132.216647704117
"880",880,0.158337458204462,0.114212178027238,0.00019499970913702,-132.726084284412
"881",881,0.044123640241644,0.155953298042302,0.000534100374180223,-133.894241676326
"882",882,0.0417190063780563,0.177745568135632,0.00153750413502884,-133.825184118963
"883",883,0.0312695468669449,0.136767106602174,0.000544098042809586,-134.498251329254
"884",884,0.203669494166013,0.130870658256762,0.000252075973400564,-134.691162337035
"885",885,0.203454717021641,0.140471148061608,0.000439575978979732,-133.603175273185
"886",886,0.0830498056672766,0.146420759623723,0.00103625518538604,-133.326587533856
"887",887,0.0488407970892222,0.138600153144385,0.00135867897058908,-133.767532543648
"888",888,0.0901200051700588,0.188003357741158,0.0028985319342233,-135.251384922661
"889",889,0.0302845028185667,0.161477765209197,0.0035498249361347,-134.771959925777
"890",890,0.047069194505855,0.1629231723122,0.00138644433611472,-133.713560932055
"891",891,0.0289715189441099,0.102953375492437,0.00106420430609789,-135.657933330463
"892",892,0.0540362965146791,0.194319859448129,0.00248103811331166,-134.281539493967
"893",893,0.0484425765443308,0.113954515958595,0.0008285915503031,-134.00408971724
"894",894,0.0481486939520091,0.135906105705424,0.0026196290970149,-134.722478950264
"895",895,0.0451806679764842,0.11634620634298,0.000482642126683687,-134.237909397484
"896",896,0.0405178801866428,0.172041166327194,0.00234509634788112,-134.079042190966
"897",897,0.0336537861823839,0.182599575632193,0.00158042766446314,-133.736610977115
"898",898,0.112822580869122,0.19129797860707,0.000968460282810693,-134.123696607672
"899",899,0.0660636784489585,0.0987360159599064,0.000740034448362464,-133.551252935776
"900",900,0.143741406337008,0.12016150666632,0.000283961986253277,-132.333466601455
"901",901,0.135586137743004,0.102636267930151,0.000250842615678343,-132.237282641411
"902",902,0.144952954565944,0.146889556263823,0.000409773056910776,-132.757088255408
"903",903,0.174279442426752,0.114864657475676,0.000332426286871765,-132.852197959689
"904",904,0.0611952688000203,0.177195974442764,0.0025625414478416,-134.365535867822
"905",905,0.058987025061063,0.212971718159539,0.00165388743297326,-134.148964873351
"906",906,0.156201355162247,0.161800117889775,0.00158937826221767,-135.925228872586
"907",907,0.00539411266651747,0.163846638064497,0.00169569271307903,-134.759657393797
"908",908,0.115832183639962,0.0639209128081023,0.00040297007219793,-132.925572443067
"909",909,0.110377102730331,0.0850906331765102,0.000385806446152337,-132.270042585931
"910",910,0.111191783031045,0.101324736730786,0.000249752898240928,-132.077820899351
"911",911,0.108470446291715,0.127286252975817,0.000873753305834289,-133.135643266726
"912",912,0.103228506303153,0.188653507990906,0.000389614523374377,-134.099050861205
"913",913,0.150129375463714,0.170179935664116,0.00028182348365329,-133.293262657679
"914",914,0.145295086788644,0.157900906865577,0.000268531664047358,-132.924757178255
"915",915,0.123150562200729,0.145844348865977,0.000241080503683424,-132.659168617422
"916",916,0.142044779524584,0.0780749485517213,0.000561627511458174,-133.064486285623
"917",917,0.148279403550141,0.14840199125338,0.000648447303707837,-133.218926522263
"918",918,0.0939079334207555,0.153116046411653,0.000382349418447351,-133.188192153243
"919",919,0.178493034580025,0.120277931468629,0.000258312015273099,-132.928949483832
"920",920,0.131893327878829,0.125401661209672,0.000431869880998659,-132.356814624348
"921",921,0.153569525457896,0.0934813496978546,0.000157800668911427,-132.936505882153
"922",922,0.126549273803687,0.134160914236839,0.00039075934738394,-132.395935684568
"923",923,0.145108978933271,0.12767716936598,0.000507263247996824,-132.632875013516
"924",924,0.106100722521241,0.124128060053347,0.000237455334518826,-132.284297333051
"925",925,0.131661355217699,0.122506123766463,0.000109444795442964,-132.501842011714
"926",926,0.141300470135088,0.118352672614997,0.000510414111529853,-132.514425675368
"927",927,0.127763343884059,0.0658511376085543,0.000984841610779126,-133.611169817544
"928",928,0.125598346048248,0.159272594933002,0.000707412490683395,-133.321140915252
"929",929,0.114152706312661,0.0693334460249643,0.00141179305871205,-133.945360991419
"930",930,0.120625224233607,0.0813106926223343,0.000761537944634871,-132.79674296498
"931",931,0.108771832419233,0.0767799731903274,0.00029612901402048,-132.435641987325
"932",932,0.110732378533668,0.107444635725817,0.000543114069473306,-132.345832924256
"933",933,0.13626242483318,0.138546746237151,0.00065492534867795,-132.955882710653
"934",934,0.10727079268281,0.157158454949882,0.000256446391407492,-133.271901094178
"935",935,0.0802930080300906,0.120257508229429,0.000378411184739286,-132.794944395348
"936",936,0.161763508943356,0.133303092936626,0.000526100784035882,-132.970179055218
"937",937,0.155586955935736,0.180720176298248,0.000654683697971445,-133.951344661881
"938",938,0.22466210901173,0.175478452917958,0.000952852380420056,-134.62194664931
"939",939,0.126510922055774,0.176851855758316,0.00251186441572867,-136.439185107042
"940",940,0.0180926687336709,0.132787731331406,0.00219177800288916,-135.013951410005
"941",941,0.171809430414161,0.140264441901329,0.00206056372528594,-136.413860128092
"942",942,0.170881793205512,0.119808735890699,0.00124636308951174,-134.00923287491
"943",943,0.0929589205143634,0.179055545551655,0.000711949455188596,-133.722363427088
"944",944,0.0283494599167436,0.157370546290533,0.00161978204788979,-134.031701735789
"945",945,0.0809045782533853,0.172168443954333,0.0018033800750777,-134.078222123951
"946",946,0.0462306085317963,0.135835823844081,0.00276940311304098,-134.848461520312
"947",947,0.0269633857811716,0.170686448492633,0.00368501569642926,-134.682832770152
"948",948,0.0535245678748243,0.159368963010905,0.00544236149631348,-137.065398299594
"949",949,0.0654439546431461,0.205885632084611,0.00153403384581614,-134.17659529885
"950",950,0.0847248128729938,0.128481652320627,0.000288005822981981,-132.875037064797
"951",951,0.147839974408005,0.146165141709806,0.000798243551271412,-133.508108212904
"952",952,0.0976617025886706,0.108361279337718,0.000313957340649011,-132.194487795001
"953",953,0.100217010300645,0.061432594507786,0.0005737641462397,-133.069804955319
"954",954,0.0831315506181517,0.104263980977944,0.000720448996174737,-132.974363033848
"955",955,0.157985586041977,0.149773980863186,0.000398136659972402,-132.942084981897
"956",956,0.166379735299362,0.160548637405504,0.000196393363233058,-133.194114237957
"957",957,0.151922306011693,0.159329206430708,0.000155820029317386,-133.113799165617
"958",958,0.156402447030638,0.12420160911013,6.74506915770653e-05,-133.180027938394
"959",959,0.174915245367219,0.132172939963904,0.000722341538601833,-133.463711641843
"960",960,0.0645535585361111,0.120729634920205,0.000142764617315794,-133.939451721901
"961",961,0.0762858407423096,0.0728882692309729,0.000135433321785395,-133.876902604383
"962",962,0.138463187229726,0.166404415885947,0.000663396833821007,-133.495548353488
"963",963,0.126958395071957,0.192399958907397,0.000210483056338967,-134.362799336284
"964",964,0.131257501991646,0.0628017144992097,0.000733693093572098,-134.126095872055
"965",965,0.103968754471635,0.110604360795808,0.00072491358509232,-132.738906153004
"966",966,0.148124548185721,0.124115543914964,0.000889647224445402,-133.414261876162
"967",967,0.148129646500344,0.121811950513876,0.00121870019030998,-134.167558139483
"968",968,0.14635779200427,0.245328081289622,0.000919809299790239,-135.67400006798
"969",969,0.290794553581491,0.255932467124377,0.00105300405906434,-136.761533373826
"970",970,0.286382993931181,0.388268051956814,0.00263178968281345,-140.846921933022
"971",971,0.249877306407922,0.396902732609673,0.0043411151637506,-140.510518463179
"972",972,0.249564607646355,0.415665158080974,0.00478736754700536,-141.400729292564
"973",973,0.264217495451614,0.440928445692258,0.00533324804099062,-142.952494039063
"974",974,0.335208764291185,0.477163842681515,0.00288940393225534,-141.708342547975
"975",975,0.335239501704569,0.474680003050754,0.000548861598105944,-140.912141718608
"976",976,0.34861426521469,0.303238281933659,0.000663222167286528,-136.916614636478
"977",977,0.203044807316977,0.133213085348812,0.000152117383697977,-134.267338574802
"978",978,0.0539362520502331,0.123059339176097,0.00130612096260387,-133.862545734248
"979",979,0.0724613002146283,0.126434594869655,0.00225192141239836,-135.070741632192
"980",980,0.034112194528158,0.126911885532262,0.000394210179457718,-134.774506536521
"981",981,0.165157024515827,0.121914887287992,0.00083841250575703,-133.439599192527
"982",982,0.0734603824560683,0.130992846563575,0.000249975720334875,-133.330619031302
"983",983,0.0863529040771739,0.0760529808830481,0.000481649239108231,-132.994955936679
"984",984,0.109781532922906,0.169944835343016,0.00179017019400067,-134.639420997729
"985",985,0.0248484782655829,0.14905255779365,0.000765054092917091,-134.375689395457
"986",986,0.164949536331973,0.190882406232446,0.00111748418264807,-135.128925368783
"987",987,0.0819847444812723,0.0548553695994475,0.00138519402314984,-134.854219485656
"988",988,0.0886768546211111,0.0597353233903336,0.00146523999475624,-134.662127759159
"989",989,0.11295386103915,0.184833660108945,0.000514920667779249,-133.876205867056
"990",990,0.108053794442728,0.159284818573286,0.000422889941795749,-133.185121736046
"991",991,0.151755122652269,0.151021025047904,0.000350768364491825,-132.842191146958
"992",992,0.0992598228095629,0.119619958239516,0.000422833662358862,-132.338199238883
"993",993,0.132741616251219,0.142388580679273,0.000319392256949492,-132.518625946499
"994",994,0.134559131990345,0.154763512985301,0.000492593098679869,-132.96992858193
"995",995,0.160868321694751,0.134839273309551,0.000191394400793425,-132.772015013152
"996",996,0.144428368366479,0.0917513150030766,0.000782399183528513,-132.929266791598
"997",997,0.104918327335876,0.105567104419084,0.00023362185982042,-132.115679943016
"998",998,0.106031021837302,0.149440789915146,0.000218855617809571,-133.102058585676
"999",999,0.0658557875593898,0.110914711949058,0.00123769918896802,-133.901985942685
"1000",1000,0.137586413755485,0.139745679085471,0.00234789364591239,-137.686317921184
