"","i","asc1","desc1","pol1","p"
"1",1,0.150335673452052,3.79945911032771,0.370650270378697,-158.247278228693
"2",2,0.475074505825175,3.81513960494081,0.36694170925437,-158.412740823344
"3",3,0.273585677535114,3.45260861914949,0.347755287805279,-157.27020415776
"4",4,0.0828883533262551,2.9405709926336,0.346393694547457,-155.981495406786
"5",5,0.237755382972405,2.82158285826603,0.251267114883322,-156.704791460783
"6",6,0.246900349452844,2.47826186487591,0.233607163919449,-155.244079316261
"7",7,0.417907954796575,2.55044932220482,0.219603475308032,-155.747426263578
"8",8,0.612373318868305,2.45133865905181,0.217692127847878,-155.674494317513
"9",9,0.212165634830856,2.13385699528019,0.202532631262691,-154.381183892795
"10",10,0.289661522845971,2.10983282446826,0.194364957588997,-154.373928498332
"11",11,0.306963551788999,2.10988824614619,0.201900521010823,-154.299970963947
"12",12,0.292119622267537,1.70810077992403,0.122039946270818,-156.265886213814
"13",13,0.675529112284278,1.74874243588173,0.10149819546462,-154.372039763777
"14",14,0.843749436153505,1.71874525439454,0.101495336224418,-153.890799761124
"15",15,0.8435143470726,1.86145691254577,0.114071194659196,-154.137780571132
"16",16,0.64147032057778,1.69053152268374,0.127399444300697,-154.028659348554
"17",17,0.67741322046225,1.8475007994033,0.141598132461837,-154.435841957434
"18",18,0.63161478376945,1.95535600819963,0.144512876928816,-154.280981120051
"19",19,0.702315199356945,1.88215715398451,0.12661846115448,-154.113600228448
"20",20,0.706786999865086,1.7661857897558,0.122284504585211,-153.94425225017
"21",21,0.63620095444662,1.62814687415305,0.123202031534362,-154.063844381668
"22",22,0.68313343522247,1.84286580166369,0.131853290652639,-154.076829596528
"23",23,0.468382414657492,1.42627454880718,0.0858481112650636,-154.322045251969
"24",24,0.763101124892938,1.42851079448833,0.0777461452761058,-153.042177928009
"25",25,0.552581404012041,1.30470550438581,0.092200099933331,-153.012854062973
"26",26,0.343893957552162,1.14036287022538,0.0832702252617105,-152.091331973042
"27",27,0.198443968918465,1.1031951322435,0.120449173661723,-153.060750308764
"28",28,0.0961300670849763,1.18235283730877,0.124876470080215,-151.887749533264
"29",29,0.105172613973108,1.0717576646998,0.132075770181256,-153.188269171443
"30",30,0.0849549530991652,1.38602749578827,0.155000647681501,-152.429571776031
"31",31,0.116324147627139,1.23369882780222,0.124127301407029,-152.031811832203
"32",32,0.169796137897275,1.1114344358538,0.109905666074372,-151.891851171043
"33",33,0.182346639932926,1.11141529686579,0.110335811312014,-151.981585924227
"34",34,0.239904144206452,1.23838271450203,0.113299919988429,-152.212866459372
"35",35,0.256355691057464,1.16737136477476,0.109175909178254,-152.261084920944
"36",36,0.0963561903124336,1.14613091878115,0.121510182674943,-151.820642311819
"37",37,0.051619180993243,0.916874375806474,0.083734718523982,-152.248165258002
"38",38,0.124476546887332,0.818795339891756,0.062130339225143,-153.18141685915
"39",39,0.318979044712824,0.853266363509628,0.0523576545649268,-151.38307742539
"40",40,0.358822451394569,0.840730995272402,0.0493907440556059,-150.939734218917
"41",41,0.382286019553812,0.846493153677624,0.0548258095091254,-151.277510038558
"42",42,0.406419931380203,0.786107110189017,0.0482173287075011,-151.75469130968
"43",43,0.298141661652409,0.771039773169382,0.0509811875002978,-150.751250781647
"44",44,0.317321563700298,0.738302155661303,0.0421981596242327,-150.562675120377
"45",45,0.326543113488928,0.707732727888943,0.0392378072318097,-150.250175285945
"46",46,0.403363028976439,0.808766865116888,0.0401352424439861,-150.577851726286
"47",47,0.436321424818245,0.818001084792213,0.0489856740738096,-151.999442969279
"48",48,0.408218941124912,0.89969822906197,0.046950597114443,-151.337479999587
"49",49,0.426787888859922,0.898240897920109,0.0522535705300718,-151.077154008262
"50",50,0.427681735854281,0.988621208166095,0.0548901836772967,-151.624570898436
"51",51,0.446183690945595,0.857006559629369,0.0548771282384608,-152.691600144178
"52",52,0.264568219499403,0.679238399934596,0.0374157548051336,-151.115471613399
"53",53,0.302279180108088,0.601379610522626,0.0267398140252792,-149.402928877453
"54",54,0.317867282265942,0.637954038167621,0.0398070418065705,-150.962676904681
"55",55,0.216905335070838,0.542243492233779,0.0451755914396094,-152.145944966702
"56",56,0.0507050833265661,0.472202245853476,0.0453593962481215,-149.753104488802
"57",57,0.0695542920458207,0.49078551532161,0.0457008924691157,-149.843325577627
"58",58,0.114241631002221,0.476572112512348,0.03415821460932,-149.92343807486
"59",59,0.202671907188462,0.495348232007927,0.0335425875481422,-149.629551149169
"60",60,0.180538939876697,0.498591057259922,0.0345880839196482,-149.495219013068
"61",61,0.203564176006825,0.558565341032583,0.0356756502857414,-149.826340212268
"62",62,0.238325539832179,0.6018368316708,0.0279877129359859,-152.076366224645
"63",63,0.249616293942736,0.561274237123264,0.0368418755329411,-150.187568832786
"64",64,0.261160250311026,0.600047738411749,0.028376854225041,-150.538348934593
"65",65,0.364655798830349,0.683898240558672,0.0359836324722298,-150.242101779974
"66",66,0.327160178176618,0.674186479722012,0.0349094116077304,-149.972372666658
"67",67,0.314174513928021,0.63694760484456,0.0305259573305532,-149.725133706584
"68",68,0.344804040917234,0.69967189252719,0.0302164166693361,-150.714135190705
"69",69,0.373710990036365,0.695905536909407,0.033111940525431,-149.875633664783
"70",70,0.326429329994214,0.602241009458905,0.0312394846869883,-149.874099608317
"71",71,0.354472777684958,0.662438222443844,0.0296066715737676,-149.59758110487
"72",72,0.405363315183465,0.671378823268458,0.0242375334677898,-149.113242909788
"73",73,0.357726881932454,0.601515388897678,0.0222418751582957,-148.592248572829
"74",74,0.390997016741649,0.607127963885318,0.0152177976253028,-147.362094361102
"75",75,0.386021504047565,0.579980283931525,0.00656246665268959,-145.433000400082
"76",76,0.453251026761212,0.577478201826241,0.00568033439007454,-144.616731851481
"77",77,0.559222470202713,0.726536329019394,0.00207560732288429,-145.574182507243
"78",78,0.745093871756733,0.7828039050446,0.00397787070104899,-145.133141002234
"79",79,0.619295658416523,0.76927701811046,0.00109603277843458,-145.207179527953
"80",80,0.616023630894734,0.568898761122912,0.00162707110961088,-142.383539490525
"81",81,0.45569315088522,0.565697521567176,0.00244115447639394,-143.08028392672
"82",82,0.429485584444509,0.583934173903618,0.000317150262537891,-142.170211450214
"83",83,0.453598146342308,0.536515806803566,0.000932814455987973,-141.898548050514
"84",84,0.431177615417805,0.379462052120611,9.1417325790974e-06,-134.986914522264
"85",85,0.411117465742999,0.380393441720271,0.00176989153595814,-137.338317056962
"86",86,0.411214173558286,0.368493662919981,9.65516950283898e-05,-134.544141625597
"87",87,0.422629660479369,0.367488147680931,5.53430679939227e-05,-135.006923418179
"88",88,0.39740664105621,0.353408300127306,0.00101282611108062,-135.67778062673
"89",89,0.40644517319801,0.360677111494145,0.00100603691762849,-135.962620912076
"90",90,0.397387732118891,0.350975689153011,0.00118063210351787,-136.139682472856
"91",91,0.374587421047015,0.320042662141701,0.00143640951620667,-136.739530694716
"92",92,0.285907960846545,0.21354578024919,0.000435850970869638,-133.385654188709
"93",93,0.220734666143558,0.146031376916523,0.000260970752130836,-130.809153346636
"94",94,0.0465296260879398,0.134217208162794,0.000316107547832375,-125.87252790889
"95",95,0.0284489678286867,0.077141719111596,0.00107838063416093,-125.334184807545
"96",96,0.0234662944052233,0.116247363696427,0.00184047028014918,-125.446439483427
"97",97,0.0136913325493548,0.135942366149193,0.000920236422751479,-125.216904205755
"98",98,0.0275677274275201,0.138961455446935,0.00122226419604745,-125.476757307312
"99",99,0.0364214297878952,0.115764662693701,0.000963548149454752,-125.07369128019
"100",100,0.0244571878416364,0.0908842016266626,0.000801653226292694,-124.898898114423
"101",101,0.0282102832082901,0.121400445898905,0.00126482612339664,-125.18223691497
"102",102,0.0691498310714817,0.126742608856392,0.000183352617341551,-126.061818489726
"103",103,0.0780117982707127,0.113298836090587,0.000213192730421735,-125.36096163023
"104",104,0.0629349978802693,0.126433022837918,0.000364092987334173,-125.674508133299
"105",105,0.0452233035056861,0.112170525069506,0.00131661938592634,-125.521555034635
"106",106,0.0156538862263189,0.10897198527674,0.000597679577453413,-125.116754893187
"107",107,0.0597864418951743,0.0709820889672076,0.000850866429793727,-125.061099683812
"108",108,0.115617328256324,0.0570451122532546,0.000506285446085644,-124.927821675052
"109",109,0.0539051226311355,0.0563677072359265,0.000818382977871769,-125.129554407037
"110",110,0.0692664707998805,0.12680552077665,0.000846791701829303,-125.967006742337
"111",111,0.11950425170377,0.0503079034751209,5.77394757158311e-05,-126.455124720268
"112",112,0.0655574405188686,0.0581497292774847,0.000236050653656223,-124.262020399458
"113",113,0.0630393557175569,0.0370271693396659,0.000543841034246262,-125.045211383304
"114",114,0.105584208682504,0.0885859511886885,0.000535637221359576,-125.213871446288
"115",115,0.0462413965109636,0.0713291485445084,0.000873061743906829,-125.15809139977
"116",116,0.0324394145076282,0.0954648169080426,0.00120730214256434,-125.095348300419
"117",117,0.0392262880657474,0.0891699151416726,0.00103077014908999,-125.050430371044
"118",118,0.0590266445409281,0.110430967803245,0.000917070663600001,-125.417771223774
"119",119,0.0460248624285053,0.0772518993010203,0.000413356919986075,-124.456512274514
"120",120,0.0349873515690279,0.0836964742344327,0.00026694644535518,-125.028729243691
"121",121,0.14877976847079,0.0964959434468236,0.000768714913042676,-126.70015505246
"122",122,0.0502770326023937,0.110891851392791,0.000132483809199038,-125.663501346402
"123",123,0.0974810201279502,0.0430848134652612,0.000861342798167326,-125.143812491368
"124",124,0.0335641371297245,0.0475350559374342,0.00101710201929677,-126.991202734832
"125",125,0.102296641849997,0.0792693671827912,0.00138206859236,-127.348405714343
"126",126,0.0814109881355548,0.121335543711214,0.00123001248089583,-127.019386973434
"127",127,0.0382434964964524,0.0845102901257534,0.00177836384320281,-126.541334195648
"128",128,0.0318459143662526,0.0771829945807312,0.00124940005258625,-125.607342789845
"129",129,0.0205678130770107,0.127491131226723,0.00078884763651656,-125.136593287066
"130",130,0.0224891458345174,0.114434871610621,0.000993931264432363,-124.950235773611
"131",131,0.0493210103693836,0.0971977009597365,0.000669812537316349,-124.76912244051
"132",132,0.0418103429736298,0.141394277766361,0.000698792522406856,-125.752169152612
"133",133,0.0707535581098199,0.0717037536930427,0.000858823842597008,-125.144579891452
"134",134,0.0659111487641608,0.044610421697708,0.000886493537124301,-125.302158715402
"135",135,0.0583449801931295,0.0543776783060444,0.00101077521896537,-125.614063442858
"136",136,0.0382384267304857,0.0629281559375306,0.000116700229504952,-125.717266665944
"137",137,0.0891226629239906,0.0952639079422207,7.87122567413195e-05,-125.138952692095
"138",138,0.0576203713391584,0.0965474668461611,0.000238665495841275,-124.724758880066
"139",139,0.0908685253595022,0.0599391352283149,0.000526692960473292,-124.451626285419
"140",140,0.0794990733771961,0.0324284302738483,0.000152646176971058,-125.404664517979
"141",141,0.0848397528765872,0.109500430225926,0.000564568350406665,-125.478035207403
"142",142,0.0512942832741715,0.0495841854527915,6.88722103291069e-05,-126.120895687906
"143",143,0.0549606478832178,0.108579496340811,0.00159117380528972,-126.357718574006
"144",144,0.0498482395880573,0.0934817286483937,0.00165663110761942,-126.554602990437
"145",145,0.0345464108778763,0.114992623480177,0.00103012901157935,-125.068924042395
"146",146,0.00485691028544195,0.0867648963013908,0.00112713441456529,-125.530505437096
"147",147,0.0138619424441084,0.133741403481144,0.00116907865850672,-125.160693661421
"148",148,0.0185437804268133,0.137427122062269,0.00144113635299178,-125.341646792597
"149",149,0.00215069633437758,0.126074661952583,0.00193285907321688,-125.166257993345
"150",150,0.0103024680837536,0.105502668709516,0.000259837263888502,-126.05111276206
"151",151,0.0397229425835575,0.11792314027885,0.000845428706519251,-125.108914975685
"152",152,0.0956742132911288,0.0892685867943874,0.000303970417469205,-124.647963020266
"153",153,0.10962995253416,0.0556404323471456,0.000556875079361097,-124.875426111676
"154",154,0.0695109831955762,0.102833763270977,0.00105183012009025,-126.002258419906
"155",155,0.0497565089478979,0.0687756540201107,0.000307247402511147,-124.328098766999
"156",156,0.0522051589562048,0.0571461107370707,0.000297076674665341,-124.50927774171
"157",157,0.0456443312266268,0.0414214176810243,0.000236135126005929,-126.03892823202
"158",158,0.0833887678882525,0.0693628530624265,0.000494117438810104,-124.375053756393
"159",159,0.051699675618065,0.0785030847406141,0.00056734629578535,-124.499684576536
"160",160,0.0875668763053568,0.166716064474942,0.00159250610852372,-128.446812688604
"161",161,0.0672782151096921,0.182170964670646,0.000789138998694685,-127.812810965808
"162",162,0.0250794505749556,0.111616112498686,0.0018149812605701,-125.465568479253
"163",163,0.0213254230802803,0.147510862358096,0.00222469219256316,-125.991080795903
"164",164,0.0300279582461112,0.128671157408381,0.000423769334513746,-125.439314179405
"165",165,0.102756430776869,0.0511567258559471,0.000747586512293195,-125.026249545622
"166",166,0.0754907103159523,0.126562379989867,0.000264974256726532,-125.901928193312
"167",167,0.0739840987041414,0.0202640880038906,0.00130269970078539,-126.718950985611
"168",168,0.0747412146383209,0.0844901518979182,0.00134045151612865,-126.948292585724
"169",169,0.00347960126802763,0.102809533625574,0.00232880136502279,-125.61426566446
"170",170,0.00916038471004488,0.122144403574052,0.0030911022801891,-126.106033032169
"171",171,0.0137531392800609,0.149509688002363,0.00234078394967098,-125.856962291043
"172",172,0.0319661048193344,0.146810651383453,0.00191376366440946,-126.125281979794
"173",173,0.00778158625266466,0.0907901020521345,0.00134099006546534,-125.330489779881
"174",174,0.0142733024205282,0.155874218927567,0.000366979616146288,-126.131518188262
"175",175,0.0481160233691697,0.15643516065784,0.00148608962645211,-126.614364161073
"176",176,0.00837491215926148,0.121778891164486,0.00114495477308762,-125.018065319987
"177",177,0.0304027471327469,0.119291189932082,0.000910167347785977,-125.04691758357
"178",178,0.0338689092623363,0.143754818418086,0.00074410300136166,-125.679642691414
"179",179,0.022910670642654,0.077012497071019,0.0014284733626745,-125.811823391562
"180",180,0.033463435567575,0.137564745065958,0.00234164389715594,-126.387926817676
"181",181,0.0404709819656223,0.0917438023879507,0.00198148842187061,-126.747297415876
"182",182,0.0394764611159857,0.168831228088041,0.00177469805164523,-126.833260587196
"183",183,0.0235688575771362,0.0908046302242296,0.00014615954844519,-126.100627810764
"184",184,0.102289627612412,0.0725464882421057,0.00101981502484335,-126.017744569289
"185",185,0.109524356780349,0.0496655941054073,0.000279255990832654,-124.783701671062
"186",186,0.112203605517701,0.0685642334183702,0.000764843775433613,-125.459973027594
"187",187,0.0934061810947062,0.0376884353868001,0.00224344026500847,-128.649778133652
"188",188,0.0880838006515388,0.0301443946853326,0.000210270602562286,-125.316327537442
"189",189,0.0716077176781534,0.0755644361132834,0.000285163778648803,-124.091260313057
"190",190,0.0784829424531477,0.0818724599480097,7.19444213466392e-05,-124.801751500349
"191",191,0.0526247249564831,0.104794828624375,0.000398140534867755,-124.857964580926
"192",192,0.0243920767181156,0.123424386580259,0.00127211613170468,-125.153186010359
"193",193,0.0275943769387406,0.111054661401517,0.000222579880422077,-125.562809816317
"194",194,0.129608403084847,0.121990271985125,0.000347304217038931,-126.45763098044
"195",195,0.0210160756664886,0.14029262067183,0.000752809191843752,-125.412966341988
"196",196,0.050251958296401,0.128514424946123,0.00143104271100424,-126.010991521334
"197",197,0.0307133377611471,0.0895996990227577,0.00190383428266743,-126.171966759365
"198",198,0.0190735350872976,0.151418074047019,0.00320568364579258,-126.671712636928
"199",199,0.0204866155391117,0.162799780597205,0.00333121968910411,-126.96406944239
"200",200,0.041068843723981,0.159208091841984,0.00312792054121665,-127.731335909104
"201",201,0.00309434157445495,0.102568620740401,0.00117593469868219,-125.170753890775
"202",202,0.0131082294702966,0.0929608354479031,0.0018721318284794,-125.585663035704
"203",203,0.00426620635626581,0.0984718165187929,0.00112883373171256,-125.22133515245
"204",204,0.0605756246834894,0.137247928713197,0.0016210364404461,-126.770464759711
"205",205,0.0180778773930738,0.1320858798556,0.00163442551362485,-125.325744581702
"206",206,0.0189115647235406,0.106173153126861,0.0027816726698408,-126.414639381789
"207",207,0.0221713405286819,0.137895707363193,0.000732717498643318,-125.375994944722
"208",208,0.0110356150586362,0.114124364547313,0.00129115922233303,-124.993553716754
"209",209,0.0349805171672322,0.105943076780312,0.00137956670574435,-125.283511617457
"210",210,0.0057827918865353,0.141656045731979,0.00250114213440369,-125.613926997863
"211",211,0.0341928053134671,0.110733578685007,0.00157610925496614,-125.475015455647
"212",212,0.0237798171324181,0.134871794345379,0.000734317418256223,-125.319995276293
"213",213,0.00435144908384081,0.105766301891776,0.000724345803180817,-125.359745382944
"214",214,0.0908556985321483,0.0781087012452458,8.46024028810729e-05,-124.805233104623
"215",215,0.0702918968118099,0.0851303516094552,0.000727093332048893,-124.971681266881
"216",216,0.144942235348201,0.0922403718515222,0.00043803790098462,-126.026571934426
"217",217,0.0562171221650313,0.0794931441104478,0.000555151549855472,-124.455866871397
"218",218,0.0321360019142959,0.0931118659386596,0.000190777130099039,-125.412623243585
"219",219,0.0475333067072902,0.0941238581752504,0.0016425169963576,-126.357472245077
"220",220,0.0488623876021841,0.119790391184287,0.000437029692736615,-125.26387167589
"221",221,0.0397882641257785,0.0532671482209533,0.000403379337059069,-125.194150833772
"222",222,0.046576005402467,0.0894703509299872,0.000273800858703415,-124.679150929523
"223",223,0.124884726328479,0.10532636842146,0.000681474218172073,-126.488529380712
"224",224,0.0283218793638175,0.129523022667201,0.00235249262160259,-126.127051887535
"225",225,0.0320586047812304,0.160198150540587,0.00089253496300527,-126.128624507738
"226",226,0.00321122704712977,0.0619495342783596,0.00151935613220749,-128.127699672544
"227",227,0.0832355291739291,0.0835288734099918,0.00179131163980012,-128.732073768517
"228",228,0.0229516613608732,0.0755504789517399,0.0019472021818428,-126.802679066563
"229",229,0.0351321115116698,0.185612527090142,0.00135247010221312,-126.873877257535
"230",230,0.0267773997052767,0.128719967022179,0.00152255793696971,-125.402795945766
"231",231,0.00873014675470899,0.118667775379795,0.000582751622582965,-125.296775378017
"232",232,0.0504075511430412,0.0778404254839021,0.000709175392264404,-124.74648325861
"233",233,0.134122052439584,0.0741900279637583,0.000529143768962774,-125.517417220034
"234",234,0.0544218322943519,0.074889255385723,0.000154085636915784,-124.455467858141
"235",235,0.0699452622004439,0.114299310337459,0.000498268958683402,-125.297977177819
"236",236,0.0457335416255528,0.0533965483174754,0.000889422268705084,-125.610844477012
"237",237,0.0486847620323711,0.12215484579641,0.000525389357682833,-125.293712717028
"238",238,0.0239977388498525,0.131872927366798,0.00157205963009876,-125.41586640671
"239",239,0.00167878727585287,0.11547885873092,0.00428071054145247,-127.122441158704
"240",240,0.000166137551949638,0.157618587436507,0.000507888289871192,-126.00749944175
"241",241,0.101441285308336,0.127539744326984,0.000462946966827222,-126.286559833223
"242",242,0.108949999168087,0.0721472010090813,0.000215199916441868,-124.709479122539
"243",243,0.0650632375990865,0.0381510211196471,0.00144056036874259,-127.122374307483
"244",244,0.0949337374581995,0.0912239519733991,0.000775590765696589,-125.66673973799
"245",245,0.0446798897594602,0.115314642707523,0.00219691949286627,-126.733235783651
"246",246,0.0410450021166965,0.129855674520709,0.00150774559111406,-125.799026015044
"247",247,0.0437850187760808,0.182400219054408,0.00219894699306522,-127.589307708663
"248",248,0.0223236945122368,0.144696065677439,0.00236486009731121,-126.074208027756
"249",249,0.00577719291222889,0.145001235465186,0.000553370760936652,-125.596302889406
"250",250,0.0108671495761077,0.103795559892866,0.000496915686038643,-125.43174627657
"251",251,0.0640682797404354,0.103901081155425,0.000682187630559772,-125.110720178861
"252",252,0.018990515441302,0.139766401771158,0.00139835913764385,-125.380154745488
"253",253,0.00853503661754275,0.0967973258197121,0.00151897317612149,-125.234264642941
"254",254,0.014022894162232,0.120415234006777,0.00327153631806723,-126.496893562717
"255",255,0.02738960861556,0.156720317597995,0.000282525623741668,-126.507726969368
"256",256,0.105901939190688,0.0753782113275309,0.000452069980102099,-124.793570342694
"257",257,0.0649907226879655,0.0730871369702843,0.000289005957422203,-124.075401610788
"258",258,0.0970122820444712,0.119192832992968,0.000270770870071865,-125.687112355272
"259",259,0.0860612932753195,0.113595693034079,0.00033996704472378,-125.353229311769
"260",260,0.0388318785852043,0.0717595409314005,0.000785973683241318,-125.033877775262
"261",261,0.058976726777303,0.0840653321454209,0.000891086110592333,-125.237143601827
"262",262,0.0646587766426558,0.0433493406760642,0.00109740506481203,-125.933775188964
"263",263,0.093296018689085,0.0401590114025101,0.000162796586093088,-124.960773643775
"264",264,0.070927012887174,0.0355291314250022,0.000630342994466912,-124.927739300191
"265",265,0.056731318653447,0.0974113627935551,0.0005471371178929,-124.724642288255
"266",266,0.03009856684172,0.0806967008707656,0.000515801620918832,-124.919627033607
"267",267,0.0619657446539239,0.0549089937937073,0.000188206454740171,-124.527749698598
"268",268,0.109901876807019,0.0571850408075871,0.000449882182371306,-124.775666210826
"269",269,0.092529091047665,0.0327607800414536,0.000214986979662304,-125.179650146531
"270",270,0.0960681119528487,0.123276894473716,0.000115567724243919,-126.186397829809
"271",271,0.0145856462815995,0.119467314457194,0.0023578828877269,-125.647311676142
"272",272,0.00775651032677642,0.092856317367332,0.00130211286028268,-125.263056497688
"273",273,0.0183825814632687,0.104119969247951,0.00106478334017111,-124.929766016653
"274",274,0.0665595959858672,0.0536597208892579,0.00088824265712321,-125.175495496886
"275",275,0.0443691729068925,0.0556489005288267,0.000869327581975629,-125.520539900992
"276",276,0.100666547780369,0.0991172928737824,0.00048559570817296,-125.278806848138
"277",277,0.00822592089673392,0.112125062812381,0.00132351027517742,-125.010687172842
"278",278,0.0229840630591167,0.10771936401834,0.000681052365336759,-124.928912449661
"279",279,0.0876962199062178,0.0244334976651552,0.00123675154793534,-126.741568820546
"280",280,0.0805629073515997,0.0555006319353469,0.000270995827378304,-124.200462744564
"281",281,0.0697814797349181,0.0654341421070885,0.00211132418326099,-129.529340356103
"282",282,0.0765862898931674,0.206295656001018,0.000224415171053937,-129.605825703552
"283",283,0.0487881751630913,0.0408100910857889,0.000626056999738849,-125.631815533126
"284",284,0.0547307404456859,0.0899759662782273,0.000760052135457895,-124.889815483292
"285",285,0.0582710028535944,0.0538697224161142,0.000545138952186161,-124.559743252573
"286",286,0.102160511719115,0.069058982097487,0.000169244951205442,-124.592463433768
"287",287,0.118377122751987,0.074515540379429,0.000188442793832384,-125.065162442737
"288",288,0.0436787127429056,0.184706019484331,0.0025162965485288,-127.821492853981
"289",289,0.0113890578854852,0.126568287397301,0.00250268986412807,-125.669048385315
"290",290,0.0105279693050569,0.123171625311906,0.00117859975692999,-125.022076718745
"291",291,0.0157576952904036,0.139234675451952,0.000463976158196755,-125.601102001932
"292",292,0.074101003451008,0.0685892585935524,9.36334015954874e-05,-124.553774822316
"293",293,0.111487819108513,0.094866827616906,0.000215329269196402,-125.134222871162
"294",294,0.118309238740122,0.0906422527656938,0.000283614287647427,-125.221547628406
"295",295,0.0401316022654081,0.0720648281269008,0.00013139130467984,-125.300011473761
"296",296,0.0944956638558756,0.0763310178481502,0.000118135255846196,-124.64705607689
"297",297,0.116013718433925,0.0847703401182027,0.000411045647999761,-125.161154602198
"298",298,0.0582989432870041,0.0715553402234745,0.000412087857754537,-124.181653359315
"299",299,0.0782015693720486,0.0300103302328067,0.000744504860285344,-125.119682524652
"300",300,0.0714718778648875,0.0508577633069431,0.000327375983661716,-124.29355571038
"301",301,0.113334425034826,0.0480073930705268,0.000660954741703975,-125.489834778519
"302",302,0.107598783127593,0.108393293832154,0.000218578613004838,-125.421185187562
"303",303,0.0372047535571229,0.0694840871732092,0.000271705210374655,-124.9928463363
"304",304,0.0357723305677972,0.111932118875127,0.000558147311241857,-124.959464593238
"305",305,0.0168091747288777,0.0776289951599317,0.000146400344390269,-127.157577298529
"306",306,0.0844102588063429,0.0706600269055574,0.000251628798901716,-124.179871131474
"307",307,0.0814878421482352,0.0743032945490268,0.000159124131889207,-124.287636357261
"308",308,0.0836429042290134,0.0485589445323689,0.00115344977551725,-125.785168900461
"309",309,0.0986786212468051,0.0464771169606729,0.00106688217410316,-125.583353653053
"310",310,0.111396502138381,0.106685780169648,0.00142934080771836,-128.586061586232
"311",311,0.0170822849775768,0.135628601030796,0.00227448883014763,-125.725022984824
"312",312,0.00761163021173192,0.11997828604255,0.00260405204252948,-125.658507826407
"313",313,0.035853658820585,0.140981402071318,0.00263623074895025,-126.814406500321
"314",314,0.0231110497982244,0.145708669031885,0.000668585225949927,-125.612079675823
"315",315,0.0272408335357353,0.132342808129451,0.000825453562392518,-125.273414772635
"316",316,0.0309739114003407,0.0851549800953561,0.00131956073727987,-125.4024764956
"317",317,0.0117070261920802,0.0793459362318414,0.00160498614238611,-125.937820164166
"318",318,0.024757152684111,0.106662748690523,0.00133458489740494,-125.066045783164
"319",319,0.0312708369437897,0.125712239392765,0.000412399329735778,-125.384251834085
"320",320,0.129563291139535,0.106668776405796,0.00043078517101037,-126.09851958169
"321",321,0.00774691864197827,0.133068559443227,0.000761827285113351,-125.24258212796
"322",322,0.0157057683220034,0.101270576966593,0.000835901356598816,-124.987051379511
"323",323,0.00800355126596958,0.113373066483928,0.00105904194203106,-125.015540403639
"324",324,0.0567560696469174,0.1576747852329,0.000764134481264598,-126.623389054507
"325",325,0.015041115697033,0.0645692594374261,0.000803584170664194,-126.340629385136
"326",326,0.032277612884848,0.0931386464964761,0.000829071880808967,-124.806533665435
"327",327,0.0357037191223,0.0754752322787079,0.0013703657914009,-126.020328837537
"328",328,0.0116728873840517,0.0815953183140646,0.00202791006500334,-126.284663370891
"329",329,0.0193291254882791,0.136446743039164,0.00196003575433742,-125.593069112864
"330",330,0.0114812031869775,0.108354041790291,0.00198505204693532,-125.354107598716
"331",331,0.0132741623835915,0.120747530497799,0.00284210850572645,-126.032728719378
"332",332,0.00783136971084744,0.140465233223834,0.00226180887828314,-125.522932638484
"333",333,0.0166181713031755,0.168805169483875,0.00201314320240863,-126.051413662767
"334",334,0.0483179707818943,0.0750443336659635,0.000656040823327718,-124.66636633803
"335",335,0.0676378241507922,0.0958402446365993,0.00024270985008438,-124.586691295209
"336",336,0.0605226342733708,0.0568933279738552,0.000352366493540574,-124.293661662172
"337",337,0.0675413895182106,0.0590497808906549,0.000288203469769047,-124.173926449769
"338",338,0.102359960175811,0.0721047475365044,0.00012896936397935,-124.739055832321
"339",339,0.117902146367845,0.0542298593044953,0.000653891738870925,-125.389620655274
"340",340,0.0879546493587245,0.0760402364696774,0.00202905415882519,-129.454960301191
"341",341,0.0946905009219036,0.0429493922001476,0.000916385399840797,-125.216673358632
"342",342,0.0849072010153717,0.0647769846798412,0.00154757459467929,-127.361254657586
"343",343,0.0744412856232741,0.0497026514864189,0.00130705402529999,-126.34837395958
"344",344,0.105576514137551,0.0628090536475902,0.00150722421287905,-127.163135487113
"345",345,0.07468399946,0.0438244844796053,0.000222182166721057,-124.604360176758
"346",346,0.0906420492060397,0.0870011643379644,0.00140197577184053,-127.508300111995
"347",347,0.0884984582258345,0.0825996910334863,0.00064459598739975,-124.984232977374
"348",348,0.0427003489409722,0.0803774988162633,0.000720598830261375,-124.762248866189
"349",349,0.031150051701276,0.119480307137599,0.000275965793660089,-125.497295134809
"350",350,0.11781407910567,0.0871598761764924,6.75962802079182e-05,-125.737995169041
"351",351,0.117357228364546,0.0508008550187008,0.000135501147507876,-125.502768929077
"352",352,0.0968077431572373,0.0847114688767338,0.000197331237585142,-124.591216357521
"353",353,0.102755816776937,0.101852600025025,0.00025952331027652,-125.105864083291
"354",354,0.0493674796974145,0.0647504497045172,0.000315430216586593,-124.382547466274
"355",355,0.114466683649189,0.0914326084480301,0.000251521742402219,-125.125327452634
"356",356,0.140831279769411,0.0951692825848604,0.000367510069305379,-126.05015246306
"357",357,0.0620498630806504,0.0402074360333739,0.000764431129646961,-125.265374471662
"358",358,0.0759376612689402,0.065201879000938,0.000240413427576746,-124.118334437752
"359",359,0.0472918594901088,0.0695255591878042,0.000344743582852182,-124.396601548894
"360",360,0.106240685622857,0.0715536357120141,0.000950897602349797,-125.862338755384
"361",361,0.108372579423759,0.10032400234035,0.000421878583364079,-125.366832337233
"362",362,0.103788880770046,0.0965398730994731,5.00887786114038e-05,-125.774691294284
"363",363,0.10618105885733,0.0889103577165623,0.00118514504560151,-127.074845143299
"364",364,0.0769812208539991,0.0809853986549491,0.0010747233376276,-126.024680817358
"365",365,0.0519255359361458,0.0766083150075962,0.000770623970815284,-124.872887736531
"366",366,0.0229487167626447,0.0957674859539361,0.000910304159635445,-124.895834832947
"367",367,0.0090191644946141,0.0710768996182252,0.00148357899607309,-126.518289472488
"368",368,0.0459091354279215,0.0847000809091787,0.00133527723667782,-125.908701437159
"369",369,0.012160559063362,0.0925530430968149,0.000708668763206508,-125.276915963278
"370",370,0.0130827958178495,0.107255857607168,0.00189651875301667,-125.321603471325
"371",371,0.0452905792494381,0.161662555357554,0.000183124759484787,-127.287200994556
"372",372,0.12560642412286,0.156961085295998,0.000502319133873563,-128.022978654977
"373",373,0.0447812523436756,0.0809190470815826,0.000497171608278378,-124.530345163607
"374",374,0.0661624599437114,0.0747014409427234,0.000469389582422267,-124.241475126389
"375",375,0.0395564572950941,0.0661416984772607,0.000679530244430838,-124.983280215954
"376",376,0.0718117626565606,0.120349021834048,0.000710563524521851,-125.714060987175
"377",377,0.0174568017625168,0.0974698679612371,0.00204100383330624,-125.698349001549
"378",378,0.0241435984278855,0.0871743178197116,0.00210867251542237,-126.364884989345
"379",379,0.00398940714678458,0.126320019225374,0.000908028429834525,-125.140484438538
"380",380,0.00540117756960441,0.126616655246516,0.00150729187243354,-125.069931441906
"381",381,0.0223329307018801,0.143742960685979,0.00102617590043966,-125.463489574919
"382",382,0.0581890997459535,0.15680190314236,0.00120384789061176,-126.777518399939
"383",383,0.0318693880108575,0.0605183975748112,0.00139738066840474,-127.138803902664
"384",384,0.106731133170913,0.0481845411814362,0.000252851441167536,-124.776200748303
"385",385,0.0921028279032705,0.0686854459129017,0.000555136253807435,-124.602392626612
"386",386,0.102843952967332,0.0650519422348166,0.000461826683398207,-124.611585197637
"387",387,0.0442319046470254,0.0640856607268792,0.000684872511992814,-124.89099554812
"388",388,0.0794038827506576,0.079347408106871,0.00065593247826807,-124.80548651306
"389",389,0.0423581968934455,0.0600292719977874,0.000235928705294407,-124.940686581026
"390",390,0.0521344980103494,0.0719824985473816,0.000462483249498073,-124.322348438495
"391",391,0.12249597226492,0.069373449522301,0.000543130891330319,-125.2616602173
"392",392,0.0846148203227064,0.02912410009839,0.00104822618370342,-125.63602642506
"393",393,0.0789638428520095,0.0947453923495978,0.00123352759834884,-126.847283604678
"394",394,0.0138286058921424,0.0920159082082259,0.00144007978035948,-125.263274586238
"395",395,0.036502618598546,0.106986474311772,0.000531423674417294,-124.880424368327
"396",396,0.037900734665328,0.0852316939701021,0.00066658853327126,-124.711434567627
"397",397,0.0910907157057811,0.0997503222057994,0.00121539101024778,-127.204991775507
"398",398,0.0297851432467374,0.123970384872792,0.00127188083503236,-125.251370612798
"399",399,0.0287490616272151,0.0479647964389227,0.00158513497819737,-129.204667312271
"400",400,0.0676004165047511,0.109138788400034,0.00152460246373429,-126.978506520095
"401",401,0.0489905066213281,0.0781172875521338,0.00131386626064478,-126.232132109419
"402",402,0.0462893862723462,0.143247042083782,0.000646762203999134,-125.903553068517
"403",403,0.0556996373977076,0.128753022626738,0.000525769650723753,-125.592931370718
"404",404,0.0381888854770268,0.0838540696249447,0.000864472226297255,-124.898738799072
"405",405,0.0589117044167306,0.0388309876391371,0.000828763295780674,-125.587828698841
"406",406,0.100572181864279,0.0663119322614881,0.000674352518502973,-124.964692202775
"407",407,0.122309240804341,0.0885673812551032,0.000449262825377965,-125.472346919301
"408",408,0.0299252899658763,0.0846466216958507,0.000321537579746033,-125.129670043823
"409",409,0.0315584919207628,0.0816988330474601,0.00101294793661161,-125.103961268232
"410",410,0.0557380805933534,0.0603453315252227,0.000762563279217949,-124.899276163147
"411",411,0.022689074328781,0.102684165212529,0.000192994175612041,-125.779062080445
"412",412,0.11794736840754,0.0573522847924771,0.000531226564796289,-125.034908688876
"413",413,0.105239541123684,0.0451271232740098,0.000297333941143128,-124.764255772276
"414",414,0.0744461833743039,0.109604737120332,0.0001474265439993,-125.362674094661
"415",415,0.0742413705585094,0.0801840179485978,0.00014016852844216,-124.335942224783
"416",416,0.090245493387067,0.0750519361160069,0.000205873203567527,-124.328327024991
"417",417,0.0461635958396357,0.0913182644361751,0.000932654866040827,-125.013066412879
"418",418,0.0437360758565657,0.10117533083336,0.000329069307068518,-124.879112817905
"419",419,0.0340965895381581,0.0984733251127226,0.000828672681353982,-124.808226955072
"420",420,0.0423775537484815,0.0765994591941621,0.000206978642702542,-124.825384541806
"421",421,0.109920130555833,0.0861930830875963,0.000590133072698969,-125.375167231742
"422",422,0.0932161546227187,0.0780507466960832,0.000653033114171305,-124.994689924965
"423",423,0.0115453967802493,0.157279057542462,0.00137117956211916,-125.565684569511
"424",424,0.0130993295426812,0.104573075468168,0.000825349229708172,-125.028414099872
"425",425,0.0946492586785844,0.115984697026618,0.00014106699329598,-125.683925958702
"426",426,0.0114908026710602,0.174224467596076,0.00561520443471794,-128.69534345113
"427",427,0.0155290859224215,0.156200680309746,0.00413796371465499,-127.305414144687
"428",428,0.0078737646882038,0.114262108748915,0.00357248068841879,-126.664802697186
"429",429,0.00456403963338159,0.103037911618211,0.000840777681624084,-125.279654833536
"430",430,0.0323205123728575,0.106483375806963,0.000802599999233655,-124.858603121428
"431",431,0.0165242785240869,0.119295968950092,0.000997811807111339,-124.990239525579
"432",432,0.0502200035582173,0.147635072990641,0.000939665839528718,-126.149958843216
"433",433,0.0279508540224266,0.0680236493369083,0.000460611625105179,-125.372897351969
"434",434,0.110955573106054,0.0490595463298897,0.000950959807626848,-125.735724381261
"435",435,0.0871624379899674,0.0492355323867235,0.000981276977446505,-125.326456635314
"436",436,0.0539733664585461,0.0416918104215248,0.000924930313838033,-125.904953059372
"437",437,0.0485769919486015,0.114465662124363,0.000325362580419898,-125.209931594498
"438",438,0.0964136392514033,0.0377702090049882,0.000198569275790142,-125.015131835178
"439",439,0.0969770718207599,0.0559215248232764,0.000168210182808218,-124.539168017611
"440",440,0.0676445499699027,0.0745349045866091,0.00011777712969971,-124.391116901513
"441",441,0.0436349211970105,0.0854812810961072,0.000432741489461065,-124.565881874169
"442",442,0.110291138750578,0.103256972812463,0.000129319576659963,-125.481376633976
"443",443,0.0596230367907368,0.0861332262425047,0.00098973111875876,-125.511984916787
"444",444,0.0673326249541661,0.129961552280658,0.00107896011498487,-126.245163777691
"445",445,0.0244121551472129,0.0918400785602215,0.00196078153519379,-125.946960891378
"446",446,0.0238242130202154,0.109249719771905,0.000324049804724623,-125.336591798063
"447",447,0.0203520859164254,0.0642309016895024,0.000579830761663746,-126.017469792559
"448",448,0.0266555835061833,0.0837702322242145,0.000847783328540114,-124.970910766114
"449",449,0.0383129803214681,0.0653914759511799,0.00101989502252379,-125.737535849519
"450",450,0.0982868419473314,0.0516498812433387,0.000684657561919925,-124.82479389873
"451",451,0.0734202609082989,0.110081984480078,0.000320177403683577,-125.117772460216
"452",452,0.0815383105770384,0.120146953820689,0.000522929248501811,-125.713042302827
"453",453,0.0640832598080098,0.158032819147868,0.000678242492208084,-126.809688892171
"454",454,0.060046558856026,0.1566231384005,0.000608110681965438,-126.67692546014
"455",455,0.0131909862710059,0.163885500956155,0.00193151066237601,-125.821080832266
"456",456,0.0171797300810147,0.142304637044433,0.00196669114910866,-125.628614431594
"457",457,0.0276005099744392,0.0889517494964396,0.000157722537392107,-125.811771170037
"458",458,0.115697807540519,0.109313364033198,9.48544344907141e-05,-125.957631445111
"459",459,0.0668550216536275,0.115725988768243,0.000866325664833104,-125.668609077848
"460",460,0.0926036440684979,0.0500140459732809,0.000565797567138394,-124.527479503639
"461",461,0.0668984727648191,0.0582555991067998,0.000768957637174534,-124.842950133695
"462",462,0.0804153326533416,0.0536006014503397,9.58359155064011e-05,-124.795116685631
"463",463,0.112206974548879,0.0780570939884161,0.00119044419501875,-126.82400499296
"464",464,0.0320250500791994,0.0958499412768373,0.00112668960243589,-125.008672966931
"465",465,0.0299216967333602,0.140669008790431,0.000704638004786497,-125.54372010932
"466",466,0.0557143703152007,0.0469103854546029,0.000524667928539055,-124.837919658749
"467",467,0.0637888582686959,0.0880289754597997,0.000161796449095132,-124.497040831884
"468",468,0.0898466710291862,0.0523636125922649,0.000293005216364147,-124.285214397249
"469",469,0.0629973920800312,0.0947214478455456,0.000421108741160607,-124.580189041534
"470",470,0.0526467392752477,0.101805056902704,0.00087695879678454,-125.097568578332
"471",471,0.0333321956885349,0.105829537829713,0.00112438716107661,-125.020613169774
"472",472,0.00971495345530167,0.108224235288785,0.00164793410375748,-125.130937306586
"473",473,0.0015774535416332,0.140926362529239,0.000471890003087805,-125.686359321518
"474",474,0.0417128821268219,0.0774229123368256,0.000371544903136584,-124.600049806448
"475",475,0.0978292227312913,0.0895615177484628,0.000819993085257667,-125.807925012435
"476",476,0.098994498023212,0.0913003233338379,4.57773416685931e-05,-125.624742527325
"477",477,0.0392699871707039,0.0619379809079878,0.00138955597387649,-126.950962192686
"478",478,0.0240052308511339,0.145416413272869,0.00122874487834769,-125.557358751885
"479",479,0.058319708093585,0.109056017432337,4.37984131257354e-05,-126.45196691609
"480",480,0.0812825025456417,0.103034381610026,0.00070110143000153,-125.511349165966
"481",481,0.0662131490657736,0.0344014364515112,0.000619275061001271,-125.122625211803
"482",482,0.0942188558948234,0.0450030903176883,0.000167944723465546,-124.749064524409
"483",483,0.0677985449718863,0.0886255249568426,0.000517776872068889,-124.561524213809
"484",484,0.0293521781070072,0.0814977789796827,0.000504035548501968,-124.94383402482
"485",485,0.0425465509961125,0.0722492188419818,0.000646417620504827,-124.755050846645
"486",486,0.069155745752678,0.0519591951091162,0.000193686185569428,-124.478220136854
"487",487,0.0516931778665957,0.0584911125502061,0.00107091070532939,-125.830515317376
"488",488,0.0406078992009933,0.14094902575043,0.000597470720965894,-125.749405484296
"489",489,0.00646444649442323,0.0914764467993943,0.00186046498213519,-125.61274102313
"490",490,0.0146358413320046,0.176085105692329,0.000688031185395879,-126.916835473976
"491",491,0.0263057549239023,0.0921149602513429,0.000903794332598718,-124.884860264251
"492",492,0.00174362979629457,0.130313758475189,0.00254998139065147,-125.471439808333
"493",493,0.00404234462211243,0.108842706938816,0.0023939373863443,-125.545851604705
"494",494,0.0773418401290402,0.163448032693483,0.00112130520805667,-127.532428438012
"495",495,0.0723950338994319,0.0626941902477498,0.0012296465903305,-126.213586274145
"496",496,0.0235986897691587,0.140147468391062,0.00112998485858123,-125.408539010404
"497",497,0.0618231013094806,0.0734472006378894,0.000679851804729717,-124.641847767496
"498",498,0.0363718621846143,0.193118999416588,0.0017890263597249,-127.379019252076
"499",499,0.0613268530121763,0.231567172660129,0.0021403593096045,-131.423654154225
"500",500,0.10211266092345,0.113218459311111,0.00245534061976309,-132.323618207205
"501",501,0.159195187929785,0.116256013355127,0.00198778241912418,-130.479498456632
"502",502,0.169476160995984,0.0952082549487369,0.000816209073491594,-129.699863906864
"503",503,0.0488491744558767,0.0747508062157133,0.000505309082780984,-124.442646305933
"504",504,0.0468353509115785,0.0614706544841446,0.000252811368296937,-124.623369177304
"505",505,0.101211889600735,0.0775044299134083,0.000452345944893517,-124.723227511739
"506",506,0.0779290608694113,0.0414579029683528,0.00106052098303381,-125.554460052306
"507",507,0.0970789946981,0.0510254357900185,0.00201729469547851,-128.163680231249
"508",508,0.0617552631981018,0.209754929315466,0.00214091562181475,-128.793782560227
"509",509,0.059437737604388,0.194894115084696,0.00229891384223287,-128.59774391528
"510",510,0.0602327026121433,0.21622901827688,0.00482605386384936,-130.657896408309
"511",511,0.0529472965999774,0.199899525136584,0.00384625339596271,-129.382964713764
"512",512,0.0515079028379896,0.18935322449311,0.00213674843215112,-128.037286374446
"513",513,0.0364299321007901,0.106327236283431,0.00152588057644238,-125.488061346084
"514",514,0.0394191426228214,0.167904192930889,0.000590631841347886,-126.668207114233
"515",515,0.0686627616193896,0.103699476168555,0.000802844691542152,-125.425513444493
"516",516,0.116426417177731,0.0702023169317806,0.000483981778029546,-125.067852074497
"517",517,0.0678774009456256,0.0441374582847028,0.000856535154290466,-125.196061332752
"518",518,0.0892397145629109,0.0605690589856218,0.00033212428661434,-124.225095386587
"519",519,0.0471695636342726,0.0583335445183318,0.000420947264700688,-124.611805340263
"520",520,0.0586832012040698,0.075256950024157,0.000162409744762362,-124.320604711577
"521",521,0.0849336361278087,0.0386154688745793,0.000884766951520511,-125.10910483202
"522",522,0.0792866961310583,0.0423932751642488,0.000202499625598683,-124.651970561504
"523",523,0.0789394309996968,0.0356511307930534,0.000140571746002998,-125.270237193479
"524",524,0.0838055985386986,0.0805850486818767,0.00092767246371904,-125.657234195051
"525",525,0.057444550102891,0.0845010205471141,0.000668200631078084,-124.715630995229
"526",526,0.044265682170872,0.146788723049548,0.000134570046789245,-126.94337677552
"527",527,0.0408991215958898,0.0795426149112201,0.000587502488911496,-124.653055745711
"528",528,0.116415365601195,0.0808210071197489,0.000723661549952889,-125.711357907334
"529",529,0.020389455848845,0.146678459134934,0.00169357449367129,-125.659521843125
"530",530,0.0119651545196846,0.138184769281174,0.00188709284859812,-125.402852279714
"531",531,0.0287146555412475,0.119981163449089,0.000892304881219973,-125.041680816008
"532",532,0.0124188124664092,0.113766568032957,0.00134271522906324,-125.00387319767
"533",533,0.0141034341937902,0.106792248492039,0.00234098629783541,-125.737108446604
"534",534,0.0140237969962595,0.143857682873709,0.00205826774524505,-125.619427947634
"535",535,0.00848161493054473,0.131831518146669,0.000589549953643712,-125.367306315539
"536",536,0.0369615936861713,0.107134424089138,0.00252889888899649,-126.973239350098
"537",537,0.0397523613919019,0.198019282040166,0.00188813529227568,-127.770808480764
"538",538,0.0465121536227102,0.149983103575296,0.00220958174583026,-126.986552886531
"539",539,0.00521826171286757,0.149059323473874,0.000891588247648351,-125.390431485953
"540",540,0.00606563078048517,0.116436122374374,0.00107117247171284,-125.034942004779
"541",541,0.0298353715981282,0.0837331667632403,0.000753862960307287,-124.877649696406
"542",542,0.0891627514700763,0.0560212659194794,0.000756320595219527,-124.855966992068
"543",543,0.0704601558951423,0.0538317727125603,0.00032778233712319,-124.237597156271
"544",544,0.0815849203082,0.0588052528465886,8.41619325792192e-05,-124.777596399345
"545",545,0.075168500570985,0.0878982691734281,0.000501609847587689,-124.573878641414
"546",546,0.094407008706956,0.0345144379629461,0.00109016785573829,-125.772039120937
"547",547,0.0816516642031584,0.0441394570367918,0.000614286289089631,-124.563542248866
"548",548,0.0468434233885975,0.166365418967291,0.000883709459932826,-126.691853027235
"549",549,0.101436637695084,0.0723152167205869,0.000645880331456029,-125.018967910859
"550",550,0.0420172662506495,0.128395313729498,0.000476081099526475,-125.44624547871
"551",551,0.00586810293293264,0.134507226023088,0.00328832134318265,-126.10696525203
"552",552,0.0064269850318693,0.10446301803844,0.0015404545031944,-125.128613831499
"553",553,0.0188907666956486,0.123280775654364,0.00299814347983862,-126.393511440405
"554",554,0.0119917682826561,0.176080968002135,0.00129232092930043,-127.041018398138
"555",555,0.046614858355523,0.0575577005019815,0.000133708783900693,-125.223678593659
"556",556,0.0779996023391042,0.0600455901537557,0.000379018042226312,-124.160476679979
"557",557,0.0730717271839087,0.122174472995202,0.001780407578575,-127.706465341328
"558",558,0.0323833637128421,0.159215919482421,0.000186755210286179,-126.986646277938
"559",559,0.183161702755587,0.113598948202087,5.8562851203e-05,-128.606308351677
"560",560,0.0738010286775339,0.0973779958201357,0.00060189894193859,-125.004797137614
"561",561,0.0362658270332945,0.105572740713903,0.000747608075464384,-124.844544915927
"562",562,0.0354568775415839,0.0618214894472891,0.000822411309917834,-125.509641819436
"563",563,0.065355308362518,0.0867907973326814,0.000522390261226238,-124.516948844885
"564",564,0.139871930619991,0.109972583884091,0.000150375752798834,-126.413401783389
"565",565,0.132844381271657,0.100435672051867,0.00046613925372223,-126.077176715995
"566",566,0.125750031992007,0.101580701420819,0.000167306064259695,-125.748128465897
"567",567,0.0529119866328741,0.0793454115121038,0.000676505523613499,-124.682909774586
"568",568,0.113203370289182,0.0554608181251557,0.000891413769998224,-125.499840547513
"569",569,0.061882664486469,0.114874557420454,0.00050330303287303,-125.213020982253
"570",570,0.0364976206465185,0.124330234785981,0.00132264175200546,-125.433895064729
"571",571,0.0479504895224891,0.134618177548456,0.00209835981640584,-126.743141753792
"572",572,0.0480545434732002,0.159198267741697,0.00197652491778078,-127.027914146352
"573",573,0.0263480113246501,0.147073790917176,0.00199464317668107,-125.999380877042
"574",574,0.00426899867189695,0.139972217050805,0.00221636842142137,-125.415597787064
"575",575,0.00678521171288893,0.122246845348402,0.000450983356886358,-125.5407204386
"576",576,0.152673164767429,0.11125626382368,0.000605352205017332,-127.125978717497
"577",577,0.0854156757753074,0.0514861227295864,0.00056346611987442,-124.443258767263
"578",578,0.0981803130222935,0.10254281147038,0.000207248021095786,-125.049180003905
"579",579,0.0931498459640809,0.053840605867111,0.000441360315071451,-124.368106032411
"580",580,0.07817294235582,0.024472377543488,0.000892418280415306,-125.605601300891
"581",581,0.0689696064957251,0.048915526736082,0.000305165570895009,-124.392106547888
"582",582,0.0351022776108697,0.0596056900958976,0.000680242095609673,-125.370864230091
"583",583,0.0520861539460761,0.0493007727886161,0.000577307012911731,-124.922856294829
"584",584,0.064320293030824,0.0696434706333826,0.000211816892296316,-124.136995858254
"585",585,0.0749446881415668,0.0708241147835127,0.000652179426015267,-124.628454091099
"586",586,0.118059765943741,0.0557575048132599,0.000518146982482235,-125.082032487293
"587",587,0.0546319501270517,0.0770216278069342,0.000416584744820983,-124.269095843699
"588",588,0.050186861041157,0.0617692706243561,0.000271610974007306,-124.456407837183
"589",589,0.118849475508059,0.088719281839183,0.000879168615677949,-126.376405635189
"590",590,0.0804238208701746,0.0790240918613841,4.99654505917562e-05,-125.072073300382
"591",591,0.11865710463432,0.0733902213862008,6.75426578268964e-05,-125.672192484007
"592",592,0.0922415714403539,0.0644204377444478,0.000543328931583774,-124.533789692066
"593",593,0.0462839825137707,0.108428515517109,0.00049607314415993,-124.913041023578
"594",594,0.0369205987313131,0.100567477519813,0.000486465673411484,-124.802691514805
"595",595,0.0864130080717868,0.0474552776167137,0.000377741173348193,-124.31495950331
"596",596,0.0798818865920152,0.0284247841619368,0.00075419743054155,-125.187423497836
"597",597,0.0781291658026311,0.0683395693609728,0.000558792670628194,-124.431451852718
"598",598,0.0710145155976828,0.0593398380554799,0.000275303691420768,-124.154868076551
"599",599,0.0964214473724411,0.0379896917454673,0.000751178715682996,-125.034049503516
"600",600,0.0636140790114447,0.0991947055223575,0.00107585538305956,-125.811767025448
"601",601,0.0023669332165989,0.0880866314379092,0.00278039496034001,-126.69956640301
"602",602,0.0149926232447928,0.1373097207459,0.00207158884400811,-125.55731260215
"603",603,0.0270771797692426,0.151137604437484,0.000839283409686565,-125.758751371008
"604",604,0.0105000629846078,0.132334805961943,0.00155358013451493,-125.176006570585
"605",605,0.0047607200927663,0.097857630449379,0.000896538177368792,-125.319702870168
"606",606,0.0690565479787296,0.14458079867072,0.00156526983946511,-127.1886068517
"607",607,0.0721091909126847,0.0389599022849723,0.000601745549354068,-124.751840702645
"608",608,0.0585888680194191,0.0557102715140334,0.000878777784047733,-125.220452953329
"609",609,0.0463484438325018,0.157631973336779,0.000809983907959921,-126.375388918523
"610",610,0.0246718221245129,0.182180445996869,0.000665544476267342,-126.847339472574
"611",611,0.0370242661280325,0.0676663167517738,0.000786548343156004,-125.184447055249
"612",612,0.118176195829628,0.0527967558830227,0.000413942786351908,-125.1927955054
"613",613,0.115417833316007,0.131176966515673,0.000274027759696012,-126.472997381548
"614",614,0.127179206331283,0.072816414791458,0.000686144665172698,-125.610373502696
"615",615,0.0684981926081257,0.0877071925308532,0.000795701375369655,-125.173051994336
"616",616,0.0683107519399861,0.139530531486365,0.000933419860125092,-126.375381039546
"617",617,0.0622505244205173,0.137563176916016,0.000977403417728864,-126.178794769331
"618",618,0.0595289414845292,0.0597446360064078,0.000878308974024679,-125.162938635837
"619",619,0.121450677334521,0.0609837998320369,5.89013621562926e-05,-125.872823229805
"620",620,0.0940055456104685,0.0845154520759372,0.000518045097714464,-124.835869379992
"621",621,0.0557040165368874,0.0779412908691307,0.00018689881329601,-124.354125641513
"622",622,0.0368332112202547,0.0779369044761278,0.000806689497072705,-124.93431449523
"623",623,0.0757164616079785,0.0510195019287723,0.000837991561058155,-124.992724572341
"624",624,0.0922251261236467,0.0376433017365724,0.00132474280346375,-126.105126461146
"625",625,0.0752163938353712,0.0386717860828994,0.00251992665452415,-129.928699934371
"626",626,0.0735579621945677,0.040055834599095,0.00140822351930518,-126.655262513832
"627",627,0.0678033656229697,0.0153384324691433,0.000948978561620364,-126.855124710723
"628",628,0.069622597101011,0.221636259161847,0.000678180233121845,-129.155311318197
"629",629,0.0728727727540406,0.13833165074734,0.00138461968663572,-127.017041287817
"630",630,0.0896596150859088,0.0551660527103335,0.000603958696336174,-124.547063227943
"631",631,0.0802649053678583,0.038176238131802,0.000164685053158991,-124.975191263757
"632",632,0.0678937906442601,0.031025899295033,0.000744852169382733,-125.389791733238
"633",633,0.0604205159495496,0.107804558621907,0.000672201323886309,-125.109798592437
"634",634,0.0814629077343299,0.161767798341039,0.000481420769467918,-127.373150506916
"635",635,0.00339894469345305,0.125991621571335,0.00053040826435696,-125.497175612207
"636",636,0.122726990811202,0.120502868595747,0.000374344420431633,-126.279798607396
"637",637,0.0608389896731783,0.0426627703780297,0.000537710353441389,-124.857995126745
"638",638,0.043155028432828,0.203646834146863,0.00103708625537585,-128.211667654683
"639",639,0.048733201732325,0.190956407082683,0.0028801758691351,-128.403570457623
"640",640,0.0322757883201273,0.0803898548544611,9.52838606323986e-05,-126.092286365543
"641",641,0.051573819374523,0.0880665395271944,0.00104369043663628,-125.382667422639
"642",642,0.0373907393746686,0.0736617521982857,0.00134086516962189,-126.106275798945
"643",643,0.0272615601541884,0.14331009237441,0.00175464190648811,-125.807559723923
"644",644,0.00992248303148117,0.159386939543513,0.0014511514012527,-125.535193958586
"645",645,0.0239356047165493,0.146256093279218,0.00173553632118817,-125.763522170606
"646",646,0.00463670579191457,0.160894897743704,0.0037879170917622,-126.510486764946
"647",647,0.0130214640565914,0.136987223745685,0.00386915360292563,-126.913574460261
"648",648,0.00792912928916983,0.141141291394791,0.00179553557431699,-125.33094693484
"649",649,0.000971120337764987,0.118337071115162,0.00140074843626153,-125.050871405564
"650",650,0.0352997749924992,0.061502371485412,0.000397068747580057,-125.12858960493
"651",651,0.117764043590074,0.0486281442545334,0.000228873150006006,-125.659305763905
"652",652,0.115955046600434,0.0627977010543093,0.000971910750817778,-125.816715276317
"653",653,0.0662998891304547,0.0661821057331317,0.000393762846389992,-124.130641182939
"654",654,0.0619494504277504,0.10155228674332,0.000488908108848227,-124.81377358365
"655",655,0.0463181035230693,0.150270024436116,0.00130663724214559,-126.283143556855
"656",656,0.0195015176461795,0.167921274570244,0.00246088608188737,-126.379736273139
"657",657,0.025742208942538,0.168881972386096,0.00124919096608608,-126.216168674246
"658",658,0.0243051314869756,0.128092778461422,0.00141250846801442,-125.282232447326
"659",659,0.0209359724448156,0.105925944907169,0.00298962942030021,-126.792077582415
"660",660,0.0248630548691437,0.150214467362984,0.00221542287539242,-126.151833303386
"661",661,0.0163115052609227,0.0874669841655003,0.00197650072767268,-125.948867548424
"662",662,0.0290575357509745,0.135191802762488,0.000865828665239314,-125.359226268545
"663",663,0.0351731929436862,0.08011289211247,0.000659360318181216,-124.790274831316
"664",664,0.10291007836674,0.0650491274054946,0.00072780334422302,-125.110670022395
"665",665,0.0968870373769598,0.0376695567708947,0.000970524105775215,-125.461169039396
"666",666,0.0963715125338381,0.0612772180830915,0.00125113042626058,-126.337470980589
"667",667,0.0841117158313138,0.0274656047471652,0.000604956022362674,-125.10623542625
"668",668,0.0491452205144155,0.146500511308683,0.000631787289707939,-126.072697377462
"669",669,0.00689107749541603,0.162173831227884,0.00113919527509888,-125.581960270943
"670",670,0.0079701845051314,0.155736598623887,0.00345847620692062,-126.393463863058
"671",671,0.0403695044622345,0.113245895178743,0.00141870067311117,-125.495809770463
"672",672,0.00688430168098825,0.1401492551662,0.000776520303573829,-125.329781039406
"673",673,0.033575275176145,0.148314984656586,0.00143899771884837,-125.931510847701
"674",674,0.0227969247177397,0.121360335758774,0.000560821632205638,-125.15713233147
"675",675,0.0378920566086669,0.0977420853645705,0.000975303478680932,-124.928484844053
"676",676,0.00530279824263551,0.088304954652548,0.00160040919918937,-125.577801843458
"677",677,0.00532843777184312,0.141529858285177,0.00226198946725475,-125.477325432773
"678",678,0.000331539672389912,0.153843850767565,0.00212671822740419,-125.382971827927
"679",679,0.00887859317904198,0.163613155817101,0.00432660950108963,-127.07299858902
"680",680,0.0124496595979647,0.132438833078625,0.00390502842263374,-126.946860065265
"681",681,2.30858387498095e-05,0.149230227210446,0.000302266041496709,-126.058492667459
"682",682,0.00524398461272521,0.149214336151701,0.00312409128938525,-126.038433389224
"683",683,0.0450796529497987,0.10021149418537,0.00220002753122214,-127.150082363918
"684",684,0.0633233909374379,0.0198986036614742,0.000661633626935566,-126.447007388957
"685",685,0.0860493035325623,0.0917485685988655,0.000552338593212255,-124.931210773574
"686",686,0.0226431353475275,0.094892977265602,0.00052362810539577,-125.037642264731
"687",687,0.0268426444105253,0.109980371925115,0.00142392175480353,-125.164876621102
"688",688,0.0498290486618777,0.104569312221861,0.00145251310757444,-125.893416924929
"689",689,0.0444462213650549,0.175255298200153,0.00191387635437241,-127.262812376214
"690",690,0.0283687645565478,0.174906480503606,0.00257802390917128,-126.953239701323
"691",691,0.0239910326475002,0.121213925943027,0.0013836437336401,-125.172235559415
"692",692,0.0279080352340525,0.114307806562706,0.000217014905473825,-125.622250448696
"693",693,0.0538641528321857,0.0911871640608262,0.000605896608573909,-124.664004257694
"694",694,0.0181130001038276,0.151990677684173,0.000665423838533362,-125.722801702454
"695",695,0.0502514000132958,0.0985313825313569,0.000430441347851792,-124.697071757904
"696",696,0.106913860168824,0.0652214452026782,0.000157897995474472,-124.749605647106
"697",697,0.0384189560638585,0.136069215313128,0.000818977198000436,-125.527489096445
"698",698,0.0111195245277879,0.0970818853360215,0.000925606413405867,-125.111158712076
"699",699,0.0828163240006463,0.085246939276493,9.91258463781541e-05,-124.674842335467
"700",700,0.0910568918275143,0.0886353660741589,0.000510543101485804,-124.855822009007
"701",701,0.0428228778447879,0.0474593337046071,0.000416246958312242,-125.38415656417
"702",702,0.0527768006499045,0.103030466168361,0.000648243952877266,-124.877491677949
"703",703,0.0300869727896888,0.111873841478625,0.000622937380999745,-124.94441856584
"704",704,0.0356588742814546,0.091621339449232,0.000103637840751448,-125.785584053007
"705",705,0.0508028625257631,0.057200521612975,0.000691437530771637,-124.888808865069
"706",706,0.117427688680584,0.0767319367877358,0.000231400407616716,-124.993127366786
"707",707,0.0312437640946249,0.106616793869338,0.00128542410949227,-125.119761437571
"708",708,0.00270628638997428,0.135193119295578,0.00222912761785602,-125.347054509352
"709",709,0.0189399935394638,0.147646327530898,0.00107421566197272,-125.50308920182
"710",710,0.00535787586920673,0.0652771624377824,0.000502932562040919,-127.584183265967
"711",711,0.12775429201792,0.106647461583807,0.000903311624215796,-127.201024420328
"712",712,0.0647455690026205,0.0666432666412334,0.000676701746537306,-124.613036032423
"713",713,0.122392716008027,0.0498411474835736,0.00066012255504073,-127.128652237469
"714",714,0.036253328012033,0.136103565492381,0.00060088891321643,-125.538486237261
"715",715,0.0848448497761414,0.0960919259460315,0.000546105090245486,-125.013731359077
"716",716,0.0270228645639217,0.111676280729433,0.00214918574169357,-125.878099090936
"717",717,0.0101863255328473,0.114105971610495,0.00208282164832212,-125.358544811262
"718",718,0.0167216585291436,0.101674211316447,0.00685787352216972,-133.16388317186
"719",719,0.0248829552669727,0.162755540900256,0.00429739348928608,-127.979033560452
"720",720,0.050999727826029,0.181314777237176,0.00313625120331893,-128.551273111317
"721",721,0.0323781335582985,0.159113797323473,0.0046001848250309,-128.701549822415
"722",722,0.0286088290577129,0.13584632863898,0.00209717839196089,-125.967532445174
"723",723,0.00916131924865312,0.147632101921236,0.00086590762016333,-125.423664179336
"724",724,0.00179289290220546,0.115811883464154,0.00333159237077609,-126.162968602582
"725",725,0.0289889139941964,0.184044463760647,0.00185549346596423,-126.818029621
"726",726,0.0649099351402525,0.157495211163946,0.000515158662782475,-126.848691410203
"727",727,0.00153652134515057,0.137999938881904,0.000829468273919154,-125.289986786119
"728",728,0.00440461762147306,0.141592212384346,0.000745172545019169,-125.374148610455
"729",729,0.0246869126855928,0.148324225095693,0.00228868634706656,-126.161276349159
"730",730,0.016757027060975,0.113902565464272,0.00180663343857569,-125.276469147555
"731",731,0.0136483781081233,0.107355075410228,0.000866572314085757,-124.991716593445
"732",732,0.0363205624527854,0.0743107753421586,0.000275226567976844,-124.989124756647
"733",733,0.086533594355333,0.0683774687628533,0.00049870049827292,-124.413424081874
"734",734,0.0598076510034261,0.0247959981228552,0.00106705600978413,-127.049672679363
"735",735,0.0599446439505073,0.033316219438365,0.000134350256196819,-126.374366658681
"736",736,0.0574471789028986,0.0832499615206376,0.000231825289398029,-124.336772562999
"737",737,0.106002426251789,0.049065673435275,0.000364043980011965,-124.68169213742
"738",738,0.0905250884502683,0.0455391207456244,0.000639638572517399,-124.640365643757
"739",739,0.0697375885420109,0.0774096084837352,0.000124684881304711,-124.365022425786
"740",740,0.0992924418941276,0.0845802961640792,0.00048130521811239,-124.871802540161
"741",741,0.076195862346523,0.0334150690685759,0.000677833169035079,-124.93523408225
"742",742,0.087754688402699,0.0381669728824638,0.000440845741298353,-124.572984725918
"743",743,0.105069850496433,0.0534845118734602,0.00135478318212131,-126.418801500328
"744",744,0.117078430936766,0.077307773211119,0.000641241017507257,-125.467997774839
"745",745,0.0258903106357628,0.127789169307892,0.00207435080004659,-125.773868349633
"746",746,0.0185975483984474,0.175855808247657,0.000958582685319381,-126.3370414151
"747",747,0.026025831331638,0.159433932696151,0.00349433201054094,-127.315284671175
"748",748,0.0310257270720473,0.181000557186515,0.000758846453013317,-126.665787133838
"749",749,0.0420085597345844,0.146442179986652,0.00243835410657207,-126.956962454004
"750",750,0.0223814302531796,0.128181383573296,0.0041237261151835,-127.811240023277
"751",751,0.0118219270992228,0.171685084231007,0.00332974342319702,-126.875813590072
"752",752,0.0273607616745217,0.133072481611097,0.00114875130174071,-125.323693040287
"753",753,0.0316864585048444,0.0772769696759649,0.000264103793299021,-125.26109214851
"754",754,0.0982598535308552,0.0655175301315609,0.00073540375740759,-125.049293566925
"755",755,0.0946564535661961,0.120697393368388,0.000339496362574277,-125.757839599662
"756",756,0.105531873135914,0.0369532876859769,0.000368651502443678,-125.628786380563
"757",757,0.0807933246950907,0.040646089735869,0.000454493897099857,-124.47164981032
"758",758,0.0431196582190405,0.102336274659606,0.00133428420564544,-125.462638160012
"759",759,0.000216429273703778,0.129700289031777,0.00248121036296428,-125.401733045034
"760",760,0.00846048086886464,0.129559459798792,0.000772494664472715,-125.194258324299
"761",761,0.00806338496258977,0.145767491958637,0.000879817299739017,-125.375217715423
"762",762,0.0222368655478129,0.127336915271736,0.000716371259577012,-125.16449778521
"763",763,0.000139633736496583,0.115119958342031,0.0020920867525473,-125.244374419403
"764",764,0.0452097467419635,0.0975741967320947,0.00099485600553655,-125.066819104547
"765",765,0.0158645865090876,0.0763919061527392,0.000460008858393976,-125.899064912664
"766",766,0.0969118601014519,0.0750609148059822,0.00045729822634756,-124.602239462967
"767",767,0.0445078320231603,0.0748942366998171,0.000580025121803081,-124.610679641678
"768",768,0.076592940338167,0.0418995985171012,0.000501036676378207,-124.501949364577
"769",769,0.0678096203768018,0.0633521255376578,0.000266170552757794,-124.119363461395
"770",770,0.0844193638170982,0.0382986927338431,0.000182920765260883,-124.86633515146
"771",771,0.0869751498664291,0.0577429166990144,0.000517310146347076,-124.383594652972
"772",772,0.0917822151140986,0.040581101409714,0.000223928391123911,-124.717341431968
"773",773,0.0711117369401694,0.0403650513594059,0.000297107052937835,-124.67435271765
"774",774,0.0638611606808277,0.128177022705388,0.00214649321879871,-127.7018335575
"775",775,0.0162833910390572,0.124787587971232,0.00243992572197878,-125.762301617283
"776",776,0.00518683375812752,0.0757971187316531,0.000378139375400506,-127.184567169599
"777",777,0.0672149331005296,0.0529682368869064,0.000186674286335308,-124.497005488801
"778",778,0.0558419039302135,0.0526111901861186,0.000340840771250556,-124.539997023555
"779",779,0.0894291432267145,0.0836091899317281,0.000301275121169109,-124.412608053036
"780",780,0.0989943677635508,0.115186824319308,0.000329623566859097,-125.559939472078
"781",781,0.0120403287027192,0.0863192124954356,0.0020273410622702,-126.012317501388
"782",782,0.0358560178445471,0.124245920987358,0.00563867938819983,-131.343411941374
"783",783,0.0130741554585651,0.164442569038838,0.00432205891154487,-127.284530458799
"784",784,0.00706547434513704,0.0827367533366969,0.000195498118796195,-127.632154330194
"785",785,0.0416008831674082,0.103208189014976,0.000459297336885133,-124.822513149793
"786",786,0.0954140525817257,0.0526668721868383,0.000187748657588099,-124.50638548902
"787",787,0.0549964246105462,0.0938065429856314,0.000376193143899193,-124.567294825989
"788",788,0.0514574820139076,0.081196631101563,0.000940281514853226,-125.237163214521
"789",789,0.0480974506493381,0.0620302715144507,0.000870126873970854,-125.256433424082
"790",790,0.066511427070972,0.0920002141700076,0.00122425684179414,-126.392208005635
"791",791,0.023352235638188,0.131338036419153,0.0022932503697176,-125.901903830349
"792",792,0.0181983628886487,0.180195794400143,0.00359716315800515,-127.662564948455
"793",793,0.0211029423256712,0.147241353720899,0.00357783734509013,-127.047453227728
"794",794,0.00995133101966773,0.0952469361763528,0.000830388014569252,-125.221432197122
"795",795,0.0625348982461227,0.104840489766398,0.000807724644084249,-125.27803748202
"796",796,0.0309936833832147,0.139724328463144,0.00205051850359553,-126.06747627566
"797",797,0.0516618954710853,0.121652548750651,0.00297783722107839,-128.408339966437
"798",798,9.70336793623563e-05,0.106001414272618,0.00113845456417086,-125.207490298361
"799",799,0.0186034987835552,0.150529085041711,0.000303277632692594,-126.18017569108
"800",800,0.0258192860947724,0.112786364901988,0.00145199207631929,-125.178095961844
"801",801,0.0313520065327322,0.124470969395763,0.000616708074932737,-125.184881892632
"802",802,0.0399115778550877,0.119366487444727,0.0015384530429042,-125.655615445188
"803",803,0.0155907999650635,0.15826759380684,0.000654400740892761,-125.843770250084
"804",804,0.00114320668964789,0.149848149317535,0.0012905089977181,-125.229708240909
"805",805,0.0105844516015002,0.154031821065109,0.00202957004626741,-125.681039187794
"806",806,0.0506497604837122,0.154745199576818,0.00313990720072359,-128.228593934825
"807",807,0.0822629104154763,0.217761251902459,0.00277454654447635,-130.387508396489
"808",808,0.0719031718454177,0.123987379487252,0.0022500654751093,-128.603016108535
"809",809,0.00744086269523883,0.0880576546530702,0.00185140316130887,-125.742776756517
"810",810,0.0157667626742849,0.109751709446802,0.00186414861237204,-125.317142593352
"811",811,0.0189520841345874,0.113007041640013,0.000874182076610857,-124.944413188574
"812",812,0.0103136244762041,0.11484489187784,0.00206867292689001,-125.347041638942
"813",813,0.0313959213461683,0.148886643980623,0.000205474607738939,-126.540465413223
"814",814,0.103622851023658,0.129311984455927,0.000501579431567161,-126.458104545881
"815",815,0.0484611900834686,0.0775672311076871,0.00152792188184982,-126.876984979375
"816",816,0.00302611990045246,0.158797954430851,0.000861979826743415,-125.578504883377
"817",817,0.0981127706034608,0.177790430578671,0.00135847448157908,-128.867776081582
"818",818,0.103812676309885,0.223333154340061,0.000975741356849418,-130.312020660274
"819",819,0.0873951555533799,0.193469145669542,0.00138183444512618,-128.983936979701
"820",820,0.0739820264125098,0.109989346156385,0.000174912505332617,-125.293557990977
"821",821,0.117255148559433,0.0507245201128728,0.000162812336930633,-125.403614224827
"822",822,0.0676163351071087,0.045811653423994,0.000443225504677781,-124.498714997881
"823",823,0.0754097042564774,0.0992710177136658,0.000590380867600761,-125.05658465168
"824",824,0.0222678301736043,0.101591268378982,0.000811771295715575,-124.883125055462
"825",825,0.0549617693588347,0.159375210309495,0.000525783412083707,-126.714924913598
"826",826,0.0828842029197889,0.123822609037425,0.000625704478148526,-125.987715366207
"827",827,0.0924264997701,0.149328753836447,0.000549755593047374,-127.072434641826
"828",828,0.00352816644512519,0.113863107826879,0.000621758303137385,-125.422896679421
"829",829,0.0231435145561124,0.0869445886091752,0.000709425684206836,-124.985189771615
"830",830,0.141781168200041,0.0880941388102549,0.000807392574190206,-126.424332455568
"831",831,0.00234470132550125,0.116594093483473,0.00140945620467848,-125.044528356634
"832",832,0.0306022480160636,0.0996631190764208,0.00166829167397582,-125.547753992464
"833",833,0.0292592582996065,0.109324617774614,0.000477716533248828,-125.00862741548
"834",834,0.0407626524353859,0.185379537955683,0.0039899907356421,-128.740845194396
"835",835,0.0402079539373029,0.116024416687645,0.00307500984175028,-127.846046785498
"836",836,0.0404202237934131,0.19353739850253,0.0024292017550915,-127.690259344158
"837",837,0.0377405687330979,0.160103251529061,0.000970334711913677,-126.253515317594
"838",838,0.0492632476493635,0.0414943049656882,0.000368393573055528,-125.462484380473
"839",839,0.092445051685795,0.0814938192551239,0.000367721902105306,-124.492115049855
"840",840,0.0778278290841683,0.101424115621697,0.000413278803164493,-124.860684669093
"841",841,0.0446765497140004,0.0954755532351094,0.000149102128238391,-125.228988362386
"842",842,0.0629216068648831,0.0848355051785521,0.00106241781187357,-125.792391318513
"843",843,0.0856058570342232,0.0621764805142144,0.00111559966153288,-125.885680489068
"844",844,0.051501599901587,0.14012218585724,0.0016538360820116,-126.484063649028
"845",845,0.0110954752596907,0.120925949390821,0.00108847274010595,-125.007550356251
"846",846,0.0241694834286903,0.0900255453374016,0.00143464185935244,-125.324692814908
"847",847,0.0333555198135427,0.0929352577488899,0.000169226902611694,-125.462649342559
"848",848,0.101658373703561,0.0737680351154479,0.000637656295663282,-125.032013341576
"849",849,0.039280684757638,0.07854885105139,0.00108266911029211,-125.368795919003
"850",850,0.0296286186600016,0.0984012513881366,0.00120976919598676,-125.043288192147
"851",851,0.0248912757752306,0.102300705250261,0.00133542492882065,-125.076595380112
"852",852,0.0186906908557647,0.106587585277238,0.0016309235976604,-125.203517821246
"853",853,0.0354420131851074,0.100477831883345,0.000984441063624675,-124.917260694683
"854",854,0.024397028334391,0.143955712553339,0.000530518425710702,-125.682041073111
"855",855,0.039809253517037,0.0900098788300932,0.00107128906905413,-125.105310181203
"856",856,0.00597092187770703,0.139204246640838,0.0003605255833706,-125.833576812525
"857",857,0.0752232996339173,0.133248010741694,0.000863015932120865,-126.333294038476
"858",858,0.131097444836528,0.105349387645268,0.000196934832044252,-125.953567969399
"859",859,0.115466088696851,0.0890070025714884,0.000393738273728823,-125.210952143557
"860",860,0.077100008669979,0.0365115380962697,0.00197196783051463,-128.147433988057
"861",861,0.0904303710591477,0.0503674034004527,0.00044401399883962,-124.353714410023
"862",862,0.0641927228791331,0.0775878279974601,0.000197564891001465,-124.180280638947
"863",863,0.109741271484889,0.0624807402067002,0.000568858338360606,-124.9422106069
"864",864,0.113382409995906,0.0600381108915439,0.000655884764158164,-125.12680833256
"865",865,0.0608600623183057,0.0223588968283245,0.000488898622055344,-126.353459589213
"866",866,0.0761315425400304,0.113139225086935,0.000320002446754957,-125.260360987816
"867",867,0.128099726497432,0.101725451804756,0.000944244538988543,-127.158347856568
"868",868,0.067670977972181,0.0685767727178628,0.00162201149632047,-127.660144480916
"869",869,0.0988934074156528,0.100192748035168,0.000169984130855442,-125.037238827281
"870",870,0.0720502771186154,0.0873249556662753,0.000331747601013163,-124.303870129397
"871",871,0.0726347090306894,0.057280519775655,0.000514955884130183,-124.322246344396
"872",872,0.082265907815775,0.0327487409233349,0.000409029047298278,-124.762695526525
"873",873,0.0757712590994509,0.108545173735423,0.000268196326838444,-125.076251255998
"874",874,0.128255104731036,0.0964559488350675,5.46347748242623e-05,-126.376490199006
"875",875,0.091893007166011,0.0969803087268928,0.000405003878725476,-124.892314930379
"876",876,0.0938546844350591,0.0444889747056777,0.000642076767877355,-124.712950648999
"877",877,0.084729996909967,0.0592770521433457,0.000376176393939645,-124.202246365217
"878",878,0.0908843339089488,0.0658295993030486,0.000729544836262007,-124.929578866701
"879",879,0.109891520864339,0.0791545845729995,0.000109241219632761,-125.085014475313
"880",880,0.114848592967688,0.0754295568338379,0.000320392631350741,-124.89529235932
"881",881,0.0546956886840848,0.0709348236353756,0.00026651056229559,-124.21042513588
"882",882,0.111945907330041,0.0671537085105467,0.000417208810169504,-124.82356993733
"883",883,0.0412901238904164,0.0683294830663917,0.000618277318412274,-124.801079792969
"884",884,0.0483437674034514,0.0967781892171835,0.000678992935786736,-124.763952666383
"885",885,0.120283986270937,0.0547743569191393,0.00056158128999295,-125.455244812905
"886",886,0.113988926826244,0.0587322014035648,0.000645172137520374,-125.094225627058
"887",887,0.063342244047054,0.0586580198848205,0.000143131028475831,-124.539661202762
"888",888,0.12017900166156,0.102838677626978,0.000893985554630792,-126.890948268179
"889",889,0.16671644669137,0.0924573518246824,0.0012131175594929,-130.942399756005
"890",890,0.0858612626337134,0.0259023742641061,0.00116779613388831,-126.156562960757
"891",891,0.0786259909740618,0.0441968685143844,0.0011863206542118,-125.890457009955
"892",892,0.0597589798998058,0.132437490850458,0.000361760414186911,-125.877231211653
"893",893,0.0435249863638033,0.0879918882544746,0.000392904430825194,-124.605108528462
"894",894,0.105204791168427,0.0410923629007285,0.0006218867579732,-125.215081809692
"895",895,0.107404734081498,0.105904081727583,0.000660874785066817,-126.0510553855
"896",896,0.0127823817871124,0.109432351858187,0.00115591590070625,-124.96903147192
"897",897,0.0121422507892177,0.103412099248218,0.00208506056509465,-125.514388359122
"898",898,0.0111278801126536,0.117720448532857,0.000472328287213184,-125.390924063978
"899",899,0.121778016920413,0.050411332246921,0.000340261007092416,-126.177807828999
"900",900,0.113255355729684,0.0708360818588736,0.000471646890000348,-124.958743759742
"901",901,0.104405243904154,0.074535483108916,0.000654931415100999,-125.142310005996
"902",902,0.131247835247299,0.0844969738799067,0.000300200749171066,-125.534238143473
"903",903,0.0995041460137538,0.0846134157773097,0.000612357841188669,-125.161078727911
"904",904,0.028472935265234,0.132348238440734,0.00205041297923784,-125.882770378572
"905",905,0.0101770984784991,0.133257608340532,0.000249852602366142,-126.019287098104
"906",906,0.0126626137768997,0.136434476717872,0.00293105995119163,-126.075093504751
"907",907,0.00371936267394831,0.148097109103497,0.00102298085504066,-125.31498011895
"908",908,0.0430822090360014,0.08274781125154,0.00154917241181105,-126.367565942686
"909",909,0.0208708061645535,0.105469904458566,0.000807074299466391,-124.905123869228
"910",910,0.00664675490226627,0.132372356498521,0.00135605671029291,-125.104465509702
"911",911,0.0294904457084133,0.0788827874337707,0.000905977154119891,-125.081154679654
"912",912,0.0291497163978048,0.0796827190464399,0.000606437587970788,-124.939428876034
"913",913,0.072704273266598,0.0503057320062189,0.000192961415458013,-124.483113796745
"914",914,0.0434671971396892,0.118442081102762,0.00136429947652223,-125.577593840988
"915",915,0.0566906099363388,0.115435633885183,0.00119401400124169,-125.782294131017
"916",916,0.0266896928369529,0.109043374752952,0.00203375040359458,-125.756362476882
"917",917,0.0226609068678543,0.131226071944401,0.00199253731832489,-125.642512902441
"918",918,0.00266768970628916,0.101368837684935,0.00382684037962314,-127.209532943019
"919",919,0.00098679083630104,0.122546430714031,0.00340396176981128,-126.098322306234
"920",920,0.00869691185003564,0.146686022631268,0.00138075649287457,-125.340199440482
"921",921,0.00179309953405859,0.150015034578237,0.00257485319577433,-125.591027444676
"922",922,0.00454977982769652,0.145491477630276,0.00286613659567259,-125.827721345183
"923",923,0.0176407664643335,0.135025132256757,0.0014223143761662,-125.278358139781
"924",924,0.0306139755985365,0.0995177443292971,0.000550923104013014,-124.837206219457
"925",925,0.0553806208438535,0.0933210264053686,0.00041827829831935,-124.557864998359
"926",926,0.0705110969120051,0.062291068685838,0.000274689249911693,-124.117575517218
"927",927,0.10976267060557,0.0518661770312937,0.000572666964329953,-124.882113945506
"928",928,0.0440680896307293,0.0898479883811111,7.42463080433226e-05,-125.712786325335
"929",929,0.128284184929665,0.0755019556948342,0.000298979097122198,-125.294815207816
"930",930,0.0690742889194096,0.0236793939906639,0.000631765009149129,-125.649323521403
"931",931,0.0831569745566232,0.151072222265536,0.00110175487061593,-127.344019121096
"932",932,0.138573510246437,0.0764985766750515,0.000915452653820824,-126.563170233963
"933",933,0.0827513581413119,0.0329855584145248,0.000240028049278688,-124.982612962322
"934",934,0.08051079520649,0.0963188763871691,0.000194718253002856,-124.633565515475
"935",935,0.0907672409191709,0.0514656886366672,0.000566000544533184,-124.49602805331
"936",936,0.0910609467929441,0.0549240544092003,0.000424394503972693,-124.318108991175
"937",937,0.0671008483046541,0.065890614017421,0.000406197889068688,-124.142226968204
"938",938,0.0718934004981325,0.0671275767687776,0.00015910893584531,-124.244580993913
"939",939,0.0827131271064419,0.0798245365767626,0.000247559065491675,-124.237860230298
"940",940,0.0294057561150088,0.119139947437318,0.0014178618196427,-125.270520525811
"941",941,0.0221126880795114,0.169758785158472,0.00121484185855334,-126.073458969962
"942",942,0.0201471137425535,0.173091837864488,0.000966131167603794,-126.101282369513
"943",943,0.0293557612240023,0.161071998230329,0.00103876384741792,-126.087377929475
"944",944,0.0480202804155075,0.0581677838365919,0.00140288234602473,-126.994890938002
"945",945,0.086931852542749,0.0380985332052928,0.000701346471284897,-124.80765441619
"946",946,0.0562637099789691,0.0591312084173153,0.000540761940634959,-124.474651737594
"947",947,0.0710735557352836,0.144393113666516,0.000842467615215078,-126.538610631182
"948",948,0.0324916661025613,0.114688798190795,0.00223713234797155,-126.181692793519
"949",949,0.00263481183733377,0.138104657790164,0.00126287744585866,-125.151798618948
"950",950,0.0127583304965324,0.15472126520348,0.00272081139154241,-126.124668297791
"951",951,0.00336466893057235,0.139878596644663,0.00279572067569479,-125.704863293778
"952",952,0.00540942637784,0.128040879073022,0.000472806671191655,-125.544206027159
"953",953,0.0971939166309851,0.0719748278294546,0.000707778023006349,-125.079169549903
"954",954,0.000776166952271851,0.157882053869877,0.00319103943777304,-125.999375549621
"955",955,0.00535052965253205,0.11692050948461,0.000351059280193905,-125.837240115107
"956",956,0.0511674743584389,0.104393028865689,0.000392517496590288,-124.851232773464
"957",957,0.061838964916254,0.0741056642800131,0.000275264998008937,-124.10099299666
"958",958,0.0870383643243832,0.049257850762583,0.000364957877195923,-124.290040154666
"959",959,0.0542449141544179,0.092931237239499,0.000550964506358289,-124.633478849179
"960",960,0.0800654775837764,0.0566214695045872,0.000556059568875713,-124.397704961577
"961",961,0.0675040543393209,0.0908803873573138,0.000490034948521543,-124.570122242152
"962",962,0.0674140336671684,0.0886741602265066,0.000360169285682838,-124.355327520274
"963",963,0.0090961128975142,0.148871642057317,0.00354862723066839,-126.49085494058
"964",964,0.00810843953867353,0.113413088037795,0.00331281569253911,-126.415335821955
"965",965,0.0244873263846213,0.113704809074537,0.00432734943601726,-128.697424945837
"966",966,0.0168110415907881,0.110749824732372,0.00363540376898937,-127.2874848975
"967",967,0.0238196363886586,0.186700549203476,0.00067196281148695,-127.699584603553
"968",968,0.232501114749029,0.184920173864601,0.000738383667489938,-130.159855653149
"969",969,0.0579011984430877,0.0732380055692258,9.28844254889479e-05,-124.68629948094
"970",970,0.0707358943447944,0.0736297437375814,0.000338006127654508,-124.095875469953
"971",971,0.0838766813435916,0.0302768475167196,0.000378445775157666,-124.932455500667
"972",972,0.0725334821478011,0.0925515105459512,0.00135615121342673,-127.036991159543
"973",973,0.0694746179126009,0.0520472040814792,0.00100938303489243,-125.49231851645
"974",974,0.0689012975065651,0.0142212431901335,0.000712757896707286,-126.702145716257
"975",975,0.0690724209205502,0.0655263250143139,0.00115476112468727,-125.986242460759
"976",976,0.0450692893687617,0.0642740578120528,0.000168747450725592,-124.871847073943
"977",977,0.0713329726828801,0.105958879839353,0.000589681511351522,-125.164532526578
"978",978,0.0594313359239404,0.0700086335743011,0.000112280911349505,-124.531363138283
"979",979,0.0832409206721024,0.0710015595728968,0.000760290231298447,-124.990252030045
"980",980,0.0847372371638375,0.162170190892801,0.000909310562023613,-127.5658515084
"981",981,0.0552124027525805,0.137550016034579,0.00176982611317408,-126.718495022573
"982",982,0.0271707218500847,0.122829521371578,0.000473546413694946,-125.25064004338
"983",983,0.00893868634491066,0.0997636777121071,0.00186219578064486,-125.374217907741
"984",984,0.00688583701231738,0.136211710512162,0.00094332022094639,-125.196724170984
"985",985,0.0179880203177258,0.136224133914988,0.000917882225041942,-125.25213797119
"986",986,0.00194676033930099,0.156212373406074,0.00280632255693205,-125.748366501199
"987",987,0.00614415236710835,0.123395329293829,0.00344987660282378,-126.312251720005
"988",988,0.00725814662069383,0.130391755883575,0.000690790195490906,-125.270708251384
"989",989,0.00471610376893262,0.111442848377031,0.00164369724846077,-125.101456646098
"990",990,0.0231311850384553,0.130159411858523,0.00153991427233735,-125.353880094213
"991",991,0.0965875248914848,0.0518393087532917,0.00124897967168077,-126.1059624301
"992",992,0.048791693064187,0.124404437460486,0.000522051213817474,-125.364673817674
"993",993,0.0479193682559703,0.0555716852771946,0.000745146932152895,-125.122926575385
"994",994,0.0722493649351545,0.0545152036853783,0.000803194061362194,-124.916508645027
"995",995,0.0601622594515771,0.0922414982619745,0.000704042563696599,-124.895206482468
"996",996,0.00250164044331205,0.150044188442167,0.00219084514187834,-125.446527067881
"997",997,0.0144039646302698,0.101614567978725,0.00247668027722427,-126.002207206698
"998",998,0.0218132221528629,0.137521451986544,0.00171368505146916,-125.532011964992
"999",999,0.0109870990207361,0.13256446433911,0.000672507375335016,-125.282480774063
"1000",1000,0.0140524415078625,0.0604503859010058,0.00127393148891049,-127.266133717093
