"","i","asc1","desc1","pol1","p"
"1",1,0.197064069371189,31.7737073611531,7.0621684814758,-245.1611562918
"2",2,0.469305139292812,31.105365690035,4.96632935401271,-228.137997669698
"3",3,0.673068309970015,25.1674989877069,3.07851241888771,-208.150829574068
"4",4,1.00758598102088,16.1623940781278,1.46789254470598,-188.231941893947
"5",5,0.528828806354581,12.2440058893774,1.43684094956629,-178.534571232452
"6",6,0.0721597505463176,8.55883937353073,1.40579538416449,-175.750249700217
"7",7,0.129941968534073,9.88374278102508,1.22851821794325,-172.82083866628
"8",8,0.406544950500626,9.75902672838977,0.952932287660532,-172.632987222818
"9",9,0.419831508493192,9.02769158505187,0.850357296160899,-171.330433425566
"10",10,0.337975249404577,6.79517002395908,0.739071262175089,-165.597069325238
"11",11,0.296827542079912,5.1159991856704,0.515842426853591,-161.848023617591
"12",12,0.0188942668853658,3.34890433172964,0.429577978897059,-158.167668469861
"13",13,0.125935923313473,3.6284688420309,0.498182700297562,-160.509418037939
"14",14,0.295010519878473,3.4275477065653,0.464258498628437,-161.161166108439
"15",15,0.168249593890924,4.1159344362114,0.426957520201895,-159.391763273581
"16",16,0.135619540660798,3.77251047308831,0.361142036326089,-159.234158143386
"17",17,0.422160119368035,3.23670927284792,0.313420845843025,-157.651776507625
"18",18,0.0516055134288555,3.22680992728913,0.373569767884613,-157.236208197896
"19",19,0.0992471167072163,3.24567433110396,0.33127219648704,-157.491402626324
"20",20,0.450624327620095,3.146735509977,0.249669869670392,-159.014070552021
"21",21,0.839889875734031,2.98943486773444,0.21605182795057,-157.659008406772
"22",22,1.16878254405655,2.8028017596215,0.138089426921522,-158.84182022493
"23",23,1.46267898373033,2.80700952120798,0.130666267882016,-156.982588577755
"24",24,1.64741772076612,2.8905033116073,0.127984096177348,-157.093005986337
"25",25,1.64642558753319,2.95863538641827,0.130863006003906,-157.330534505149
"26",26,1.75111293462654,3.15384979746798,0.139023958254102,-157.966120016857
"27",27,1.96351164671743,3.21811604567627,0.120553086877466,-158.157728379675
"28",28,2.17346140152557,3.36982978047962,0.114336647039355,-158.630203975882
"29",29,2.05845263337442,2.98726786022252,0.070831554758215,-158.25087168637
"30",30,2.17357258447088,2.83876794450163,0.0545476741755303,-156.735421365593
"31",31,2.22580846588745,2.8093959796514,0.0556978205169405,-156.832427484687
"32",32,2.0159087158376,2.79839621490854,0.0631674851919568,-156.915207916972
"33",33,2.15670648222379,2.93923104612638,0.0690723275483348,-157.095403295754
"34",34,2.10132004312435,2.78689259414778,0.0615464004217002,-156.528883605957
"35",35,2.15480609332022,2.76906595948269,0.0546713287523563,-156.452480704334
"36",36,2.13775636056988,2.73133114141421,0.0516461198297876,-156.288324178435
"37",37,2.16727022233104,2.83505477380971,0.07159219649424,-157.446244000242
"38",38,2.0828448204013,2.77389877500107,0.0543594784671736,-156.711668213143
"39",39,2.084304468504,2.83551187471947,0.0603261097189818,-156.96218831614
"40",40,2.15707895324344,2.84600113172791,0.0740933489405232,-157.472131680395
"41",41,2.02743968080992,2.68748846067087,0.0448750250466812,-157.251854338744
"42",42,2.26628975846884,2.95719923572367,0.0735265801152482,-157.841442414805
"43",43,1.98444853568945,2.48370468879284,0.06426624995646,-158.386578201029
"44",44,1.56648023992341,2.16109827836695,0.0435913037474988,-155.252446809573
"45",45,1.67214720198413,2.07423915653942,0.042801498383853,-154.900705611135
"46",46,1.54044762738328,2.05630956329532,0.0463204581461366,-153.938516371478
"47",47,1.53266674012428,1.96448862626371,0.0366177183263083,-153.507099946354
"48",48,1.47144855976235,1.91855859049773,0.0378509838313982,-153.390952527015
"49",49,1.49780523214288,1.97294019009472,0.045074419893847,-153.725483571975
"50",50,1.49456143941998,1.99061522954929,0.0469586808826399,-153.781417090353
"51",51,1.35561937463537,1.76736839592158,0.0338567354093396,-152.869724422755
"52",52,1.38096153028707,1.74578593334615,0.0379924408940369,-153.453501311534
"53",53,1.39093687941547,1.72715536867414,0.0406581940274252,-154.875001858971
"54",54,1.27088352046358,1.79122283483878,0.0587424880725326,-153.941008036845
"55",55,1.29456938037552,1.78594014630162,0.0474166936387459,-153.115348967898
"56",56,1.29421611938187,1.80004752675382,0.0537065585425641,-153.553991505282
"57",57,1.30254782493221,1.81491324757384,0.0454026260692678,-153.196563985184
"58",58,1.2985963895182,1.7787944108475,0.049548096261768,-153.337791582906
"59",59,1.26601002889618,1.74265075831037,0.0434998374998991,-152.890411067316
"60",60,1.26091685891194,1.69816665472915,0.0362241771145108,-152.766457417957
"61",61,1.34934866303745,1.71249927810529,0.0283195617540651,-152.600093163772
"62",62,1.40421544837863,1.79077485494597,0.0289504973212717,-153.022709584405
"63",63,1.43559305977036,1.74484597623937,0.0191930583293694,-152.876944452758
"64",64,1.43016446810336,1.6690957701315,0.0159970782393368,-151.943258057028
"65",65,1.42553479435853,1.6531041317495,0.0138226380032463,-151.828277830616
"66",66,1.4211686701072,1.68510592087096,0.0168078819536521,-152.186317479544
"67",67,1.40006285819851,1.58869878429076,0.0123912720752153,-151.471124526136
"68",68,1.37873880952655,1.53799090229929,0.0126045293958785,-151.710509851099
"69",69,1.35321064580362,1.57358534325129,0.0199379260305706,-152.351996030164
"70",70,1.29216098284754,1.55546478477445,0.0178255284743108,-151.752261214937
"71",71,1.33050306060344,1.58309389073204,0.0259172121737136,-153.047763513143
"72",72,1.27918013378542,1.61971394296076,0.0310329219292748,-152.342421829537
"73",73,1.23915394929984,1.58887045679557,0.0286579780655501,-152.134651442361
"74",74,1.24331879214861,1.57655030986521,0.0275901831076488,-152.041256003199
"75",75,1.24446993027308,1.55553349411075,0.0247199595519462,-151.903265362432
"76",76,1.28460017560298,1.65152170883853,0.0262284002091841,-152.743770182018
"77",77,1.24464499347117,1.55309347890604,0.0179886931524172,-152.875309876277
"78",78,1.24659070412665,1.54729197849145,0.0300073228503766,-152.519810290581
"79",79,1.13615475922656,1.52440980309169,0.0420748556280063,-152.771753682035
"80",80,0.999869352801574,1.33643237467134,0.0265805083510617,-151.47776345306
"81",81,1.01276813133007,1.27200256184884,0.0153827999828121,-151.3563274113
"82",82,1.107820255689,1.32795889454412,0.0203256777041408,-151.393869822548
"83",83,1.04014579414786,1.33635680507633,0.0253770273376556,-151.187430032502
"84",84,0.99502047174909,1.23838045043421,0.0201758818382264,-150.680980517143
"85",85,0.97812937329871,1.24136130036928,0.0223653878462198,-150.774139480554
"86",86,0.951109907831446,1.2271727908239,0.0185923563456428,-151.124253734418
"87",87,1.00954916915691,1.22094592394405,0.00933317995747206,-150.679097748825
"88",88,1.07150914076108,1.13797904232765,0.00234366880491321,-147.756835365394
"89",89,1.09856193322207,1.11066158205997,0.000607010984137769,-145.892787088102
"90",90,1.0628469519277,1.09295502883277,0.000319751713929726,-145.883253713778
"91",91,1.04755850797312,1.02867830937331,0.000333742841458873,-145.856169606624
"92",92,1.00717069453024,1.01454198071541,0.00073117337801995,-145.269849429467
"93",93,1.02104848867722,1.01226767723024,0.000806498705054026,-145.761178904185
"94",94,0.965368636691414,0.964078095939787,0.00125683536601548,-145.508935437739
"95",95,0.95088891029724,0.94559859779379,0.00252078782737028,-147.120869363984
"96",96,0.884071417383576,1.00943562356141,0.00179612916670123,-148.017019737832
"97",97,0.907363021431318,0.911860192472121,0.00251659966212363,-146.228462538526
"98",98,0.826594195144381,0.818735410740971,0.000200003725735374,-143.144265695208
"99",99,0.834426345975793,0.826756613802803,0.000642279241397907,-143.634981792288
"100",100,0.811998157924529,0.802972467692248,0.000935008604944124,-143.722415752219
"101",101,0.809935148416791,0.792115226122344,0.000783403263402492,-143.661171433918
"102",102,0.797431931479367,0.789814357208636,0.000355585249542399,-143.011406260968
"103",103,0.804898568350571,0.818763994117216,0.00160973430502138,-144.479818953459
"104",104,0.786457886841424,0.755850470589294,0.00152800856807525,-145.160742920889
"105",105,0.777464064824223,0.77455388251313,0.000407671087335268,-142.985554925313
"106",106,0.742595887047962,0.748632286895433,0.000309038298564346,-143.097089490263
"107",107,0.751683951877898,0.748547947944291,0.000371196781949134,-142.746139974427
"108",108,0.78615531133514,0.772659964328345,0.000808668808531856,-143.341403965996
"109",109,0.796722544171015,0.7887270246385,0.000289777396508582,-142.942802504869
"110",110,0.821859360581013,0.843917016392514,0.00237895091082653,-145.27601592065
"111",111,0.85784076847253,0.834258959063817,0.00339666504288069,-148.922429436755
"112",112,0.816928563244134,0.81066267243765,0.00291660299273569,-146.246491650017
"113",113,0.779157377148705,0.82682328872621,0.00514838156097498,-147.031571922454
"114",114,0.656380220948025,0.71826600394152,0.00724485685905032,-147.608236075549
"115",115,0.619376636571706,0.790091307677569,0.0100724567155864,-147.696130258999
"116",116,0.581586930346859,0.760613136460965,0.000815746592836797,-148.238384943019
"117",117,0.693717345785743,0.725632555674715,0.000713723418768563,-144.589147111911
"118",118,0.699830816442652,0.825811896262922,0.00119794180302672,-146.323171332913
"119",119,0.676362591501255,0.783517518855159,0.00200765732150352,-146.589583476578
"120",120,0.743272643692744,0.772902986651495,0.00207610745283027,-145.002875704799
"121",121,0.722591263083504,0.779169329506785,0.00146255619057081,-146.07933957327
"122",122,0.625843756768457,0.674881769862148,0.00324485808288416,-145.937515165905
"123",123,0.649415503448671,0.626304643743871,0.00098275347174456,-142.02915095952
"124",124,0.657902740688904,0.660339935086838,0.00073852357754622,-142.528469564635
"125",125,0.628577024554673,0.641199372237915,0.000777968440776447,-143.036213255529
"126",126,0.68090361740682,0.663576250417914,0.000674295096026348,-142.014949385701
"127",127,0.679072742089108,0.675347193751544,0.00160864968491796,-143.095277884958
"128",128,0.679142700196123,0.644876853080725,0.00156860400555312,-143.910923920988
"129",129,0.634126319319345,0.643391733502777,0.000782968683281916,-142.840152544555
"130",130,0.503411009227717,0.54634500963697,0.000861116789241587,-143.009814863189
"131",131,0.410380812650777,0.403993243931765,0.00268950625113981,-141.424448411684
"132",132,0.311128204644554,0.484074519220686,0.00534720425326396,-143.036392078626
"133",133,0.313972564198708,0.305061947331399,0.00268633757263837,-140.294094171162
"134",134,0.170052756724235,0.171577042006685,0.00250159717959662,-138.051451691368
"135",135,0.072026788791923,0.171088743036776,0.00103547019441258,-133.674272477528
"136",136,0.145381120808314,0.187377748193335,0.00067775880051797,-134.073409931875
"137",137,0.169001355306599,0.114635982208805,0.000161390464872799,-132.8439900942
"138",138,0.0808636563985522,0.0666250350321646,0.00119346590082373,-133.52422591116
"139",139,0.0804622158551945,0.0256475938496183,0.00130134016350583,-134.361159726496
"140",140,0.0838183127305547,0.0938402078741133,0.00114438822661106,-133.610323498835
"141",141,0.132127567429853,0.0823703783423358,0.00157706790361108,-133.447319528153
"142",142,0.111500007666629,0.173097119630425,0.000697247169017104,-133.628174243181
"143",143,0.194867638142133,0.264235310343462,0.00241712971258511,-138.030929488619
"144",144,0.105986924208576,0.180875737484152,0.00176689053042192,-134.572095888297
"145",145,0.0638019628351485,0.174406191638955,0.000601014029751879,-133.846552116306
"146",146,0.193890953155592,0.142356449728032,7.2007620096428e-05,-133.731108986708
"147",147,0.200458883747387,0.156877037174109,0.0011771585115361,-134.27790351825
"148",148,0.110772878716836,0.136339650840134,0.00181816925191329,-135.424090224529
"149",149,0.113271958831954,0.174900638245516,0.000639288055767469,-133.652568694494
"150",150,0.22396897895307,0.181340928868751,0.000217746601730295,-134.048566366678
"151",151,0.144609076598041,0.186019587825218,0.000346330804842366,-133.87965460361
"152",152,0.249878323174082,0.242912451487955,0.00114746246684378,-136.930799644593
"153",153,0.0880925575874306,0.0698760152484227,0.000558550416694882,-132.692254520913
"154",154,0.111450184967924,0.166831129815997,0.000349366324210038,-133.480559552526
"155",155,0.074188273221375,0.114002322661079,0.000953888254138591,-133.369996139026
"156",156,0.0902359747996118,0.0432757469171223,0.00107081651551222,-133.124313590094
"157",157,0.093150429455164,0.0873857503328742,0.000582812332013967,-132.433391008238
"158",158,0.0978448321691047,0.138469973601833,0.000516409067554958,-132.845212925803
"159",159,0.185084797137561,0.124808654915439,0.000294198019475581,-133.014304649965
"160",160,0.17257115149431,0.145234952490527,0.000294025038348011,-132.863888392285
"161",161,0.162898693043763,0.120596789699531,0.000350399007480364,-132.540809108081
"162",162,0.0997647481167855,0.0723658194561303,0.00209037898398458,-134.564338744128
"163",163,0.10959998709624,0.0606439508659909,0.00173301985524781,-133.467559006853
"164",164,0.0883881582768519,0.0489085367898451,0.00247934036126028,-134.656567625163
"165",165,0.0798878786283132,0.0484704153826834,0.00139180153160129,-133.68190246586
"166",166,0.0897612707280205,0.139115094615752,0.000257365206802109,-133.137816585115
"167",167,0.121976525543029,0.139981765598537,0.00144958239942323,-134.643557025535
"168",168,0.048281150275425,0.170878092843656,0.00088435597372495,-133.814414778113
"169",169,0.0572973973029837,0.162958929347363,0.00297972478485902,-134.643761946408
"170",170,0.0494317362994304,0.143900442903699,0.003038456427255,-134.806968673223
"171",171,0.0493797674271097,0.143715373511805,0.001109493247873,-133.679442726154
"172",172,0.0699420636477958,0.123539706145141,0.00100669155532302,-133.389953886785
"173",173,0.156458387389432,0.117755182123856,0.000993745366941257,-133.176610838267
"174",174,0.128742388153393,0.137110863361159,0.000698887501523426,-132.884816681599
"175",175,0.110523509657735,0.141529119925782,0.000669428388053765,-132.95952932657
"176",176,0.194643956136434,0.138723427851441,0.000101217499627268,-133.511012949037
"177",177,0.108610634606428,0.0721060080286813,0.00166859076023637,-133.579702131884
"178",178,0.0986924028708905,0.0823989405973669,0.000183645356986683,-132.498921461135
"179",179,0.137371525542345,0.148544672132077,0.000711060418627037,-133.171437897222
"180",180,0.16874096735518,0.104281418659347,0.000767435619679448,-133.591190610715
"181",181,0.163639703417872,0.114021059056338,0.000532878082536344,-132.558860741699
"182",182,0.165391915300487,0.120479042858854,0.000485662950480508,-132.625228377456
"183",183,0.100459473623265,0.218352500579742,0.00351816842141579,-136.113914251528
"184",184,0.089045193271431,0.226230400238325,0.00394633566471964,-136.103325346448
"185",185,0.0928975014720996,0.189960169884209,0.00567811334926979,-138.530746084934
"186",186,0.0294532268113607,0.189476406323942,0.00918816114736419,-137.964874016343
"187",187,0.0276729718000177,0.185893670831801,0.00290163598100759,-134.15445749653
"188",188,0.0333035041119432,0.188901039494841,0.00358171811724455,-134.395371164672
"189",189,0.0330154534231967,0.165572596821633,0.00237495534310343,-134.098393400938
"190",190,0.0162511089852356,0.169109701785964,0.00228165841662605,-134.084416344588
"191",191,0.0415571636940193,0.19516981983448,0.00246508282532121,-134.035993756214
"192",192,0.0370914846378153,0.145846934757548,0.00250773614055156,-134.285604131439
"193",193,0.0115678824182353,0.140697269599197,0.00283301214167726,-134.786244665826
"194",194,0.0578509678623305,0.0221705718578789,0.00311305233368546,-136.304748321086
"195",195,0.0358608379558351,0.199644037840451,0.00241811568338875,-134.591583043544
"196",196,0.0340842854454773,0.188104127210106,0.00512864038380981,-135.252077757232
"197",197,0.0331730536764873,0.193930040548591,0.00469305916980007,-135.037153955123
"198",198,0.0344379528941139,0.186883249908078,0.00255172975741653,-133.999951591502
"199",199,0.07309687162086,0.179742440421165,0.000671813824654034,-133.851730789179
"200",200,0.0973400374431672,0.125660323221314,0.000730031322602354,-132.878274463789
"201",201,0.184090613192963,0.122395209642162,0.000543224737443767,-133.232990903703
"202",202,0.0836889659468076,0.107999091942032,0.000208274751885312,-132.772731407199
"203",203,0.144318224962087,0.131525598173257,0.000470872169049971,-132.451966050686
"204",204,0.188259730838728,0.137739825372819,0.000446282953905205,-132.96389003608
"205",205,0.08987213417614,0.071365344962963,0.00160949010686949,-133.972069443535
"206",206,0.072304467357996,0.158419978813651,0.000154700351280893,-134.298398377014
"207",207,0.097834046986116,0.0850372221512072,0.000150306490189708,-132.583752299989
"208",208,0.0751746344274425,0.154857027936846,0.00283098592512539,-135.097692587012
"209",209,0.0812712625539393,0.215268393884278,0.00118516408701791,-134.536496904446
"210",210,0.0547905368790353,0.0349301840266454,0.00169019677018408,-136.265281670226
"211",211,0.0518076370086437,0.0632649035169405,0.000671790300108789,-135.127219613284
"212",212,0.0868991274231081,0.0464745436942599,0.00131140238467889,-133.290463080783
"213",213,0.086284983809666,0.0792319687201162,0.00099506790543907,-133.122969641782
"214",214,0.0803521953907155,0.182929837464444,0.000450645153522306,-134.041625013559
"215",215,0.0335840362857154,0.182062935571463,0.00463617215850796,-135.071898596304
"216",216,0.053973460556081,0.206161921988366,0.000516390933964507,-134.315055218231
"217",217,0.108326436086446,0.223121603296779,0.00198686768051969,-135.268023002079
"218",218,0.234661977687171,0.173139185420557,0.00143632319230523,-136.448234664271
"219",219,0.172545368986774,0.147080051028791,0.00101453062003529,-133.913416374524
"220",220,0.0367590024630815,0.105384091293496,0.00033837800340479,-135.580404938872
"221",221,0.153968850018001,0.110415699314803,0.000231291786014059,-132.446768822063
"222",222,0.154054688855967,0.137829018760588,0.000576906312989915,-132.779965927653
"223",223,0.093126703022707,0.121933135894032,0.000404718770758746,-132.564420187286
"224",224,0.147039305380856,0.0935868783072088,0.000597636944889849,-132.380904166796
"225",225,0.141747818053656,0.0925138752840418,0.002122904248573,-134.638592561303
"226",226,0.037477609657913,0.172896135292534,0.00100831943294183,-133.920132276181
"227",227,0.0789600270700494,0.215623382380281,0.000326931047262101,-135.012006154277
"228",228,0.0965463519048457,0.239866304830066,0.000444065922929117,-135.327996841235
"229",229,0.247445524480462,0.180545492208297,0.000199395412605893,-135.10077296778
"230",230,0.245855806411975,0.191112896945222,0.00109095261687715,-135.31863864473
"231",231,0.234004507001651,0.181847728475698,0.000117203126582454,-134.199742067892
"232",232,0.225282668103615,0.165401914304984,0.000134635165633382,-134.068128774514
"233",233,0.127993101979541,0.100044944378909,0.000279999118543026,-132.006835297393
"234",234,0.0998289355430571,0.137519698161665,0.000356925211869588,-132.775751801217
"235",235,0.188050622344511,0.234028479268856,0.000149060739399495,-135.475107857066
"236",236,0.267395885999902,0.232711548086361,0.000705724051970745,-135.569327022971
"237",237,0.0730437932911379,0.131017229577951,0.00204082728567701,-134.565613079176
"238",238,0.0773081279595471,0.0427619315840506,0.00291253570807546,-135.531280885653
"239",239,0.0585974379391865,0.0324837242320191,0.00346669952552961,-136.842148683194
"240",240,0.0779907582888159,0.222903579882689,0.00498312997041312,-136.402069074036
"241",241,0.0726127966952402,0.211253274408898,0.00292699752762199,-134.986958272456
"242",242,0.0561359365156805,0.197368133662825,0.00120033111710887,-134.034712463334
"243",243,0.224041990449762,0.175272475761295,0.00181422404227317,-136.004076404175
"244",244,0.0145815764702463,0.175270170124249,0.00169580871508693,-134.350726506707
"245",245,0.0295220161803035,0.153825364956515,0.00120182753812767,-134.072283131545
"246",246,0.202890574547109,0.152751584554645,0.000431880356300452,-133.279264111374
"247",247,0.193321095873894,0.137307428951046,0.000495022411537938,-133.095299202098
"248",248,0.137237595210004,0.108033395055744,0.000928767109855364,-132.813324465888
"249",249,0.166489629601873,0.112686148020442,0.000128186595227079,-132.947354569325
"250",250,0.150183094489313,0.119904242483045,7.38984318457333e-05,-132.9276120032
"251",251,0.130084922784236,0.0841950612868519,0.000520398429024419,-132.215759601838
"252",252,0.101961111570721,0.0857817512842328,0.000356233209523839,-132.158124224148
"253",253,0.0770018156370801,0.173087602048029,0.0011454108972247,-133.732129909355
"254",254,0.119656152694695,0.243773095972571,0.0025668044648737,-136.114506718127
"255",255,0.084402082423481,0.129655290703677,0.00204763124023635,-135.049878100396
"256",256,0.0529563347773361,0.185165723960321,0.00299721294917145,-134.532033932794
"257",257,0.0838979444931476,0.16489597294074,0.000231510034632446,-133.958887015216
"258",258,0.16782621319007,0.136560159636873,0.000646796902398754,-133.018746815433
"259",259,0.130037676639154,0.138742118118317,0.000357839357869619,-132.459130220057
"260",260,0.0839495969283887,0.0396625331071524,0.00168957899705766,-133.696756969234
"261",261,0.103592386311158,0.131610768146794,0.00169552071897779,-134.981315157998
"262",262,0.0535086198337335,0.202185026992064,0.000938287449879958,-133.998125478707
"263",263,0.0620044276850441,0.0587698449446437,0.00131543264582716,-134.831425381579
"264",264,0.111666140722214,0.0576881620109055,0.000448953370969709,-132.749239187815
"265",265,0.0916996877258588,0.159357966759837,0.000826481518247718,-133.404803818802
"266",266,0.10330119957012,0.213934481450588,0.000190217802706493,-135.264709744748
"267",267,0.27033356749015,0.293108344250131,0.000425995681417169,-137.18835811678
"268",268,0.322899976030233,0.26166192833507,0.000775099682869202,-137.312961941896
"269",269,0.14252137298884,0.134439333407921,0.000210147924735845,-132.414534107334
"270",270,0.122314072353597,0.113684314087279,0.000416282475634534,-132.07732208837
"271",271,0.176211577864933,0.111338355531473,0.000150109977317876,-133.428759877597
"272",272,0.168510001351967,0.133543101527506,0.000303693570457832,-132.69100423912
"273",273,0.108243712717409,0.133971299112978,0.00048862425046152,-132.61482753709
"274",274,0.0641012296311382,0.107223892202808,0.00177696405605844,-134.809605253871
"275",275,0.11868060743307,0.204199796347325,0.000510811787813352,-134.473744324856
"276",276,0.237594728376464,0.206881319582598,0.000238067202513253,-134.707189513567
"277",277,0.194697124955663,0.149192269854422,0.000555413877658152,-133.295750017876
"278",278,0.0799666553549912,0.0821000538285199,0.00188827964592424,-135.280712143857
"279",279,0.106027012942672,0.108273518790211,0.00170461848523774,-134.775089740458
"280",280,0.0345815965458686,0.123683023132078,0.00119096694608819,-134.329882676847
"281",281,0.00218100171505435,0.120351554040945,0.00483253355367258,-136.734481731567
"282",282,0.00953459344161424,0.152696218539347,0.00242548173985026,-134.559197473408
"283",283,0.0119235947663897,0.174351041534993,0.00369125800741135,-134.582915471012
"284",284,0.0147274379804919,0.166284172261958,0.000712881515258999,-134.54620715939
"285",285,0.0228733023584831,0.132093657743914,0.00430646673938826,-135.75685949326
"286",286,0.000470856144498941,0.149004265184009,0.00158260980819181,-135.210208083032
"287",287,0.137279824689324,0.168483515555371,0.000187135134871901,-133.464575361644
"288",288,0.165040207395645,0.304025042522547,0.000973983487623628,-137.06441450598
"289",289,0.185047484055042,0.30255769192596,0.000798727903355782,-137.325195812705
"290",290,0.271131273524369,0.261477518678803,0.000299497135583695,-136.173244606156
"291",291,0.227843238287544,0.238898139521097,0.000412440166793842,-135.584028197152
"292",292,0.292677275826083,0.243841946017417,0.000748465065579514,-135.722020763292
"293",293,0.288901420113505,0.241473805842432,0.000579245000824499,-135.414005672972
"294",294,0.222136667212696,0.229133746255632,0.000305907954794684,-135.204574388721
"295",295,0.203499639866662,0.187785466695731,0.000495857969781038,-134.172310204401
"296",296,0.0627662573543209,0.179974613495023,0.00281795100833803,-134.574071423753
"297",297,0.0219662646385018,0.145734381255262,0.00230166986524281,-134.371685219606
"298",298,0.0900509164400805,0.146446734224038,0.000815285490535145,-133.210038615384
"299",299,0.0946370893727021,0.144988189169543,0.00121842403481682,-133.636768205106
"300",300,0.146283131095578,0.0938459559255403,0.00108872600771949,-132.913954753314
"301",301,0.10151199641365,0.137585836515331,0.000196063557574411,-132.937793773168
"302",302,0.129545802744432,0.109566415978737,0.000485073752587842,-132.112483794054
"303",303,0.113607817310094,0.121320826572441,0.000186262247252172,-132.281028804007
"304",304,0.123042467719801,0.120767810279039,0.00048344882172459,-132.238938304751
"305",305,0.0938639771707122,0.123254549208148,0.000550418745878444,-132.664911407765
"306",306,0.101339890415315,0.119373118465925,0.000444997035771986,-132.374605426166
"307",307,0.126012473159129,0.060131676647477,0.000387340695299962,-133.48741201613
"308",308,0.0756288214822053,0.0851280910114821,0.000609860443384006,-133.065076189943
"309",309,0.0635792186567452,0.183457557084794,0.00147575763015495,-133.931569030902
"310",310,0.0651664608710848,0.133641278158358,0.000650980747759844,-133.345813073326
"311",311,0.0984799894651325,0.132487874935712,0.000698915201538852,-132.902066118444
"312",312,0.0941187620363818,0.053844124331622,0.000704941886781487,-132.794331886995
"313",313,0.0456386140512621,0.0970073559297129,0.0015369787210368,-134.882928444139
"314",314,0.109691051659399,0.0631785523559896,0.00114152295482335,-132.73924642095
"315",315,0.100949265936536,0.0889470284615013,0.00108743823153764,-133.028423224838
"316",316,0.0871408728528058,0.159427666193267,0.000361952867977101,-133.528233364843
"317",317,0.166697602712807,0.107384771927125,4.28768175791638e-05,-133.820829654455
"318",318,0.139950002076484,0.163232830004229,0.000395848307369969,-133.145824807509
"319",319,0.182769123935977,0.138112121221544,0.000897963239942838,-133.440351661437
"320",320,0.100893583613425,0.170317069993022,0.000792675688855978,-133.59646519451
"321",321,0.162200759331065,0.176830150424689,0.0011338653848209,-134.848650952586
"322",322,0.141202544997333,0.105864443732514,0.00163784355563291,-134.066699545241
"323",323,0.0698301502713184,0.145406371397308,0.000270096527065827,-133.714880276782
"324",324,0.207207973324316,0.213828178334804,0.000347351966867971,-134.738395824392
"325",325,0.126823456541304,0.0956944085994309,0.000392705122484466,-132.004391839643
"326",326,0.111690787078376,0.110563601656984,0.000579361692232306,-132.282516729868
"327",327,0.0280025273361802,0.106656259338964,0.000138431772678392,-137.40821730639
"328",328,0.1563564123255,0.147948435805009,0.000176171852149635,-132.809746938047
"329",329,0.14590947108673,0.0896062438236714,0.000626892419045408,-132.452850697252
"330",330,0.110207754242289,0.122828069530778,0.000612949415565088,-132.531494763875
"331",331,0.175898905438219,0.110749555523447,0.00120354118006581,-134.809712068238
"332",332,0.0463201072998883,0.129349727645134,0.000924073497190034,-133.842033426707
"333",333,0.129858065600717,0.0802256867579311,0.000868001454815562,-132.47441299758
"334",334,0.107855887041054,0.061998581838054,0.00194670638953095,-133.767591973722
"335",335,0.0807300597664461,0.049383893049646,0.00161547245692698,-133.898334413801
"336",336,0.107852048553978,0.15657251550861,0.00204491594945241,-135.244240331149
"337",337,0.0946740943190033,0.21055015397059,0.000506344633159992,-134.661589559874
"338",338,0.172122221524183,0.0978640680252847,0.000392458870354163,-134.97974602088
"339",339,0.0416259521276233,0.187809333664505,0.000614770076392831,-134.085384187675
"340",340,0.0582064873149387,0.193481176211349,0.00292297098677811,-134.607377692874
"341",341,0.0358839815475161,0.145430509806942,0.00340988926183489,-134.850000356226
"342",342,0.0461645698465931,0.192398504860398,0.00376340345217379,-134.790487257576
"343",343,0.0379900129073327,0.194777785578987,0.00374682150664972,-134.545934965959
"344",344,0.0409136379449101,0.135732645210981,0.0017612574999001,-134.041710480734
"345",345,0.0576968478217801,0.133590930669946,0.00151088896537866,-133.776701818864
"346",346,0.0799815347739843,0.207460995329941,0.000981114612916466,-134.368473678737
"347",347,0.0799192680464877,0.197995266428353,0.00183656530192413,-134.399353978999
"348",348,0.227590060497827,0.191862804743401,0.000452994433557111,-134.362673529506
"349",349,0.165110363066354,0.194031934495467,0.000422022222794395,-134.108491638212
"350",350,0.135330621547392,0.0993983773505417,0.00224311721416723,-134.971967393601
"351",351,0.136073438753129,0.0795199327887112,9.57354882790306e-05,-133.18803325045
"352",352,0.0780865624119421,0.127766174646012,0.0019789793682717,-134.735359813113
"353",353,0.0769747673189968,0.185728070457251,0.000150905901336217,-134.859671888672
"354",354,0.245397180762885,0.180894874908374,0.000264452869644134,-134.774487832792
"355",355,0.0944146611309313,0.0327995065304689,0.00216882282959722,-136.237207192644
"356",356,0.0420856409909402,0.00718897413027907,0.0024469852169876,-136.836592520379
"357",357,0.0530302456434739,0.0396567311283147,0.00259007852355017,-136.965574125758
"358",358,0.101267103598966,0.0887979137424024,0.00188274954078685,-134.715394737824
"359",359,0.114865406331633,0.0609928571162431,0.000217031356142743,-133.070285355319
"360",360,0.0993065229102778,0.155297892225015,0.00118884591198479,-133.687837508897
"361",361,0.209162307466229,0.198469086750687,0.00172600220048611,-136.877659495419
"362",362,0.0640052163450999,0.131464797044685,0.000480231067446666,-133.434011127539
"363",363,0.12417779833365,0.105850607720786,0.000402402366666174,-132.003717322526
"364",364,0.109234138076659,0.0885940002767022,0.000739123556225311,-132.338621834722
"365",365,0.10751852555795,0.0602961608508893,0.0020203512814236,-133.886861272014
"366",366,0.0984199942700026,0.227184807622073,0.00165108033371751,-135.052699742731
"367",367,0.143965538903569,0.169056182627514,0.00225347784412042,-137.252224393685
"368",368,0.0756973542339007,0.180221485477414,0.00239314020444021,-134.510799286012
"369",369,0.0624046666712075,0.155301638925656,0.00059370973195354,-133.598228941941
"370",370,0.217885173049382,0.175294839617765,0.000410627269115618,-133.851871447222
"371",371,0.0953819597544157,0.0544596381089146,0.00159849645204636,-133.384413876584
"372",372,0.059183867242579,0.16410007524466,0.0027039427173376,-134.457639914324
"373",373,0.0797347040428785,0.15812718967831,0.000330516093704763,-133.645306910895
"374",374,0.203816611799203,0.166537480173562,0.000272390018206362,-133.632754656689
"375",375,0.221779654021166,0.209071687255184,0.000431274717352756,-134.750224819905
"376",376,0.200238679135865,0.12790650648637,0.000151956404120032,-134.943607926459
"377",377,0.096540571656762,0.0934240724991089,0.000353512230642011,-132.215330004275
"378",378,0.097427909327367,0.0801518941677919,0.000224085764179703,-132.470789654669
"379",379,0.0889595043146806,0.119722790055135,0.00150115205888291,-134.378548355412
"380",380,0.0847876152149446,0.158328797966814,0.00139922166676964,-133.757252018685
"381",381,0.0894642879707571,0.11172181387744,0.000265979393540867,-132.523408918055
"382",382,0.161588469148403,0.133585068033196,0.000223520285417961,-132.602922190092
"383",383,0.111739842288256,0.0591195511301075,0.000798773535482271,-132.587535305338
"384",384,0.107101753826197,0.0789546903992574,0.000884602738914656,-132.502638153307
"385",385,0.090996138445573,0.149845729914668,0.000963258925449494,-133.359976345802
"386",386,0.153358868355635,0.0867197808835724,0.00156366565845706,-135.64393939451
"387",387,0.100435955086666,0.0765056188105933,0.000441551076442841,-132.275812868253
"388",388,0.101416444698906,0.0875190943391051,0.000660186668757057,-132.340684723954
"389",389,0.106716564796779,0.0933304701196268,0.000356501990417725,-132.046804074552
"390",390,0.124632759774477,0.241299557546439,0.00155388015538778,-135.620317900138
"391",391,0.0989213405222138,0.169515006334889,0.000724668710020638,-133.558625289044
"392",392,0.100530122291527,0.166681254730283,0.000887471229815179,-133.571599491739
"393",393,0.106440391558438,0.198157119840324,0.00131523230290991,-134.432548150224
"394",394,0.122599203461042,0.150294172903181,9.15761909215756e-05,-133.392574765102
"395",395,0.147034798407954,0.10933975896423,0.000764068539901465,-132.64012082562
"396",396,0.152845123162234,0.0996144777505164,0.00119658535733753,-133.205239460183
"397",397,0.0923436434711766,0.0736875824127722,0.00109250720763056,-133.032402549549
"398",398,0.0740637285165489,0.0955551331817615,0.00104721518123085,-133.703988710309
"399",399,0.119009529811406,0.0620798148943835,0.000152562935199153,-133.337323532021
"400",400,0.120593365434968,0.0885283306515521,0.00097533656269407,-132.632031636366
"401",401,0.105412724740803,0.131168497598417,0.0004943388696106,-132.591614169348
"402",402,0.119704196258135,0.0910048094041359,0.000213972894258347,-132.108867246
"403",403,0.140044747137929,0.13683125921413,7.09679384798915e-05,-133.019680015983
"404",404,0.181843837256218,0.165070170670039,0.000768952742606003,-133.906162709324
"405",405,0.165624990879033,0.137490295695827,0.00104325825660184,-133.720110520938
"406",406,0.0903036552344094,0.179932668549767,0.000249580655060514,-134.230515200227
"407",407,0.0850758068097174,0.146571325634978,0.00147449817311768,-133.820895944175
"408",408,0.0849687842900167,0.149738242954922,0.00128006880529169,-133.613694883433
"409",409,0.0411879137874482,0.152551623264066,0.00173183583003581,-133.892812197786
"410",410,0.083378068270741,0.202037725255892,0.000458664773197169,-134.489671996305
"411",411,0.220392523989573,0.283674355788307,0.00126483521838437,-137.446670556461
"412",412,0.108718115245409,0.168705312855637,0.000608080115969505,-133.495728583627
"413",413,0.164233757348069,0.0983121969861765,0.000502208765001001,-133.318392088173
"414",414,0.116882335718151,0.120724810695669,0.000645866950562422,-132.50325217097
"415",415,0.163686577425387,0.136339908101634,0.00122213400649985,-134.045698701953
"416",416,0.0734548117733753,0.14745400690528,0.000479365052679651,-133.384636794334
"417",417,0.00956938464277729,0.159939250112781,0.000827275712091274,-134.827001324251
"418",418,0.0886979878003631,0.145791092565216,8.57622542357551e-05,-134.104558757059
"419",419,0.207121324049966,0.165088831874904,0.000960698498740294,-134.173235487516
"420",420,0.020394926636728,0.167255025007757,0.00242122936024529,-134.143487077544
"421",421,0.0600382408675811,0.129766530736542,0.00308353297064732,-135.667641282422
"422",422,0.0920757196648057,0.0801091793764798,0.000688625096612085,-132.567021739657
"423",423,0.137575317896303,0.0940264519006544,0.00181466018414883,-133.993034176837
"424",424,0.143729036848827,0.0901103263579628,0.00134013726228935,-133.311264599744
"425",425,0.127375872581869,0.0672550843547437,0.000234419884334917,-132.940098559812
"426",426,0.0872582274862018,0.182215824965978,0.000526980843428687,-133.928367357847
"427",427,0.160798699026661,0.163099045913121,0.000161035570649139,-133.216597894439
"428",428,0.158940170317227,0.156936536443925,0.000511172968389925,-133.116000161872
"429",429,0.162737077842972,0.105503954191173,0.00119394652441925,-133.573107380777
"430",430,0.128015810110257,0.132428898579097,1.71286362735615e-05,-134.073995470845
"431",431,0.0895498769240777,0.0918716014258732,0.000769053662896446,-132.764424697791
"432",432,0.126069813454733,0.158902840047713,0.000187585794550296,-133.24677793954
"433",433,0.0375134053346525,0.188643759623759,0.00242241304682974,-133.986591513633
"434",434,0.074739769095208,0.195418250231608,0.00117874843702363,-134.105520586522
"435",435,0.172096647911507,0.161110493984952,0.00128253676573489,-134.848335691785
"436",436,0.144670360362216,0.246930289878534,0.00232634704950764,-136.499266472665
"437",437,0.116347160563963,0.060602708499378,7.83292747337587e-05,-133.969849461601
"438",438,0.0769848997058853,0.0964279055996093,0.00066789912480217,-133.030419161547
"439",439,0.147608146275364,0.0805010942531738,0.000156782447066294,-133.566993972445
"440",440,0.0844253105720074,0.117293120737981,0.000507407487749572,-132.748726560734
"441",441,0.116331680594777,0.126062318905869,0.00111099428860073,-133.576722763949
"442",442,0.169513157091979,0.118009533277164,0.000830930984534471,-132.941614807763
"443",443,0.153040243197102,0.129120714779925,0.00062395236271744,-132.702966078138
"444",444,0.116311813405739,0.0740561048976633,0.000361152875991188,-132.262663985272
"445",445,0.101779253624593,0.0604992996939536,0.00140793376175699,-133.103069746349
"446",446,0.109932495523693,0.063772273780415,0.000557983768248505,-132.450653619966
"447",447,0.0812927764055251,0.0731601222311533,0.0010879119219178,-133.398310408513
"448",448,0.0865658840204516,0.134800954173544,0.000338617040942384,-133.002255813048
"449",449,0.159200246983097,0.140764921277735,0.000819234361047148,-133.304176217544
"450",450,0.0538716958628476,0.147218182660398,0.0020628900609746,-134.036764580306
"451",451,0.0447076146867247,0.0980062972994949,0.00133553728557826,-134.689560176494
"452",452,0.0443987713473063,0.151795651761705,0.00180184919087766,-133.891527028081
"453",453,0.0801225047599653,0.214986092880272,0.00124422200614929,-134.523763289614
"454",454,0.162300069425305,0.185397317886403,0.000339967486072438,-133.791508749367
"455",455,0.116831676181264,0.237653514623125,0.00219953658159135,-135.76012457413
"456",456,0.272311508726187,0.227330406629083,0.00136780258403736,-136.239361290493
"457",457,0.0639902729063664,0.0585651037710191,0.00144737300076904,-134.911364152124
"458",458,0.129064280693401,0.1193994057917,0.00163201146529147,-134.615633687499
"459",459,0.129078747619653,0.0764815298212552,0.000703454558451512,-132.373669316479
"460",460,0.0971747666144194,0.0919681819647821,0.00116279777577419,-133.301479938555
"461",461,0.103256914980054,0.0510762720166291,0.000453497924250395,-133.035404038163
"462",462,0.104257375068263,0.110902198334367,0.000694761719656087,-132.546210722508
"463",463,0.0441700668494766,0.0674638300585908,0.00124289752051823,-136.034388522819
"464",464,0.112126425929046,0.0920132755214384,0.000571543879551651,-132.128150230519
"465",465,0.138738774407157,0.141333998372848,0.000366116794319903,-132.517450982804
"466",466,0.163165879014682,0.113529651498233,0.000673802018632486,-132.665040542044
"467",467,0.152397477547655,0.101443922975588,0.000301917553669348,-132.393856319069
"468",468,0.0880844296454749,0.110458040309972,0.00026169326075457,-132.555481460105
"469",469,0.122837453466076,0.0847100020342803,0.000181875619486485,-132.315157366228
"470",470,0.0769279267861735,0.157107110107692,0.000440129049326285,-133.528739112584
"471",471,0.0820725486115688,0.107201132931675,0.000956548176708106,-133.343275240649
"472",472,0.0925301465102426,0.0774343741255065,0.000328546990513494,-132.506310180716
"473",473,0.130767868772852,0.182624970437181,0.000218935901448857,-134.00761453558
"474",474,0.186207227934524,0.128720485406738,0.000440954600165778,-132.945426537782
"475",475,0.0874179781620439,0.127061761283504,0.000868842512784532,-133.12326391879
"476",476,0.119536895252275,0.0849467960299855,0.000434673384154704,-132.05457586745
"477",477,0.108297090932772,0.0747367518596669,0.0002488717246631,-132.369374671014
"478",478,0.10787454032143,0.0599520928721784,0.00032350336174392,-132.801249892769
"479",479,0.0869588988546831,0.0729654559264802,0.00119150451812655,-133.348470100114
"480",480,0.102333265260739,0.0673931845981422,0.0012139412134491,-132.926298441173
"481",481,0.108373955744348,0.17796628424817,0.00046292499934364,-133.762097453079
"482",482,0.0659546949010831,0.0691398084350593,0.000531214367630756,-133.864360025186
"483",483,0.133704837672649,0.071079118280343,0.000226480883851896,-133.020823265035
"484",484,0.14824227094387,0.231654654203337,0.00100583037093189,-135.387631064532
"485",485,0.0946267791269875,0.119068080803608,0.000696114802640844,-132.784347943208
"486",486,0.126496876259423,0.0739615171515172,0.000150449617968784,-132.87376809101
"487",487,0.101646921701893,0.14248900370912,0.00100932790096839,-133.418750272808
"488",488,0.0633245398450375,0.144998705413145,0.000419087047610453,-133.615235342004
"489",489,0.084013070245144,0.168781973352251,0.000299800822093555,-133.891621943445
"490",490,0.160138245047919,0.158213495892842,0.00135935936427187,-134.936468380304
"491",491,0.0196336454402002,0.157725529697665,0.000941737716571825,-134.449408335274
"492",492,0.137551276718445,0.0835579677497385,0.00134060942886318,-133.236659692605
"493",493,0.117442335449575,0.107140038536467,1.93456907651316e-05,-133.79607624001
"494",494,0.16690554026017,0.205610640361006,0.000721951815635605,-134.719966353488
"495",495,0.0943464975686564,0.0512292039442421,0.000878983379224299,-132.850742196713
"496",496,0.0930819918771909,0.0690206521619804,0.00228852773847246,-135.050440073276
"497",497,0.103655031915136,0.262055873318846,0.0018686313652283,-135.750502579783
"498",498,0.120868806257563,0.123919541519936,0.00146349159246799,-134.385956989044
"499",499,0.0891578917064827,0.0743575352399562,0.000538109110376163,-132.59937294094
"500",500,0.101418176976228,0.0941311092314734,0.000588863876216235,-132.281303513679
"501",501,0.105383550531861,0.0989066730454176,0.000204705690430636,-132.158899312438
"502",502,0.108973219150211,0.0924712863226183,0.000268018439919079,-132.061181887188
"503",503,0.121069360228113,0.179207408956751,0.000475424761201368,-133.740020700452
"504",504,0.127711640601594,0.107275862318202,0.000743888200715602,-132.448076599248
"505",505,0.137221850983452,0.0842624946475549,0.000898399149159822,-132.572404015293
"506",506,0.141051572234808,0.108433778531699,0.00107559702788231,-133.105256409461
"507",507,0.0870551387344916,0.0368093286559273,0.000752364154737533,-133.575968101301
"508",508,0.0868979824051856,0.0772424818057182,9.50913497118682e-06,-135.581679842429
"509",509,0.12743912506715,0.177373669875926,0.000430029170313917,-133.661781574834
"510",510,0.132318276097832,0.106457688342827,5.33343325252734e-05,-132.961412566702
"511",511,0.166121241036073,0.14734502126583,0.000444877696742578,-132.893588241699
"512",512,0.104468415162161,0.160816823276286,0.000140388054981496,-133.85760080109
"513",513,0.188635947619312,0.164930858945424,0.00105562917575732,-134.500134574373
"514",514,0.0491040955584289,0.168209445626902,0.00068883735031845,-133.864729847562
"515",515,0.0531269797385822,0.12608762732581,0.00250487119848805,-134.824888418654
"516",516,0.172100593124857,0.142762151148054,0.0024905120258047,-136.504780862697
"517",517,0.0560905686254427,0.218565982405998,0.00288928991402468,-134.942200254456
"518",518,0.0646095637950828,0.170821309173131,0.00222690584241836,-134.193379584685
"519",519,0.0680695272270953,0.164338080550495,0.00125657132132318,-133.655109133372
"520",520,0.0393831654552917,0.191672226249051,0.00192117955422094,-133.85971749679
"521",521,0.0495134930189524,0.1853199151306,0.00190583826936957,-134.01732852138
"522",522,0.0384575787797412,0.194997137498979,0.00115291638870618,-133.95675240797
"523",523,0.0893517064752378,0.119640474992153,0.000690342231696539,-132.85033580585
"524",524,0.186369854624773,0.120690823932676,0.000845564814448617,-134.280987286244
"525",525,0.13714060585866,0.110872488790571,0.000494371155714454,-132.181233679272
"526",526,0.126712358192249,0.112417627971614,0.000286571236291974,-132.023106930433
"527",527,0.101525944641473,0.101115425052584,0.000456228499647256,-132.174790279466
"528",528,0.0747418083492021,0.131894281468349,0.000774708233831892,-133.176508851872
"529",529,0.0877327116515717,0.0769658421379169,0.000943043023963592,-132.984425545388
"530",530,0.144932613183068,0.141611483070619,0.000614431429033704,-132.858813195872
"531",531,0.164210047770563,0.158393580168732,0.00117024136634359,-134.501880665352
"532",532,0.0919794985090337,0.0417307624900587,0.00150910981994159,-133.408650548642
"533",533,0.0909353644917239,0.21270926510193,0.00337056497709146,-135.715764676744
"534",534,0.0415913768190931,0.177294912053113,0.00315729336609628,-134.456920240609
"535",535,0.0270910173401121,0.156558683905697,0.00166921090022284,-134.074228840802
"536",536,0.0667900466363077,0.223306184302495,0.00190804825564617,-134.498558915704
"537",537,0.166637268758231,0.236162415016001,0.00197759980856415,-136.626510201388
"538",538,0.269491235793235,0.218525397317582,0.00128267959986336,-136.152897164864
"539",539,0.0723553871878325,0.120312421974806,0.00135050002254781,-133.806855197558
"540",540,0.162658901017161,0.203773046174483,0.000417510202052269,-134.420336930276
"541",541,0.076102473042306,0.102713180821962,0.000215971107475989,-133.063935554449
"542",542,0.143519068586499,0.140897920289451,0.000221423928311634,-132.526789647692
"543",543,0.0847682970890638,0.164571273537833,0.0030728712429844,-135.56885298959
"544",544,0.0791636268931067,0.201581906524621,0.00312485482718903,-135.196003430704
"545",545,0.0990479982543733,0.0816589762470366,7.25875241284796e-05,-133.164406353911
"546",546,0.111539251320635,0.133271932956287,0.000131630997911115,-132.778532641696
"547",547,0.117847652802277,0.143081362780841,0.000249990415639518,-132.703507693968
"548",548,0.121774000236695,0.0774402120095752,0.00124546126628187,-132.893067391169
"549",549,0.130735402779411,0.111451636958362,0.000223981412083323,-132.078909186982
"550",550,0.115328237411503,0.0925317933524163,0.0018144663026253,-134.36132225849
"551",551,0.0755241831564694,0.0930638230306707,0.000201334015179495,-133.133516376396
"552",552,0.138510689191797,0.169579350245976,0.000379203832613655,-133.35040857386
"553",553,0.170601146707342,0.137210949210559,0.000784510388520939,-133.278785333751
"554",554,0.164406693148391,0.129213895979849,0.000858992121659395,-133.211445334602
"555",555,0.125695593388562,0.11125137576386,0.00119465757972258,-133.410132567354
"556",556,0.159762434316588,0.110759746212275,0.0014323627828406,-133.695197221215
"557",557,0.138283944942045,0.0893009860251654,0.00101159571167293,-132.69978144633
"558",558,0.126423358828066,0.0770008216061291,0.00176179999817402,-133.676152265154
"559",559,0.138521969685679,0.0835556034044699,0.0011235090636694,-132.939339797186
"560",560,0.130930966456842,0.077026041112913,0.000596785622283412,-132.344845507893
"561",561,0.126073359807844,0.121910861914361,0.000407096775036641,-132.172663600077
"562",562,0.127619726061422,0.105993366954696,0.000272506220065744,-132.003187683831
"563",563,0.129544656674603,0.138930062363394,0.000307251022894508,-132.449372750675
"564",564,0.116586083076658,0.0969475910351657,0.000373645286146096,-131.972983436528
"565",565,0.123967311805795,0.112932843203449,0.000273546206355201,-132.027790307245
"566",566,0.038234431458584,0.116150438139736,0.00262346026538551,-135.114369462258
"567",567,0.0574406746394388,0.157290573587861,0.000273808654408947,-134.145997223915
"568",568,0.0918149238587061,0.112347294270175,0.000300950403090757,-132.436524062999
"569",569,0.0931477017261959,0.0835948483951969,0.000419361802010266,-132.366259665111
"570",570,0.138789224793397,0.158404185245522,0.00036644356452266,-132.98341191752
"571",571,0.209225327894002,0.143605231091734,0.000301841043532574,-133.992538662657
"572",572,0.1075218566364,0.124128859793833,0.00044514069924133,-132.371089772204
"573",573,0.153722643259131,0.10485115580241,0.000154568479763987,-132.675397438028
"574",574,0.126621079245636,0.099143363477979,0.00081351618064537,-132.472787331135
"575",575,0.129336053257709,0.10032817564997,0.000725710378035067,-132.357259905724
"576",576,0.130998848870704,0.0833505321084745,2.02580712863755e-05,-134.261193583208
"577",577,0.130185551946748,0.21478703361998,0.000151572667419328,-135.241601980675
"578",578,0.147061486254146,0.159850214225623,0.000296536420978775,-132.985311651711
"579",579,0.196552607609673,0.158741462516803,0.000294288516373824,-133.419808000725
"580",580,0.184554509239475,0.136777555986906,0.00138741169454401,-134.169331643033
"581",581,0.185030585982287,0.254096968544801,0.0013401095773672,-136.517564045602
"582",582,0.302953202977422,0.276912744241894,0.000388521260174741,-136.504978706411
"583",583,0.312420221394484,0.355026262580753,0.000423104934866321,-138.774758527393
"584",584,0.415043617937291,0.360864340116043,0.00025209564891144,-137.972013758866
"585",585,0.384624018637542,0.348292522843202,0.00106742423212283,-138.126613653458
"586",586,0.370496924000181,0.3318967680964,0.000213805568791626,-136.976548542515
"587",587,0.373268413766857,0.324691240764127,0.000517307607569691,-137.213363758979
"588",588,0.312289330548353,0.285910751131311,0.00138197368560759,-137.664807101659
"589",589,0.152021877636077,0.151575998187431,0.00102274478409563,-133.951537570604
"590",590,0.0392627403245795,0.184348970309976,0.00139713518297544,-133.85794985857
"591",591,0.0611775429790383,0.02387619679501,0.00227028822453545,-135.445321664389
"592",592,0.0820474090931584,0.19169607656201,0.000503706178866607,-134.192084481192
"593",593,0.190230268824956,0.176184738375931,0.00018664302840292,-133.680444720412
"594",594,0.176247078650109,0.204857617149583,0.000257733323510605,-134.435378518028
"595",595,0.169493334493579,0.142665068399807,0.000315827316122875,-132.785441411755
"596",596,0.17469402725299,0.114685957948399,0.00108821995356353,-133.838192620841
"597",597,0.0620682724940825,0.137092814302199,0.00163369925634304,-133.831356425341
"598",598,0.0957256270340845,0.151880245098754,0.00139335583279706,-133.878440749086
"599",599,0.0633341005081627,0.163133156699976,0.00133648609472872,-133.676398315864
"600",600,0.113229321277622,0.168727738749909,0.00121267823069222,-134.010838174501
"601",601,0.115292089214013,0.150643680537478,0.00166135087931998,-134.938554855544
"602",602,0.123960612718671,0.242790335404777,0.0019050399672617,-135.80359000402
"603",603,0.117698396438705,0.255493928140856,0.00130738451832363,-135.71809289093
"604",604,0.119836500055166,0.135322542390476,0.000419052597572608,-132.47318227878
"605",605,0.168116582949185,0.126015838616933,0.000101320471352447,-133.101276349014
"606",606,0.181721767540093,0.175209999462529,0.000371155424534024,-133.563426225244
"607",607,0.210517529105075,0.155715562366743,0.00115507145382575,-134.505229891745
"608",608,0.0623623325069574,0.153807212805931,0.00124048648553949,-133.583920868533
"609",609,9.58075119044109e-05,0.155666143530069,0.000429607307683716,-136.335168085024
"610",610,0.183978765116164,0.125950202454458,0.000378565820673198,-132.892955555735
"611",611,0.18030389558419,0.201402262510473,0.000475063231963234,-134.402137018806
"612",612,0.223794640199861,0.180775710968207,0.000340556921617128,-133.964021875914
"613",613,0.135492692140751,0.162810587897762,0.000344291263456977,-133.138004340967
"614",614,0.030668360165439,0.174896570725668,0.00383264883067307,-134.665453398862
"615",615,0.0247504844424449,0.182865058707936,0.00684510662582091,-136.165295309271
"616",616,0.0113984426709222,0.175649949892953,0.00932776670336513,-137.759249144499
"617",617,0.00655597463304878,0.174030472304023,0.00459147043588093,-135.255984518237
"618",618,0.0422490306681653,0.191910011733343,0.00216303727196837,-133.960654545688
"619",619,0.125524280289018,0.213066257596917,0.0019700345460485,-135.435198333815
"620",620,0.0998463503317953,0.0791812535977369,0.0015340264614651,-133.717806441438
"621",621,0.113855759005715,0.0736889802670516,0.00032224490491375,-132.28789752116
"622",622,0.118990669088739,0.0602620448352015,0.00239842281246271,-135.819752637885
"623",623,0.0798343706019855,0.195857049777935,0.00291638454152959,-135.039834396062
"624",624,0.063054382334913,0.131177946647198,0.000296846318279648,-133.697547974309
"625",625,0.126120235981882,0.157474617221717,0.000158308622848066,-133.274181632498
"626",626,0.217306124361767,0.149197631058216,2.50766675041904e-05,-135.272276540208
"627",627,0.134897842067565,0.200098734390353,0.000583409750150755,-134.340783739728
"628",628,0.123831339881153,0.157310697956339,0.00106869858480321,-133.911604876456
"629",629,0.134380608916549,0.0812303948848721,0.00227378570939515,-135.030997683559
"630",630,0.129064063820998,0.276286442641373,0.00389807251145442,-137.174019208744
"631",631,0.113945264587567,0.203160224665936,0.00362934422066085,-136.829935527751
"632",632,0.0641887265712815,0.175121531477718,0.00401581845125793,-135.591578696691
"633",633,0.0536352848760722,0.19952897290483,0.00193943197429051,-134.093841819764
"634",634,0.0560128688497509,0.149400128290844,0.000333516617511205,-133.967443264435
"635",635,0.171801413780268,0.101600272569986,0.00038446115808758,-134.019491356664
"636",636,0.0904217891146531,0.175227366415031,0.0011619780294484,-133.822073018426
"637",637,0.030906242983318,0.173245470633658,0.0010256691614072,-133.98770900598
"638",638,0.184343609763484,0.181371053220422,0.00138828548056136,-135.672867917458
"639",639,0.0368542409793534,0.159530182018263,0.00348027980718794,-134.689662357699
"640",640,0.0258334155958976,0.157676189812613,0.00407063531890196,-134.939146253376
"641",641,0.0035903826215243,0.167638394469358,0.00410913531526217,-134.862489384248
"642",642,0.0360577231774756,0.174695767311867,0.00140269955204131,-133.892450512219
"643",643,0.0205153792873328,0.177840019087878,0.0042272885667523,-134.610632249725
"644",644,0.0145711470394073,0.160280739654837,0.00243637512299254,-134.315935366053
"645",645,0.118054134122386,0.091562873555039,0.000728992465316738,-132.289493335943
"646",646,0.0920377424667115,0.079236287760334,0.000584312687734596,-132.489596438241
"647",647,0.0868858501484914,0.0840651931552159,0.000862399530698203,-132.937755658391
"648",648,0.149082383396777,0.0931475106093092,0.000848244913734178,-132.705829387477
"649",649,0.110596811775751,0.0610883573293323,0.000337368087796577,-132.736467606246
"650",650,0.0902693088935029,0.251436667908198,0.00302717790159594,-135.865893973555
"651",651,0.103907523429297,0.167619490902838,0.000125462033517738,-134.168246919842
"652",652,0.0606557876560794,0.111494704462752,0.00115651252032445,-133.793800195268
"653",653,0.106894484574096,0.157395931141189,0.00202277146008074,-135.139339764562
"654",654,0.0824434798434698,0.148046060606815,0.00137704963122921,-133.68306043547
"655",655,0.0861093672570108,0.114303870149563,0.00120239557575247,-133.76720054658
"656",656,0.168378217780871,0.131188873583432,0.00106639079007178,-133.609365927818
"657",657,0.171363205769506,0.120283842970144,0.000676562156702399,-132.797543464813
"658",658,0.160325471179102,0.258326369860185,0.00149025906715252,-136.364067764532
"659",659,0.117677272473231,0.145917805515579,0.00191018376307522,-135.73765730144
"660",660,0.128895521307076,0.2311632860905,0.00131924261041912,-135.347009340899
"661",661,0.169493732665086,0.214180845732136,0.0004966886476114,-134.775625565468
"662",662,0.197345910378504,0.154781552269967,0.000737676997289781,-133.640520562705
"663",663,0.151694111387713,0.110639177218208,0.000674613703851535,-132.58029625201
"664",664,0.0650552648502166,0.0701164470111998,0.000660483513092943,-133.863839129528
"665",665,0.083379427800755,0.182833947352098,0.00109472118605002,-133.894028756166
"666",666,0.138050401058062,0.0753184810518196,0.00109755682369628,-133.624804249599
"667",667,0.0886754159872944,0.18040133454719,0.00199076873820045,-134.43463761804
"668",668,0.0619866341798064,0.138732686735216,0.00294036374783807,-135.187942084977
"669",669,0.00737761129676067,0.161564668971314,0.00311228420972323,-134.438228485638
"670",670,0.0296024593748356,0.166140784866875,0.00315686546968681,-134.400559688934
"671",671,0.0326463007432586,0.166512373604226,0.000754973467824335,-134.106713053031
"672",672,0.0339198356180329,0.150077640297474,0.00333666702787383,-134.694730593532
"673",673,0.0248476524150408,0.177484191592604,0.00651558266811767,-136.09257044069
"674",674,0.0257632715622536,0.180181709457674,0.00530014993743572,-135.247045374766
"675",675,0.0211418110570765,0.178975863004966,0.00457952973645755,-134.779321197822
"676",676,0.0291602238008085,0.170098208997565,0.000681066871767731,-134.219868432437
"677",677,0.214163443187268,0.16072938490615,0.000584950141862116,-133.627623483368
"678",678,0.152774345770257,0.157593828713663,0.000172043835332829,-133.027679734942
"679",679,0.0909080715011054,0.105414420181154,0.00051064478666193,-132.468813599527
"680",680,0.0923285330532066,0.100283400089583,0.000705669920762873,-132.653095246245
"681",681,0.123060920523466,0.192481777893047,0.00150239741916994,-134.73271337727
"682",682,0.0412431651513331,0.102268740804936,0.00095680050891288,-134.598576522323
"683",683,0.0927153927214157,0.0606612177825182,0.000104289822404696,-133.915041233077
"684",684,0.140548890502529,0.206089755141961,0.00131343330695646,-135.022270048147
"685",685,0.0793494050512662,0.0703649984207134,0.000186685702281431,-133.59271447963
"686",686,0.0749261607990654,0.121733519833736,0.00131540796349847,-133.749448584268
"687",687,0.0713648243165806,0.187838571103278,0.00264575964836875,-134.639939883115
"688",688,0.0973650773368727,0.150018805154949,0.00264820598158152,-136.05570824902
"689",689,0.0951490512804828,0.236029235669374,0.0016788674547525,-135.109030404146
"690",690,0.0766137508164934,0.108629068295341,0.00157212787466281,-134.601944571232
"691",691,0.123984744545707,0.144676208170852,0.000335648728909718,-132.649320911245
"692",692,0.147216427416976,0.0984923639948917,0.000855277946292069,-132.62575601444
"693",693,0.133868176920762,0.0893563533038744,0.000669647308880368,-132.320514578351
"694",694,0.120499531243042,0.0756450187350945,0.00159933884128996,-133.363151809313
"695",695,0.123312700282699,0.0686338313789267,0.00043644842405502,-132.465213678662
"696",696,0.13031927104253,0.0759269702166339,0.000434514502532834,-132.358073217099
"697",697,0.134368029229858,0.0717769295357688,0.000359394656028004,-132.837120462927
"698",698,0.132447363362824,0.147062471772797,0.000768339601921781,-133.239349116917
"699",699,0.159992156889536,0.256370477980605,2.43739959305677e-05,-136.462868975469
"700",700,0.266412243245925,0.210640640236083,0.000810186606630313,-135.386751154565
"701",701,0.0445119122823303,0.151731463223408,0.00209259003705817,-134.014239363225
"702",702,0.0196384374399128,0.169075607446134,0.00424594061722448,-134.764361170302
"703",703,0.0280278845137378,0.119101528687154,0.00123941904778044,-134.738493850643
"704",704,0.0913864691779363,0.186581565295749,0.000906902218182862,-133.953292546937
"705",705,0.135434842013301,0.103262681353064,0.000472675475682177,-132.118586924703
"706",706,0.120739410748852,0.0739266767334781,0.000753268298707905,-132.371593773886
"707",707,0.13306213068631,0.133834814818122,0.00072952058634595,-132.8751342777
"708",708,0.156113633738064,0.132685588537182,0.000522539537301041,-132.641622908762
"709",709,0.119465323791822,0.0765502098285557,0.000294319894856964,-132.283943163186
"710",710,0.135394084656042,0.135492444986365,0.000130683171787605,-132.607772349111
"711",711,0.129174377832409,0.16138550681173,0.000140917409975405,-133.440330886301
"712",712,0.0192025140419544,0.12121777497546,0.00449789191865343,-136.418473959324
"713",713,0.0181083921106028,0.157050478426198,0.00508697601705784,-135.470494568394
"714",714,0.002936534228963,0.155727772274648,0.00233604674935227,-134.627125379855
"715",715,0.145692662852367,0.286358765738678,0.0037688792160098,-137.716413014384
"716",716,0.152094537818945,0.260411495221507,0.00235959865861144,-136.8355552626
"717",717,0.118291727274016,0.280615414559079,0.00083432315188561,-136.781340842827
"718",718,0.304332114977234,0.286700614756685,0.000661856239220177,-137.16233774488
"719",719,0.179913079693903,0.105884712909907,5.15969659966269e-06,-136.734112940924
"720",720,0.0677729693294403,0.103329354337011,0.00221260628520157,-136.125757372484
"721",721,0.0696015238230651,0.116444426347128,0.00180693931409497,-134.592282275519
"722",722,0.000317375595142169,0.139840692812128,0.00208039825694415,-135.300075298806
"723",723,0.136223319614132,0.295518332764614,0.00111271374976979,-136.874225556398
"724",724,0.159813432952751,0.245881411766426,0.00016384237943865,-135.931524329337
"725",725,0.228326076894616,0.152406218601898,0.000248817483604672,-136.269489099011
"726",726,0.142526682494573,0.135963096792278,0.000415809505979656,-132.459561818301
"727",727,0.0971628513573475,0.149175169477617,0.000853865151952425,-133.267959972702
"728",728,0.159467570502825,0.183949806641635,0.000675957259780001,-134.0832537857
"729",729,0.195267156714978,0.164423148704178,0.000645122681746561,-133.801181307846
"730",730,0.0526902514732951,0.136589570464093,0.000787983633570852,-133.632970731881
"731",731,0.1675064748904,0.173704812505927,0.000453789020310535,-133.518893408018
"732",732,0.169357244416385,0.197196116583687,0.00162729346024813,-136.343720504705
"733",733,0.221252755778144,0.163780697930101,0.00149417363787269,-135.747989858302
"734",734,0.19127761226423,0.159980347546631,0.0015352064550217,-135.206838941156
"735",735,0.223322994213535,0.171459057788403,0.0004882257355337,-133.754782592279
"736",736,0.0653869978843396,0.174085363845267,0.00228909677962542,-134.253218391317
"737",737,0.0534334083807407,0.13027689269549,0.000407336899096348,-133.874313029802
"738",738,0.0720105856274425,0.102829822093395,0.000557743206316285,-133.113077501077
"739",739,0.128540488985799,0.0906178385933014,0.000290769905298029,-132.09327125325
"740",740,0.118218621106596,0.123915950058612,0.000854649713662284,-132.955265235532
"741",741,0.0985479399664872,0.116770423862163,0.000617674867801651,-132.580736452637
"742",742,0.128796502555324,0.101954778591835,0.00018318893108349,-132.138049291824
"743",743,0.138026095282581,0.133120561986392,0.000121723976363975,-132.606010998152
"744",744,0.136333515006831,0.0975066528292271,0.00087537601052995,-132.613075100274
"745",745,0.0924106456924105,0.132077252240936,0.000452461416860241,-132.78034032167
"746",746,0.141366575818603,0.124374971780337,0.000207172940459587,-132.275203996211
"747",747,0.112205000497514,0.0903966294745286,0.000279846887276147,-132.040924433966
"748",748,0.116579063116729,0.0780787196698518,0.000744318140101627,-132.314402961214
"749",749,0.112383068293478,0.0776641970181828,0.00106928329971853,-132.710528062225
"750",750,0.101074886828657,0.144642526684009,0.000219158470113167,-133.119346906458
"751",751,0.103947748935619,0.102177258929297,0.000540290344774609,-132.231087963762
"752",752,0.0988482356740932,0.105106317322679,0.00118091009015562,-133.530494231641
"753",753,0.0260568727921283,0.162621770748028,0.00196103067613212,-134.074245225678
"754",754,0.0130990782776887,0.169381093642711,0.00256444479249143,-134.171045150616
"755",755,0.206477175501359,0.18330516700961,0.00057417109990973,-134.199249870377
"756",756,0.167993032878884,0.188265183295739,0.000257704412423021,-133.882912567805
"757",757,0.151725726759923,0.165342701010344,2.40290523287787e-05,-134.385654039079
"758",758,0.075740824609352,0.153636610288436,0.0024130478247115,-134.644365177363
"759",759,0.0123725764802502,0.176478675719585,0.00645530830785051,-135.834843315572
"760",760,0.0221835457981426,0.185258539431802,0.00801363017527548,-136.925880929841
"761",761,0.0500347090312945,0.197817281816233,0.00299523649995342,-134.430391946331
"762",762,0.0405832520091118,0.178288583562512,0.00327158149114597,-134.501940533703
"763",763,0.0507263337469635,0.197340401589102,0.00319222158939368,-134.558803499256
"764",764,0.0487300307165523,0.144445735329178,0.0006697883005895,-133.775475600818
"765",765,0.174912801820253,0.127044179900807,0.00111812253688717,-133.504662474297
"766",766,0.0806933821852443,0.0768770966933918,0.00105340513351696,-133.395013526325
"767",767,0.066025887747626,0.181151993524544,0.00162971168829683,-133.966573806566
"768",768,0.0703053386073361,0.147882925444154,0.000647862024086856,-133.370511862708
"769",769,0.175344932193677,0.132018528777426,0.000492920356682088,-132.865607339476
"770",770,0.0737566184229525,0.0495345428704024,0.00121202819781142,-133.887263230588
"771",771,0.115555223981661,0.201906332419803,0.000733307652380322,-134.37035161897
"772",772,0.229461169079823,0.188282506931452,0.000489687101286584,-134.218949876824
"773",773,0.0583561494027675,0.137502914207872,0.00142688241890969,-133.691665473985
"774",774,0.0968551240740469,0.0876132172741311,0.000125294780081073,-132.676902112121
"775",775,0.132030511556294,0.110832536353117,0.00137074742327718,-133.753058224344
"776",776,0.154514072830139,0.104171617415043,0.00105246725900781,-132.980252735037
"777",777,0.166802005435093,0.141260356854927,0.000531907221326909,-132.907837017108
"778",778,0.142076476963352,0.126782959489038,0.000691982416770809,-132.695309987876
"779",779,0.0551540453148598,0.170106468927052,0.00166226766259684,-133.840965183674
"780",780,0.0178746548235922,0.169960352025876,0.00368623789538245,-134.45734993648
"781",781,0.0253128896307731,0.151104606615324,0.00385739037321338,-134.919501808731
"782",782,0.0483279277600323,0.111866097063581,0.000580230124040249,-134.131473549682
"783",783,0.100071331058309,0.0741785949935199,0.000549991083842347,-132.321846513065
"784",784,0.121011821385725,0.116780911199532,0.000512756367088015,-132.222293742326
"785",785,0.122159959611819,0.12662766077743,0.000479816752185905,-132.336963973863
"786",786,0.123248246391248,0.106745766075017,0.000491326684433869,-132.083530691
"787",787,0.122939431137977,0.0966661788904979,0.000471821535159736,-132.022966446417
"788",788,0.116014220070935,0.111911294069156,0.000703446277183085,-132.471040332508
"789",789,0.10369627812647,0.0810906701060025,0.000879255015986262,-132.550451937532
"790",790,0.119631719225402,0.065460313241366,0.000299392387592594,-132.694235366129
"791",791,0.101126518756754,0.100179065811918,0.000428527003896047,-132.15652955943
"792",792,0.123590228542783,0.065547611059024,0.000478250371560882,-132.602701773727
"793",793,0.101010938075483,0.064689101023818,0.000561011784624435,-132.453749450585
"794",794,0.113356446974751,0.140984019087823,0.000141205354527154,-132.957866603414
"795",795,0.172292021811328,0.111637735510536,0.000640325329597213,-133.044288275664
"796",796,0.123165877809901,0.079443792043379,0.000343155597814015,-132.211585847312
"797",797,0.124193854126487,0.104536291577134,0.00076165524808404,-132.443790123725
"798",798,0.140634202759899,0.139984131360626,0.000564022177957216,-132.725695876498
"799",799,0.116926608266977,0.112807472176062,0.000706350464741634,-132.484202081233
"800",800,0.174881225512813,0.162759289357901,0.000443535300874321,-133.28516519392
"801",801,0.0603601004400957,0.159090600292696,0.00202586191898065,-134.007043614369
"802",802,0.0257804081663795,0.109255256930968,0.00386357458192565,-136.68902160716
"803",803,0.0184803677118031,0.191501980990269,0.00329629597115749,-136.121853940622
"804",804,0.0202055041052516,0.100178099499158,0.00327897604982373,-136.72671578253
"805",805,0.0125449011398128,0.143008674605517,0.00168213173860355,-134.744307865492
"806",806,0.0810460434178454,0.0417857729957181,0.000674072182910649,-133.620029902257
"807",807,0.0951270148189837,0.0812197758655705,0.00067030497086722,-132.470854611199
"808",808,0.135806091891844,0.109949210659048,0.00149806890097528,-133.98196055289
"809",809,0.164797543312588,0.210194615751282,0.000927458412034085,-135.036576287062
"810",810,0.0852216617143724,0.146985059315467,0.00108976588363256,-133.429097417468
"811",811,0.162958904421868,0.119679100503914,5.09273715822414e-05,-133.485547726375
"812",812,0.108559531665231,0.102072401818499,0.000382739896645839,-132.040132559888
"813",813,0.132421736316975,0.108670920365032,0.000312703273576764,-132.027862062971
"814",814,0.108129026656124,0.144028483254112,0.000292316372169935,-132.852663904387
"815",815,0.0945420946004078,0.0953302904962558,0.000448226965823992,-132.287719610544
"816",816,0.0782914645988703,0.0861751692960185,0.000654726465876851,-132.984275375707
"817",817,0.0782302228168454,0.0878486474777306,0.000728535869860344,-133.061327122982
"818",818,0.146984873766905,0.110883892624551,0.00130514089782305,-133.569513837958
"819",819,0.135882952003985,0.243465000766589,0.000739489978339311,-135.570875270382
"820",820,0.106968925924361,0.258521572515474,0.00155114529717345,-135.453188492533
"821",821,0.181553982941278,0.19539746254662,0.000208560903280996,-134.132422797873
"822",822,0.241709660303318,0.219379116989699,0.000272200284763205,-135.010539141833
"823",823,0.158616892300441,0.253735963209122,0.000844132508227486,-135.953979576862
"824",824,0.110408069214146,0.131381860972685,0.0012479826303715,-133.978430294564
"825",825,0.0328573906747183,0.0761131500440669,0.00182710482970371,-137.097254255761
"826",826,0.127538361571204,0.162261859599158,0.001823513796374,-135.58734649175
"827",827,0.142525778282677,0.266169147268636,0.00194727680942299,-136.524023788769
"828",828,0.15958825141723,0.232375015770033,0.00215167969618387,-136.615689914158
"829",829,0.0821375091209447,0.23913575027119,0.00137459263487389,-134.918110898464
"830",830,0.0784300627458072,0.233431259402325,0.00613323678554875,-137.004080983415
"831",831,0.086745184229922,0.22726129672865,0.00655242675178656,-137.965305315955
"832",832,0.10451658369531,0.0929403076153499,0.00557763694062962,-141.223470550429
"833",833,0.133616356527954,0.284909948129079,0.00125599466616744,-136.250294685785
"834",834,0.133264741897157,0.0815777483542394,0.00101848686395943,-132.664363011006
"835",835,0.0608238683126554,0.0660922045223275,0.00139638023814926,-134.991669321243
"836",836,0.117202919791588,0.11107049723515,0.00102652600929776,-133.090923534232
"837",837,0.143435407871606,0.120184442803472,0.000585854198070679,-132.437177190471
"838",838,0.12974296958138,0.0661602678388397,0.000478818659726019,-133.020988655012
"839",839,0.0996668812776667,0.109881769550303,0.00054889318393001,-132.377714734365
"840",840,0.100597565392367,0.05269314461275,0.000506553784338398,-132.891817883706
"841",841,0.105816038395305,0.0630496527309321,0.000733315171052097,-132.482951399739
"842",842,0.105371170091975,0.0649689511551849,0.000260244968366278,-132.696798961959
"843",843,0.121865782352789,0.117792493994388,0.000647001065850676,-132.437645265764
"844",844,0.181880122479511,0.14683402085527,0.000391345734300191,-133.071781429498
"845",845,0.0739716551688441,0.174306708045615,0.000475452137248983,-133.867336650025
"846",846,0.0796877427551929,0.125852927939621,0.000760171167179542,-133.071468621394
"847",847,0.0319817637897475,0.117254576106309,0.00326832842319597,-135.632648136182
"848",848,0.0181463185323793,0.162840758755934,0.00101429261775549,-134.353546647645
"849",849,0.0177672197397517,0.140001255564153,0.00585708645696894,-136.632661805856
"850",850,0.0115352493238642,0.173021530819184,0.00687766304151072,-136.034924902527
"851",851,0.0133856422395986,0.164806099510936,0.00621331042807645,-135.873769896431
"852",852,0.028543748141826,0.180498060018742,0.00120156374373865,-133.851024459329
"853",853,0.0633938812859459,0.12248402846752,0.00159361329027815,-134.013085135596
"854",854,0.137645604557998,0.105082826545745,0.000746740808568637,-132.482876041122
"855",855,0.118017493919343,0.117344870621243,0.000247303399348933,-132.102865980521
"856",856,0.0933445458643074,0.103864534075874,0.000595884443895053,-132.499838536172
"857",857,0.090546315214165,0.092070177227108,0.000573072597087837,-132.489336862601
"858",858,0.150511902501088,0.145140596768706,0.00127955248736753,-134.391260486013
"859",859,0.166518231084136,0.186149008331319,0.000105238740088536,-134.113950933775
"860",860,0.20086587209477,0.135664223803989,0.00036154677736259,-133.774593424217
"861",861,0.15118161511546,0.0798218086538017,0.000638606096476646,-134.533280786643
"862",862,0.0791337841029049,0.139916786732428,0.000617521216283418,-133.143654054733
"863",863,0.175551171490221,0.21790405224964,0.000952204232145994,-135.362080642247
"864",864,0.0611204012758447,0.139922340999846,0.000517809769916008,-133.535220860621
"865",865,0.135735249847123,0.0874939914268512,0.000995343083824224,-132.658434249995
"866",866,0.129845787111477,0.0880855642530776,0.000831050669130049,-132.461595736525
"867",867,0.128789130103322,0.111183251818455,0.000326135899393708,-132.018790588169
"868",868,0.127256654346756,0.1585176252128,0.000223826981061835,-133.144299162149
"869",869,0.153838750797551,0.114059943179726,0.000626889892337014,-132.57375141994
"870",870,0.152345472620294,0.147555689560565,0.000284569344417069,-132.678179862662
"871",871,0.167690450081603,0.140567579005968,0.000404928612852555,-132.77574670911
"872",872,0.187783465806226,0.133262334383297,0.00117624938544861,-133.958101038551
"873",873,0.0669312667818516,0.220320668360038,0.0028984094297015,-134.737345150476
"874",874,0.0991527421564677,0.181200970802183,0.00368932431194095,-136.658899301139
"875",875,0.0157222806986332,0.165921147664071,0.0044357107581846,-134.860394576297
"876",876,0.023219324793421,0.183759791591289,0.00139447193221216,-134.251653298646
"877",877,0.244671246397352,0.250274984371343,0.000512788514196758,-136.06338727958
"878",878,0.137854358852441,0.111116567690868,0.00151426219978828,-134.035642129841
"879",879,0.133141327130619,0.0924916448497961,0.00125761854014275,-133.115929513125
"880",880,0.100846835520892,0.0490313687644997,0.00208760381882716,-134.174827668863
"881",881,0.0949217347279415,0.0455583167441634,0.00120565565882976,-133.062537372808
"882",882,0.0738542265403752,0.138376320844399,0.00318966027253636,-136.138480234075
"883",883,0.0729076549894151,0.16666602614934,0.00417676443188977,-136.309283431196
"884",884,0.0168096962122997,0.1651384377283,0.0026952774287894,-134.244059927919
"885",885,0.0197384001659913,0.126266184590521,0.000719360069538673,-135.494993728012
"886",886,0.0922596420166945,0.0600875647018407,0.000211529087049624,-133.33972745331
"887",887,0.0795342512907707,0.155200498166978,0.000627480430330978,-133.36962638264
"888",888,0.112449860058587,0.128040439684274,0.000551483792261137,-132.519519193298
"889",889,0.151512244833468,0.10284461643893,0.000812133124126555,-132.638036066961
"890",890,0.0954339456972576,0.0787165061416496,0.00119242637678708,-133.178718349197
"891",891,0.110761787956993,0.0998770581534254,0.000360071358269984,-132.00514646289
"892",892,0.131572194642455,0.160767526364763,0.000576278280480889,-133.254022049347
"893",893,0.213773479727803,0.168329293672172,0.000222054769573987,-133.720072725025
"894",894,0.120840173256219,0.114264477221491,0.000295449449071332,-132.037312332513
"895",895,0.0867700373130862,0.098119846409454,0.000774219486926142,-132.879121068354
"896",896,0.119822222268894,0.0681762763160193,0.00200508026111274,-134.111264723779
"897",897,0.132408926451133,0.240053432314467,6.77107554080531e-05,-136.178661160264
"898",898,0.233716132827249,0.191304676567729,0.0013504166190425,-135.342898473187
"899",899,0.218335572990007,0.212226616231906,0.000197233875952152,-134.723210920745
"900",900,0.122888558397182,0.216048534427797,0.000225655960739621,-135.136237473674
"901",901,0.074563563037409,0.0886839878555747,0.000971441843082973,-133.549674175882
"902",902,0.0950102480066265,0.119843416372326,0.000704460332091876,-132.800565082904
"903",903,0.122477645916842,0.0674885703106972,0.00141508226842561,-133.270300509542
"904",904,0.112295024672999,0.084384603162478,0.00157047410512857,-133.67702421955
"905",905,0.129680642292472,0.203670760994178,0.00176391184451247,-135.247324978068
"906",906,0.185989403142334,0.214351168730049,0.00184667378940339,-137.320263494963
"907",907,0.182761235327491,0.132432775703671,0.00202544569302896,-135.45560856452
"908",908,0.147620507642015,0.194239756401207,0.000208916975960562,-134.289970704408
"909",909,0.159831298956039,0.127173876237532,0.00239007099980312,-135.894784312734
"910",910,0.117737805995121,0.134925223676753,0.0011971529137587,-133.928110130161
"911",911,0.0789782655751117,0.13680697456571,0.000353667094497088,-133.207749955257
"912",912,0.0859787329958772,0.0902133560154189,0.000399097570696281,-132.523844284542
"913",913,0.0925870828516501,0.122562654766336,0.000891574137419046,-133.14235907202
"914",914,0.129659402289322,0.155988795483035,0.00026207596383519,-132.980913503223
"915",915,0.208179180107066,0.158210173227131,0.000150145718845576,-133.622827828476
"916",916,0.0787561834265024,0.171354865455099,0.00094805747379428,-133.65642263168
"917",917,0.0456110208007705,0.137903194118674,0.000983678472870797,-133.787753226262
"918",918,0.123275154005904,0.151443484165723,0.00030186910875421,-132.873135514889
"919",919,0.14514463487126,0.153886976354359,0.000177484683733018,-132.915895387625
"920",920,0.21483786335619,0.262475223933831,0.00108764083083389,-136.86350070734
"921",921,0.154336988624146,0.118634663145784,0.000578872574916137,-132.550623271299
"922",922,0.117369556555691,0.0784884782244143,0.00101225295269847,-132.623051380722
"923",923,0.0747957654053418,0.0573143235676156,0.00121734294710318,-133.820140820966
"924",924,0.0595183879279848,0.201440811068478,0.00372252777590381,-135.099833274703
"925",925,0.0443353905299755,0.207127614042198,0.0023129499827746,-134.591513467595
"926",926,0.123299813252283,0.189399412870446,0.000455499064593119,-134.046402073341
"927",927,0.156524293905144,0.0902601718162469,0.000426190780009849,-133.229343525914
"928",928,0.0838504814533687,0.101371402477975,0.00046212546458003,-132.60894211615
"929",929,0.0472906713484367,0.156520567240779,0.000192515427664692,-134.660212105107
"930",930,0.0981524722670059,0.0715072812650655,0.000855340326700591,-132.581221421526
"931",931,0.0869675615575357,0.168009463301407,0.000891548169161066,-133.581322899806
"932",932,0.158379634421863,0.142741680611859,0.00259898934939855,-137.224374114844
"933",933,0.163119509165747,0.105019829900804,0.00216074356351001,-135.951070963392
"934",934,0.112865948900553,0.0700842886780269,0.00197292427292524,-133.896559452631
"935",935,0.0743780553382033,0.0463675908219957,0.00173157430650803,-134.388259569198
"936",936,0.0687688737894852,0.123170565363728,7.78127220706913e-05,-134.410675264501
"937",937,0.123242304064352,0.101049502335279,0.000182066238374954,-132.113106002809
"938",938,0.0689486795612615,0.0767199079625738,0.0010234441369474,-133.870103037491
"939",939,0.109245170944215,0.125370636187348,0.000639666104718886,-132.628282184162
"940",940,0.0304600880117159,0.0880061200157661,0.00237745990750993,-136.70337014527
"941",941,0.140870174909797,0.263927844894474,0.00191490344324434,-136.443788964328
"942",942,0.111360506976314,0.249539601904412,0.00364879380263398,-136.610507437505
"943",943,0.0971649474962312,0.229526879561994,0.00034002579425205,-135.369793957239
"944",944,0.123561645590714,0.20520024816667,0.00169348068925918,-135.064376087253
"945",945,0.0975281698566703,0.0998295221412796,5.67629942966978e-05,-133.131474792271
"946",946,0.0791199866946636,0.117273408242097,0.00124948463789747,-133.763376725612
"947",947,0.11115024812223,0.12594591888026,0.000278728861917712,-132.302191639185
"948",948,0.161592975032689,0.110279450461619,0.000360282957114215,-132.470534322127
"949",949,0.117576501426669,0.116997767222226,0.000172509901181164,-132.214184886429
"950",950,0.131441147646953,0.0892715109881953,0.000718078936282746,-132.346085594215
"951",951,0.0966669440561501,0.137637985776798,0.000842489823013839,-133.133582620684
"952",952,0.0471929412316158,0.135785658766078,0.0019301223497439,-134.065252540311
"953",953,0.0548940713291,0.115326681277519,0.0017227611482847,-134.309014629097
"954",954,0.03320306700436,0.182566225675558,0.00170138542016709,-133.828830062453
"955",955,0.0854668846877128,0.0351976776912798,0.00277840753224935,-135.549355036481
"956",956,0.0916716663553125,0.0373924828606869,0.00183195250831627,-134.135483843415
"957",957,0.0725241619956783,0.0820283784526895,0.000638205343990808,-133.256108811906
"958",958,0.143989208870137,0.0843924756460396,0.000181152568747891,-132.783869451962
"959",959,0.122793442851513,0.120608274002935,0.000277751378119095,-132.112514570553
"960",960,0.138635587617533,0.12087824820025,0.000657758236400818,-132.524431998072
"961",961,0.179202608553839,0.110750160847396,0.000451156249838326,-133.874967546504
"962",962,0.0822830733794608,0.125743968794268,0.000803379260570458,-133.079216115576
"963",963,0.146568968113505,0.0990873311891484,0.000457319330369974,-132.301269813419
"964",964,0.0988216338619519,0.0917541987417922,0.000537799513190896,-132.267787708861
"965",965,0.146173890341932,0.110892881075698,0.000144003519588627,-132.461738028168
"966",966,0.119744078029314,0.116389814965675,0.000528867758461256,-132.242168075313
"967",967,0.102855342199461,0.0859569334517945,0.000573396683174662,-132.227862044647
"968",968,0.117994776615995,0.185417983707311,0.000990370915131915,-134.094950065378
"969",969,0.127594233707622,0.159081848095765,0.00157868357889933,-135.079125655108
"970",970,0.122784839400778,0.167404349216842,0.000690677443938455,-133.509052312475
"971",971,0.0330309507694381,0.176393797771447,0.00165041415749193,-133.907010484494
"972",972,0.0321147199022637,0.162340582447821,0.00216608209031687,-134.051756486884
"973",973,0.0535161366258934,0.182465328315409,0.000567051739687184,-134.079904120736
"974",974,0.0821589534286965,0.0795374324943096,0.00071501243339404,-132.916072001106
"975",975,0.10647252295123,0.0971502315562172,0.000636318366254177,-132.286344913578
"976",976,0.138395884129045,0.111240626770301,0.00166327026829816,-134.343356940441
"977",977,0.123683517890177,0.10726102365496,0.00108696371677855,-133.105804705725
"978",978,0.129805145179524,0.127334821587103,4.72033408692995e-05,-133.162704610231
"979",979,0.117447096273151,0.119811622176657,0.00102271703052517,-133.249431779749
"980",980,0.0875969337187565,0.10062005265204,0.00106545165399271,-133.420306348918
"981",981,0.0836429813359998,0.216010756849369,0.00134878655173376,-134.592490837881
"982",982,0.146853528205736,0.162678230445861,0.000435651570022527,-133.143762685009
"983",983,0.194245256796498,0.155557801196609,0.000346763066536141,-133.344247269226
"984",984,0.200585754838075,0.193276850894071,0.000892486691854478,-134.967267136864
"985",985,0.235658265014439,0.189127705936744,0.000497383752941952,-134.152186051824
"986",986,0.221781448671702,0.21784302030502,0.000522344478844902,-135.094303128449
"987",987,0.13153972778173,0.198010069051141,0.00116793959100082,-134.618171463822
"988",988,0.0289231862966083,0.0969040714884664,0.00107462750497676,-135.551589391397
"989",989,0.118770037314818,0.0714871730543631,0.000522344137917186,-132.311693728838
"990",990,0.123997851093498,0.0755536852294281,0.000414600063318827,-132.291356535272
"991",991,0.123541037553112,0.133037827962898,0.000264237826873591,-132.346237971625
"992",992,0.189663092252746,0.156043767854123,0.000281498305092993,-133.281956682567
"993",993,0.162094963572488,0.197639113484048,0.000220165251396382,-134.282302407928
"994",994,0.108404197744303,0.18686495000728,0.00154680428047752,-134.453380164575
"995",995,0.218848463421529,0.179794791647644,0.000503829381029931,-134.059249416987
"996",996,0.18929684095352,0.130130704329881,0.000413252913823755,-133.05991334468
"997",997,0.156888624538088,0.124218019312156,0.000357790405425052,-132.429124759217
"998",998,0.138374957975198,0.1112219118414,0.000261083757282444,-132.111257482272
"999",999,0.111820287356808,0.0863325657507892,0.00209178242221832,-134.774589141965
"1000",1000,0.122902806719207,0.0819211422883056,0.000909101588822545,-132.509979898463
