"","i","asc1","desc1","pol1","p"
"1",1,0.141151106081637,5.82061970138242,1.15041249862574,-174.895481950309
"2",2,0.0275754457317046,9.50846693543065,1.24398102746843,-171.803071684557
"3",3,0.0127859167745485,8.98149481137442,1.252584251412,-171.445518407194
"4",4,0.103183109926878,8.3022692687081,0.712279825469107,-172.278047529203
"5",5,1.97358624182572,6.59919320774326,0.624414791059458,-168.564698071121
"6",6,1.71451494280811,6.45122528306819,0.6229375998519,-167.52539710704
"7",7,1.32176295152261,6.09172287423256,0.543231244382506,-165.324337090808
"8",8,0.426595983164107,5.31766188392173,0.502574595240328,-162.953529755423
"9",9,0.614805147956968,4.01112204380883,0.356384212451951,-159.983382621067
"10",10,1.16415311349427,4.18375274162609,0.43227311908045,-162.586836817781
"11",11,0.0968495730288292,3.22900197788328,0.390060234216425,-157.306386853962
"12",12,0.059192552768175,3.53986821624395,0.404328728402091,-157.776302453855
"13",13,0.0122789899548098,3.06141744543342,0.396379793456487,-157.103892398414
"14",14,0.0164126787880937,3.39822026829416,0.402966822692018,-157.407479534725
"15",15,0.341014020899697,3.97630441954431,0.511668458557466,-160.673723269566
"16",16,0.562974546642773,5.16981920609936,0.560023319216606,-162.282008660494
"17",17,0.551398957841377,4.63609732642906,0.424700103413102,-161.44091735671
"18",18,1.17994881572271,4.46284310823443,0.358498904756604,-161.366203379488
"19",19,0.436709897768676,3.95614940403513,0.419144691698121,-159.272084153499
"20",20,0.40693645532546,3.8280003403681,0.389794875107434,-158.925519426348
"21",21,0.205967660989765,3.34045775860834,0.3819946289347,-157.620143972656
"22",22,0.0502930570680705,2.76547520815184,0.322924150344588,-156.037486646771
"23",23,0.191630777756785,2.8793523684014,0.261010628217111,-157.977850478563
"24",24,0.534028832155797,2.87629526059933,0.280764274795603,-156.902769675607
"25",25,0.543618719705656,2.79361149602143,0.268556600596586,-156.702629380797
"26",26,0.442126218752721,2.11105418301651,0.230858616760437,-156.203058624183
"27",27,0.0247301506913556,1.81387655344399,0.188847626263246,-154.372761133231
"28",28,0.304442664386831,2.0521153696621,0.215740138585789,-154.839049469836
"29",29,0.230444520531326,2.05875848877283,0.203446720369551,-154.728853345189
"30",30,0.14042465177843,1.89834065719333,0.253466389711452,-155.977225064187
"31",31,0.106022064449777,2.22848383288817,0.26730192767607,-155.122662286195
"32",32,0.10968815948015,2.66783656793217,0.318945136426373,-156.064460259192
"33",33,0.220771288983356,2.82726194517434,0.317893476600556,-156.479003284431
"34",34,0.112840984811854,3.0485179451852,0.365096964903299,-156.915900695328
"35",35,0.110697453127947,3.29104020683643,0.397527071026044,-157.488245175571
"36",36,0.31205691945264,3.20541479898085,0.311433770085792,-157.629698817351
"37",37,0.775216749027104,3.25898465223981,0.287703974061287,-157.987400276453
"38",38,0.740231853139755,3.19718711970214,0.254587758310731,-158.213395548751
"39",39,0.974385471069387,3.23105496514132,0.263032114114831,-158.094209948344
"40",40,0.718872130954526,2.80290279613981,0.247362916840105,-156.864017282405
"41",41,0.646017293513617,2.76066915906017,0.237578036432001,-156.671120979617
"42",42,0.624191971342347,2.24462752751998,0.237782419403396,-157.651518076464
"43",43,0.485705406361788,2.17903466937827,0.193235533315979,-155.10747145568
"44",44,0.424298619260748,1.73859255061666,0.177784456724851,-154.978368175321
"45",45,0.319634206107314,1.88476963021881,0.172029491601736,-154.405670741
"46",46,0.540830604581005,2.20914799861631,0.198311277624537,-155.256770411839
"47",47,0.490079055639357,2.14501593511426,0.170071785827726,-155.528095381106
"48",48,0.372323457674604,1.59399362224308,0.118246617783617,-154.770672688305
"49",49,0.327073464364974,1.20093056893033,0.0955570317469184,-152.570773684362
"50",50,0.400980126594225,1.23503596665815,0.101378129135488,-152.696205969302
"51",51,0.369597043161569,0.992978548337827,0.073746127761292,-151.828326293059
"52",52,0.363543008889266,1.00898254885024,0.0722959691236378,-151.804157681152
"53",53,0.4224191083229,1.1469221795508,0.0919317670261012,-152.708579445724
"54",54,0.144824135043883,0.956576458121305,0.0993199135132206,-152.049759012666
"55",55,0.158615378880382,1.04920551938723,0.109416164602943,-152.301146050923
"56",56,0.0575900584163007,0.928968490989791,0.105003414243523,-151.913568834847
"57",57,0.0951334894367118,0.919496373362632,0.102046943470089,-152.002675686482
"58",58,0.142381132355886,1.02156088224331,0.0842010446704906,-153.734917088617
"59",59,0.209004760530113,0.980777519214016,0.0918730023426498,-152.001578198225
"60",60,0.233463100043347,0.980433724799074,0.0775073152961159,-152.354646487834
"61",61,0.194613575409155,0.960860908076435,0.0804136472775988,-152.297571870997
"62",62,0.180196819151205,0.958784324569387,0.0851450195325925,-152.060505272926
"63",63,0.250564582547057,0.917286590601525,0.0757837155800421,-151.714572177299
"64",64,0.246878070479557,0.940215201155853,0.092808364911854,-152.700115185801
"65",65,0.12716117439291,0.841824997156267,0.0857401429508563,-151.693592234502
"66",66,0.116258493404268,0.82279086383565,0.0800156485709632,-151.641455118184
"67",67,0.157346311602393,0.814114700373017,0.0809063561614873,-151.700994056164
"68",68,0.137145350015067,0.830040534015177,0.0957444434042256,-152.804063337345
"69",69,0.0751494772684032,0.915322128685425,0.0888232553891453,-152.303710233323
"70",70,0.257167309099708,1.15624750522845,0.108896990347126,-152.514536944849
"71",71,0.283393962014381,1.28046596327195,0.118234860884942,-152.777453250422
"72",72,0.401025591803433,1.32048884270617,0.111406880189649,-152.931806273298
"73",73,0.238383163879367,1.32039376458286,0.109920720444034,-153.577358621083
"74",74,0.112801319198255,1.03968280563013,0.101015617413844,-152.362105045427
"75",75,0.301375934957088,1.08770619789011,0.0645981019286024,-156.448612253651
"76",76,0.484758770790665,1.0635773260101,0.0628646172742876,-151.724065531525
"77",77,0.480696455048882,0.965011123031038,0.0501408035754115,-151.32715188192
"78",78,0.447486563485588,0.964635049246699,0.060630639890699,-151.541292906374
"79",79,0.332746972740414,0.959626018379144,0.0707316840455202,-151.689828068081
"80",80,0.362087080799784,1.00925834526962,0.0707964758235661,-151.836078327099
"81",81,0.4658201946465,1.21480393579083,0.100048311090858,-153.425675756402
"82",82,0.426266909086646,1.41863355231521,0.12260361115067,-153.309699823756
"83",83,0.254572379150346,1.23076244954867,0.133011039128487,-153.681314368508
"84",84,0.0045985819038287,1.18776222429713,0.127494811055583,-152.782578905672
"85",85,0.0607784000555599,1.12096993506909,0.147858119375124,-153.567118919551
"86",86,0.00275332944198877,1.1924673846553,0.144873841896705,-152.490865764208
"87",87,0.0383019119022718,1.38505577929503,0.142818401218723,-153.378406779233
"88",88,0.16813125884915,1.39199399927884,0.13627958336152,-153.112841430458
"89",89,0.325712615513419,1.43995846073028,0.12947566795634,-153.16672975499
"90",90,0.368424438922209,1.49674000685297,0.135638282785952,-153.389963486229
"91",91,0.335689441017661,1.5343951455062,0.13687962694095,-153.416121350789
"92",92,0.394162222391812,1.60727682215076,0.143215235520323,-153.633348864673
"93",93,0.382869898822672,1.59438186054052,0.144062174580694,-153.615496278175
"94",94,0.232995231117916,1.60469398440671,0.186792630373296,-154.569862955281
"95",95,0.223042860346544,1.69080993412133,0.173945315631802,-153.780660397701
"96",96,0.262369165749056,1.98480844301449,0.172144052188235,-155.475935184894
"97",97,0.639370702269976,2.06474327140541,0.214635007527887,-157.692695300426
"98",98,0.410816530476442,2.20857625667452,0.214279596061706,-155.174191826538
"99",99,0.186168327164827,1.87683054234025,0.179587369587114,-154.557538925597
"100",100,0.0539156839081091,1.27297043334143,0.153972763879094,-152.901290804094
"101",101,0.041904009563351,1.31574178007553,0.147784469408282,-152.765535554418
"102",102,0.226124396052206,1.46237844728308,0.14499137946793,-153.219224673473
"103",103,0.396872173124881,1.75754078501251,0.195732582744927,-155.888101289889
"104",104,0.0379967363258445,1.61939226827951,0.211651870531642,-154.164466360801
"105",105,0.100006694931664,1.79484303186511,0.202747703553417,-153.923932324833
"106",106,0.114978116268714,1.68347493686153,0.20410591154069,-154.137349982205
"107",107,0.0927073415152432,1.69378430539594,0.206350208872727,-154.05200089472
"108",108,0.120382526906903,1.9491364532888,0.223847240882498,-154.363917992766
"109",109,0.347382097257849,2.00351820717508,0.185815556683615,-154.636595258317
"110",110,0.330495882777812,1.95614380306405,0.18400259297289,-154.492896215366
"111",111,0.444019769549405,2.01388931655036,0.181837201545099,-154.671128201905
"112",112,0.503394332493947,2.01314194666824,0.155577373658611,-155.138578321716
"113",113,0.683523790778775,1.8903830390967,0.128486219667994,-154.445212252887
"114",114,0.700603586093287,1.6538257199812,0.0960252835162699,-153.888804287009
"115",115,0.82642180123585,1.76683610349955,0.097930662574644,-153.926756554089
"116",116,0.87252201642601,1.69313495052816,0.087156418451139,-153.538973916276
"117",117,0.913665997023683,1.63962013914967,0.0876774180596166,-153.766685906687
"118",118,0.691259678521718,1.43371734024578,0.0746909403030488,-152.999219330316
"119",119,0.766086779438709,1.43390440703517,0.068684717971445,-152.71680560285
"120",120,0.885567343519668,1.59462798969008,0.0758094559424425,-153.138928746175
"121",121,0.776824644794774,1.65433273704946,0.116089844835668,-154.646817748978
"122",122,0.737033345879398,1.64213335808211,0.114559820649659,-154.137944989556
"123",123,0.5400702815702,1.40807834491294,0.103561451093967,-153.060464285605
"124",124,0.575874197607143,1.47574858598816,0.0792577838387517,-155.129576385573
"125",125,0.797197714110077,1.4881464004321,0.06667700237102,-153.15090288781
"126",126,0.666358511429335,1.21123165181493,0.0513954089403188,-152.308388860544
"127",127,0.671905836265471,1.20435093844728,0.0495414460826582,-152.327019491873
"128",128,0.685438460732862,1.06607814030344,0.0443660430218905,-151.647025154588
"129",129,0.588291705568629,1.09222717827671,0.0578316986620542,-151.720426034459
"130",130,0.61894892816834,1.20081586494897,0.0632064085891214,-151.982699890979
"131",131,0.590925688750453,1.14556159413461,0.0581029957590805,-151.823196040722
"132",132,0.595875210210464,1.01512716605223,0.0426011038709192,-151.150146487431
"133",133,0.591112709166998,1.00712570367615,0.0359490694419504,-151.926303337594
"134",134,0.714859854950369,0.996146880227986,0.0240417194060298,-150.613612591596
"135",135,0.744610284947366,1.01160145715153,0.0248015590983435,-150.585628444026
"136",136,0.768415937499695,1.03970606096784,0.0284940743971967,-151.062443307838
"137",137,0.708462301427259,0.986000161221761,0.0217122037038193,-150.753564398745
"138",138,0.686484154149185,0.930261464133706,0.0219023167833303,-150.167308861161
"139",139,0.672005903377212,0.891547193252173,0.00987048019900879,-150.469223315527
"140",140,0.726097686054065,0.800318377091332,0.0103769606113011,-150.133043648162
"141",141,0.598500657710686,0.800209805918133,0.0148479649747794,-148.864210459385
"142",142,0.570879420795939,0.74981134849292,0.0114610496591851,-147.835167862849
"143",143,0.579891833975236,0.75569684798599,0.00360808003446194,-147.610437854879
"144",144,0.625519276569406,0.768846726927578,0.00208386025782099,-146.22795869858
"145",145,0.613304939592535,0.618369686455976,0.00165922803095361,-142.698640892122
"146",146,0.645085005952737,0.635772788490772,0.000686947672781202,-141.330584200003
"147",147,0.499335000042401,0.555470182896006,0.00149974111959507,-144.10262910507
"148",148,0.541432520473142,0.526882307946265,0.00108711743370207,-140.380695428943
"149",149,0.543812462292527,0.507733589707576,0.00100518807869533,-139.737604722555
"150",150,0.536497514416328,0.531493462912657,0.00095519263241769,-140.995614553001
"151",151,0.535053724931177,0.509976881334017,0.000540347465889033,-139.193737025494
"152",152,0.537286088925924,0.490643554311636,0.000454632544305658,-138.904192879862
"153",153,0.539294608770658,0.487627406653701,0.000318794123617618,-138.909643316063
"154",154,0.539426904712403,0.521737286883377,0.000299695538251903,-139.558111382531
"155",155,0.558423564608111,0.513906045014556,0.00044888866056188,-139.221658364808
"156",156,0.526820641882294,0.502600270147588,0.000638821052902622,-139.232574735734
"157",157,0.551304617930999,0.517915314692549,0.000172486550012476,-138.699285911554
"158",158,0.549528391953347,0.489013038904386,0.000387847185199754,-139.942997699965
"159",159,0.519944264270966,0.492713564428029,0.000391137273381203,-138.752238705649
"160",160,0.520339824569267,0.452111925249521,0.00314424685272784,-148.141064886108
"161",161,0.491160272885235,0.505067946838225,0.00166100901336968,-142.812420132441
"162",162,0.496211047479026,0.502331898755561,0.000171400997883708,-141.009410882305
"163",163,0.34960701019354,0.440454694434258,0.00193074000460867,-141.450452976204
"164",164,0.477251435182778,0.4481012857346,0.000460186722402062,-138.148898699396
"165",165,0.480716068566659,0.42983114732257,0.000623873113473215,-138.244231728433
"166",166,0.363491498031,0.375836536616878,0.000617375377764307,-139.264200556513
"167",167,0.367107624076422,0.286607448335744,0.00060918416370238,-138.873382131234
"168",168,0.244264212814892,0.243299822973197,0.00080397874732529,-135.496803001427
"169",169,0.289423669296936,0.246382951103056,0.000887322007078713,-134.423863011669
"170",170,0.113173347074676,0.208242771195396,0.000263306697779633,-132.641441719
"171",171,0.0822921085164621,0.184508616624493,0.000969010705198432,-131.158150253732
"172",172,0.119149297830153,0.130016415683928,0.000898689677254929,-130.7815661287
"173",173,0.0153388471274484,0.143887958935014,0.00102571349948956,-130.245198457496
"174",174,0.094267351790922,0.186264203969932,0.0017012287141882,-131.824837752135
"175",175,0.150761373924062,0.149890567993884,0.000420056041531798,-130.75089615068
"176",176,0.14086361761505,0.082420172225857,0.000507816012369723,-129.166640873874
"177",177,0.111746608418849,0.0525627054461958,0.00100711572586247,-129.681015319127
"178",178,0.111256517872438,0.15937178844834,0.000430662797015143,-130.682529718005
"179",179,0.199670256875087,0.154986080705075,0.000222923775402829,-131.43907606836
"180",180,0.00187560465419592,0.150560313079975,0.00387453509151716,-131.113846604687
"181",181,0.0293304634781486,0.18876064762125,0.00121136555670039,-130.784264571714
"182",182,0.0612811340602437,0.1183082207639,0.00113204746355913,-129.940327192552
"183",183,0.0548407542392508,0.0877692082495512,0.00110617984874667,-130.612176277205
"184",184,0.112682013992557,0.109205853163464,0.000296303095796042,-129.062374643148
"185",185,0.079863434800471,0.0974966211520836,0.000274818736224862,-128.922252962481
"186",186,0.0607816276248351,0.0846553289569409,0.000341441816058118,-129.46837720427
"187",187,0.148216746315884,0.101036657082214,0.00017754187754648,-129.66376549149
"188",188,0.101152609265865,0.0763853936987657,0.000248528892140815,-128.794564351733
"189",189,0.0956062311066217,0.0764058939010708,0.000349217846758926,-128.812807220267
"190",190,0.0936432011923265,0.0904246814681522,0.000467086066019431,-128.934627734081
"191",191,0.0621494623368051,0.123078315733558,0.00202493904136696,-131.106765045986
"192",192,0.0274586629658899,0.156335186669866,0.00059278433912909,-130.272536705194
"193",193,0.0966487227391216,0.0746950503181569,0.000904592142132945,-129.830348606989
"194",194,0.136857570221451,0.0913476308649643,0.000909902285926382,-130.172356068475
"195",195,0.15702837027183,0.0904441081576536,0.000459170883035431,-129.428525156603
"196",196,0.155020497274092,0.102543701155309,4.15193978762772e-05,-130.69542465077
"197",197,0.174369733581063,0.12056251486993,9.94469816462975e-05,-130.534901423104
"198",198,0.0958386150553208,0.0942471138951399,0.000374426977031156,-128.828851084964
"199",199,0.0673456962163927,0.0800489004154527,0.000150095086343683,-129.457661322281
"200",200,0.140832700552153,0.0868261942414757,0.000872128802487981,-129.835668383084
"201",201,0.110894781142338,0.133318310111539,0.0010603728849433,-131.059341542469
"202",202,0.208943302241455,0.178793681435856,0.000199702683371661,-132.327427140463
"203",203,0.0285174666663566,0.137943730248932,0.0029318266979715,-130.967042900025
"204",204,0.0210198950566326,0.166588583740494,0.00108753923334311,-130.072764246464
"205",205,0.0654027543558989,0.111215387862306,0.000792306947191137,-129.61024027734
"206",206,0.0815184077605075,0.0966300157248113,0.000794374900018242,-129.68572453933
"207",207,0.0890778160804519,0.115878151295335,0.000271499285212495,-129.224097944982
"208",208,0.0975670566792183,0.239920779324925,0.00333509684413662,-133.671230636835
"209",209,0.0963103462749499,0.153014408412674,0.00162166250103496,-131.495742360059
"210",210,0.024100485229596,0.11614870390891,0.000630431776075177,-130.585078603182
"211",211,0.127056203239374,0.122482207252693,0.000986640281275065,-130.997130360548
"212",212,0.0405335535059961,0.118210348915226,0.00160431396310407,-130.319025672549
"213",213,0.00806015325547744,0.158496082931065,0.00460814667158348,-131.386582634554
"214",214,0.00656436631982966,0.154394176906839,0.00439852563092628,-131.357503038483
"215",215,0.017872546386246,0.153780743117508,0.0023526980430015,-130.370939529426
"216",216,0.0372569875391891,0.126888838681198,0.00346102601583732,-132.006551310867
"217",217,0.0266554243082497,0.145685862394634,0.00123918996044746,-130.034753082132
"218",218,0.0271334820866035,0.108344433178135,0.00107639186056085,-130.564510446834
"219",219,0.0818729089709632,0.12307101960301,0.00153746821476783,-131.072314342792
"220",220,0.0680090247333225,0.158374408415662,0.00220224060573901,-131.178593601588
"221",221,0.00092457078895442,0.148484192819906,0.00252542450723682,-130.598444585929
"222",222,0.0651089310875906,0.155256597133082,0.00163012326891828,-130.581734144118
"223",223,0.0284092873785517,0.169230734702876,0.00503137441598839,-132.162979944847
"224",224,0.0227877179798091,0.179150240912394,0.00465473417152534,-131.533843592478
"225",225,0.041094149836222,0.197070134366635,0.00775435475027135,-134.356520537405
"226",226,0.0580203282164305,0.21943975089619,0.00353661927940253,-132.598668193351
"227",227,0.0723768430590182,0.209482251076205,0.0013520181110915,-131.671557888559
"228",228,0.0730461897026121,0.145008922223137,0.000684657449614235,-130.003578559338
"229",229,0.0463388126520731,0.142619143087528,0.000429411082052539,-130.11360205034
"230",230,0.13104237711141,0.0736866885473351,0.000722177591608202,-129.318622695894
"231",231,0.0912128168807032,0.0335088086882618,0.000557753661449402,-130.171158573894
"232",232,0.0825695098218088,0.0991136627200505,0.000265268080478165,-128.903291785975
"233",233,0.137146993369917,0.0632570423844879,0.000929869871456948,-131.072855588567
"234",234,0.0918691147096535,0.070922691319059,0.000826767178043614,-129.68085415837
"235",235,0.100984873366365,0.137647906032299,0.000136692510542925,-130.23752150134
"236",236,0.0950551548087802,0.066569586377026,0.000142700263012475,-129.185678958806
"237",237,0.136255593636789,0.0764825436745717,0.000236463818445092,-129.086350680958
"238",238,0.137660683026485,0.078100453829033,0.000205764545217233,-129.15682232208
"239",239,0.0578223116822045,0.126278352296245,0.0012707237952213,-130.021192944262
"240",240,0.0416083232160515,0.203016618888575,0.00590891540991219,-133.251742458051
"241",241,0.0477782165525519,0.159180695911427,0.00401602109962369,-132.191293859605
"242",242,0.0388720233007633,0.183317794463547,0.00389270692321228,-131.572970386565
"243",243,0.0557857821949089,0.210923354419385,0.00366251570244128,-132.040836776014
"244",244,0.0568506849393539,0.200558717075836,0.00356538502316495,-132.034185727019
"245",245,0.050286064693685,0.128371891346204,0.00412054380034724,-133.504632045331
"246",246,0.00193868443367152,0.153831892664003,0.00642250820934456,-132.670573700266
"247",247,0.000352322572476529,0.157545189337317,0.00413564058987273,-131.139720786942
"248",248,0.00951459269081957,0.15973342387568,0.000366892574899683,-130.745265030825
"249",249,0.0976511403462541,0.0445480531998421,0.000459785206449178,-129.540555816102
"250",250,0.0971049918848897,0.0620038047685797,0.000167830405185147,-129.206269683071
"251",251,0.118484197423724,0.0425267767024873,0.000414885007851069,-130.855253352959
"252",252,0.113801790204681,0.0829661054952106,0.000495387762463466,-129.034959533831
"253",253,0.12004146691578,0.0842216547107365,0.000432730886049644,-129.02399405223
"254",254,0.128306033151831,0.134220537743358,0.00101470302735444,-131.351494514946
"255",255,0.0274022270830316,0.179533007675137,0.00145437980044041,-130.126978026527
"256",256,0.0348970942278118,0.106279049325664,2.66152320793247e-05,-132.815981006525
"257",257,0.055930819504856,0.0641783186875741,0.000247213610900159,-130.497918735611
"258",258,0.13980236251887,0.0769147669711987,0.000709555603405691,-129.328551147153
"259",259,0.127836638243187,0.0604363188797373,0.000538628857823,-129.212094367071
"260",260,0.0884574856982309,0.0491482104044792,0.000450211255861165,-129.55337547737
"261",261,0.0779829268958176,0.0951584580970309,0.000378400279510097,-128.963479667306
"262",262,0.125543842851405,0.0873866458275589,0.000744768909895578,-129.666954127601
"263",263,0.0748901899180721,0.131868378167408,0.000224032898236475,-129.986040635073
"264",264,0.180646203943746,0.119254876074277,0.000425520917230484,-129.944951220989
"265",265,0.0216556389040173,0.139592489861642,0.00508930412402566,-132.710555328984
"266",266,0.0495458777488544,0.197110060288293,0.00366827158863799,-131.744638441227
"267",267,0.0393330541679292,0.19446961200904,0.00312895597203193,-131.12007665207
"268",268,0.0570471912890163,0.155383669511856,0.00404475584832999,-132.741047691409
"269",269,0.00953262870926885,0.146429189856505,0.00444073887644635,-131.670276458094
"270",270,0.00211916351678615,0.170763914481771,0.00317169792479185,-132.409742601818
"271",271,0.00118438912989038,0.12452551766887,0.00217722073051617,-131.400635919187
"272",272,0.0500551296699562,0.13222280853212,0.000839761632880618,-129.790446425298
"273",273,0.058477970838207,0.12027619245308,0.00140987616442458,-130.212483545394
"274",274,0.109335010895357,0.24849856274724,0.0015409354180018,-133.380281849626
"275",275,0.0891168211615366,0.24182508562729,0.00114295375014468,-132.568515259611
"276",276,0.0890627659848608,0.0965040341181895,0.00111010829774371,-130.567048653845
"277",277,0.155301273703562,0.0871444703421684,0.000261200064852578,-129.384112392938
"278",278,0.0589753416306772,0.146856179216494,0.00135538913647951,-130.194511957691
"279",279,0.0392432210365575,0.0866487737160799,0.000927330713107223,-130.820669945029
"280",280,0.0483753869786434,0.204727456287044,0.000174902239400546,-132.281025567494
"281",281,0.220283289583157,0.155642540371479,0.000616870500145538,-131.602595912492
"282",282,0.0455242762536794,0.163337787263941,0.00038898049882373,-130.561417102414
"283",283,0.0426250464392799,0.168307637227465,0.000855431767359764,-130.292001923776
"284",284,0.181005348830135,0.180738596467288,0.00243332910621588,-137.434797827715
"285",285,0.0347151306582545,0.121476891769502,0.00123225929398057,-130.085594632714
"286",286,0.0796108387449184,0.0413385574252051,0.000367757183704258,-130.334428186446
"287",287,0.089908079403372,0.0679605130448811,0.00046886472766568,-129.070858062233
"288",288,0.0968854971773337,0.0384616026376187,0.000553354971403305,-129.770386648767
"289",289,0.0990523056981432,0.0580842385718272,0.000582798823813452,-129.245019382253
"290",290,0.121586953017718,0.130041553463858,0.000681525840238958,-130.27686830358
"291",291,0.124646208436429,0.174806279920948,0.00067965522405359,-131.442096183656
"292",292,0.0154946930655471,0.138442746395243,0.00173016683701862,-130.335517598636
"293",293,0.0455221406210904,0.147898426801441,0.000724594797453892,-129.991776998731
"294",294,0.0650138044051665,0.112436201039592,0.000219608475322648,-129.676977799616
"295",295,0.053389777620932,0.175456598253495,0.00265499582076035,-131.209391357174
"296",296,0.0532630615259851,0.178156939622289,0.00116104674015504,-130.579882404187
"297",297,0.0267544855707561,0.172586700615127,0.00106656991541027,-130.123674847105
"298",298,0.0532929481013581,0.167047252533999,0.0013271013192377,-130.391370511432
"299",299,0.0854397153327308,0.0560538238372335,0.000766831104560055,-129.803285603628
"300",300,0.0880473126260297,0.0395933579772277,0.00040509541747389,-130.02009909809
"301",301,0.0820913721892541,0.174473354167434,0.00156811951985584,-131.202692093042
"302",302,0.110622744674255,0.0868561611561465,5.67535236278705e-05,-129.58496471487
"303",303,0.089381364970269,0.0853883293213034,0.000825521577350454,-129.712365510846
"304",304,0.0964121208813919,0.0950100976322256,0.00157613712027012,-132.059678122827
"305",305,0.144788475056742,0.100672575921927,0.000941493713193163,-130.511230792329
"306",306,0.0294996201739372,0.170834108929162,0.00197030751885672,-130.318810447048
"307",307,0.0200062858621137,0.094510155504206,0.000943902173757436,-131.718492323612
"308",308,0.0800463798639616,0.022921795684328,0.000807824488869678,-131.352404143423
"309",309,0.0812351847136882,0.143317331197956,0.000657112337955193,-130.012030205163
"310",310,0.0648194382270942,0.109000668576398,0.00100069741667189,-129.878197422872
"311",311,0.0608867816924318,0.0919583250733778,0.00088541654089199,-130.002245997326
"312",312,0.129516994881063,0.0817236593745325,0.00112187584768562,-130.36685034755
"313",313,0.0888480892894249,0.10549720748381,0.00169660886596438,-132.399566541617
"314",314,0.116400122724512,0.134492735910375,0.000502118715438603,-129.969779084135
"315",315,0.0478509646528308,0.138027454610645,0.00101960028564838,-129.878633432118
"316",316,0.0674315443421082,0.214220337929913,0.00155519232411222,-131.4825866859
"317",317,0.0871862800772143,0.174984565500752,0.000270308866272576,-131.29444645458
"318",318,0.0282361707782368,0.117618905212291,0.000637809946334555,-130.348014381716
"319",319,0.0297106448592211,0.130494355959377,0.00245077618705938,-130.74317316974
"320",320,0.0199778855421788,0.118003627641345,0.000754946705402764,-130.673267990978
"321",321,0.0180496933016809,0.124020815176927,0.00328255930950669,-131.590697185685
"322",322,0.00733801591533146,0.130089796161644,0.00200557424526293,-130.842405907264
"323",323,0.0430300156508629,0.1074355849797,0.000740615737685415,-129.93901761652
"324",324,0.113270219997086,0.103012837663542,0.000665435548222164,-129.588225858733
"325",325,0.0729845387844642,0.0879515853094176,0.000872946200621738,-129.949717223856
"326",326,0.103693634256773,0.156517780543334,0.00019939688813448,-130.808852314958
"327",327,0.0861388681207489,0.196621669585648,0.000248885203094774,-132.084272594941
"328",328,0.133622579527602,0.177899471526929,0.000447932639257712,-131.531456389135
"329",329,0.0901577410284933,0.108013134684209,0.000220647738944427,-129.021897366643
"330",330,0.056163928983594,0.139400904823262,0.000313920223978686,-130.148413296112
"331",331,0.124308875556252,0.0648511308351053,0.000580034053867475,-129.070792183523
"332",332,0.138344460980661,0.14832192069298,0.000116980670367287,-130.648322176448
"333",333,0.165490085297744,0.166398858203674,0.000167693128134084,-131.406385431217
"334",334,0.0618062619278377,0.145298069436878,0.00027675585037098,-130.32365265825
"335",335,0.00672763430053135,0.154705523703423,0.00204421037115261,-130.247078791774
"336",336,0.016169684432897,0.14530081499272,0.000992126126923261,-130.221839609436
"337",337,0.0124432625973306,0.161858135084118,0.0011305835989213,-130.051817264644
"338",338,0.0343944472609107,0.160934273144995,0.000636443863128075,-130.253916839676
"339",339,0.0855470640709927,0.0885038014971229,0.000442414444760949,-128.922425984734
"340",340,0.095751213974919,0.0937117642694338,0.000461260946856597,-128.945158688392
"341",341,0.0957491963495582,0.0379653804117017,0.000405822087426932,-129.895599952766
"342",342,0.0803909492881373,0.147191424712324,0.000648034700351284,-130.098528241265
"343",343,0.135739442439102,0.111510383154236,0.000391032150847324,-129.537454984119
"344",344,0.142783062334777,0.108265242701585,0.000947626607072516,-130.734012342569
"345",345,0.0177126741150209,0.139512278916006,0.00137538260616505,-130.21324266476
"346",346,0.0591819998539748,0.139591701768365,0.00137212055686356,-130.151064195592
"347",347,0.0280312429540321,0.179679113914121,0.00326100859834175,-130.773051746598
"348",348,0.0556572128022969,0.150642021122218,0.0021637601141597,-130.774837365471
"349",349,0.0280814184637446,0.134992090346018,0.00166757991402677,-130.18907421375
"350",350,0.00227108898430257,0.142562394559463,0.00160599888791974,-130.607305836127
"351",351,0.0684363422611072,0.156730453125711,0.00199562706868488,-130.988737234038
"352",352,0.0350016821617988,0.168942041223947,0.00130951446103191,-130.223978551751
"353",353,0.0701199860978259,0.0747694811451244,0.00205075670850937,-133.823132420883
"354",354,0.0201199117228318,0.164835858068855,0.00506017202270881,-131.939695957827
"355",355,0.00774539776282991,0.142259345028908,0.00354020962929635,-131.183341070758
"356",356,0.0319378757709382,0.187963673581282,0.00389607311296974,-131.31935145683
"357",357,0.032132788496476,0.175268588528742,0.00249448711066765,-130.582292808055
"358",358,0.0553551510324935,0.112679322214047,0.00148623863694068,-130.388347466247
"359",359,0.0329136220561855,0.145566618456674,0.000896153152520357,-129.991309263349
"360",360,0.0532915925816346,0.198963516397994,0.00186792463877091,-130.995851310361
"361",361,0.0437571119069628,0.119041102550133,0.00113442264114444,-129.948062629146
"362",362,0.0527208002440298,0.0828626774100623,0.000485995809875594,-129.952331567954
"363",363,0.0434167119002277,0.131584612708808,0.00135421838336663,-130.003194486184
"364",364,0.0553161888414134,0.112303679743295,0.000657614669779222,-129.612403872413
"365",365,0.117593055137545,0.138287233104327,0.00063238166220546,-130.312617293519
"366",366,0.109350079381503,0.164937731645742,0.000789932754998011,-130.999787347283
"367",367,0.00707431024471403,0.136679401895571,0.00497048375440821,-132.389660930016
"368",368,0.0142340533538092,0.159602504172088,0.00204255061172849,-130.184795001218
"369",369,0.0361442593329898,0.126693375592935,0.00121297533743131,-130.002109740606
"370",370,0.0523129072411851,0.1210569068791,0.00126109364572166,-129.998030082765
"371",371,0.0923806610634245,0.0526896012938618,0.000533132988350837,-129.394043793048
"372",372,0.0964874732291427,0.1036424648545,0.000427885037256563,-129.004573923114
"373",373,0.127715743325249,0.109574901790965,9.74500162515079e-05,-129.611128162055
"374",374,0.0859707657800113,0.144826783083051,0.000405628116312555,-130.089156535426
"375",375,0.077090471175673,0.0221104499674864,0.0012327603829078,-131.826483119507
"376",376,0.0884374496099524,0.154277125306665,0.000415079759028232,-130.39288234647
"377",377,0.016230445527079,0.170385048140127,0.00109998753699829,-130.102440967575
"378",378,0.0210212324520691,0.129543219306614,0.00403097393222715,-132.072415912381
"379",379,0.016299797439726,0.140257659890708,0.00213659077813345,-130.430342806467
"380",380,0.0450389398668445,0.143506683890862,0.00161544595801953,-130.166582127799
"381",381,0.0256802877759356,0.171823614142168,0.00134094244246562,-130.090876093071
"382",382,0.0216753205900854,0.139035633000496,0.00267528322314747,-130.709655238902
"383",383,0.0473153333571991,0.1484789466033,0.00206787026998163,-130.512839991393
"384",384,0.0231561627049233,0.147123490161906,0.000794595277219899,-130.149401989409
"385",385,0.0849208193063913,0.120950171921886,8.03687475492614e-05,-130.152245029406
"386",386,0.0845645140143942,0.0671966488694813,0.00077214981502722,-129.692151300437
"387",387,0.141967150348895,0.0822700805764077,0.000205292939591269,-129.197673443914
"388",388,0.105641468659023,0.0684115675559045,0.000700659953582266,-129.32538034954
"389",389,0.113786935516384,0.157778357143199,0.000376841895910499,-130.64431908704
"390",390,0.0238739016409971,0.177870999876528,0.00111444351464806,-130.156136524193
"391",391,0.0419403079678683,0.15951221981263,0.000954853558100513,-130.118097896863
"392",392,0.0266532401300644,0.138071473212923,0.00106248962807068,-130.047294062877
"393",393,0.0432199306097425,0.150191894025871,0.00218346603042343,-130.523840744887
"394",394,0.0452819872436817,0.14714922639872,0.0021608424728163,-130.545781526013
"395",395,0.0562605597096397,0.147560968659039,0.00211171502892455,-130.744086432734
"396",396,0.0581617355324224,0.150395117331485,0.00155045157415498,-130.343772201418
"397",397,0.0342424786293401,0.172726767054463,0.00185632127297614,-130.377189126985
"398",398,0.0145720566775795,0.135751116758376,0.000370743881251681,-130.959698306498
"399",399,0.150031932079518,0.115307144084937,0.0007869910893545,-130.606894036986
"400",400,0.058664116242612,0.141519303465385,0.00105603937786189,-129.966489140222
"401",401,0.0300019928949386,0.14115888484888,0.00206291283602855,-130.332572599057
"402",402,0.0146038280782902,0.16500856686663,0.00171043388440912,-130.022585638418
"403",403,0.0671062789522854,0.126556869029045,0.00162621026935056,-130.612220486493
"404",404,0.123979062322477,0.164141101993232,0.000784203010556481,-131.261853860167
"405",405,0.0413383344159404,0.164572578756095,0.000868834239835984,-130.213307348858
"406",406,0.0645066661558364,0.13038017182124,0.000360469435166139,-129.809877382812
"407",407,0.0987178385275122,0.113785888556731,0.000624496626335539,-129.544482931894
"408",408,0.0557793498929503,0.119432645077976,0.000499029493970762,-129.647489520083
"409",409,0.0234605747153915,0.108504718748377,0.000582443639065045,-130.910009647025
"410",410,0.049170719458482,0.10120000654512,5.42091918289607e-05,-131.306263391698
"411",411,0.0832345667563975,0.0951908693353224,0.000595503952226834,-129.229401372518
"412",412,0.129558647642097,0.073295088047322,0.000171211542171897,-129.246700815931
"413",413,0.0870907662434467,0.0818224986092506,0.000437418423031076,-128.919064968219
"414",414,0.0699325607510269,0.221325276093577,0.000978133860804339,-131.659363428007
"415",415,0.0742893477734597,0.0229852559935838,0.0005150555466026,-132.064184437904
"416",416,0.0772013671019186,0.18714378315914,0.00272823531075454,-132.122344232768
"417",417,0.0429582128241074,0.205940371408235,0.00245376851108563,-131.857178754751
"418",418,0.0500289947856445,0.161645583644416,0.000251852166688123,-130.824524389533
"419",419,0.192146973890088,0.13642515413435,0.000393222162442605,-130.466979619072
"420",420,0.191987810144458,0.147587222089585,0.000982689765090874,-132.020570664003
"421",421,0.166858435195011,0.213682581892733,0.000199798167284843,-133.184401211222
"422",422,0.14566585695089,0.0711421968424971,0.000480994152949956,-130.248041134866
"423",423,0.145911864439776,0.107266961993218,0.000368506980522713,-129.642852073424
"424",424,0.0451283823300382,0.0901476446359616,0.00106612482669575,-130.580141268087
"425",425,0.100980382118863,0.0356175907391091,0.00115594722710118,-130.551964099671
"426",426,0.0848998427232749,0.155798877837359,0.000499189097660928,-130.380441682581
"427",427,0.0229335687356134,0.125372559019258,0.00044506055800715,-130.636469825055
"428",428,0.0334260731117432,0.10319991774365,0.000515945147907418,-130.512210510343
"429",429,0.125398345660481,0.0776697967264642,0.00191643181717698,-131.99812290371
"430",430,0.138266956464513,0.0795159774416308,0.00209427626285126,-132.386016759722
"431",431,0.129544588036577,0.0800178677292482,0.000747732059916436,-129.585071567215
"432",432,0.0718714853193833,0.0933835782336022,0.000772565283884273,-129.682735906001
"433",433,0.0571098020285126,0.178791792587223,0.00149043226502077,-130.723848385867
"434",434,0.0721145731558747,0.191667152154896,0.00363038501437385,-132.702521536284
"435",435,0.0398134577087581,0.157581283178667,0.00350680919726503,-131.449204003075
"436",436,0.0216078827108802,0.123655688037404,0.00136134687368921,-130.389527731943
"437",437,0.0501165526460038,0.149748806400209,0.00137397965210436,-130.128420622979
"438",438,0.0435972480164281,0.118580683104695,0.000972127319985089,-129.875920433709
"439",439,0.0774416020383046,0.122102043758736,8.16530160973425e-05,-130.349199613045
"440",440,0.155455447512232,0.14568505761201,0.000158064400836347,-130.654883807255
"441",441,0.116947832436831,0.112659723388189,0.000309673877501061,-129.181894034392
"442",442,0.184900834814408,0.173522819339507,0.000645309562189247,-132.402560026047
"443",443,0.152265879215233,0.189528543706007,0.000183581532427735,-132.227985230347
"444",444,0.167534490969227,0.164802332614911,0.000505816394017796,-131.60109875695
"445",445,0.0205089562429375,0.161657172604413,0.00265707734820409,-130.480334806488
"446",446,0.0193550557346854,0.127714431815123,0.000896293898090882,-130.394914780331
"447",447,0.0866664359357424,0.0612714676675037,0.000576342735531469,-129.379924224471
"448",448,0.0998716583014023,0.13027225027849,0.000315237380841245,-129.618222691511
"449",449,0.12764362675769,0.0749385525356459,0.000216057725862838,-129.13520128379
"450",450,0.0738148308517779,0.0624456558273855,0.000579604257176827,-129.727281577133
"451",451,0.0770897799548614,0.06581431578133,0.000424240897009204,-129.340941617812
"452",452,0.0778401569061299,0.0638175823351092,0.000198185423757651,-129.460975932039
"453",453,0.140201695439321,0.0690851605073444,0.000910758902775707,-130.48264473828
"454",454,0.0930331562552507,0.0759725311220264,0.000797094933259714,-129.599902690472
"455",455,0.0690343061099696,0.163955464511518,0.00212658629365118,-131.166601246
"456",456,0.014802204748004,0.135175213280501,0.00382854037269927,-131.605047265087
"457",457,0.0135754341057282,0.170377111818727,0.00022002379030318,-131.438053144258
"458",458,0.035283267577008,0.0953657367090429,0.000911702473449016,-130.61373091919
"459",459,0.0504251768954994,0.135349310046454,0.00119157908089252,-129.934553451054
"460",460,0.0464207845889392,0.100128485662886,0.00141313107801948,-130.604414279297
"461",461,0.0477734357272343,0.131257447736026,0.0011956945287567,-129.918989442966
"462",462,0.0576162824023831,0.114262734145473,0.00106887536531263,-129.879999215343
"463",463,0.0409011620565944,0.10691506575802,0.00102059685003523,-130.112352591935
"464",464,0.0955585520467912,0.130111486553281,0.000951292095897333,-130.336889553202
"465",465,0.0414673615312584,0.165299640617352,0.00142640406234289,-130.24853025713
"466",466,0.0274437534621675,0.131359215839351,0.00125911464081633,-130.100632052732
"467",467,0.0774137788646755,0.117405836789262,0.000748431345572042,-129.619842437883
"468",468,0.11955710595908,0.107481958896133,0.000664322711365181,-129.733388849464
"469",469,0.0861182230130983,0.125630738470251,0.000487328940708926,-129.540748687222
"470",470,0.122111384002276,0.0579530601679073,0.000502469748303678,-129.041116917777
"471",471,0.117348432395912,0.0615761344698464,0.000651381397212305,-129.217736533807
"472",472,0.0868918533796536,0.131696771262436,0.00087290080083029,-130.035843335123
"473",473,0.0546681906678065,0.0692938720813665,0.00050885125441248,-130.302499149495
"474",474,0.122152062554686,0.0813380422495098,0.000503739042385036,-129.133684809887
"475",475,0.0547176809111356,0.100337725601448,0.00117276474037174,-130.252233176589
"476",476,0.0630154940306086,0.114224626600233,0.000414921919904617,-129.501138465562
"477",477,0.106764941064935,0.0969695087665433,0.000460822911560303,-129.02623120541
"478",478,0.11013017981595,0.126716567250754,0.000975042802573351,-130.757795548476
"479",479,0.126295846116403,0.102847631745686,0.000548647108730137,-129.494285132614
"480",480,0.126935409244715,0.0575174059819333,0.000805429972146199,-129.883189518273
"481",481,0.0815574053525312,0.0686959880471558,0.000383777018482676,-129.122137303531
"482",482,0.0521718857119705,0.174420806993929,0.00483744257683571,-132.967914269365
"483",483,0.0350427488047379,0.191149078626273,0.00131523757241344,-130.542489216557
"484",484,0.0770312235744792,0.0857754092129669,0.00139943264380572,-131.463862379396
"485",485,0.051003505498892,0.139512495067955,0.00187735309415849,-130.435716373134
"486",486,0.00215522032384808,0.139679298951311,0.000518776569144271,-131.254323802288
"487",487,0.0287096389108924,0.132048061642541,0.00101344890642788,-130.046869161475
"488",488,0.0487025091212642,0.125096253578646,0.00115518789387633,-129.898992380507
"489",489,0.0257659704307887,0.129328441880393,0.00142410983546943,-130.197408178308
"490",490,0.0231543970247609,0.096573835947199,0.00026479453814796,-132.10277995645
"491",491,0.0523631666658936,0.121277627139595,0.00123912262841326,-129.977795855759
"492",492,0.0691224791955142,0.0836012179052159,0.000709007586566382,-129.670604339408
"493",493,0.0617138057343636,0.0891458466526587,0.000121664737836178,-129.841862552157
"494",494,0.148272771102239,0.15386342739398,0.000119775728369641,-130.916220611378
"495",495,0.0280196798492785,0.141311416151569,0.00311241073409141,-131.042400214961
"496",496,0.0209031935139708,0.179745889301971,0.00273836517707939,-130.696480611276
"497",497,0.0247631182342591,0.172800666339429,0.000963153083335869,-130.100131334184
"498",498,0.035321036267845,0.149352163519053,0.00117611866733301,-129.999127077775
"499",499,0.03299763340344,0.151125416547722,0.00176700484086406,-130.175075206428
"500",500,0.0666601589590662,0.130991905220634,0.000507280122290124,-129.70765299287
"501",501,0.0365494533058344,0.0917570795049509,0.000190163805628715,-131.298985041867
"502",502,0.0592645339731798,0.0905991403560208,0.000322696497842655,-129.514294635025
"503",503,0.0751666310664894,0.0525954367756701,0.000248607976035181,-130.039761623139
"504",504,0.110240776772185,0.111977053893315,0.000453202935044431,-129.272126857201
"505",505,0.0957698687841215,0.0898958320008249,0.000347999455921239,-128.779334447853
"506",506,0.092477292726453,0.0877864489088176,0.000354153948814832,-128.783567312427
"507",507,0.143364782672145,0.0864370918797253,0.000297724280262106,-129.201458398457
"508",508,0.0572066966078171,0.067811307428614,0.00156895184149004,-132.744005840343
"509",509,0.109522610238762,0.0532896750110686,0.000379445140659757,-129.180582570203
"510",510,0.106703090211071,0.132658984075779,0.000439829467743254,-129.759819928004
"511",511,0.133710090642861,0.0707096856486057,0.00115080078836915,-130.100025716663
"512",512,0.138694549080379,0.0835767298835886,0.000368713175666581,-129.175771077755
"513",513,0.0872268207506511,0.0500780458941188,9.76632566200884e-05,-130.291992433528
"514",514,0.0968168639702832,0.0936733368396891,0.000457395554996717,-128.94044523386
"515",515,0.0977016409436675,0.0607629063414514,0.00044121251547214,-129.07162170875
"516",516,0.082992873770191,0.11104238599738,0.000336320613647139,-129.146772294589
"517",517,0.120935497497259,0.0535673265099197,0.000258070647246631,-129.244699197051
"518",518,0.115763477245327,0.0651302070948467,0.000210866553485855,-129.097024770325
"519",519,0.110838998920338,0.0988597393092541,0.00014853560851003,-129.019597914417
"520",520,0.0521140126474683,0.0929898006959765,0.00020063691091142,-130.097566793919
"521",521,0.0987332466379066,0.0717252393435785,0.0008380735800895,-129.645083250631
"522",522,0.0994225979910805,0.0590024339164778,0.00174337389668782,-131.702114819365
"523",523,0.0734472885110155,0.238498449947954,0.00352284124143586,-133.788146341945
"524",524,0.0836284959663688,0.178322204900961,0.00117366591238871,-131.084599588552
"525",525,0.166385152923908,0.23683802977226,0.000155662204850478,-134.01341243278
"526",526,0.258151167916494,0.238887032799484,0.000236575643237679,-134.497920857357
"527",527,0.183840888355122,0.210831769099306,0.000879614693190215,-133.854933446865
"528",528,0.126860382690991,0.146418092119418,8.59514674714931e-05,-130.728241593899
"529",529,0.0329095176512151,0.106355937724273,0.00165647758462944,-130.772330633284
"530",530,0.0387756290540244,0.12719568124551,0.00165037537368733,-130.219770222072
"531",531,0.0630431943076854,0.0913139411803748,0.00136093471791768,-131.113927275708
"532",532,0.0913984046514882,0.118145570350483,3.48327762246271e-05,-130.579808375529
"533",533,0.13486821847591,0.124145901781095,0.000979846815370774,-131.125898757176
"534",534,0.0849760849969039,0.114484710019266,0.000249184371483741,-129.253911455691
"535",535,0.0787269488652213,0.0947210854652382,0.000193616177037284,-128.983044418415
"536",536,0.175140538584872,0.151313738177028,0.000360010812894657,-131.137530237138
"537",537,0.131305050115184,0.136377010163341,0.000108315016003912,-130.219098537347
"538",538,0.102281310159075,0.0994185235998842,6.87727814818057e-05,-129.428414576462
"539",539,0.130162015328324,0.133610757720677,0.000546215643052339,-130.197483255153
"540",540,0.0649551142409645,0.140014777209515,0.00169120654110958,-130.553643775373
"541",541,0.0679879596694328,0.146330665083932,0.000353323967136883,-130.189996999368
"542",542,0.0367340352748476,0.113277613901409,0.00132978002699574,-130.247207798127
"543",543,0.0830361680502428,0.14270467038477,0.000955572227883159,-130.210236697485
"544",544,0.00659788816395209,0.124813237521078,0.00338425550058614,-131.739863911149
"545",545,0.0546038837316175,0.178165943045156,0.00360583673752547,-131.971046696753
"546",546,0.0219611488461956,0.131259932329235,0.00430472535727083,-132.288525327184
"547",547,0.0051673870700316,0.165694596022175,0.00291732847815637,-130.814644920518
"548",548,0.0132842451101832,0.131326142805126,0.00160020481371366,-130.509806528212
"549",549,0.068685516124879,0.12331861784827,0.000532908193855659,-129.552826397869
"550",550,0.115705403095818,0.0978755989222406,0.000194820407695479,-128.973251560746
"551",551,0.135292471494604,0.141405225512474,0.000181071170442231,-130.199261304832
"552",552,0.0942061566040872,0.0829418196971355,0.000132603376218777,-128.965373159308
"553",553,0.105422907313792,0.0823368715563338,0.000532607462896597,-129.038908010647
"554",554,0.108147513504017,0.0960862098244911,0.000321260501114482,-128.856383422644
"555",555,0.0807786784900081,0.0974484600050643,0.000104819335617973,-129.29106973183
"556",556,0.124792701998981,0.083472950602075,0.000996182038856295,-130.163070570455
"557",557,0.0960468601188692,0.0372663326013594,0.000246935310265686,-130.207837650977
"558",558,0.105077154704328,0.178043589888645,0.000206022631211542,-131.638668989361
"559",559,0.229445137235922,0.165536760880745,0.000123035549173932,-131.595984376934
"560",560,0.0665149683514431,0.049246096029839,0.0011120598536149,-131.518983600966
"561",561,0.105826171623148,0.162561968337161,0.00103604766249231,-131.108945191804
"562",562,0.10585578124032,0.136570483318247,0.000598388648424716,-130.046808135728
"563",563,0.0166908532153068,0.0983329970328332,0.00236134110034672,-132.306434894061
"564",564,0.13861443238751,0.0996861223931813,0.000811503304148997,-130.16910922705
"565",565,0.109998434370675,0.0895563638969805,0.000653180870593045,-129.354591784718
"566",566,0.141473013752569,0.0748028607589232,0.000121153616989243,-129.434175269497
"567",567,0.0768586116770362,0.0831204768045587,0.000436715208099589,-129.039955128764
"568",568,0.0794797024542141,0.0883895108691998,0.000254679778987745,-128.868615249643
"569",569,0.100935543145176,0.0929022484840592,0.00027653192530237,-128.766207951891
"570",570,0.158796248779265,0.113213588728763,0.00123135915023277,-131.458827337688
"571",571,0.0694690296479836,0.161058197177373,0.000426132613198761,-130.513127094807
"572",572,0.139419332856894,0.166016039236177,0.000353878484680369,-131.102105804977
"573",573,0.15892485592426,0.101994714486986,0.00046955319696347,-129.55754149373
"574",574,0.173338264410564,0.126280346176116,0.000315588807996503,-130.400491230489
"575",575,0.116082168129459,0.105701238327551,0.000271853896465439,-129.034980226173
"576",576,0.109368195168757,0.084930634221088,0.000146149072596773,-128.959977213614
"577",577,0.0948175555075083,0.108887991896151,0.000461698178582418,-129.141899419456
"578",578,0.13043101076115,0.104706148027077,5.95969546144762e-05,-129.937144365373
"579",579,0.121767565431579,0.0524713055206111,0.00010232306739878,-129.896716546249
"580",580,0.112813068028543,0.0576144111304843,0.000355497210393855,-129.098443237201
"581",581,0.125240133275901,0.0898853806005708,0.000227886883514222,-129.040822689078
"582",582,0.12519045295978,0.0864802419245248,0.000686494454375814,-129.530940696667
"583",583,0.123774150484355,0.0923790695300112,0.00011057807773418,-129.315309319697
"584",584,0.0918744642897326,0.0340063951104026,0.000609519373678364,-130.109245839192
"585",585,0.0957777463126727,0.0447690116560545,0.00121439229215227,-130.389606857313
"586",586,0.108706568954545,0.0825620052245223,0.000576149490272674,-129.134389684329
"587",587,0.131314080062169,0.116957881993853,0.000878636483741197,-130.628841038845
"588",588,0.106789586765965,0.0382322270887194,0.00072565498086193,-130.069181192842
"589",589,0.0754345172051181,0.0406334213982745,0.000369369829486175,-130.637369342185
"590",590,0.0924588156864018,0.0739834381824169,0.000479363186642833,-128.988865859434
"591",591,0.0569158447607391,0.0928052145548061,0.000863971096415557,-129.984712870876
"592",592,0.0887747238132608,0.105248200818887,0.000153108197594087,-129.099532232202
"593",593,0.0474524686392457,0.121293357142507,0.00257798469601119,-131.440782176531
"594",594,0.0677429205720587,0.211780965775925,0.00135412125244883,-131.476872045267
"595",595,0.0812679110293124,0.0610683977550775,0.000340031244102152,-129.331696751314
"596",596,0.0853647872242892,0.111985288156403,0.000407675304324384,-129.174618635484
"597",597,0.0886186730457481,0.0749214108344916,0.00153801213887137,-131.725855457855
"598",598,0.0820986435397466,0.135145653440367,0.000807673137747477,-129.944082462492
"599",599,0.0390028174855792,0.101617109568985,0.000840218260893821,-130.217340138602
"600",600,0.106156340789313,0.135637459710767,0.000718316934519764,-130.218266285904
"601",601,0.0252291436169628,0.153140456871318,0.000224802734413549,-130.963820166684
"602",602,0.0999350976416105,0.090685417482529,0.000530459801108891,-129.057443599313
"603",603,0.0816760094132236,0.065695884663012,0.00033289371982813,-129.175675412669
"604",604,0.0992014257087632,0.161523707640053,0.00135070426133669,-131.273400155158
"605",605,0.231288588957381,0.168327479381839,0.000510897640099125,-131.724859720058
"606",606,0.00647585203926873,0.149532180717327,0.00087723811312984,-130.459285578259
"607",607,0.0527658085199162,0.120092429090858,0.00091060383237102,-129.749379695337
"608",608,0.041389811778885,0.147905571600387,0.00103086761797896,-129.968693001459
"609",609,0.148219562831729,0.125017710572873,0.000646667456062666,-130.498921843269
"610",610,0.0362535507520573,0.116520815651786,0.000661225827141905,-130.049670969761
"611",611,0.0208953003330165,0.131357651580514,0.00074294222935334,-130.340406639316
"612",612,0.0161690933895247,0.140442559655374,0.00144381812246798,-130.240818847599
"613",613,0.0313004065605167,0.105758294306574,0.000940448735511597,-130.440355386461
"614",614,0.0562941034174095,0.120056749647556,0.000400990806756368,-129.706918067642
"615",615,0.0888171507994641,0.09791291787876,0.000203118612705803,-128.858001398446
"616",616,0.0947380302177217,0.0947317729915936,0.000711789898250889,-129.474649715919
"617",617,0.138006480651381,0.0903818317281379,0.000457339662508354,-129.373562547374
"618",618,0.0887679563307224,0.0831040571258614,0.000659263616532218,-129.311315509937
"619",619,0.134940002646135,0.0904188948586432,0.00059141198518248,-129.525588569145
"620",620,0.116116178190056,0.0765921050971152,0.000667813476472022,-129.322112242471
"621",621,0.0524038826015063,0.0949565748643197,0.000159118486950727,-130.226549993112
"622",622,0.0612552269460898,0.136602203119034,0.00165872006652928,-130.438356147868
"623",623,0.080417284654929,0.0475475462893623,0.000391870927546804,-129.923560807127
"624",624,0.118576437136887,0.0594579908866548,0.000348013872153748,-129.036121433774
"625",625,0.125222760113829,0.127031342278901,0.000271982382224591,-129.599454338843
"626",626,0.100799028430601,0.113074081476831,0.000503353810620481,-129.310397552502
"627",627,0.104503981051242,0.0606685224362076,0.000344808214451396,-129.00632755152
"628",628,0.0929510880935419,0.0334528963800962,0.000279623829193844,-130.4820270089
"629",629,0.0987731646542268,0.0943052014105284,0.000363793271458908,-128.823802382604
"630",630,0.112000879698113,0.10283841502053,0.00102858105204387,-130.544790628655
"631",631,0.109914441469235,0.0598981264424622,0.00134819765421091,-130.507325194253
"632",632,0.122105107373259,0.0746374822662112,0.00164469684318372,-131.373204232066
"633",633,0.0660634512296934,0.109146063337592,0.000523542239155606,-129.393579874461
"634",634,0.0938328220107893,0.0755000042116702,0.000648741439601456,-129.266917022981
"635",635,0.133762414698868,0.105427171969848,0.00114735898538585,-131.110959531634
"636",636,0.121486402197897,0.102906896566507,0.000886776405351643,-130.234893860046
"637",637,0.141457817818869,0.148872911703964,0.000238293179120409,-130.461945866926
"638",638,0.143836665673616,0.112346700231596,0.000214674267456717,-129.645825417853
"639",639,0.11146859462962,0.0804611381540414,0.000235605416357858,-128.835632355715
"640",640,0.0762798176058701,0.0759328689021828,0.000548725329273808,-129.303666450377
"641",641,0.150047479026254,0.135374325250766,0.000290328353321731,-130.215732627315
"642",642,0.0922656223400903,0.0947750290217839,0.00019780929809978,-128.81343334502
"643",643,0.08167797514433,0.08600024542273,0.00061801943555326,-129.272022919313
"644",644,0.0834211758753802,0.103457553089666,0.000119267118559542,-129.284077695857
"645",645,0.0928410029549855,0.0648206113232431,0.000745418344099729,-129.51544984683
"646",646,0.125656542948449,0.0779610583524597,0.000181660195626757,-129.142347930487
"647",647,0.111125874674572,0.0991343325061682,0.000706312008240869,-129.606731808953
"648",648,0.125426239941388,0.0870071568950675,0.00070690136440133,-129.5814545058
"649",649,0.0690997995616966,0.0515559180815622,0.000921177427362719,-130.883454995231
"650",650,0.0719719303446968,0.0839720167429199,0.000300068357983796,-129.045257937346
"651",651,0.106185408955826,0.0776924139401333,0.0005896494997661,-129.130520385554
"652",652,0.0350766228922931,0.184030567747111,0.000825382636966745,-130.343934467631
"653",653,0.0854642750020595,0.0570554262497601,0.000130673658691506,-129.755085713512
"654",654,0.0842865877663194,0.0621664943192624,0.000252310396748122,-129.25448387633
"655",655,0.0947545062916164,0.107133970850676,0.000605254697671106,-129.372258509148
"656",656,0.144012286952478,0.0758112591613851,0.00155358307091105,-131.884976750724
"657",657,0.131094698794342,0.0699182500356315,0.00161579978339431,-131.08692519979
"658",658,0.12181721797652,0.0655864952903669,0.000464720111458167,-129.04534169608
"659",659,0.117563037437208,0.107607953258407,0.000168966298551391,-129.158988501658
"660",660,0.132060662985376,0.0850460322729258,0.000619377710860611,-129.466171035898
"661",661,0.117571405486545,0.0953848619244224,0.000635392596986524,-129.452285089008
"662",662,0.0900403653003218,0.0434144954934383,0.000430139640063324,-129.745549823381
"663",663,0.0837229390432887,0.123331173607704,0.000424817347582844,-129.466372543433
"664",664,0.0407832990301133,0.139911818078787,0.000749316201912909,-129.919643110685
"665",665,0.0360196623303688,0.121978643870151,0.0012611382072298,-130.071540239987
"666",666,0.0302978661558664,0.180419802105274,0.00170467766067988,-130.196980368864
"667",667,0.0462507954654065,0.163575395133134,0.00101259179606722,-130.206675717192
"668",668,0.0404539207751778,0.120452286744512,0.00125806123197454,-130.036015167661
"669",669,0.059203389619291,0.141932035206177,0.00148308563727511,-130.250651205942
"670",670,0.0587368617218322,0.131639771443049,0.00190604999101557,-130.683545296701
"671",671,0.135292585079516,0.1816420263081,0.000678428720679446,-131.814437328209
"672",672,0.171240804588185,0.162933498206191,0.00100068706539928,-132.755153774641
"673",673,0.136788500566373,0.0658208220500003,0.000343650224626411,-129.41888241295
"674",674,0.0966919973669507,0.0956968071169597,0.000673964145414069,-129.397625068343
"675",675,0.159384711293372,0.112121502660451,0.000471187120467075,-130.034873160652
"676",676,0.0812498313384204,0.115244800682742,0.000378212649321453,-129.274102885255
"677",677,0.100909064960921,0.11333433261339,0.000605683876300071,-129.512874403943
"678",678,0.0987540813791287,0.161169061111724,0.000710273168860655,-130.685863941529
"679",679,0.0902172494994627,0.0594328525829868,0.000743847201307351,-129.602347152726
"680",680,0.0801136639574117,0.0349688012561434,0.00226761934630414,-133.215934443041
"681",681,0.101301061132608,0.192521694139503,0.000431965887893828,-131.776105680925
"682",682,0.0302307637031276,0.152927671611202,0.0024768045343397,-130.516998722464
"683",683,0.00308911645492096,0.142880026907297,0.00179606844798432,-130.579867139464
"684",684,0.0180002734438211,0.155057833958673,0.00108035597953748,-130.134245481295
"685",685,0.0327135554586929,0.154558862291008,0.00202590778326078,-130.299099931264
"686",686,0.0493294291815637,0.130729898414707,0.00146033597330077,-130.097695263804
"687",687,0.0338600781093336,0.158345337259523,0.00145727695838356,-130.118162311549
"688",688,0.0024916726964505,0.150060231736413,0.00507992748195084,-131.888625545809
"689",689,0.000282674040779776,0.158581067793475,0.00509844457814398,-131.694951572613
"690",690,0.0239463259389123,0.184519170146338,0.00655666854504716,-133.035673990809
"691",691,0.0237308979661979,0.176470319767022,0.00103653320536924,-130.117239196784
"692",692,0.0644201129419097,0.150491903739589,0.00102237801922108,-130.136367692284
"693",693,0.100025641027902,0.078569167671535,0.00107944376216914,-130.297969488857
"694",694,0.115893442130529,0.0850716405404071,0.000685270135458226,-129.422219889516
"695",695,0.121420460166781,0.26706058166602,0.00220211414931294,-134.057293086098
"696",696,0.129473494520693,0.227550404736896,0.00254494304118732,-134.234620559429
"697",697,0.144453566902769,0.213059812762346,0.00148640353830085,-133.536695861518
"698",698,0.165155452058978,0.279050758832186,0.000194960339173754,-135.280635835278
"699",699,0.121384844779912,0.228291225639211,0.000486999047109151,-133.157741813538
"700",700,0.284326841763941,0.225340709817545,0.000384003653481362,-133.158652461547
"701",701,0.0903687064001829,0.0310117916959485,0.000214852103857689,-131.015577665549
"702",702,0.0786473590424827,0.202931159554058,0.000721831478669279,-131.673124820445
"703",703,0.266763276094549,0.213095588881128,0.0005612611441319,-132.882909046698
"704",704,0.0718480901531216,0.210474245482283,0.00157781772385308,-131.709636773739
"705",705,0.0655052770472481,0.0997441855513375,0.00144053627537449,-130.972736571464
"706",706,0.0492776384460822,0.120024178131364,0.00287704269666735,-131.988001596371
"707",707,0.00138843191860659,0.158847399557815,0.00265881861618102,-130.553785341418
"708",708,0.0166318911512302,0.178415250448719,0.00155305135974861,-130.878364240134
"709",709,0.0233213189540978,0.148786613434308,0.00161354028649562,-130.120681265267
"710",710,0.0756227341731698,0.165082301915229,0.00104468470680868,-130.586163198334
"711",711,0.036981883445075,0.161803325791596,0.000976064278459768,-130.13425678007
"712",712,0.0122365314265029,0.135504553282618,0.00193530331140926,-130.520518184674
"713",713,0.0575421058901751,0.125593922004639,0.00155418511711634,-130.311607340571
"714",714,0.0613718237271514,0.16170516469781,0.00247482613299084,-131.22863200591
"715",715,0.000153821896131946,0.156047351191777,0.00134237199950012,-130.458619641176
"716",716,0.101518756462556,0.225541753494331,0.00217326702357482,-133.077534078988
"717",717,0.086668185805451,0.217828806622391,0.0033645058200894,-133.233677445929
"718",718,0.0564573355047027,0.184214524691909,0.00273131108746946,-131.431795051954
"719",719,0.218342217206073,0.16359663946172,0.00116468628015661,-132.468282274713
"720",720,0.219084957355508,0.165549944020045,0.000180694341621119,-131.468141270597
"721",721,0.126554414608823,0.114611267670818,0.000552406733164148,-129.71691519414
"722",722,0.136244983087384,0.12659508498357,0.000408745665964729,-129.876592871103
"723",723,0.105885851615806,0.0690192568918705,0.000542687514990817,-129.062679627356
"724",724,0.0621290043332225,0.11895026045142,0.000500664238061573,-129.549631220777
"725",725,0.137393077167208,0.127033526257984,0.000369207259770068,-129.854407882914
"726",726,0.0562115926456973,0.11250189503352,0.000710137458167116,-129.618649134173
"727",727,0.145612007867394,0.111944243613573,0.00103975679743658,-131.088029986741
"728",728,0.112537578526401,0.157968328775514,0.00115057599795722,-131.389020484812
"729",729,0.0392686098519061,0.156222563690895,0.00112942328989446,-130.06386593384
"730",730,0.0623499758677792,0.17004086935528,0.00105642088651429,-130.510057845311
"731",731,0.0503479360538612,0.169306234478645,0.0018926577491174,-130.613187371302
"732",732,0.0525208666161639,0.13819297917183,0.0013278927392766,-130.039001983364
"733",733,0.0541103239363732,0.148160480205428,0.000581142032903389,-130.043828249728
"734",734,0.0165635898721005,0.1615883926503,0.00211715516279699,-130.204065242752
"735",735,0.0112612319962557,0.172086606173346,0.00484860961682345,-131.70188714394
"736",736,0.0216925601691284,0.171274047776087,0.00274033954967979,-130.405967333953
"737",737,0.0173281084753227,0.169851595562717,0.00223616727024743,-130.155352066022
"738",738,0.0193991767728306,0.108995249184527,0.000479452501273941,-131.314782759361
"739",739,0.0443098751355374,0.128763144310671,0.0019789696505297,-130.508127311136
"740",740,0.0415314097982466,0.173777117561832,0.000258033161470797,-131.089803790929
"741",741,0.032315202839937,0.0687394821944485,0.000743740462428481,-132.543946991887
"742",742,0.0604061443345404,0.0564717701492594,0.00072255547342931,-130.85674056607
"743",743,0.0655453125892809,0.0939664614287325,0.000352398842687099,-129.258602007927
"744",744,0.0517988499310874,0.126957665795279,0.00204462025647808,-130.740715450131
"745",745,0.00235210985578407,0.147313131185287,0.00120795560437017,-130.500708115846
"746",746,0.108854216881933,0.135219065950288,0.000734069214960295,-130.291579122711
"747",747,0.0330942771873043,0.14609819493532,0.00138485282422747,-130.028392743104
"748",748,0.0436345684268119,0.189159332074661,0.00284037161264589,-131.075270975297
"749",749,0.0647467674541255,0.173887642746171,0.0014215345274856,-130.73860750245
"750",750,0.0372292045194247,0.11507977019536,0.00207403253416473,-130.844175800737
"751",751,0.032099176915483,0.11306805321074,0.00100122382844101,-130.226901951274
"752",752,0.182662772836903,0.125206789953294,0.000911123490758963,-130.805481409283
"753",753,0.0856630613181861,0.114628226253435,0.000918278240649446,-130.016628258368
"754",754,0.0939641135553505,0.134585857882484,0.000281681814399312,-129.824321462712
"755",755,0.175115899169443,0.115626155306222,0.0013749639710114,-131.588502655178
"756",756,0.0294466626597156,0.145958078969386,0.00258629389088977,-130.615569724407
"757",757,0.0123888969738261,0.136921820709781,0.00290478227918728,-130.922132193817
"758",758,0.0035950235485411,0.136005413709298,0.00269515838216322,-130.99874879803
"759",759,0.0131407355935263,0.150107446327154,0.00206072553944253,-130.311728720831
"760",760,0.0480958311446777,0.185683173431191,0.00229705840884102,-130.983174605557
"761",761,0.0699954351468387,0.154783809388521,0.000366239497147891,-130.407694942376
"762",762,0.132491015706711,0.114682736475357,0.000612516157869785,-129.938040725996
"763",763,0.0545988882951878,0.158567271514294,0.000617656691915755,-130.240587784054
"764",764,0.0375893336996388,0.14036834214305,0.00247259600043924,-130.696443955806
"765",765,0.0440671598029224,0.194515218935631,0.00208385279293706,-130.716728022637
"766",766,0.0699546778679571,0.220331261686153,0.00329259707171416,-132.334847678716
"767",767,0.0662432827369185,0.184913281196607,0.00226752817639899,-131.420448407634
"768",768,0.0543954607336527,0.195610639677602,0.00108656563317189,-130.931119869331
"769",769,0.0399786531363824,0.095452348236775,0.000700236349492063,-130.317345931999
"770",770,0.130678409708929,0.0714396248691897,0.000851695766389948,-129.453963376375
"771",771,0.0823533172003603,0.13324311558451,0.00131575385279971,-130.565977211396
"772",772,0.0505703875818179,0.151744804277275,0.000266102425231603,-130.556278475246
"773",773,0.0133728537990164,0.13192230093244,0.00254646127133798,-130.846802930217
"774",774,0.0282846114772704,0.174808361952261,0.0022770970536144,-130.361557600585
"775",775,0.0201444361946403,0.178974734719172,0.00333375039497642,-130.910277960108
"776",776,0.0630259192993789,0.167777002047409,0.00377315172378024,-132.531780878785
"777",777,0.0104005467805678,0.162493676928806,0.00356379387730037,-130.718330247793
"778",778,0.00429793515906092,0.168582619727897,0.00713891994390799,-133.379024196591
"779",779,0.0108613555279604,0.174631250312526,0.0055384627481017,-132.398708625874
"780",780,0.0277252263164932,0.186527500919525,0.00541668473534186,-132.262748763587
"781",781,0.0654693785971791,0.22336499309398,0.00704707973002868,-134.793292421273
"782",782,0.0740126731550375,0.206634705025932,0.000426008295923405,-131.961008890181
"783",783,0.0741563545399398,0.0442039198290603,0.000607060472268135,-130.459434164454
"784",784,0.090073249231991,0.0792933121302658,0.000462197764549449,-128.94501828567
"785",785,0.144867108568814,0.108767553564723,0.000418298690446979,-129.699275941937
"786",786,0.068347938282557,0.116345577984006,0.00115157499836206,-130.067285798874
"787",787,0.0298811648841599,0.1839895227803,0.00218587735657543,-130.397071186724
"788",788,0.0542798940097065,0.150753371412306,0.000464778544848053,-130.184561578574
"789",789,0.144022195930878,0.0781792548786005,0.000913833099701329,-129.916025980826
"790",790,0.113016660111441,0.0780207311094799,0.000734149598573195,-129.444072982202
"791",791,0.141749780264665,0.090065110530008,0.000669336894984546,-129.644207514416
"792",792,0.0916741842803586,0.161824797382522,0.000584790118488262,-130.599020077024
"793",793,0.058665449447392,0.0693334811966643,0.000186313426576411,-130.141641225184
"794",794,0.123718653289446,0.101102692053088,5.28079356044887e-05,-129.873750814858
"795",795,0.0976894351624782,0.0924012097689526,0.000463290792793179,-128.94305970978
"796",796,0.127502876523116,0.0969281241834892,0.000384355441075696,-129.177763661713
"797",797,0.091197573556092,0.0847693588972672,0.00132345017973569,-131.137394825899
"798",798,0.0499229291509773,0.159625113479014,0.000733476959845544,-130.19543605651
"799",799,0.0334997501897766,0.122938445073671,0.0013241811120293,-130.123265178902
"800",800,0.063491884274896,0.144820085007117,0.00064700340553284,-129.960897012028
"801",801,0.0490132417027861,0.117185485577511,0.000697841411690544,-129.726203212931
"802",802,0.151552969722828,0.146378550103659,0.000498724026636942,-130.794163215448
"803",803,0.223556491298628,0.263183148249208,0.000267346409726693,-135.124465704232
"804",804,0.278776959759589,0.227352858419499,0.00109128451550355,-134.159214899504
"805",805,0.155395557721237,0.12030067768926,0.00118011354414604,-131.750892338687
"806",806,0.00819789096295306,0.168174932762027,0.00106046719635366,-130.739810639871
"807",807,0.037292693945752,0.126510193970155,0.000293078089676102,-130.378981413261
"808",808,0.134025311198228,0.0704354577335881,0.000934054773095382,-129.670472892196
"809",809,0.125281963408452,0.150277010927584,0.000985262526757508,-131.455051900786
"810",810,0.0962369151202902,0.125485652293444,7.25677293659698e-06,-132.154830855357
"811",811,0.18874946065816,0.16766104221436,0.000373076537204689,-131.821908421309
"812",812,0.177212970148945,0.230792957815261,0.000252348440208355,-133.789930879826
"813",813,0.226260562313698,0.244765887155816,8.79775904411467e-05,-134.59739740647
"814",814,0.153103682876721,0.165357086174906,0.000888883095800305,-132.205379781231
"815",815,0.131598992114204,0.157454051511037,0.00095120073705805,-131.655505480892
"816",816,0.0322109281530916,0.143823769489836,0.00202873974851545,-130.30692351893
"817",817,0.00447844041112997,0.143444511668534,0.000963887771647912,-130.63070527147
"818",818,0.0900799808393953,0.128173402518445,0.000267562461307589,-129.634455087818
"819",819,0.0755882362729173,0.100025590992851,0.00027503002795358,-129.055725187259
"820",820,0.0817777439128192,0.0710021547319159,0.00142623674363245,-131.48381118601
"821",821,0.0784041613072672,0.162062062266417,0.000267676196738932,-130.827628973756
"822",822,0.143796218534723,0.062917050154835,0.0011226586596146,-133.942910167053
"823",823,0.0845057300223088,0.120231089665596,0.000516612055465685,-129.43806256593
"824",824,0.105104924595888,0.0392073287000122,0.00112949216036515,-130.410467304944
"825",825,0.0771048702275355,0.0786282559015949,0.000852694901066302,-129.916640950893
"826",826,0.133144101409528,0.0640959425842004,0.000679055704556093,-129.597405088206
"827",827,0.0677689110691564,0.0689720943717361,0.000581372511892541,-129.755328594627
"828",828,0.109821242761672,0.0984706888096419,6.7457410051484e-05,-129.481798831778
"829",829,0.109160576178795,0.125365706703704,0.000393948438334176,-129.504772014739
"830",830,0.0630251681396311,0.135937810466518,0.00148550452051886,-130.299645565751
"831",831,0.0364790992246097,0.1434971305281,0.00126671991988048,-129.984284692175
"832",832,0.0492493338426221,0.169733478302806,0.000215673887794565,-131.144882342907
"833",833,0.0217695059552059,0.144456784449833,0.00347522460872087,-131.169564916592
"834",834,0.0146458955734217,0.130974139016632,0.00102879674899162,-130.474188306625
"835",835,0.00374411219312318,0.116474999888128,0.00196605511639533,-131.636187679014
"836",836,0.0707725037323757,0.20079389845258,2.66134782639213e-05,-133.687167713382
"837",837,0.0763529557567046,0.090207624795496,0.000438633299430338,-129.028104215944
"838",838,0.0978030450100025,0.0841060640866125,0.000424242299535252,-128.855786082442
"839",839,0.0676579651083874,0.0891341573642868,0.000656194059158489,-129.53939405523
"840",840,0.105413059258566,0.0877364327120885,0.000276889646899346,-128.769456859997
"841",841,0.0469935730860205,0.101288886297426,0.00053083288688861,-129.884504439904
"842",842,0.167752311096684,0.101388713844121,0.00066684635590915,-130.030227485765
"843",843,0.0675143655886648,0.0989528615800281,0.00120054804198792,-130.505023719463
"844",844,0.0708776931495699,0.0559539428225114,0.000242721556164046,-130.071781173714
"845",845,0.0777354684094523,0.112841152411671,0.000303331534017408,-129.280167237752
"846",846,0.166868277122348,0.12406586980147,0.000242661093724768,-130.30082447404
"847",847,0.0646150828001493,0.156811832988928,0.00174754381075825,-130.676407890607
"848",848,0.0255296816790254,0.131433204210204,0.00114583272562794,-130.122502117746
"849",849,0.0659696083972247,0.175774990742029,0.000428758416774076,-130.91878102572
"850",850,0.158360059135663,0.16508509250728,0.000478700064230229,-131.41948278862
"851",851,0.00304553817833064,0.158059516212532,0.00269488726451052,-130.438800904642
"852",852,0.0260825721028538,0.165083316101851,0.00251049201872266,-130.4817909983
"853",853,0.00711723811502943,0.16393237641729,0.00417367002072905,-131.077868608147
"854",854,0.0240330270239725,0.183263040938052,0.00165766840476898,-130.591541522431
"855",855,0.0274724866460105,0.177371397861197,0.00202069434831861,-130.218697296452
"856",856,0.0464101562147943,0.16513685309727,0.00105494364073637,-130.236129300429
"857",857,0.013469629635011,0.152113730683044,0.00245553269034493,-130.429707604439
"858",858,0.0172730473097138,0.131900629319472,0.0031836215827787,-131.227224803086
"859",859,0.026375327549191,0.156342817402816,0.000664775850764956,-130.224520155429
"860",860,0.0699873030633176,0.126325685624375,0.00042145151995469,-129.62311791164
"861",861,0.180016125520177,0.153002701278618,0.000388686930337455,-131.293334446358
"862",862,0.169526739829914,0.0915492093214844,0.000419963966074837,-131.397448631312
"863",863,0.157338118345724,0.104283350770743,0.000730170785732954,-130.036399354002
"864",864,0.172138452950377,0.115587905823726,0.00154415975662225,-131.883074649511
"865",865,0.0736251169024658,0.134677270300894,0.00104009396816542,-130.038229636124
"866",866,0.0946629500454299,0.0814438363204748,0.000477077322454541,-128.937653438818
"867",867,0.145741462248721,0.0790751575450983,0.000451632461443363,-129.199906324667
"868",868,0.139181270018997,0.12097721587663,0.00086634439223319,-130.798696945971
"869",869,0.0246234941918326,0.120040628613394,0.000547178103955166,-130.537074528068
"870",870,0.12706147630662,0.137531993287903,0.000772846697820558,-130.758094931991
"871",871,0.0608865913678081,0.0941358043824135,0.000616570913363373,-129.562264318642
"872",872,0.0704447634601649,0.112995262667018,0.000210691002131857,-129.574600519205
"873",873,0.103942815509803,0.0787011591125155,0.0006403694049799,-129.226503025201
"874",874,0.1137558097259,0.0447512713544232,0.000478582332144157,-129.590352375351
"875",875,0.111503146483828,0.0427472905213795,0.000494758703636938,-129.657476591648
"876",876,0.103951960233805,0.0898396406621654,0.000467686562038031,-128.957761464466
"877",877,0.0750626965727619,0.120484646110665,0.000742291240744759,-129.626026793053
"878",878,0.152331300802729,0.0837642791818626,0.000160147082043436,-129.50138070943
"879",879,0.0725695951019813,0.0833005079372929,0.000215243143578071,-129.081815278949
"880",880,0.150612278427991,0.0937319672696936,0.00069830096989427,-129.629583000503
"881",881,0.0698727298565072,0.15181070589225,0.00116660635647033,-130.302208362301
"882",882,0.0239743581339356,0.115217898127597,0.00313595757911876,-131.879847423544
"883",883,0.0165260035933167,0.114342053585623,0.00336142830654609,-132.147265663346
"884",884,0.0242791315049809,0.175949576217294,0.000961331559989594,-130.115457419034
"885",885,0.0260723732787446,0.0790300384947442,0.00135705575333015,-132.568993319249
"886",886,0.0670533813259546,0.0882502615790653,0.000757691038171536,-129.757904943773
"887",887,0.154434999775956,0.100828551812158,0.000535293915010915,-129.683368133327
"888",888,0.0741501274717529,0.0892482616909835,0.000407198692908402,-129.034460981406
"889",889,0.0996524589745152,0.07977927685369,0.00124962311914259,-130.794795885199
"890",890,0.0661867745818132,0.171417938385934,0.00120646825628669,-130.632855115226
"891",891,0.0769253436368123,0.194013795238651,0.000786402492229991,-131.356467766136
"892",892,0.0355076362320366,0.088126999699131,0.000775131251417364,-130.881775690357
"893",893,0.134308489239982,0.144925446776844,0.00162351418163496,-133.48582252054
"894",894,0.00412467369076881,0.123782265542241,0.0014150888247053,-131.212496700895
"895",895,0.155770606424789,0.123050158194487,0.000886958600831066,-131.111798977618
"896",896,0.0804652546029808,0.0838609076898529,0.000367292463996726,-128.902038215934
"897",897,0.0868117135498754,0.0908304572987999,0.000388935889963206,-128.84958372053
"898",898,0.102700221457152,0.0798469876980549,0.000267089826071246,-128.767014318552
"899",899,0.131040144314399,0.0773307448523682,0.000401781893884501,-129.106612044175
"900",900,0.0883008210389094,0.0725729277355332,0.000519423481138965,-129.102253535595
"901",901,0.0898753512567794,0.0726045959532605,0.00125965429869999,-130.847714560385
"902",902,0.0482760722498234,0.196996795438666,0.00299494707616645,-131.284208892292
"903",903,0.0535946601739077,0.151907747308437,0.00206292560582397,-130.643897154575
"904",904,0.0219807334570205,0.144954629821892,0.0018496802605994,-130.218063773001
"905",905,0.00249116272715789,0.159317187156684,0.00231829976930247,-130.41861748868
"906",906,0.0195938131160078,0.183932508815371,0.00214425943573029,-131.397166928235
"907",907,0.073199672757655,0.211436973970437,0.000148998354039707,-132.761673268767
"908",908,0.187424572186452,0.275183897835566,0.000956309622704148,-135.393120183291
"909",909,0.138710157550882,0.244588931056308,0.00348044458650654,-135.528576083715
"910",910,0.141585829042398,0.257603601836256,0.00179584768465466,-134.559419071017
"911",911,0.182995892504349,0.214949966004278,0.00138045153847672,-134.855232123956
"912",912,0.112685236253533,0.0574938866513381,0.00027397917171235,-129.151536502915
"913",913,0.118809498248976,0.0887983179538192,0.000900013643508067,-129.992455253208
"914",914,0.109089911890667,0.126890919061832,0.00120760642984019,-131.376538891717
"915",915,0.00220736377923983,0.117248641860774,0.00157701730683169,-131.687997172083
"916",916,0.0958348657972093,0.062682392887593,0.000392411852540246,-129.022911637253
"917",917,0.108925099051111,0.0923975548686874,0.000288176787944566,-128.81842498123
"918",918,0.0934231372771555,0.0808494557153626,0.000629853211484954,-129.224655826005
"919",919,0.109434102406643,0.0701201925972163,0.000574181651677814,-129.113698244155
"920",920,0.114407877354648,0.0441979918095327,0.000367637093407503,-129.70366172249
"921",921,0.108590518646479,0.106289039425173,0.000744417696266315,-129.789347431582
"922",922,0.0956171962986036,0.0571333434268986,0.00109988753362694,-130.224563566479
"923",923,0.0578566648461617,0.0864110707006075,0.00089958934664517,-130.229521774972
"924",924,0.13956419440626,0.0934963349536179,0.00063996721386768,-129.707381497103
"925",925,0.0623073942579375,0.0457419670678108,0.00110639457804167,-131.959701785285
"926",926,0.118682726542525,0.093075340410777,0.000330142804705538,-128.956680581998
"927",927,0.127511137572231,0.153945559679311,0.000381131107377288,-130.574205925973
"928",928,0.0940534638944347,0.158776022858789,0.00113179846886173,-130.861164918981
"929",929,0.0529254309420763,0.194720650744772,0.00209298806744557,-131.093408697442
"930",930,0.0600849267425245,0.107513313059523,0.000151561681591404,-129.983951874053
"931",931,0.126283330122769,0.065797003007964,0.000426587382848705,-128.961898187128
"932",932,0.0716177670812745,0.0627822742422866,0.000603804096964678,-129.834931099348
"933",933,0.0827997559480785,0.0775864737550937,0.000786217320690817,-129.676165163454
"934",934,0.121732926101497,0.0773565711773485,0.000488480655627722,-129.097595501071
"935",935,0.0773299719814328,0.07647992229179,0.000917719082995592,-130.097801414375
"936",936,0.090982958152053,0.0496116688929062,0.0005331724500236,-129.508662848351
"937",937,0.125874010362331,0.172864297608402,0.00101908923553128,-131.796032730531
"938",938,0.0847963023489528,0.100579777649907,0.000507710296533343,-129.106533957637
"939",939,0.115144763636537,0.103938169943947,0.000383851034044264,-129.085420309247
"940",940,0.121801837122863,0.111372727758522,0.000428125424911718,-129.358082137462
"941",941,0.136662737077917,0.155656662113987,6.43285146237448e-05,-131.295200517763
"942",942,0.180266220291753,0.150686488424518,0.000554300057913435,-131.479932069638
"943",943,0.0730262323882827,0.0740854713296438,0.000565800683129241,-129.440388294732
"944",944,0.0967963323727635,0.0691757954851026,0.000258043229900364,-128.891773915083
"945",945,0.0885458456919413,0.0443312888679692,0.000167836420805651,-130.19649423395
"946",946,0.0912950695844477,0.0821389965549637,0.00174375547246308,-132.450127607451
"947",947,0.0578889557029088,0.117709998148439,0.000384184452488194,-129.663749569621
"948",948,0.168232337328802,0.0964719803589741,0.000617302250205939,-130.518261438065
"949",949,0.0867129066179717,0.0919454507167282,0.000504169197867722,-129.022493675286
"950",950,0.0832252350793424,0.0936761478676406,0.000773449310760764,-129.623514757675
"951",951,0.111789510885931,0.180109625944768,0.00104525759521329,-131.620800463063
"952",952,0.117756632343191,0.043597632257135,0.000992796305078112,-131.49267743371
"953",953,0.0567033440650925,0.138811764355434,0.00390181227431167,-133.07531651028
"954",954,0.0581904179698815,0.209895032274034,0.000411324828403925,-131.59450002575
"955",955,0.0672650412985055,0.130998135196826,0.000283804124380955,-129.910041477053
"956",956,0.197372588370916,0.135268711589092,0.000295713823721581,-130.394062345364
"957",957,0.0394224879754998,0.154881672212625,0.000292123462714477,-130.614074287047
"958",958,0.230649113337017,0.175361725141108,9.67149830410776e-05,-131.89918805037
"959",959,0.193769143562518,0.177657868536742,0.00037720480814823,-132.193253772099
"960",960,0.173331052875371,0.173179932391833,0.000401169736011567,-131.783734688123
"961",961,0.147803732872286,0.0975038672721243,0.00126066708170585,-130.917863054747
"962",962,0.0851852288584068,0.229240379888664,0.000904273733594766,-132.243787268102
"963",963,0.0742525229055616,0.120387423490312,9.81203794155959e-05,-130.214896829793
"964",964,0.136548503649553,0.127520022653206,0.000313902130824561,-129.798059909562
"965",965,0.063711883802249,0.130036124481233,0.00112514362495885,-129.955840693632
"966",966,0.0246525470738464,0.172742400040182,0.000970594438261725,-130.096428529165
"967",967,0.0221306763837614,0.126047728866731,0.00132668959414186,-130.314846294759
"968",968,0.100104726290528,0.134650436326882,0.00108227065065753,-130.739802607851
"969",969,0.138630544421198,0.105618919430733,0.000401245973056054,-129.510322254952
"970",970,0.0251014223496514,0.125951799255661,0.00186344150793844,-130.458065244693
"971",971,0.0729398851269412,0.147688129261562,0.000815027744265708,-130.091982123873
"972",972,0.0636403878862393,0.0938508306615275,0.000449627822436104,-129.348961289754
"973",973,0.154540829727578,0.0891205818902641,0.00036657870580031,-129.249158365961
"974",974,0.0980282464361563,0.091756684092801,7.7206178998248e-05,-129.281994932639
"975",975,0.135800054426264,0.0881388440773643,0.000792696885427011,-129.848943640949
"976",976,0.155223521444855,0.0888069186799247,0.000316707201299979,-129.283052345077
"977",977,0.104089505412495,0.143926879187015,0.0011280345852992,-130.978091656855
"978",978,0.0843189951862332,0.112885216861011,0.000446284654623787,-129.229828225311
"979",979,0.105705321918755,0.0787983584434622,0.000800108711122328,-129.576579749972
"980",980,0.0579243672936788,0.13204934151443,0.000732593420485976,-129.74518003726
"981",981,0.0498683502004119,0.162720008724059,0.000310138554827009,-130.699522839204
"982",982,0.0362447034922792,0.0857296213479747,0.000666170436773697,-130.934588677917
"983",983,0.0548200303099779,0.0234251531317448,0.000688411081644816,-134.642516838169
"984",984,0.0869580073270491,0.115618217602741,0.00056279089308947,-129.405436384472
"985",985,0.153377283216831,0.140028072626863,0.000244344326771289,-130.384822397262
"986",986,0.12162797291238,0.157118776095906,0.000861271662228393,-131.183617023291
"987",987,0.0025161082551141,0.154896409125191,0.00284240135263607,-130.505570699173
"988",988,0.0337850301401549,0.139027821188476,0.00259414985786734,-130.752172024848
"989",989,0.00728461508943259,0.128706277160688,0.00174840593891481,-130.83998254545
"990",990,0.0856324567134091,0.174342053375824,0.00168972661344721,-131.386001234932
"991",991,0.0725230536003287,0.204316538198424,0.00296813301672083,-132.324067886641
"992",992,0.0706528244608989,0.133998812003339,0.00269918215032915,-132.278141410048
"993",993,0.0643335117054074,0.132584190741001,0.00129260977482944,-130.127136087699
"994",994,0.0095406380873575,0.139205457562616,0.00212268426116314,-130.557680550322
"995",995,0.0266408855098634,0.0948550227821607,0.00131897610937168,-131.290560572409
"996",996,0.068732433245424,0.024972324193874,0.00102528144190881,-132.322681551862
"997",997,0.073452783260337,0.141614999737266,0.00316282138353901,-132.939093864254
"998",998,0.0690656060685729,0.189569875636063,0.0026918419843076,-131.847339948994
"999",999,0.0526578180813503,0.143508649016704,0.00272012381119323,-131.272028192582
"1000",1000,0.0348657415090524,0.137213022645023,0.00159050403134559,-130.10989091133
