"","i","asc1","desc1","pol1","p"
"1",1,0.237467176293611,0.626464926462527,0.213726047393171,-215.962278622263
"2",2,0.175989502008567,0.778870564909745,0.170666063302806,-177.91069137401
"3",3,0.0316738263963134,2.08847718454311,0.28201841273839,-155.433471675897
"4",4,0.00618963466766252,2.36699746632009,0.253653602351984,-154.900979715072
"5",5,0.188611191665233,2.43938185565348,0.250655446660789,-155.267070908316
"6",6,0.0102558699481987,1.60800593903216,0.142302697616314,-156.071252496643
"7",7,0.114775512444074,1.09286386319092,0.140035768965293,-154.068591513131
"8",8,0.0316427000772222,1.10562019539619,0.115060067673938,-152.18766207846
"9",9,0.0477664597195899,0.986721251416125,0.104139107385024,-151.787970782975
"10",10,0.0422487229909509,1.09291822276629,0.170050152973421,-156.588976871743
"11",11,0.0301261666913182,1.01374805439405,0.167229649980748,-157.743526421397
"12",12,0.0166231816882474,1.10554689331844,0.1815888822835,-157.379186238485
"13",13,0.0251413565568343,2.06275778756698,0.311533657720284,-157.401393893916
"14",14,0.0545523993355482,3.07585174073835,0.403279670515442,-157.349062747231
"15",15,0.369955800886341,4.12812568138855,0.371387081023324,-160.245390432533
"16",16,0.677354299418237,4.10561803059711,0.400977627223664,-159.835007719235
"17",17,0.545269260588784,3.94714884788453,0.463951860944022,-160.553375876152
"18",18,0.0434253164982255,4.04029297841757,0.416664070336873,-158.898849617861
"19",19,0.10763954698414,4.08506268617704,0.453863011031252,-158.721297632426
"20",20,0.306893095110375,4.10537807399682,0.407880308044542,-159.321871429441
"21",21,0.612814694885727,4.09687299418542,0.395587842302822,-159.674551660294
"22",22,0.0939659142843816,2.46656185608767,0.275786293229048,-155.103732858272
"23",23,0.072305158906104,2.58571353425348,0.291587295368786,-155.32087034371
"24",24,0.0402626326519076,2.73786202530248,0.29028107325398,-155.782854988695
"25",25,0.703826436392007,3.54527649547506,0.421525611919005,-161.369562654639
"26",26,0.467816674281837,3.5385556634213,0.376924589397366,-158.404613026528
"27",27,0.678233044612638,3.36892998767001,0.391634207127317,-160.549080529536
"28",28,0.401158933281527,3.62100524356999,0.356209812066974,-158.28967867377
"29",29,0.423959149996541,3.46370988787182,0.329734115256321,-158.048236278993
"30",30,0.477520714647643,3.02195574844529,0.336675614738731,-157.941646207467
"31",31,0.426378954199554,3.01968114862523,0.273854220418014,-157.205639148171
"32",32,0.245146728546614,3.04357307765855,0.287224014999379,-157.209375675445
"33",33,0.215782685351573,2.18052748812133,0.241723674308915,-154.916063659728
"34",34,0.102058822306971,2.22136572500649,0.234959958297747,-154.629402629756
"35",35,0.0127610810029737,2.33944970455796,0.256482453753181,-154.723957776622
"36",36,0.0403363527633252,1.8432011125075,0.228822251194889,-154.009739498782
"37",37,0.0209458962884878,2.05372281238533,0.253175120808324,-154.292962726046
"38",38,0.00112365077700593,2.29472264299861,0.297897730110106,-155.151375679389
"39",39,0.0149247820124279,2.78840487273562,0.341037997594508,-155.846355163259
"40",40,0.0621694691192495,2.72230395050881,0.318788264987045,-155.677004093301
"41",41,0.0441665876507535,2.86926145545579,0.308717816155204,-156.000757229438
"42",42,0.206855827901646,3.01702194015059,0.379093633036348,-157.666741290082
"43",43,0.177780538356177,3.42822488132754,0.348611138915456,-157.595127565792
"44",44,0.372956576179018,3.04065838853519,0.353312672931468,-157.805007956277
"45",45,0.647011463563745,3.65671021647758,0.356255326134899,-158.807327973174
"46",46,0.158965174722233,2.62636908353965,0.300671260607198,-155.740230643104
"47",47,0.16273558037821,2.91575125242091,0.317331931050426,-156.234649469086
"48",48,0.229803922807192,3.08404717920419,0.358511598959078,-157.100093778272
"49",49,0.0542578124231744,2.85879051351441,0.413739251777259,-158.518395181934
"50",50,0.0479827717863991,3.35043457502235,0.43786941955142,-157.87209997407
"51",51,0.0790471588753403,3.51132165047371,0.368095711500162,-157.59042756439
"52",52,0.225219910222172,2.89046307610839,0.406353864225306,-159.623124278117
"53",53,0.149160338988346,3.14439843968067,0.414548499405229,-158.211637578278
"54",54,0.242717764584078,4.04383590035082,0.456398545746071,-158.995545031435
"55",55,0.59340914751887,4.46850283884192,0.465810867139635,-160.599113211022
"56",56,0.296274763382329,4.22620460360752,0.476282137959305,-159.548958171248
"57",57,0.26812890172557,4.20601038111349,0.426179772804184,-159.433514963123
"58",58,0.49518954942397,3.80521713533535,0.356842212068933,-158.95664566809
"59",59,0.196273362785368,2.70922905843409,0.291286369383979,-155.846413195014
"60",60,0.14711207041075,2.43682098340795,0.265086186530654,-155.143846495044
"61",61,0.00314507788162841,2.01490748056061,0.212920686628233,-154.220747299602
"62",62,0.131342943962242,1.83767128227152,0.198113216113421,-153.78727935796
"63",63,0.0685608730168492,2.02440994295211,0.201136360883928,-154.631000472093
"64",64,0.0557588751680813,1.67733631609336,0.201151705052198,-153.506297784124
"65",65,0.183476439009446,1.92336351532063,0.194799639818917,-154.100938395336
"66",66,0.248586461931213,1.93956356049928,0.177877318864469,-154.538248207337
"67",67,0.18985825987935,1.9879583126174,0.179305558917452,-155.095474209085
"68",68,0.509599284974652,2.104768011919,0.187130695347054,-155.014760751217
"69",69,0.504443220007047,2.2456336894849,0.196912591027177,-155.296461949633
"70",70,0.499975323156487,2.04883848145106,0.15107464887609,-155.732482285654
"71",71,0.789447947014421,2.16414834521809,0.136765107194198,-155.769184703964
"72",72,0.848055094371885,1.87180346331545,0.0823051439143751,-157.556765941434
"73",73,1.29012877487904,1.87611884320292,0.0483138875539914,-154.642782295031
"74",74,1.40613872214329,2.00873024955049,0.0684724628527217,-155.007344365788
"75",75,1.29357084076185,2.12571966307557,0.109760116778591,-156.666272047519
"76",76,0.977233835596208,2.03117194780887,0.117493007006135,-154.932810117144
"77",77,0.894907236757189,2.10092100666438,0.145157162659851,-155.434992773952
"78",78,0.744331465380336,2.02919533295697,0.155555049042593,-155.186803212764
"79",79,0.852401625849867,2.53723242961837,0.180450604112337,-156.404936522092
"80",80,0.734942156602071,2.55473758943125,0.190983972858995,-156.477217440031
"81",81,0.782408295692272,2.20614445819554,0.180172893380871,-156.011082527263
"82",82,0.354166426591301,1.97714236809422,0.150478313835323,-156.296279254619
"83",83,0.675482791908067,1.91834731559263,0.144808880654708,-154.672213318709
"84",84,0.57004543945468,1.7522330746535,0.136641175674186,-154.155005307496
"85",85,0.385013633208886,1.35396347594749,0.107333845737226,-153.012897231355
"86",86,0.373582895253516,1.32508408488254,0.108723661704923,-152.925001586294
"87",87,0.261939023177898,1.15124173188213,0.10754513671102,-152.57378078865
"88",88,0.212642240764743,1.13862491583943,0.121004622247664,-153.077896568286
"89",89,0.0725414824728064,1.08013665116773,0.114052212143959,-151.999498152617
"90",90,0.0603325258121214,0.936374867614279,0.123850701152523,-153.379586363352
"91",91,0.0378283849777828,1.26073516058364,0.115055478371018,-154.17805512305
"92",92,0.0924271274286392,1.17351834744753,0.116226881066725,-152.437657457066
"93",93,0.0879322651471018,1.12730943661422,0.128589851968564,-152.347163373771
"94",94,0.139023540739074,1.20729184455672,0.132419212685454,-152.647235985946
"95",95,0.299325252809015,1.35646373684116,0.127152988265205,-153.080455302595
"96",96,0.296293186380004,1.18386609248915,0.118040153351239,-153.498968612012
"97",97,0.133817962249475,1.19808312983844,0.133343748497658,-152.688924286626
"98",98,0.129428426062297,1.10004985479205,0.12163412344048,-152.464078967295
"99",99,0.110586974465842,1.06484657081946,0.128230987406508,-153.04211191334
"100",100,0.0225025263521743,0.933200906995434,0.119029404776482,-152.203668260886
"101",101,0.0201396937925514,0.933970751289401,0.113711292407042,-151.779573142927
"102",102,0.0318047518149006,0.851012914653168,0.10401884906208,-151.77743210264
"103",103,0.0498925919130426,0.815750035346211,0.0782932884028167,-151.977322712702
"104",104,0.0295826376389546,0.670266376813786,0.086959833763607,-152.089664852751
"105",105,0.0453186890406206,0.976259691814677,0.0914976242168526,-152.8320262979
"106",106,0.121208380315429,0.961361081752218,0.105076573451979,-152.125597558393
"107",107,0.0410869526301903,0.836502565725471,0.0968676489651173,-151.503166836578
"108",108,0.132213567016623,1.09141716336833,0.0921531362590582,-153.505851962721
"109",109,0.0538590714201916,0.689921121142352,0.0676052919838578,-151.338727502165
"110",110,0.0720946132536267,0.706885514067822,0.0674780433012033,-151.403818458361
"111",111,0.056494868573598,0.653663513477693,0.0661602672075577,-151.048713792891
"112",112,0.0917939954801911,0.569092969205049,0.0447393706128657,-152.209252921437
"113",113,0.216544438017129,0.609560279281168,0.0397887281117074,-150.915067051049
"114",114,0.211696854253103,0.562823284923196,0.0370235691632979,-150.474937856625
"115",115,0.175748624818426,0.520233702066545,0.0383515172715505,-150.418314648026
"116",116,0.221728319336676,0.573140499768496,0.0361568034151672,-150.519818249184
"117",117,0.257233476967662,0.604451822192163,0.0369670013694735,-150.475036581604
"118",118,0.238550533580391,0.625894853497764,0.0395117039051995,-150.845115378873
"119",119,0.299589610196618,0.578739700333497,0.037716626106427,-151.870284064797
"120",120,0.270120180586345,0.692941287249151,0.0436255311588673,-151.062377916838
"121",121,0.295093725182744,0.671816430212999,0.0471627857673593,-151.408137779029
"122",122,0.143700805568674,0.669024472439924,0.0732471736117812,-152.72188711623
"123",123,0.109996087329962,0.708891429614707,0.0906472876876119,-154.255007091088
"124",124,0.0586953253306162,0.750182182188073,0.0845532181102356,-151.379323387182
"125",125,0.0581684634902137,0.871602732574919,0.0904864503482396,-151.546148701889
"126",126,0.0782035607807603,0.850456380791364,0.0930705189436675,-151.58312275113
"127",127,0.00225031486792227,0.674678708136379,0.0737432566213178,-151.009174395952
"128",128,0.000781911086881165,0.597000234675504,0.0683041087756013,-150.703972108192
"129",129,0.00593571682292926,0.66440044933491,0.0605531550694809,-153.172150047524
"130",130,0.179531238348377,0.787590922705461,0.0785088288928002,-152.086818590501
"131",131,0.192153444273138,0.823152599032743,0.0720968269989751,-151.551481681172
"132",132,0.241721032772414,0.881682941358609,0.0843470189417746,-152.594660778674
"133",133,0.264789729977628,0.936996826887762,0.0779935908054878,-151.88304955243
"134",134,0.188118098148596,0.909870365204195,0.0779793362153639,-151.890271896798
"135",135,0.272863627898597,0.88972244252929,0.0718151465160691,-151.752129821254
"136",136,0.333984733850596,0.886883119887798,0.0680111140317993,-151.980473078905
"137",137,0.315212305811613,0.874596149275023,0.0664760681843629,-151.750630204208
"138",138,0.339232283547559,0.900153901381753,0.0667953900907994,-151.822492138968
"139",139,0.352268811777874,1.0383776461593,0.0874597917285621,-152.718470046138
"140",140,0.346985512538756,1.01159675652371,0.0787578381988971,-152.145124925944
"141",141,0.388032883530697,1.0969629378442,0.0808266023958853,-152.272375277073
"142",142,0.34263541827541,0.995650330234368,0.080800304225246,-152.34885956437
"143",143,0.124422877833134,0.94105413484126,0.0798143726487192,-152.880049817842
"144",144,0.337756510600608,1.0274567443206,0.0761110921423625,-152.089065418477
"145",145,0.389467894195356,1.00963304243317,0.0535884510803331,-154.150813405855
"146",146,0.603506968007919,1.16028835814468,0.0554819947501896,-152.246494848709
"147",147,0.614602083767066,1.15034516191958,0.0669618021105202,-152.822731430498
"148",148,0.675780599833466,1.37403381296235,0.0702358994372294,-153.008288014626
"149",149,0.821895885232558,1.41485880161935,0.0558005589543411,-153.037280868191
"150",150,0.88864944123339,1.38016450443396,0.0476718484479324,-152.47384516259
"151",151,0.965158563076855,1.37445341122186,0.0463141806400949,-152.775089629491
"152",152,0.929455926692753,1.38020080478304,0.0490010448173725,-152.563816557862
"153",153,0.916203019239705,1.33481127672704,0.0366041380216938,-152.375188845859
"154",154,0.948081511575517,1.27404319804966,0.0421589732075109,-153.820791032949
"155",155,0.830925184576421,1.26574948780327,0.0365475907195688,-152.63482363844
"156",156,0.936850863801197,1.32343098511099,0.0409911293246685,-152.24094078342
"157",157,0.865927083850691,1.19383880652055,0.0283588036604593,-151.543296661292
"158",158,0.871694432389566,1.1260056927773,0.017430672112391,-151.256633894697
"159",159,0.913277106902205,1.09433306874599,0.00428323452326397,-150.713159173344
"160",160,0.940056500218656,1.02776375922027,0.00225956647565628,-149.131949995049
"161",161,0.972618886735369,0.999532703598432,0.00203397206077281,-146.964949590208
"162",162,0.985690515638927,0.991217270663508,0.00286589464518759,-147.866671732248
"163",163,0.958301470642996,1.00241483870141,0.0024283926536704,-147.556655103537
"164",164,0.864224505547592,1.02208672072668,0.00734230970354801,-149.488737384922
"165",165,0.843277140672835,1.00845836379038,0.00791583491439455,-149.457573888405
"166",166,0.84545877357045,1.02427024850603,0.0119025061142198,-150.002724764746
"167",167,0.8352680213556,1.03044574119188,0.00863825404304882,-150.17301988262
"168",168,0.850254796356803,0.948669457705322,0.00719201093270598,-149.442524724999
"169",169,0.905258267910649,1.00800483753775,0.00241443541499389,-149.14818269399
"170",170,0.949982587596568,0.93607732366499,0.000372230323040097,-145.335705666193
"171",171,0.965741263413088,0.974198671581128,0.000873245596054782,-145.935324951499
"172",172,0.940661279053444,0.938996007327562,0.000211825772921753,-145.152161075267
"173",173,0.943163751356949,0.938546147754374,0.000102349704127078,-145.047507917753
"174",174,0.869137494607102,0.889693677995312,5.42132698599921e-05,-145.786863122937
"175",175,0.89005082782075,0.852321151188073,0.00042544389155377,-145.631388936969
"176",176,0.849943868994357,0.856908606737331,0.000181593625329782,-144.879093561973
"177",177,0.892026788668567,0.893370173661236,0.000466001512262393,-145.01981488777
"178",178,0.920460845892322,0.935005942847364,0.00122859505857403,-145.974565324567
"179",179,0.937444750584665,0.989879452114287,0.00327855507761461,-147.950149839536
"180",180,0.944256478205444,0.971737388016681,0.00391798822832293,-147.982483620718
"181",181,0.795648708517992,0.859988881573664,0.00575589831669153,-148.376944961162
"182",182,0.704105028556768,0.852966968716456,0.00100049492743132,-147.672478122127
"183",183,0.780411883370074,0.81851984467555,0.00388170511301872,-147.078187725582
"184",184,0.817838914342893,0.811098684083276,0.000969332165282877,-144.635368469136
"185",185,0.820712276479111,0.813856823998279,0.000880882565268384,-144.585522642176
"186",186,0.857365579187978,0.818236591206704,0.00124062205373695,-146.68509698809
"187",187,0.799460282760181,0.76764522826461,0.00176160096993087,-146.224003224615
"188",188,0.790355488981404,0.824347161219643,0.000382958194639349,-146.30216647873
"189",189,0.690780992107842,0.700441026224343,0.00160038211420596,-144.624285191561
"190",190,0.721913215636672,0.6863124064255,0.000850250967043562,-143.895161207136
"191",191,0.535955501435137,0.591557784670568,0.00227188629894445,-145.622749683313
"192",192,0.511253782562187,0.561036529122951,0.000183730759776324,-143.871017102676
"193",193,0.541340823171211,0.516939805823137,0.00132205379943038,-141.902649189048
"194",194,0.551201793684052,0.532965101981552,0.000815912635109862,-141.757227235542
"195",195,0.553219269636065,0.515281448643591,0.000495932626330913,-141.053059261343
"196",196,0.568086145239228,0.52601383444065,0.000708653916433764,-141.661269719828
"197",197,0.549131487337102,0.493539963448203,0.000127314368561901,-141.091986806949
"198",198,0.549660942538322,0.501411186088352,3.96921306804484e-05,-140.618277268812
"199",199,0.538784696586363,0.496674016714764,0.00119312812422265,-141.969385374727
"200",200,0.52407770450848,0.483596176823767,0.000156194441131804,-140.277675717038
"201",201,0.532776828952885,0.492030697683349,0.000557106535443588,-140.860403864939
"202",202,0.548016309574806,0.510398201476003,0.000133890351310269,-140.599279915557
"203",203,0.547284615086897,0.488572811377521,0.000424223386293226,-141.852238112803
"204",204,0.542119524606171,0.503782597969242,0.000509645796817629,-140.912584838157
"205",205,0.522909902343295,0.47909056447508,0.00199329686353371,-143.285692958313
"206",206,0.518950751839067,0.51857811957163,0.00217178611631863,-143.292337614214
"207",207,0.5193585928072,0.495320698566316,0.000268095307385171,-140.848887739897
"208",208,0.447734517503298,0.480093746766066,0.000264963233457944,-142.391121485864
"209",209,0.514402898788842,0.499005699459431,0.00121288278938187,-141.815209573628
"210",210,0.51882582490334,0.494704657506422,0.00169549432278689,-142.051077283283
"211",211,0.527841139852109,0.488715820436354,0.00369928099530909,-146.504496915459
"212",212,0.337558798141864,0.325364772307635,0.00305078201349551,-141.754025723961
"213",213,0.160882394197576,0.238770239401009,0.00446993523026748,-140.235540063133
"214",214,0.127817418559165,0.219063768247128,0.0010758123573673,-136.561763610018
"215",215,0.263657221329212,0.201737389682648,0.000814478203905277,-136.696398869214
"216",216,0.137872901320036,0.149929442119621,0.000337252051080826,-134.795355704128
"217",217,0.146692185294217,0.116880612957014,0.000612925096099739,-134.160662327043
"218",218,0.182823961971854,0.168996332168038,0.000422538312024683,-135.241142100175
"219",219,0.191483862015363,0.13159805271799,0.00111175589401438,-135.246463011521
"220",220,0.0312486874132388,0.141444499095623,0.00377319731715489,-135.315011846944
"221",221,0.00663677954973406,0.134290959594644,0.00322311533429482,-135.166325407316
"222",222,0.0610430006345404,0.166186085420606,0.00315945460121692,-135.559556505723
"223",223,0.0413680195486441,0.1777733414505,0.00364056090998168,-135.409893130443
"224",224,0.046740716613377,0.171951100662694,0.00506365471108123,-136.234957244969
"225",225,0.0284732215102253,0.177720439328131,0.00132407929062763,-135.574563752987
"226",226,0.0866871433672662,0.0632293395920189,0.00120537496980414,-134.047298520163
"227",227,0.0784955237569275,0.0491273795477689,0.000687128151972226,-134.430880308949
"228",228,0.0683926976091491,0.122047514388139,0.000955765355030486,-134.702456935599
"229",229,0.112277552102632,0.074238550121951,0.00158685906265069,-134.36575561118
"230",230,0.120520524675206,0.0877457651892391,0.00106528534728407,-133.994049799191
"231",231,0.109043147691888,0.084095460366605,0.00182841707339125,-135.101021111565
"232",232,0.122419685881836,0.0663328922056325,0.00212817974905183,-135.183804342612
"233",233,0.126470360965482,0.0973586907113799,0.00086789159510432,-133.96731651813
"234",234,0.0666403678833852,0.119231458411501,0.000972599701317779,-134.70593748435
"235",235,0.0841192670561718,0.0629045337672623,0.000597974236589566,-134.227237873493
"236",236,0.106760381627074,0.106760873980644,0.000673825959370717,-134.043510897516
"237",237,0.109898842853327,0.0690193175576037,0.00193810590045532,-134.720418985467
"238",238,0.112284414185891,0.0751545916970346,0.00200365269157976,-135.015673180956
"239",239,0.107552195075703,0.071716284802231,0.00105682773288269,-133.789095890881
"240",240,0.104356574249083,0.0899219491393554,0.00113308491361794,-134.193971951901
"241",241,0.120643078670578,0.239990782263544,0.00301526218313208,-137.465663573365
"242",242,0.119784749292062,0.062572325675347,0.00117657589216062,-133.878380148928
"243",243,0.0892969199980396,0.172815154851873,0.0011268540973531,-135.358600331626
"244",244,0.047577630764135,0.111693302133613,0.0014393907448823,-134.935370740952
"245",245,0.165173720341836,0.140970733748659,0.00124424809401449,-135.504953496253
"246",246,0.104119943204226,0.167455259530645,0.00140010874987981,-135.399745217792
"247",247,0.130933767684347,0.111513999294194,0.00078011528127679,-134.127017434029
"248",248,0.0835241193749941,0.107359630368196,0.000997216169010314,-134.563085081375
"249",249,0.00709049890910139,0.119236305127755,0.00622826034841865,-137.028144652009
"250",250,0.00514280825479131,0.170502980763952,0.00933801195856053,-137.156737835121
"251",251,0.00345035358325805,0.158075101645675,0.00813519114109324,-136.620774625586
"252",252,0.0194024815840375,0.155022134270788,0.0053335746436401,-135.661995192988
"253",253,0.037067070595343,0.206338926734051,0.00799291139127501,-137.628007670229
"254",254,0.0434353922720181,0.175793057879402,0.00176366267770228,-135.295967054306
"255",255,0.0824062488001779,0.148347862410259,0.000810646307072631,-134.982937434717
"256",256,0.00244169465384925,0.147345184888289,0.00871043855934971,-137.391025434475
"257",257,0.00333732681470378,0.154083535911407,0.00896282757301952,-137.338490320524
"258",258,0.0262589827317714,0.140797323044513,0.0074400477561334,-138.028658861717
"259",259,0.0258406020549948,0.194671699856938,0.00151758541597884,-137.279609209029
"260",260,0.127242558763894,0.074687243304925,0.000465844754512013,-134.047368286501
"261",261,0.104238008663715,0.0910176928159218,0.000698029901962271,-133.866486883615
"262",262,0.107796792378235,0.182880484231206,0.000358154803718176,-136.161705391658
"263",263,0.204967349059929,0.148981521380952,0.000657662613569294,-134.923641100046
"264",264,0.194489109008754,0.131099743258437,0.000341419018093592,-134.891807008053
"265",265,0.195796097224887,0.219694065397725,0.000231333846387656,-136.690914293727
"266",266,0.270934007575284,0.211288405238131,0.000686942905810152,-136.536582108339
"267",267,0.182701150490191,0.172974935900834,0.00090464430244013,-135.835988421317
"268",268,0.213125044301619,0.189261927418799,5.35911005121927e-05,-136.422866428956
"269",269,0.176279001835961,0.153491685917474,0.000707084578808129,-135.072265950358
"270",270,0.211960071929727,0.158377534121037,0.000379829823843139,-135.068388578663
"271",271,0.0923441814083044,0.111682189092834,0.000560114032875055,-134.300319882283
"272",272,0.0707958896306512,0.0406566690022532,0.00130473310709195,-134.623231642344
"273",273,0.0988523145812577,0.0833953887184154,0.00108001279884982,-134.062926074785
"274",274,0.066676684435162,0.111194793484909,0.000972788423580732,-134.68346281014
"275",275,0.0984578758655566,0.0390141495536552,0.00106970097170837,-134.150122959672
"276",276,0.0887265793998645,0.13061003299581,0.00131774991323219,-134.913799255078
"277",277,0.0459727068631934,0.144336055411653,0.00290319262343944,-135.150145241041
"278",278,0.0425128584668406,0.14364000699599,0.00313687785422134,-135.203034671342
"279",279,0.000488801643995089,0.157302039632463,0.00278028396527894,-135.199323827026
"280",280,0.0738461281649646,0.149407946712506,0.00517608123292116,-138.77387160853
"281",281,0.063763239299603,0.210405387447764,0.00299668160806697,-135.851110767809
"282",282,0.0937357660264795,0.0527161463188813,0.00298434135388595,-136.243495321506
"283",283,0.0804719199026164,0.0608760522466123,0.00161878881741126,-134.679533831602
"284",284,0.106919624854876,0.0692828512744955,0.000723539891099953,-133.731057601643
"285",285,0.0726109907358884,0.105765079395262,0.000432356987407069,-134.924660895471
"286",286,0.114068760203853,0.0996631354502229,0.000245346481268294,-134.351072574458
"287",287,0.158978633943266,0.109132796815495,0.0004302584429158,-134.250530242174
"288",288,0.146893744642157,0.128926363673496,0.00162232824267313,-135.878126776011
"289",289,0.0484031480272473,0.109041703942733,0.00120330350117015,-134.986161162785
"290",290,0.138230452130285,0.0950803382549514,0.00071900412551386,-133.930783476201
"291",291,0.117710383576491,0.104299993456042,0.00104233054139601,-134.297221765411
"292",292,0.164612543717736,0.115816705576202,0.000726320819088385,-134.300043810297
"293",293,0.111807795545235,0.186403813066458,0.00130141114501923,-135.748997519261
"294",294,0.102004109492339,0.120410315131775,0.000875082621483273,-134.480865896299
"295",295,0.154620914749012,0.170531272950675,0.000870923249952948,-135.610506666938
"296",296,0.110135076504944,0.066248390482576,0.000841279166645824,-133.707070959983
"297",297,0.12141501255042,0.0736152430249539,0.00172844222790351,-134.400513977371
"298",298,0.0994886398583095,0.173531206658733,0.00069755665582917,-135.520963220206
"299",299,0.150114780767473,0.0944742365042279,0.000469653498210062,-134.099038925896
"300",300,0.113640234006674,0.129888609830903,0.00174250202637761,-136.204042863174
"301",301,0.0486218892221857,0.122599694587148,0.00223314626718461,-135.04685591306
"302",302,0.0675191627748225,0.177515838013422,0.00283078110020466,-135.591796335851
"303",303,0.101920762434611,0.235087105316956,0.000671438328612003,-137.10210787235
"304",304,0.1760814784018,0.241580002084292,0.000720583903786026,-137.253457112092
"305",305,0.106646285594413,0.0348287228917835,0.00103573945119166,-136.786966016218
"306",306,0.0891998818932592,0.0991655161536696,0.00137478260665947,-134.944499713473
"307",307,0.106159091934752,0.10044669113182,0.0017254981264583,-135.482562014606
"308",308,0.13410251441549,0.0957223346100524,0.00166055168296202,-134.913489804517
"309",309,0.143324764810771,0.115358421760862,0.00120978036523791,-134.768955391448
"310",310,0.152155854975521,0.0900870530264799,0.00116753742500197,-134.638096363923
"311",311,0.115333679515661,0.0835869191148024,0.00119116233756099,-134.062472687688
"312",312,0.152965933569619,0.186958746854147,0.00103538612170301,-136.082346134218
"313",313,0.105852906126502,0.1472434731452,0.00100497359966555,-134.928487585075
"314",314,0.0598118295393283,0.0410584493884521,0.00166179484019878,-135.814936274609
"315",315,0.0581607522691683,0.219415992562631,0.00343991098061665,-136.150029024206
"316",316,0.0891288547347294,0.226274667214592,0.000749923595089775,-136.78255998297
"317",317,0.273315447664921,0.229123463987719,0.000800746958359722,-136.709454886149
"318",318,0.0820106642720625,0.239473688461529,0.00526014948183916,-137.297481717427
"319",319,0.104583883471496,0.234359568753289,0.00511743671581407,-138.181258306335
"320",320,0.0601721212185686,0.168053772472369,0.00212105562439428,-135.188238600408
"321",321,0.00685803180740454,0.129300225780018,0.00301146344969307,-135.234807198377
"322",322,0.00908133972257659,0.140068050496795,0.0044248041137583,-135.271250143192
"323",323,0.00888845643410853,0.15311905336995,0.0086943004198931,-137.479135916401
"324",324,0.0130708187821061,0.171915025540956,0.00884376590228647,-137.110758546279
"325",325,0.00973926068617156,0.168521008644088,0.00626464665652517,-135.600061734898
"326",326,0.0413436468774965,0.136224894585911,0.00248853951316194,-134.974665154009
"327",327,0.0250912903523018,0.141720843151308,0.00280211150556171,-134.990608662098
"328",328,0.0298642508618126,0.139852088296281,0.00257797452669528,-134.96816816727
"329",329,0.0788886279979719,0.196411975207455,0.000692690162288706,-136.228295572228
"330",330,0.167610297257548,0.160462924460925,0.000412684164517455,-134.991105703179
"331",331,0.137436845903252,0.133620724830403,0.000510713096684436,-134.37023657518
"332",332,0.102451667409344,0.107989101059736,0.000434698695970447,-134.14763178626
"333",333,0.115983204191256,0.0850997089747473,0.0012407386648478,-134.148782385849
"334",334,0.131412603895242,0.0697816828968735,0.000949427871460152,-134.104886882383
"335",335,0.110528816102768,0.11053209214198,0.00118347724035688,-134.68489581616
"336",336,0.100355874306011,0.0690895775021546,0.000524492318300454,-133.97037519735
"337",337,0.10041447636075,0.040786818502421,0.00126567068667193,-134.174432616427
"338",338,0.0636538715659624,0.12698734465394,0.00167041586913248,-134.864931004653
"339",339,0.0406140972657508,0.141628540069671,0.00239522533426966,-134.946027470863
"340",340,0.0517531550970733,0.182118603686946,0.0025676998017741,-135.351435295724
"341",341,0.0190482269298471,0.177627639213336,0.00545912520417521,-135.458526920742
"342",342,0.0152098166461839,0.170741703701118,0.00142875234198269,-135.712891859754
"343",343,0.0992061442003925,0.237475559094174,0.00270646902285046,-136.865735760628
"344",344,0.156595115989242,0.262566423384012,0.00371518397062451,-138.958189231131
"345",345,0.134224434017562,0.263501938555376,2.95764404212316e-05,-138.696608103656
"346",346,0.19476479212529,0.260839490110642,0.000493877388506391,-137.768779468423
"347",347,0.129130516618228,0.26293359529981,0.00177924571193928,-137.571377595276
"348",348,0.16772583159494,0.168539064743973,0.00050357351036921,-135.216669944568
"349",349,0.0463204680548164,0.0729361532646458,0.00111568119178529,-135.712305338495
"350",350,0.145073167260512,0.140268358547141,0.00011762503004941,-135.162013380141
"351",351,0.162078775876953,0.0880713870647449,0.00112681757408229,-136.886786711697
"352",352,0.0454783897809169,0.156804527844513,0.00105205496863226,-135.438803146095
"353",353,0.174642954443076,0.11153576570698,0.00156263849999157,-135.971446658769
"354",354,0.0982317918797387,0.217928446284895,0.000769981309881083,-136.623202088819
"355",355,0.208499657058404,0.173301401325275,0.00188907744120146,-137.111491636966
"356",356,0.114572729686066,0.0711848490836471,0.000787126108214539,-133.718847367276
"357",357,0.0648100369366796,0.173735585298168,0.00160894895447998,-135.282483413994
"358",358,0.0462716330165734,0.112748590138151,0.00152345319286702,-134.941316086071
"359",359,0.151772110027962,0.113627876276039,0.000165487948227933,-134.724154594097
"360",360,0.151645693207203,0.0908331964931544,0.000338641507151517,-134.393992516745
"361",361,0.0818811915114115,0.0499504193846331,0.00153984572789683,-134.344345339247
"362",362,0.105494258639875,0.0926240219196878,0.00106453741087112,-134.155320212187
"363",363,0.147162908665037,0.103724397650977,0.000898653384311323,-134.172210129142
"364",364,0.117086323922072,0.113061876844747,0.00113516993395681,-134.635703193026
"365",365,0.0663101951204354,0.0482456919502838,0.00138744066248768,-134.873760941338
"366",366,0.0606033341541108,0.165968197956864,0.00128864509226647,-135.242585967597
"367",367,0.0906329259188735,0.134547170294605,0.00135367827470426,-134.970477883598
"368",368,0.139730947040799,0.11332456543777,0.00189161673812827,-135.903764966831
"369",369,0.17070801237283,0.125359596393022,0.00141595929506547,-135.143732731326
"370",370,0.0835135663882568,0.193735372041371,0.00237091888553751,-135.874128053994
"371",371,0.0530208940842415,0.143373031291362,0.000978644693442606,-135.200744110113
"372",372,0.0336513827914184,0.194404130455066,0.00120290559080384,-136.23022223906
"373",373,0.0597129528672385,0.0620502318873348,0.000681749001527087,-135.17161818084
"374",374,0.118010380476386,0.105075910477761,0.00124928185652586,-134.623346966245
"375",375,0.12858967207343,0.0884189782936486,0.000376090006381837,-134.040061645846
"376",376,0.136105702057785,0.0955048912212324,0.00168099275703354,-134.898773850423
"377",377,0.15022053570984,0.126162367151422,0.000341129087084566,-134.337330075714
"378",378,0.122863024731544,0.125168921147711,0.000194074074552345,-134.680361660823
"379",379,0.147831201182839,0.134694075685407,0.000528328416276281,-134.416822901697
"380",380,0.113939326758226,0.110772183444172,0.000586379878127861,-134.029195856342
"381",381,0.11275278576438,0.0631550426855393,0.0027996882218124,-136.028426775522
"382",382,0.0999924925496001,0.181575377569182,0.00366264911365356,-137.299775384773
"383",383,0.115629092195822,0.0927911897213488,0.00336829912428687,-138.344783441066
"384",384,0.132489034389417,0.0959213852871749,0.00317145949244805,-137.398756277062
"385",385,0.132187640946908,0.23286359225986,0.00223837909738889,-137.217505858269
"386",386,0.12859962837748,0.189253973840451,0.000312485295781551,-136.200729216549
"387",387,0.153185408147075,0.156583076960475,0.0004320426091746,-134.878856865157
"388",388,0.137107370338559,0.122670208402641,0.00170177755959959,-135.887432544984
"389",389,0.130928802475843,0.20510142876165,0.0004632898308874,-136.436897694196
"390",390,0.0637756678831194,0.164523222945377,0.00587786199850265,-137.990655049157
"391",391,0.0108638459942525,0.152690735040672,0.00182439493202229,-135.585042750917
"392",392,0.0310763581316666,0.143398719250831,0.00126987563134691,-135.455358372251
"393",393,0.118034487977602,0.0794171292600022,0.000591886122154362,-133.780942824217
"394",394,0.144096707836047,0.114561791288211,0.000496812606782379,-134.096724844753
"395",395,0.142742695376321,0.0895753424619037,0.000983356861279563,-133.971930522361
"396",396,0.13418740686404,0.072399925902321,0.00115931499702346,-134.325622807562
"397",397,0.077010142391512,0.046630691392117,0.0013292773647853,-134.300181969411
"398",398,0.0809440475495852,0.0624806597292532,0.00046559813104368,-134.64014036928
"399",399,0.125875061862941,0.122328247869262,0.000483395873775428,-134.167466069936
"400",400,0.156448629142729,0.10564853886388,0.00225276470105071,-136.023374371443
"401",401,0.140742821329809,0.127560009330576,0.00152667981209776,-135.675462811424
"402",402,0.0153411121726019,0.141654763089903,0.00459338162267358,-135.393139907017
"403",403,0.0322161067272259,0.122871079720534,0.0044929134804788,-136.360480889072
"404",404,0.000317234066693738,0.144299916050175,0.00336609672533249,-135.169150311885
"405",405,0.0289718731977732,0.15847526890542,0.00244676964849867,-135.037266935285
"406",406,0.068266943814828,0.0912030527557114,0.00148091519339214,-135.30280603945
"407",407,0.0648482295280723,0.16269346747695,0.000878744560912344,-135.417772927698
"408",408,0.0532829032811305,0.0488365064986775,0.000567855780696999,-136.327687252447
"409",409,0.124097260390971,0.241401761200945,0.00323501177881273,-137.66951990322
"410",410,0.112794728001616,0.0797412565708953,0.0027335092544803,-136.47969271261
"411",411,0.111482786276191,0.0512569366637437,0.00111751449541201,-134.038454595825
"412",412,0.0842298382548906,0.129555176932622,0.0012684730634698,-134.808743756484
"413",413,0.0368758451513839,0.191927248506523,0.00223602499668273,-135.264146190324
"414",414,0.0456150843204949,0.0772578256067889,0.0016943456403503,-136.228216171488
"415",415,0.0374115106855993,0.0820750272536313,0.000821682732158903,-136.240373969218
"416",416,0.134177615765465,0.0880954783525907,0.000849396191834868,-133.886272617029
"417",417,0.157314326371552,0.129286451092566,0.000895148348895417,-134.682956268749
"418",418,0.0636247725461263,0.12962462462176,0.0026434484244137,-135.634809599729
"419",419,0.05193449132733,0.160091907145734,0.000957078307122032,-135.470683642514
"420",420,0.13373749994185,0.229677774156992,0.00129254856056197,-136.859493012441
"421",421,0.224107132002876,0.208577461635793,0.000202231177067892,-136.355815143773
"422",422,0.250765160870096,0.202102839524668,0.000974223775543669,-136.275922597991
"423",423,0.076214736600931,0.246917518826215,0.00810861116804404,-139.197576542522
"424",424,0.104975116076348,0.277087690293655,0.0113118245352477,-141.906482758991
"425",425,0.12043370927149,0.257744713642978,0.00936616553449209,-141.780907850062
"426",426,0.124662318528185,0.298833317894941,0.00501961270386852,-140.222659335273
"427",427,0.159545571581178,0.271858581362711,0.000197176839895378,-138.385014673345
"428",428,0.124217950592073,0.0834747505424952,0.00147635987447901,-134.366463159916
"429",429,0.0409738082630038,0.0857895739088019,0.00174359373152208,-135.833300817423
"430",430,0.0855046669063092,0.0958119936033237,0.000273957699622994,-134.785082875876
"431",431,0.136468979663925,0.101962381662973,0.00100713497790839,-134.204233659371
"432",432,0.15990297743345,0.100166797473536,0.000253212824739974,-134.596607518007
"433",433,0.164739360331337,0.120468390055827,0.00104512750136351,-134.64505957417
"434",434,0.152800093358724,0.112695881813546,0.000488164257094663,-134.168286876033
"435",435,0.157197350542842,0.108760603719565,0.000842297242155536,-134.22148409798
"436",436,0.106509265386488,0.0989241714628547,0.000583418382913915,-133.924793524934
"437",437,0.103823787250062,0.118546891173092,0.00110080881153575,-134.738636322076
"438",438,0.167374603165737,0.113635654395661,0.00169623203502188,-135.358524566234
"439",439,0.147388528325693,0.135451107415287,0.00388871843393519,-140.493923452494
"440",440,0.110635735793349,0.157760448631413,0.00230262370181326,-136.674392688023
"441",441,0.0601648448608629,0.167896564584881,0.00093732187543679,-135.511974491852
"442",442,0.223052037194383,0.18700430366562,0.000252180187990018,-135.857206250886
"443",443,0.184627297550347,0.115952118286661,0.000283371102217273,-135.239972592942
"444",444,0.0843048184017448,0.0503188412834904,0.000378182067509225,-135.190262411286
"445",445,0.108284925557836,0.134174273776052,0.000315634305779874,-134.77086318037
"446",446,0.146661766355572,0.130818844117723,0.000564097653791354,-134.356883747538
"447",447,0.137228958146928,0.108528234863271,0.000347568124283527,-134.113554068877
"448",448,0.122575256910478,0.124519038893464,0.000404645922147544,-134.249193967191
"449",449,0.159099171453269,0.148494969813486,0.00123591051600534,-135.701027113319
"450",450,0.188839368562316,0.131283175667292,0.00087275163815082,-134.778169549619
"451",451,0.0772948768609603,0.0421295537034057,0.000795114895960055,-134.444559157226
"452",452,0.0952761374761109,0.0556362391541633,0.000960874471729462,-133.761751949786
"453",453,0.110200978966766,0.0752495341604121,0.00052298355829282,-133.858623970682
"454",454,0.116557800153993,0.0945059221476293,0.000421567181225461,-133.934974437099
"455",455,0.103425374186317,0.0960178963218483,0.00167775361380165,-135.28088134066
"456",456,0.0503252595637268,0.103175364418238,0.000894767343693232,-135.152846370071
"457",457,0.0730971324034313,0.165407782457105,0.00132938052899638,-135.182122606439
"458",458,0.0616892322380047,0.106931813956074,0.00188731102486516,-135.410200545919
"459",459,0.130817300040338,0.0964507161049624,0.000955866007667746,-134.043351623193
"460",460,0.0771850340983309,0.151086169256522,0.00122184532793287,-134.948475904422
"461",461,0.0785613090756478,0.055892414781725,0.00154347552212118,-134.54653437283
"462",462,0.117860297917492,0.0744920255864929,0.000815567774640065,-133.729748479021
"463",463,0.119151175807583,0.087612693352039,0.000705453153524084,-133.770856303764
"464",464,0.133584105864614,0.1270338120951,0.000753746183823059,-134.402480450163
"465",465,0.199299935168091,0.205713703091005,0.00142062570682882,-137.657750094907
"466",466,0.239915218039938,0.172002344417769,8.99554613691541e-05,-136.406619147232
"467",467,0.157123101485875,0.154291672670992,0.000995939958178631,-135.426372867315
"468",468,0.060719239326006,0.0243980077866006,0.00165862369353299,-136.267975857566
"469",469,0.0837322888913719,0.100355577970999,0.00207233944456346,-136.501887307251
"470",470,0.0857648538129254,0.195306207844195,0.00493599455618497,-137.565219565779
"471",471,0.0738049787388932,0.232544581904241,0.00138097017287133,-136.65511692186
"472",472,0.279743335548978,0.229773684177566,0.000245229509951515,-136.469915016544
"473",473,0.287517174940642,0.213259348290804,0.000254771160426437,-137.956416070007
"474",474,0.182109338148875,0.14065267864185,0.00011041272083867,-135.377712337856
"475",475,0.137121503509016,0.131805103388919,0.000560528508035378,-134.351646502305
"476",476,0.198331955679719,0.192069846940647,0.000137013210794173,-136.084472764412
"477",477,0.18610473357175,0.236244967431568,0.000908342202963282,-137.232001444526
"478",478,0.268810065168102,0.219356600636864,0.000425057117482233,-136.234795163369
"479",479,0.173142237568459,0.131291818517984,0.000743245700217583,-134.644778843105
"480",480,0.0931305640826144,0.129497648811052,0.00145614709902999,-135.190254163718
"481",481,0.100306757672318,0.167418281558281,0.000986780399090419,-135.25864630505
"482",482,0.1200594519248,0.190913193481451,0.000776564469439685,-135.864703769284
"483",483,0.183059281417277,0.191890955771455,0.000961980921252682,-136.413651020548
"484",484,0.143627186859143,0.200239270485951,0.00125958429439115,-136.328555214076
"485",485,0.100439015591623,0.0473037269899459,0.00124233224344041,-133.780758186411
"486",486,0.07452259485926,0.138771694718782,0.000457496679769138,-135.383049467932
"487",487,0.0708683585122692,0.122724712508228,0.00157468573547793,-134.920045412951
"488",488,0.110979126901321,0.132501497124684,0.00069812216004627,-134.518102520703
"489",489,0.144382100626829,0.0813508166351473,0.000884809711644567,-134.298747754735
"490",490,0.0826858350911488,0.0541371030950177,0.000824938847142613,-134.05757431286
"491",491,0.0929878732133045,0.0661128749135518,0.000893173302235052,-133.816488685508
"492",492,0.0851181889493546,0.0905470393837234,0.000651141294282521,-134.162402696782
"493",493,0.113196211213611,0.192324877792344,0.00128122106921378,-135.875257367694
"494",494,0.0955831977408136,0.0834106226044499,0.000219658330958586,-134.833473366676
"495",495,0.145889261777468,0.0764060948348929,0.000412907991045899,-135.088039555458
"496",496,0.0638296349074678,0.107166052703631,0.00220574414890066,-135.956938294287
"497",497,0.0499704283321854,0.104761799619467,0.00233323011172941,-135.681163076623
"498",498,0.0453520973556293,0.147666705774096,0.00142660769362313,-135.072405148622
"499",499,0.038131807317778,0.170171678767475,0.00495871971700353,-135.890201561417
"500",500,0.0146961541348195,0.155837224237102,0.00396529572936279,-135.094925245549
"501",501,0.009005064731432,0.168083051645606,0.00286902763940962,-135.080914571551
"502",502,0.00300337949973257,0.0890128181511695,0.00325769611908121,-137.054575605722
"503",503,0.00551199776108859,0.11684290300036,0.00501201842349477,-136.173695217576
"504",504,0.0111201991941967,0.131068504305224,0.00329083338047964,-135.150415050967
"505",505,0.0153743320487061,0.17667791567043,0.00398656460443752,-135.110496321698
"506",506,0.0231056341973293,0.119607007739424,0.00146467199223835,-135.590008241883
"507",507,0.186817713968224,0.123008274409469,0.00236537882973718,-138.403647332583
"508",508,0.0899665662633641,0.0681082054170544,0.000133330894150549,-136.104021286205
"509",509,0.136225599190629,0.135377196443857,0.000665825054761653,-134.496746877243
"510",510,0.146384341097421,0.085636516925246,0.000837828829757569,-134.11739740117
"511",511,0.0839726499677847,0.0861751550831333,0.000364634917099404,-134.543036735482
"512",512,0.0923408495105469,0.117436348274729,0.000519074875698818,-134.422665897786
"513",513,0.116969582498816,0.0611643916710284,0.00190590976103189,-134.666459880102
"514",514,0.100495996489023,0.0639300308313129,0.000784406987533573,-133.746730360682
"515",515,0.112849115771186,0.0708858127184213,0.00072365052399484,-133.730418909447
"516",516,0.0539113639812975,0.101437400916097,0.00127886809027372,-134.96657748017
"517",517,0.0755117735794542,0.165202919073312,0.00259894798340173,-135.58015616242
"518",518,0.0425334100983536,0.117300367695556,0.00318817677091146,-135.773684308486
"519",519,0.0331669990870657,0.150227020959799,0.00323252035217954,-135.086955157825
"520",520,0.055978614465831,0.217380028439248,0.00901151069418581,-138.556680580909
"521",521,0.0460216543722395,0.205268053592475,0.010125764841213,-139.015627473956
"522",522,0.0438526617161336,0.182699213627689,0.0099179016031849,-139.665644144231
"523",523,0.0170323580559059,0.177897619288784,0.0112927929853992,-138.923250013261
"524",524,0.0236255062306573,0.158319369870336,0.0118314762363138,-141.228375392275
"525",525,0.0144237718401124,0.163281607068635,0.000930645023970217,-136.39536664259
"526",526,0.0699780464247983,0.064561965211215,0.000820775068386134,-134.48091496822
"527",527,0.128345879350221,0.147238097198701,0.000238176095800484,-134.989577577904
"528",528,0.140176949474228,0.117567891786256,0.000228687238337826,-134.421651300045
"529",529,0.189599699341765,0.188340574126634,0.000485947298793844,-135.766394085881
"530",530,0.238409219854211,0.180315643306414,0.000506547568952507,-135.566914487575
"531",531,0.10256243986745,0.103545875823852,0.000611819447210978,-134.019187778621
"532",532,0.13631328130177,0.0928281727720663,0.00229584948388731,-135.689300475848
"533",533,0.129886570814899,0.0686233669297088,0.00230502961749749,-136.323059918526
"534",534,0.102047946418189,0.0804871343749636,0.00127054953847875,-134.187609705882
"535",535,0.0623910998006579,0.115658897534488,0.00177155300227146,-135.055862622096
"536",536,0.134110318048727,0.196960078613477,0.00052360537146328,-136.115523425764
"537",537,0.0381604719902612,0.0541710894966509,0.000539742019839364,-137.843718192311
"538",538,0.0388450359928511,0.0733069183282398,0.00135277862399228,-136.220825038636
"539",539,0.0919742438431654,0.055762016619995,0.000863392940245941,-133.828083622933
"540",540,0.0936926350481281,0.24564592846379,0.00797334204354014,-139.296378617891
"541",541,0.0686088282903291,0.172165501642753,0.00368682485100147,-136.097103761621
"542",542,0.053535290884642,0.178720480399177,0.000532562831006991,-136.388919832039
"543",543,0.183340522026593,0.184631080530823,0.000845796264171327,-136.052454382562
"544",544,0.131974859199511,0.193502513247364,0.00111074126041507,-135.99009385504
"545",545,0.0439121302455676,0.180045134342708,0.00304321635167401,-135.318238440456
"546",546,0.0461003803320433,0.20152396265174,0.00331172898833335,-135.47195753605
"547",547,0.0770849998823239,0.167140555343562,0.00281697852547045,-135.766169178347
"548",548,0.0738759018988521,0.214342255390706,0.00137964095651145,-136.099090361664
"549",549,0.118011824539918,0.132083343690106,8.62545761724792e-05,-135.61387627252
"550",550,0.119468244663057,0.0990457774260114,0.000998219227534969,-134.127915429728
"551",551,0.125377179196892,0.17864881909656,0.000693214326118499,-135.541327153972
"552",552,0.0923788997795695,0.146440235570226,0.00125835595941501,-134.958477412492
"553",553,0.209863279780722,0.146120889257732,0.00121958303387467,-136.232148983453
"554",554,0.00811526473655979,0.146667993532912,0.00676611744720503,-136.291309503516
"555",555,0.00917377028416132,0.130924460012884,0.00540047877157476,-135.932335601483
"556",556,0.000176498012161973,0.140845917207893,0.00618622869234407,-135.878985217918
"557",557,0.00412784926085952,0.152689212679651,0.00152259576389699,-136.098350711154
"558",558,0.161690779174497,0.16775400394705,0.00181402341802836,-137.413107602269
"559",559,0.000342402863156602,0.140103480113839,0.00346511718943598,-135.184338631664
"560",560,0.0453320372448142,0.142862160236531,0.00206014932850638,-134.915870679566
"561",561,0.0349630220051006,0.180829323815426,0.0038816200601215,-135.361229194149
"562",562,0.0465099284580651,0.141101298382316,0.00273421528908546,-135.096891659953
"563",563,0.0504009727571333,0.134825328839172,0.00110556143507406,-135.058515739536
"564",564,0.0530924329666653,0.101194780388785,0.0019260971865469,-135.453752638877
"565",565,0.0647455743193562,0.121079145407168,0.00124281441635294,-134.727273178321
"566",566,0.0382991102211656,0.125119310372467,0.00218963090604021,-134.959806522262
"567",567,0.0593825801286154,0.147127863151438,0.0016179047012601,-134.914933842461
"568",568,0.0566969137281639,0.143717638235967,0.00233695827847148,-135.057476143882
"569",569,0.0660048683639793,0.199522387039882,0.00337599213029192,-135.978951262135
"570",570,0.0549051103604429,0.150711145425283,0.00110832550709776,-135.159099616268
"571",571,0.0691591853331201,0.10123403321365,0.001556934607968,-135.31513054818
"572",572,0.140724483198617,0.0920611080273872,0.0017543838845476,-134.810889949247
"573",573,0.127812811881277,0.0722603931571359,0.000632744760965782,-133.869016888943
"574",574,0.117203899227887,0.0617786306360072,0.000900955602369606,-133.740763186198
"575",575,0.0858146143818629,0.133904515223947,0.00107625174678591,-134.719424079709
"576",576,0.146866555390104,0.0800165636685881,0.00194099509282867,-136.838783416412
"577",577,0.0186875451200511,0.165653331694111,0.00253455049799753,-135.100197716167
"578",578,0.0473750393019421,0.20336888613206,0.00409739308952235,-135.699744563449
"579",579,0.0657356763733797,0.227958316310642,0.0055622362167119,-137.059252131132
"580",580,0.0663990092222899,0.181136745944509,0.00457228737624384,-136.585761674594
"581",581,0.0572851803999508,0.22141772741987,0.00183747859710214,-136.699904805302
"582",582,0.262359419578614,0.217396067039844,0.00188060730002487,-137.891299029163
"583",583,0.0528404183752843,0.0354666819320496,0.00258027274980178,-138.213688790963
"584",584,0.068628651641642,0.0496460120808532,0.00172935270691619,-135.216975309432
"585",585,0.0599617853276132,0.158961999680317,0.00218908564857741,-135.106329000543
"586",586,0.101723662984651,0.0525449280010155,0.00279787006141496,-135.854830246494
"587",587,0.0983059732931243,0.240386072647441,0.00143307841403541,-136.707099301042
"588",588,0.171474790048184,0.275226657719937,0.00130780612764548,-138.15618551545
"589",589,0.200204769514875,0.241324026649806,0.000121514363514006,-137.45215459463
"590",590,0.313035696143757,0.253746619538173,0.000270892980596058,-137.071205421097
"591",591,0.165236015366494,0.221924058186633,0.00203723722371666,-137.761843835782
"592",592,0.160670022446838,0.0996614892825979,0.000113002327946645,-135.325845337661
"593",593,0.101972243766368,0.0933626485273696,0.00270165250846071,-137.520695885873
"594",594,0.139888723114079,0.0900350608752787,0.00181070125317384,-134.855805593282
"595",595,0.140610617559261,0.111284188701791,0.00237010146904636,-136.666002163437
"596",596,0.0606042567628572,0.180230401878094,0.000881532214563465,-135.793848435929
"597",597,0.0967404733247435,0.103678377854417,0.00126792730803994,-134.772755466675
"598",598,0.0418504777612219,0.126806200195602,0.00467060795385817,-136.894986589778
"599",599,0.0321963351721673,0.135583159129486,0.00462360710377335,-136.000682886654
"600",600,0.0156978341480089,0.128374400912038,0.00502768041729311,-135.950994251838
"601",601,0.00628348049387755,0.123734422345841,0.00327054333912565,-135.307527064401
"602",602,0.0210192561021361,0.109043347673443,0.00224903667893844,-135.366680211321
"603",603,0.0764116026389262,0.0642798079476481,0.00202211991390532,-135.659179642463
"604",604,0.0955660726333379,0.0626637072429671,0.000579555150868363,-134.006860231164
"605",605,0.101747074964903,0.136838812413488,0.00118619043276822,-134.98181582389
"606",606,0.189106249911089,0.133812643487951,0.000828191121482799,-134.715932398923
"607",607,0.123454593840229,0.168150610821675,0.000976722667077735,-135.367248696849
"608",608,0.103461900491328,0.0689917446015905,0.000798584519898482,-133.721255081337
"609",609,0.0731519555462069,0.0344973818791607,0.00296590152530385,-136.536824433864
"610",610,0.0729795519590374,0.157590275239163,0.00496989866248643,-137.927791725321
"611",611,0.032333572161676,0.196623115040192,0.00184963098303598,-136.163220528002
"612",612,0.0334746188105396,0.193313328533172,0.00588364232336969,-136.022747159647
"613",613,0.0317307243184592,0.184578798547214,0.00302803481487235,-135.114982022556
"614",614,0.0537635016833275,0.210419989648327,0.00494078647033834,-136.202603072551
"615",615,0.0386687098690839,0.129463361159357,0.00230157879909658,-134.952163267652
"616",616,0.0704547027546579,0.0309734009186329,0.00275937546081375,-136.331354586671
"617",617,0.0730435519578095,0.222548239283495,0.00140722341796564,-136.085611717886
"618",618,0.136948875153939,0.17887983496682,0.00168532392060395,-136.519847002704
"619",619,0.0898329146047741,0.0315594224987049,0.00168337264465373,-134.668999331235
"620",620,0.0900556686142769,0.0385460231956856,0.00155736736118108,-134.075717807631
"621",621,0.0784163157279727,0.0379800491919074,0.0019261348422757,-134.814896642335
"622",622,0.0817705584397724,0.0438071562656606,0.00139106782207382,-134.163015790544
"623",623,0.0998738147465412,0.0883307112973248,0.000664077037336813,-133.88516754821
"624",624,0.121601161587369,0.0860640237226726,0.0010416760030569,-133.946916920471
"625",625,0.0835615835482821,0.0370196336040592,0.000988143039534602,-134.167091730286
"626",626,0.0776273614925446,0.1242438927611,0.00082405350365777,-134.632208998224
"627",627,0.124436670061457,0.101897326368926,0.00045816598651456,-133.926256555988
"628",628,0.0743850972400187,0.0912396404456298,0.000964466511771911,-134.534986895409
"629",629,0.123077144164131,0.0701829757038358,0.000893926582973807,-133.731022016753
"630",630,0.124972541128555,0.0773798257066013,0.00131545790878846,-134.018024246439
"631",631,0.133522669680482,0.0809732591384144,0.00167751201446448,-134.520578798854
"632",632,0.142108883850448,0.0914262253089098,0.00083866394255963,-133.931415507404
"633",633,0.124288803456367,0.167038662116477,0.000501241620400248,-135.288851063336
"634",634,0.154362401709019,0.168159838535854,0.000170961743595865,-135.518400179431
"635",635,0.203300047672709,0.176654742122824,0.000644403967999044,-135.653219130072
"636",636,0.147881008716073,0.176557168968215,0.000119900271728728,-136.104122026522
"637",637,0.161074474659191,0.130543822618871,0.000357219664368894,-134.450829443753
"638",638,0.130774399215388,0.132983501888425,0.000855690113928693,-134.651219096101
"639",639,0.172443714604755,0.110027449011005,0.000728304315032475,-134.534821391744
"640",640,0.111136075833518,0.142052585472968,0.000361380602893502,-134.856433108156
"641",641,0.0739644729616177,0.104498306435116,0.00135008695479961,-135.006863133795
"642",642,0.0893356743286669,0.0566982966621068,0.00125214090160926,-133.949063488443
"643",643,0.0838242323505612,0.16066081981716,0.00112619880781214,-135.113916347692
"644",644,0.165481334526058,0.131175292620216,0.000133700152564275,-135.026662330791
"645",645,0.11907173172827,0.115238924038969,0.000495109350650776,-134.072315163862
"646",646,0.177553712636986,0.124225283564028,0.000741441742432806,-134.447916637567
"647",647,0.170251672792266,0.138456249817227,0.00153290436774216,-135.879802301605
"648",648,0.0923262148900194,0.138556668298435,0.000506829162163954,-134.888532432896
"649",649,0.127073257898816,0.0943442576306809,0.00146421534357801,-134.640811558865
"650",650,0.059812051656708,0.17592991762814,0.00211746337476601,-135.288182426014
"651",651,0.0354504604689724,0.151329986664951,0.00420341585820768,-135.536451465271
"652",652,0.000107219715702204,0.162816158147746,0.00594216256828026,-135.342343370594
"653",653,0.00455993120063265,0.12919947047318,0.00534040070183588,-135.854000524013
"654",654,0.00123665814151085,0.152618289357227,0.00199634205449291,-135.71026212078
"655",655,0.0659857456430542,0.168215451857083,0.00191427144505058,-135.203258913683
"656",656,0.0661317468141741,0.183170952641093,0.00158711889182289,-135.455656864874
"657",657,0.038597509093896,0.107131544034034,0.00345698824115726,-136.421173903809
"658",658,0.0634524364930929,0.124239400832095,0.00338767582756246,-136.840700002472
"659",659,0.0441628280182398,0.15308200871727,0.0012897341735158,-135.224057547744
"660",660,0.12956244265363,0.091137621338659,0.000701329104376623,-133.835207518364
"661",661,0.113453612898341,0.120345832818957,0.000975088104202694,-134.560075135596
"662",662,0.119877167985256,0.0897115692749737,0.000396150302662968,-133.963787804436
"663",663,0.145386930599905,0.106638276139227,0.00152299285858446,-134.968838397115
"664",664,0.141432980253434,0.109761242468965,0.000324160471175288,-134.179061749193
"665",665,0.13856231004427,0.15511146189628,0.000762851381162453,-135.0558889446
"666",666,0.200292063818493,0.190121703620704,0.00150823359124674,-137.392232740928
"667",667,0.0348353007660561,0.123719255339658,0.00188752866032629,-134.997504316282
"668",668,0.0526304357012905,0.101416499703541,0.00172238401408802,-135.232040043078
"669",669,0.12735543294528,0.0960377006750858,0.000417252322819942,-133.945118328874
"670",670,0.0660781138475502,0.08655436531917,0.000454927865342636,-135.067549833466
"671",671,0.0670026336719222,0.101032741371458,0.00126169697386146,-134.916084523493
"672",672,0.146196758539755,0.11308489734325,0.000195686171845523,-134.54643958783
"673",673,0.167608621950696,0.161064250024908,0.000345666791574905,-135.015656293854
"674",674,0.174101169255352,0.102162367759356,0.00136475325009864,-137.096581211826
"675",675,0.030909068863273,0.0542039465791601,0.000518623785469494,-139.035675115324
"676",676,0.110107514333771,0.0634329184954423,0.00130264460421091,-133.838081398589
"677",677,0.104427144982549,0.0925928521560603,0.00128918069192114,-134.474817727812
"678",678,0.118048258015177,0.139138633029447,0.000637373023938749,-134.599395133931
"679",679,0.200230771142285,0.156894378764097,0.000778748277009059,-135.237399234926
"680",680,0.176508256173302,0.274959404493588,0.00112306594494489,-138.14230605628
"681",681,0.194335288807964,0.255716011335145,0.00211094322977225,-138.707082917285
"682",682,0.150167722574067,0.250886082609296,0.0038965743584872,-138.906998686349
"683",683,0.0714553656691459,0.0773386131817556,0.00172910384022919,-135.51407041216
"684",684,0.0971699779038074,0.0384262991030085,0.00114377032934354,-134.115766941391
"685",685,0.0764352121293215,0.118890743670659,0.0017163777403431,-135.265405483921
"686",686,0.146667597812083,0.0970456927311756,0.00126718395108105,-134.320693607507
"687",687,0.14801499487394,0.131207941981203,0.001633930342607,-135.969385050528
"688",688,0.18744286123402,0.145835500442198,0.000746203559024425,-134.981467975205
"689",689,0.175720926837083,0.127320371491998,0.000874601250639352,-134.604072352984
"690",690,0.0695159731481261,0.0447209595259671,0.00167025033136197,-135.06155960993
"691",691,0.102043444448336,0.134607832054001,0.0013077034303298,-135.152885513241
"692",692,0.123826666485079,0.0992506708364013,0.000654858116375469,-133.869011178671
"693",693,0.103759576271949,0.0968147061076103,0.000682424536355694,-133.93417214931
"694",694,0.0989489929376054,0.0816813117522172,0.0010312142849037,-133.984543188455
"695",695,0.113770257077546,0.183524439855519,0.000927694006916132,-135.646723000097
"696",696,0.0393799976969724,0.106185247639627,0.00259023279756884,-135.572952610607
"697",697,0.00196202093130921,0.151746979389752,0.00239284099953809,-135.42778432903
"698",698,0.0216907678890492,0.119262971197518,0.00206301233770598,-135.244412530823
"699",699,0.0209529431952534,0.118652226759267,0.00328370521586002,-135.343649372655
"700",700,0.0102226404437155,0.162490258920017,0.00677651680787255,-135.998810520067
"701",701,0.016146564729254,0.157161094913997,0.00183340161701331,-135.434253667233
"702",702,0.052550720630493,0.144636317807881,0.00198609936074094,-134.921597476172
"703",703,0.0121368751250983,0.132787580770365,0.0047452094050744,-135.574625621813
"704",704,0.0156552350114484,0.135697317756421,0.00410029946985438,-135.2847176207
"705",705,0.0161221521639105,0.135852420084808,0.00398274337015627,-135.244920841409
"706",706,0.0221805835910548,0.119853927012856,0.00283287611956841,-135.183723596448
"707",707,0.0125857686652861,0.10916090256112,0.00370834887017673,-135.820679825792
"708",708,0.0176203523129126,0.108795339759583,0.00404102803818168,-136.125513644089
"709",709,0.0221545813917012,0.182355889724538,0.00605302838129313,-135.782067741331
"710",710,0.0663796255232876,0.183414458756885,0.0067349896778563,-138.339765717262
"711",711,0.038317932455189,0.209787579261969,0.00212221029711319,-137.573018382115
"712",712,0.0967626645891107,0.0702491159494888,0.000415978783242455,-134.237936913074
"713",713,0.132029580109483,0.100053472800967,0.000156480781654471,-134.70864532971
"714",714,0.151468239989242,0.130159785354558,0.000267908436273064,-134.490447964439
"715",715,0.0478759043505835,0.0549535193462316,0.00237549471204947,-138.143345531368
"716",716,0.0576786678993379,0.11942068053434,0.00228392031241323,-135.334085769482
"717",717,0.0101752833659419,0.14500937167945,0.0045576929260712,-135.266275965335
"718",718,0.00303166214466729,0.155769742987732,0.00402847438366185,-135.020128824166
"719",719,0.0375693792747411,0.193092511705813,0.00119448716728106,-135.799260448913
"720",720,0.0832919288450912,0.189637330209744,0.00245277689642648,-135.846742656011
"721",721,0.0723542271548115,0.216713022581298,0.00280384818820296,-136.063891199275
"722",722,0.0758756195129704,0.227434695336786,0.00175817696760663,-136.117579567459
"723",723,0.0789227225573366,0.0837917286309059,0.000230124556947712,-135.300959328026
"724",724,0.129008478895269,0.108470670850262,0.000774186300749842,-134.067795724207
"725",725,0.1387619024073,0.103280129342902,0.000412939528547135,-134.030413084447
"726",726,0.117468559391885,0.0912514964178818,0.00133405301969201,-134.408142283918
"727",727,0.100142266083467,0.0390383310218895,0.00167218746088847,-134.804749773144
"728",728,0.0750861952536567,0.132574758736199,0.00167981295956185,-134.991853396966
"729",729,0.178142365204474,0.136996197885845,0.00243852089825342,-136.97702236014
"730",730,0.0137760159111017,0.133325278868779,0.00117496619917368,-136.341849572703
"731",731,0.0781212449000292,0.0200819196712525,0.000984350436891006,-135.427556866757
"732",732,0.0617872867504253,0.209404148708139,0.00457773810984767,-136.34107667383
"733",733,0.0609969699408724,0.224682939783458,0.0028352337982203,-136.485682010118
"734",734,0.0747669023553553,0.134392890147663,0.000855243013952113,-134.794785760584
"735",735,0.125466941435247,0.0885005663347078,0.000271430013319016,-134.280095408935
"736",736,0.109588501295408,0.13192351714852,0.000451201969823018,-134.510119775874
"737",737,0.091349740667235,0.0845786720662892,0.00122253681090861,-134.365911166478
"738",738,0.0737688858644918,0.13895182980892,0.000834594485724583,-134.894603474527
"739",739,0.168909915740694,0.152193347271429,0.000296784724251294,-134.870937130764
"740",740,0.212974275935161,0.159774858026292,0.000293904687805387,-135.174453594479
"741",741,0.18521422961123,0.130920526070839,0.00120377132115417,-135.040224697372
"742",742,0.112074246036098,0.0535587727926185,0.00106653307052147,-133.881096583029
"743",743,0.107692887228689,0.0783226154829481,0.000709719204722653,-133.74064606708
"744",744,0.125756936153178,0.0899355267835043,0.00104364464717001,-134.013521077908
"745",745,0.0828617713894888,0.147362944760533,0.000845521724407989,-134.93977761344
"746",746,0.125834522729846,0.226894246719361,0.00149702981354584,-136.768118977393
"747",747,0.153971478445582,0.109632765840626,8.6712325948668e-05,-135.330062332175
"748",748,0.114403411388058,0.0619230139855806,0.00234219423974043,-135.24322137222
"749",749,0.112629963089447,0.205713321718198,0.00411656106399673,-137.9658978584
"750",750,0.0936369224995693,0.225235856884365,0.00452757137438415,-137.440738005119
"751",751,0.109208178926632,0.235143962409368,0.00113458047884304,-136.884509323564
"752",752,0.182272831596074,0.114925128075127,0.000454392870377383,-134.986307887698
"753",753,0.119448821828705,0.102298878818701,0.00147383475906618,-134.924716623389
"754",754,0.0669883502020038,0.0816105336247454,0.00143848839274554,-135.183113516709
"755",755,0.0115129346912605,0.103238658529362,0.00447594450059311,-136.704569608064
"756",756,0.0200923110261805,0.15790845188411,0.00207469073257397,-135.228084634667
"757",757,0.104968942896487,0.202485297882819,0.00213777857794331,-136.2568255778
"758",758,0.113680479110664,0.189518471546893,0.00187512189351513,-136.10673138743
"759",759,0.0718092669235045,0.175955125087629,0.00193581721968936,-135.360340889301
"760",760,0.131416451036187,0.226667155198286,0.00253669528329858,-137.292495748738
"761",761,0.122013468989275,0.204399996938714,0.000878830822299816,-136.197234044436
"762",762,0.100613696921719,0.129164838301026,0.00116818729951968,-134.935835493891
"763",763,0.149072066216163,0.169817690162781,0.000448658699014396,-135.251785733987
"764",764,0.198593778481952,0.174750891554569,0.000375529980998693,-135.43442458847
"765",765,0.130236256086925,0.0579281474245576,0.00154381926748106,-137.181795712548
"766",766,0.0863772959247931,0.154011441098699,0.000897918456709313,-135.026563213169
"767",767,0.119928783021023,0.0830060819044448,0.000337418306454414,-134.129255176559
"768",768,0.0961741265754508,0.0674461976859995,0.000672345894499043,-133.854114018303
"769",769,0.114135659448984,0.0765709167476381,0.00121844421760521,-133.970295824073
"770",770,0.0771189504078645,0.0853374654817264,0.000397946798430256,-134.695854333584
"771",771,0.088201538668496,0.190044117660186,0.00134639748017153,-135.698257467603
"772",772,0.0329071117232855,0.156348575517515,0.00236588914552848,-135.015124459314
"773",773,0.015155841958104,0.100709117855222,0.00378319574461558,-136.361847183853
"774",774,0.0109846164777338,0.170702431724383,0.00435502180543102,-135.043491533146
"775",775,0.0125138467101613,0.166531436770487,0.00609482961959045,-135.655294936422
"776",776,0.0232846718126109,0.177150294920281,0.00108253719837278,-135.900807256995
"777",777,0.0519540527537433,0.12709455243288,0.00327008309580224,-135.884027445193
"778",778,0.0306689719501233,0.186254062118535,0.00426813512129599,-135.316944323792
"779",779,0.0268448940394831,0.167306943645508,0.00207519081058035,-135.197277437963
"780",780,0.0170179061054691,0.160004680361441,0.00353021401652799,-135.046894146018
"781",781,0.0541496363069657,0.217561958228848,0.00534736054470682,-136.651605379362
"782",782,0.0672318768080913,0.199337696696011,0.00417179178114579,-136.350905636191
"783",783,0.042947477703236,0.172059252985913,0.00184095497336722,-135.224760330852
"784",784,0.105144312330318,0.15187046300631,0.0018627458794513,-135.870292018504
"785",785,0.0995683745930084,0.201476434113264,0.000903431284317305,-136.116332193796
"786",786,0.0932509223512418,0.116515393938726,0.00235839577062079,-137.338633495621
"787",787,0.101573652630775,0.138498341927665,0.00214014075367163,-136.517357181481
"788",788,0.0532829866256302,0.1806109912465,0.00411954467668905,-135.876399215643
"789",789,0.016255244689841,0.165403600918913,0.00352961014581098,-135.02259693192
"790",790,0.00671658471934998,0.136140969607831,0.00576588345468048,-135.929828092628
"791",791,0.00619157944180837,0.172620588477629,0.0046356808103711,-135.343084118181
"792",792,0.0688089726986666,0.18278393557438,0.00249781184158236,-135.547645315955
"793",793,0.156296282062473,0.202662001338828,0.00180453876457673,-137.235823296664
"794",794,0.170305798252373,0.224774056437663,0.000916703254624631,-136.869757648604
"795",795,0.107767803983294,0.0743813572515025,0.000985373618229443,-133.773533335142
"796",796,0.0923811597010033,0.0764700070468659,0.000920910001744266,-133.928964600425
"797",797,0.075437243652335,0.0609861303899519,0.000888240912025372,-134.243610004208
"798",798,0.0519571348492328,0.0983728093668341,0.000926676075237871,-135.099471332299
"799",799,0.12139957674507,0.0801425250944653,0.00122744933891579,-134.024428599415
"800",800,0.118224831799814,0.0699924743716355,0.00148362990981261,-134.058337931129
"801",801,0.0490235860841788,0.193517152152511,0.00187070724565607,-135.467573910295
"802",802,0.0986266646421091,0.136033246434566,0.00081161442301299,-134.652076975163
"803",803,0.125743683337262,0.0833649010803999,0.00135616214248925,-134.208174243584
"804",804,0.0677037853271068,0.131737555204846,0.00153578994415082,-134.82190953336
"805",805,0.0730327851398906,0.184632959510796,0.00181044848215937,-135.498994960943
"806",806,0.0429546230133206,0.162867153761284,0.00557178520689189,-136.557327156684
"807",807,0.0318814900264934,0.209565895097401,0.00693375512198689,-138.253244911477
"808",808,0.0531973120845742,0.19002608183662,0.00173193610811372,-135.517084209052
"809",809,0.0505837958757956,0.0770420874660649,0.000864334556530498,-135.446626917089
"810",810,0.0739327503378997,0.172495698731605,0.00242723928244962,-135.495049188421
"811",811,0.219042699161304,0.18886119664154,0.0012963484541296,-136.814409703411
"812",812,0.0979206706459158,0.157028582265071,0.0033233400260231,-137.535604657125
"813",813,0.0337769561984468,0.160958764969742,0.00332856919941059,-135.1331066645
"814",814,0.034324341243021,0.165564835432861,0.00404831787687969,-135.378365925527
"815",815,0.0330719129330825,0.185745963247019,0.00264341705732213,-135.130197114626
"816",816,0.031035044529684,0.10718423224473,0.00257452825384667,-135.403753695234
"817",817,0.043501624382196,0.157851523309867,0.00269595096177067,-135.069689922347
"818",818,0.107944645920661,0.224089381924577,0.000427030350355647,-137.142747776607
"819",819,0.260876461827625,0.22762137246168,0.000655132754667352,-136.908399570474
"820",820,0.182429501392688,0.138904678178177,0.000324370924651942,-134.791276990067
"821",821,0.174486800159384,0.140115500061747,0.00105488584291246,-135.190882955704
"822",822,0.080836257483498,0.130313924995783,0.00218493272663752,-135.783892958008
"823",823,0.0433062881639487,0.104170197598755,0.00168412547160819,-135.11704829292
"824",824,0.0314090683041655,0.157051668449633,0.00485723198746413,-135.72865911776
"825",825,0.0190787500330824,0.184345454187679,0.00336389848287446,-135.508101880193
"826",826,0.085093315667842,0.203111642822063,0.000741952682368181,-136.307025636569
"827",827,0.195059426443267,0.161377191381649,0.000736819493950959,-135.363556735897
"828",828,0.214218658312995,0.189449171814736,0.000144305502773374,-136.033826846305
"829",829,0.164083989634856,0.137439117182627,0.00122867414977212,-135.381326621067
"830",830,0.0735874011171948,0.19475711655617,0.00189530578971149,-135.688573237573
"831",831,0.107179632549123,0.050044778993129,0.000377852983739608,-134.888498014549
"832",832,0.104641783709549,0.0578088888423501,0.00166551348407628,-134.118601111114
"833",833,0.110187353997797,0.0667386750830706,0.00107122542124312,-133.746203346452
"834",834,0.10631007057095,0.0826218224694802,0.000408084414694577,-134.024597882255
"835",835,0.129080768600003,0.0984912894730061,0.000639236051745525,-133.870550914167
"836",836,0.137025377341791,0.0848401651481888,0.000687763445936391,-133.86019933843
"837",837,0.12462500197016,0.164100842747547,0.00186243830078605,-136.488185399153
"838",838,0.176835726618485,0.175385645720233,0.00176930851291021,-137.534180037513
"839",839,0.124769930673464,0.128582448361088,0.00177722085183819,-136.292638437479
"840",840,0.0247957260674793,0.139973558934703,0.000869566899895292,-136.255765297211
"841",841,0.166612515199569,0.179894190053958,0.00141671805266771,-136.854235058627
"842",842,0.0384048459426591,0.168207191652975,0.00281006750545896,-135.123509619896
"843",843,0.0863520653433895,0.165250218243466,0.00310621918535028,-136.351755433629
"844",844,0.0560065981336715,0.118659980826634,0.000948977097023277,-134.928930250979
"845",845,0.0669518760746899,0.108750264639983,0.0016488884866148,-135.185052450992
"846",846,0.056754703808157,0.118112303001662,0.00207329371386714,-135.152218845578
"847",847,0.0221872945526073,0.102144223537939,0.00131553368387118,-136.017431802954
"848",848,0.159868164745877,0.136399316312233,0.00162389759135529,-136.055294023394
"849",849,0.134914266893934,0.0645823312334948,0.000312360095920244,-135.590112760442
"850",850,0.0878458414454634,0.0403923163738121,0.000407654336905988,-135.390928645804
"851",851,0.088269833898133,0.125339900587795,0.00112312167980883,-134.729346221994
"852",852,0.0943983349303692,0.0968603582733751,0.000109016196185478,-135.616511550625
"853",853,0.109045297180295,0.0780947061769601,0.00327954964456708,-137.508532145827
"854",854,0.0988373536252351,0.124084805139429,0.000557101466178233,-134.427492188857
"855",855,0.181040486357986,0.132213087381905,0.000612796894262299,-134.578737362092
"856",856,0.164757249259095,0.0986343402472543,0.000190602984603022,-135.105490712114
"857",857,0.150101835023391,0.132728536486628,0.000351423987669982,-134.414561590208
"858",858,0.142397886255303,0.110022075726979,0.000519347965028931,-134.040819712056
"859",859,0.141991728857822,0.0910717751185797,0.000367661141729098,-134.193252440396
"860",860,0.0780599342224762,0.0745159546551806,0.00115777928529342,-134.391092584748
"861",861,0.078469911885896,0.0497204590024625,0.00103015817697468,-134.128774193977
"862",862,0.107875640520765,0.0503560450259316,0.00155412031754011,-134.184847953277
"863",863,0.0828296182602792,0.0440314379790029,0.0017850217835564,-134.522591024058
"864",864,0.101423495623582,0.0481830901593093,0.00208843166477293,-134.675515342791
"865",865,0.0983327289452126,0.0436705044149648,0.00129458615866003,-133.864915575756
"866",866,0.0913114891567037,0.0359875858756345,0.00150249015596484,-134.159315902315
"867",867,0.0810046714178173,0.138578566248106,0.00128739943715656,-134.822602600433
"868",868,0.0857183390111735,0.0889488716307629,0.000543061363885988,-134.194436249661
"869",869,0.147017718925078,0.143470458047186,0.000361916936338762,-134.593544243867
"870",870,0.11682218194458,0.109874628179433,0.000262155368450532,-134.319404897079
"871",871,0.164518264844715,0.141511505021442,0.000952390417278312,-135.060657065196
"872",872,0.0642992682897447,0.047240687320347,0.00166175692777678,-135.371610582788
"873",873,0.0659648925708003,0.208025587381637,0.00153621658618044,-135.877200418749
"874",874,0.0968747708179648,0.204737330058887,0.00164013322621019,-136.062829717858
"875",875,0.089135106451801,0.0356875579748906,0.00223681418741986,-135.026725239522
"876",876,0.0725703010666922,0.220924248444479,0.00195960337490687,-135.968833280341
"877",877,0.134635280347935,0.136186990451793,0.00231806070357775,-137.736731307053
"878",878,0.0502108480443219,0.136413473726457,0.0018126281531545,-134.868509576753
"879",879,0.026933955921148,0.177083511487084,0.002580017491346,-135.081371636456
"880",880,0.0272116741577355,0.12114197813409,0.00201261532228163,-135.118772833887
"881",881,0.00530999147728143,0.156589989570108,0.00178148041850941,-135.720563562729
"882",882,0.214743103442823,0.155767617099268,0.000173318253808535,-135.375598047766
"883",883,0.112209784287263,0.170798936708816,0.000234825146963152,-136.076040429913
"884",884,0.212162932315786,0.14315294840472,0.00068881084272819,-135.980316056348
"885",885,0.0757330563435015,0.169989749918027,0.00346944673113955,-136.201397998931
"886",886,0.0617773927522664,0.194397218609997,0.00511183523921857,-136.692195250107
"887",887,0.0595445762639324,0.198634724155698,0.00221993602338509,-135.630893430052
"888",888,0.0459099049195511,0.169326388762814,0.00230612116286474,-135.138088931441
"889",889,0.0487472346125486,0.114236644887436,0.00139712661640936,-134.904143944671
"890",890,0.0784975680323811,0.135892921783207,0.00102627015706013,-134.739337488485
"891",891,0.0311026478301732,0.167717221206709,0.00076927331255246,-136.246930050665
"892",892,0.0743520725729461,0.103757037608234,0.000233994392377379,-135.528233377407
"893",893,0.125583410903107,0.110620715550858,0.000910628647934019,-134.244703953926
"894",894,0.117984112381812,0.0710881809535714,0.000711266112408887,-133.75918273205
"895",895,0.101990831781406,0.112935648724417,0.000136084341799435,-135.207452948703
"896",896,0.136467510871188,0.163327770749197,0.000467458764680796,-135.116121534134
"897",897,0.0711605246580189,0.113746227327944,0.00146533036891236,-134.945910009866
"898",898,0.101102724433976,0.100759670491924,0.000999726793719583,-134.276723318516
"899",899,0.0527058153538954,0.100260876814087,0.000444103603854697,-135.900650501509
"900",900,0.126813617501424,0.13716888516615,0.000209137448354653,-134.823480074122
"901",901,0.0786134919068565,0.059819546955784,0.000787066946740707,-134.187828093919
"902",902,0.0530134261758003,0.0627360848868609,0.000741412023911563,-135.510503708027
"903",903,0.0917621861506517,0.0590008568524108,0.00100983936190897,-133.810923501294
"904",904,0.0945603045001884,0.0619848423053923,0.0019488096294172,-134.850498618108
"905",905,0.109195478187848,0.124429334144637,0.00247717452633033,-137.909024472608
"906",906,0.187037912685861,0.149980333284645,0.00178772741339114,-136.406582837947
"907",907,0.189166005912511,0.145460899560519,0.000599792899957894,-134.880124356051
"908",908,0.173815244754305,0.209007244111251,0.000812313865022747,-136.492436303796
"909",909,0.259276027273564,0.207718353842926,0.000708859370472585,-136.141916058553
"910",910,0.0720564218496229,0.0895234552701817,0.00120601896247475,-134.815966220528
"911",911,0.0891599073753524,0.207059731769958,0.00106242504066665,-136.173026743043
"912",912,0.174210310822491,0.150741046851455,0.000337530159840694,-134.844422129457
"913",913,0.118383117342946,0.148258579124664,0.00132613530419317,-135.530090832786
"914",914,0.043404533077897,0.170768508535551,0.00467361490837261,-135.894807404085
"915",915,0.0238975471154521,0.18308369016967,0.00495579969379851,-135.402520221996
"916",916,0.0334503987628573,0.195106093260564,0.00128100634836234,-136.263326832495
"917",917,0.123108430008578,0.185520651103036,0.000586690919843047,-135.791525999326
"918",918,0.137202411716356,0.124822038272298,0.000169446130788703,-134.695915458271
"919",919,0.131985129276129,0.0962215488714177,0.000999067135315763,-134.085374786229
"920",920,0.124356547173952,0.0681595291094242,0.000719006754866788,-133.82041882945
"921",921,0.0737307325814845,0.0741902169865775,0.000838152902228155,-134.355242087477
"922",922,0.0863395083089598,0.111592792232357,0.000793306198009311,-134.420688314797
"923",923,0.168324518333484,0.135906220197258,0.000166467010053623,-134.93121911419
"924",924,0.107044642730085,0.0963449323435482,0.00138034983221258,-134.694139300138
"925",925,0.034586310123185,0.13511571165014,0.00188754409213589,-134.988272863898
"926",926,0.0616019193070989,0.0577673600789084,0.0011866170013587,-134.913444783407
"927",927,0.0847751523497789,0.0822358300732223,0.000741370346941153,-134.097440017051
"928",928,0.0966105216538061,0.0500831567305825,0.0015482081203761,-133.984546183062
"929",929,0.0984350882335984,0.0585050040181097,0.00155893953916814,-134.119963445277
"930",930,0.102738671311645,0.0814524766896447,0.000948107708084304,-133.874599269131
"931",931,0.0634771088662734,0.0838820080736326,0.00132284865130796,-135.136275730211
"932",932,0.0969595102403242,0.184190992371999,0.000822727049196138,-135.726514030703
"933",933,0.194764018833533,0.19232660537549,0.00050283413050606,-135.893811921296
"934",934,0.248056234149721,0.200788093586305,0.00118195062428713,-136.497060361617
"935",935,0.212997868333886,0.169872614941434,0.000451203575053845,-135.389066048342
"936",936,0.214633122408815,0.155615176115148,0.000631993278017553,-135.154642115207
"937",937,0.132319168737042,0.15334374156922,0.00036323981627892,-134.913587298421
"938",938,0.109367206230591,0.180509605111143,0.00179218425321942,-135.877524783979
"939",939,0.04061186398619,0.193698457421994,0.00419247290899984,-135.531166672125
"940",940,0.0386689069707319,0.151337621187797,0.000725058993078281,-136.007237366335
"941",941,0.108188374788741,0.06786433627549,0.000809271472782566,-133.706970681714
"942",942,0.0514780063928783,0.13812364863112,0.00173743421961404,-134.868740532128
"943",943,0.187946812418066,0.152432415986601,0.00141227699746499,-135.986992590658
"944",944,0.0996875799836209,0.0573579216719962,0.00205367115344837,-134.705315823985
"945",945,0.0971065161503682,0.0413284961045289,0.000584531659860878,-134.555532415356
"946",946,0.0965838078877509,0.0522881283072906,0.000763882510310659,-133.891192793152
"947",947,0.0977697450424496,0.0564047795835023,0.000603636917674584,-134.032239368474
"948",948,0.0900729532211039,0.144046445535694,0.00048113913032016,-135.107693152078
"949",949,0.179560888971258,0.113688178234377,0.000555066024063307,-134.824958665701
"950",950,0.0959226845978371,0.0765692159688225,0.000199676957417192,-135.068481582706
"951",951,0.116353900187422,0.0856538510733478,0.00162514129209144,-134.714866174537
"952",952,0.130656318480721,0.0721564051954158,0.000793005050551464,-133.870879628958
"953",953,0.145433127611727,0.169173100821207,0.00165051902158494,-136.841191411481
"954",954,0.118304863567243,0.0429144174033853,0.00170984336987187,-139.039520087286
"955",955,0.0866408486773843,0.0548785087131122,0.00220986902395166,-135.323614868473
"956",956,0.094985857135386,0.0613333561522847,0.000659593174903813,-133.915494501071
"957",957,0.0701729326652564,0.0767862623830423,0.000760810817320988,-134.51021310521
"958",958,0.07950699293357,0.0486070175700966,0.00100658799811565,-134.102203881059
"959",959,0.100607225305247,0.0761164419940214,0.00118295713755818,-134.012380387684
"960",960,0.136669408323527,0.0823337163546795,0.00112252125055423,-133.969786564707
"961",961,0.126730483661658,0.0777851590037803,0.00163672989476569,-134.358374778214
"962",962,0.129203485655315,0.110908741282266,0.000644139295842265,-134.021121916019
"963",963,0.125674927610139,0.110423670413566,0.00031710129979277,-134.155712479527
"964",964,0.0792489967121303,0.0920209813606524,0.000406402249621127,-134.597009545443
"965",965,0.0377242472698168,0.126635251287092,0.00655083416797994,-138.963928136532
"966",966,0.027516019310584,0.197721034540007,0.00419932368269282,-136.364938325044
"967",967,0.0360889719513948,0.192136989939421,0.00145194420601602,-135.612891271525
"968",968,0.146154520662162,0.280245533242219,0.000990003360491483,-138.048765432371
"969",969,0.313924223829363,0.325038638513557,4.40706551685239e-05,-139.082102764513
"970",970,0.393890818305057,0.347531732705241,0.000391939465539319,-138.485865607692
"971",971,0.396794065298036,0.348656954831784,0.000475205074934518,-138.609495612823
"972",972,0.257772364933991,0.207181379759098,0.000150779215531241,-136.237457479006
"973",973,0.261114492061476,0.219024553866058,0.000179135865481252,-136.5598983249
"974",974,0.198086506842014,0.217235873460179,0.000166309954176613,-136.69730521786
"975",975,0.24550637529833,0.220926088268386,0.000344819693787985,-136.618588469784
"976",976,0.271775597183391,0.244052372466823,0.000805127012065982,-137.52100819902
"977",977,0.288037698574383,0.241368411758534,0.00112769168065056,-137.28467214689
"978",978,0.137685810160383,0.0673858507468423,0.000808476562069263,-135.338424191055
"979",979,0.0543157678897973,0.120123407910269,0.00260922661668879,-135.529359776839
"980",980,0.0313619513376404,0.12469215537843,0.00350834045436582,-135.462091609994
"981",981,0.0251105117535562,0.172256228769073,0.00413568591238294,-135.236665459281
"982",982,0.0595668857631466,0.197512333970031,0.0010424655097596,-135.96940486156
"983",983,0.0861000861620412,0.177439992457022,0.00104657967284048,-135.485762791493
"984",984,0.227107880408946,0.166838512746783,0.000225858724517244,-135.467900288674
"985",985,0.104491211926166,0.199620071226643,0.00269365790165077,-136.521874209122
"986",986,0.101233450990091,0.19416031790781,0.0021576417647208,-136.08906750326
"987",987,0.064978691536649,0.0166247946865984,0.00202816741047321,-136.317875167763
"988",988,0.0719497903401792,0.0757307499327366,0.000209533740851259,-135.944872328249
"989",989,0.113412448476749,0.0721803610741855,0.000203305983577848,-134.898303627096
"990",990,0.103305094921611,0.0918774320134884,0.00160889211091604,-135.021236095696
"991",991,0.143766516980544,0.094509801187186,0.000318259427025339,-134.286356941774
"992",992,0.103840336604457,0.0768087410847701,0.00139002041822383,-134.24217444181
"993",993,0.113546929881203,0.105818200202127,0.000997559268664706,-134.288075094785
"994",994,0.157753690675771,0.116512642580597,0.0016891695839119,-135.381911848112
"995",995,0.044210710083328,0.177849623435854,0.0017183894491841,-135.337104358951
"996",996,0.0494226077299718,0.0989326424964256,0.00317423154102064,-137.381329532024
"997",997,0.0494556305215908,0.13218023264832,0.00440713193019263,-136.800362375782
"998",998,0.00793201702843101,0.1020430215855,0.00173377176932313,-136.358446405218
"999",999,0.0854871336436324,0.165594172714199,0.000156384583764174,-136.883118219396
"1000",1000,0.219250558988629,0.158536751812765,0.000896632575330401,-135.639425177711
