"","i","asc1","desc1","pol1","p"
"1",1,0.0782159465693771,2.74867322952295,0.374062036739616,-157.605661111418
"2",2,0.144941719574264,3.11205796050477,0.375045825171181,-157.335694308768
"3",3,0.0981064818338879,3.22867508725517,0.363313188292123,-157.17890430749
"4",4,0.133708254782648,2.79530493995904,0.343337000750088,-156.773069089648
"5",5,0.12706879053304,3.01518113325222,0.34061285646296,-156.76186983819
"6",6,0.00324238409344505,2.58791898470607,0.265665883037764,-156.262322406816
"7",7,0.198094554781999,2.61379806816813,0.267004590109825,-156.026651360618
"8",8,0.399107052195733,2.19966855880518,0.227765464337725,-155.62873501258
"9",9,0.323309778425405,2.3205476042755,0.233002020347766,-155.43962018609
"10",10,0.272727852401109,2.08251108021112,0.240240761784609,-155.661719403909
"11",11,0.268710368877592,2.24886300691629,0.238431536143278,-155.286990513656
"12",12,0.311255803225152,2.05791977899942,0.169643778138441,-155.990108755688
"13",13,0.266194957516361,1.60353219159693,0.164992341796409,-153.911709066558
"14",14,0.232244172967807,1.55373917801703,0.154921590001989,-153.56956666693
"15",15,0.326584528930219,1.61880075422773,0.128020366625001,-154.588945507523
"16",16,0.364217990415092,1.64639740030405,0.157556430497652,-154.077361418529
"17",17,0.344537164236615,1.55640006240122,0.143439590053753,-153.676731244293
"18",18,0.162486818471246,1.58216147825009,0.189246504082247,-154.421116635421
"19",19,0.0390172409225301,1.71052199220618,0.240943743868666,-155.66619767247
"20",20,0.00191908423842918,2.03787034286347,0.239367301025053,-154.372669322525
"21",21,0.0693157387604597,2.2599121556385,0.258000718505958,-154.975142435358
"22",22,0.131308708004652,2.25720392854291,0.260645198011536,-155.191780874688
"23",23,0.0828090642520136,2.11173496890385,0.252303251787815,-154.867798933609
"24",24,0.0101007855673192,2.54928774870957,0.326829795153039,-155.990638742631
"25",25,0.0896906651610195,2.59146395121736,0.3235911779375,-156.264903232234
"26",26,0.096717538606202,2.92455158122889,0.347436349251699,-156.65177920129
"27",27,0.354977910811299,2.7324910825788,0.256438105356991,-156.59096536
"28",28,0.374205863981472,2.47873097371174,0.231338161696595,-155.93166693143
"29",29,0.680933847580422,2.53655481905392,0.221375314344614,-156.391367699732
"30",30,0.647499670857167,2.3301197404508,0.236651753987324,-157.519577533573
"31",31,0.561294089446863,2.48131681909023,0.207855622793225,-156.146600083421
"32",32,0.568518985831037,2.21790093575317,0.178611286796586,-155.481741674226
"33",33,0.75508683666259,2.35028809467097,0.172917724493318,-155.891703766709
"34",34,0.935353268509659,2.57502861590525,0.175407686287283,-156.592749479887
"35",35,0.934875880061019,2.43083564807731,0.174840036318849,-156.240113384625
"36",36,0.74544591006358,2.16035506484188,0.144826386345529,-155.612393332444
"37",37,0.8213929776101,1.99134951443803,0.128156646089653,-154.849180696005
"38",38,0.868374785833209,1.93611347636655,0.108268104658805,-154.838708348215
"39",39,1.09523145619547,1.98548798117079,0.0988407411120573,-154.803401397337
"40",40,1.08283808608351,1.77081634507692,0.0684501625253967,-153.956318054664
"41",41,1.14541119968553,1.7116085817054,0.0650676021822368,-154.193163385035
"42",42,1.13707613957113,1.85453571914408,0.0642283759592207,-154.653091745283
"43",43,1.12400813868971,1.83313998860188,0.058946028103221,-155.217372470704
"44",44,1.37403250796414,2.03768246935783,0.0619911198321336,-154.7906444207
"45",45,1.33717764050458,2.05988403115423,0.0854899676854539,-155.527047050114
"46",46,1.16216254207681,1.90915321533826,0.0698682021980882,-154.606774329814
"47",47,1.21562881553046,1.7946047268891,0.0400983623445742,-156.427027414057
"48",48,1.34986818364955,1.84020569732407,0.0565638166299923,-154.862521161959
"49",49,1.29292869419554,1.84826959690493,0.0496391133506219,-154.15921630195
"50",50,1.38137413065285,1.93471857694419,0.0564759329234579,-154.437407410555
"51",51,1.36571739372304,1.99162605433869,0.0642793476108585,-154.62927372021
"52",52,1.31506932163336,1.87506680201248,0.0734772134534152,-156.204117023137
"53",53,1.17036289721075,1.79769432556669,0.0720916004221075,-154.441891598825
"54",54,1.05970575347395,1.69386932682044,0.0723248344797295,-154.016675109951
"55",55,1.02886529008986,1.76728300844471,0.0760495910246045,-153.975132351746
"56",56,1.0431142837833,1.7876501661858,0.0674950118273957,-154.526695821945
"57",57,1.12799977025364,1.75972467305439,0.0710223364898873,-154.166839318621
"58",58,1.0501728300704,1.63199886974669,0.0493538187702103,-154.08316405443
"59",59,1.02634665608502,1.5220854543231,0.0465942480104232,-153.042342763436
"60",60,1.02748936038431,1.50610775713655,0.0532066862936541,-153.327374824635
"61",61,0.931256139578105,1.56087951924996,0.0726574087435692,-153.6377350407
"62",62,0.828862522704782,1.42775867890191,0.0518857082471866,-153.77313059734
"63",63,0.856295293140457,1.34311376812716,0.0564085496795281,-153.015675283546
"64",64,0.771588009961326,1.25008681586891,0.0515673537083426,-152.364060261295
"65",65,0.75788802358532,1.33976751726463,0.0452474744986267,-155.031984385599
"66",66,0.933802463637648,1.361768205777,0.0460592396666286,-152.695352195585
"67",67,0.91944814647762,1.38644483754001,0.0474724028405741,-152.610756168489
"68",68,0.857376352305849,1.38976699602653,0.0539376524852078,-152.70668859702
"69",69,0.853950341178298,1.35515147898229,0.0541044444785704,-152.683374279554
"70",70,0.891865537552639,1.35379076309533,0.0466859540317121,-152.505818866358
"71",71,0.771185531198359,1.15943667499957,0.045268072073061,-152.531840247162
"72",72,0.750191398932985,1.07626303992105,0.0408508859886815,-153.030679055821
"73",73,0.621360861468939,0.993065961237393,0.0436701230144621,-152.076764706539
"74",74,0.614969129999609,1.09692039846634,0.0443082118430218,-152.393576524544
"75",75,0.672089417646103,1.10687517981083,0.0495256772199737,-152.188613938495
"76",76,0.526828418099991,0.84866605050475,0.0197495122779252,-154.526115258136
"77",77,0.604206312896113,0.856387309908424,0.0263976761169585,-151.00833238789
"78",78,0.546527657483098,0.869413831005095,0.0368636102901233,-151.545032652067
"79",79,0.49206197199344,0.879737668440682,0.0407174241300998,-151.373160813234
"80",80,0.542563606501486,1.01915791852778,0.061362383308673,-152.969841873296
"81",81,0.495560889190992,1.09389954988891,0.0709320826388352,-152.460772304632
"82",82,0.335557129290401,0.864029542024078,0.0630367963192528,-152.016404443677
"83",83,0.245602758593465,0.818791843724819,0.063794099908132,-151.865704043042
"84",84,0.321920730810234,0.868825777899068,0.0621651516876912,-151.870067943588
"85",85,0.365713893641952,0.99562815403402,0.0573634883707908,-153.504256009063
"86",86,0.370101951905501,0.834766781108846,0.045145600412186,-151.97069706674
"87",87,0.434007255539416,0.839031110756634,0.0503171192258457,-152.174143004947
"88",88,0.407632087276528,0.810451633390298,0.0398962289078002,-151.486229479013
"89",89,0.412991546084189,0.758736557803619,0.039960529839901,-151.435199920084
"90",90,0.414679675317364,0.771863004832783,0.0389649401311778,-151.227527785993
"91",91,0.446038236333215,0.803873166250506,0.037834348346615,-151.192283305869
"92",92,0.433698460153718,0.780860676945132,0.0341746568904135,-151.129672465967
"93",93,0.422919188738315,0.731163462953165,0.0266008313518271,-151.146694619031
"94",94,0.493132176995821,0.74984045678452,0.0189760215410303,-150.692110447424
"95",95,0.551317805244275,0.73962740743668,0.00771900149029817,-148.601830510722
"96",96,0.698866038060802,0.793898842151132,0.00418863698971878,-148.728543283314
"97",97,0.65734555491803,0.669726826267618,0.00105377252731458,-144.254118197485
"98",98,0.630158794638521,0.749277458017937,0.000246273546732049,-146.822938701795
"99",99,0.68897437037877,0.763851852552518,0.000745929510598344,-147.402485938616
"100",100,0.665232395790882,0.642324725518657,0.000568466587501731,-142.295220007072
"101",101,0.664437856519196,0.637805044141477,0.00134064567057537,-143.377832662848
"102",102,0.645777515730724,0.608246586193758,0.00144737707354466,-143.823274343635
"103",103,0.637352169690657,0.62276303979375,0.000439278252969542,-142.137423027589
"104",104,0.627117151250437,0.615561672219572,0.00260274163225442,-144.444502692046
"105",105,0.575275713221219,0.572405048880236,0.00211085027598606,-143.53566403817
"106",106,0.596334944672935,0.563498960421905,0.00220708189993896,-144.233245436336
"107",107,0.599277495565979,0.558094059801918,0.000176650564914196,-141.14420908455
"108",108,0.583751867455296,0.573421081937988,0.000656947351603723,-142.143296763838
"109",109,0.582496314323192,0.568368929088092,0.000374610709080617,-141.746794100993
"110",110,0.601934469869349,0.534767158671525,0.000760437678832034,-144.736399764231
"111",111,0.406979019760143,0.388171025720326,0.000789141811957057,-140.459813705262
"112",112,0.316388044995085,0.426743393950446,0.00034212781347452,-142.457173799074
"113",113,0.288615844710023,0.251841958960235,0.000887747792905253,-137.975533417586
"114",114,0.121235547756209,0.0574783810496646,0.000905828681603517,-133.824241688633
"115",115,0.103982301203368,0.0647152138917821,0.00068104912069736,-133.306402355467
"116",116,0.0715391171653916,0.109498191294535,0.00140622920107921,-134.269385529512
"117",117,0.0330287496538887,0.114974972278758,0.00298295357720179,-134.30518444434
"118",118,0.0194592660847121,0.178662257678893,0.00477915722915054,-134.500929508623
"119",119,0.0223534828132827,0.173706813087172,0.00583579686030414,-135.08776940024
"120",120,0.0102631428867175,0.156492916931955,0.0062495768953029,-135.110735134467
"121",121,0.0401090375449668,0.158693469889348,0.00618760348241669,-136.75370036138
"122",122,0.030972183772783,0.173029414790574,0.00252381448200868,-134.091262832481
"123",123,0.0225174707675418,0.129908685093369,0.00197974134437447,-133.319718054737
"124",124,0.0180187101980628,0.142734523046952,0.00331060639248121,-133.665772835156
"125",125,0.0231254152791211,0.116356508583216,0.00147159853700739,-133.35616180367
"126",126,0.0193358111638315,0.135598547896084,0.00173537943649584,-133.367268501756
"127",127,0.00754594271089767,0.0779056652362209,0.00129491090437229,-135.993384066483
"128",128,0.0729103946501312,0.0602874998955142,0.000165371175500082,-135.153218717646
"129",129,0.0811762472266535,0.0268458097254383,0.00199832373240968,-136.150866420947
"130",130,0.0476857563022331,0.211460624856052,0.00610501680858921,-136.830913962637
"131",131,0.0404530198047032,0.167370836657432,0.00207580322219343,-134.206982456286
"132",132,0.00827162759386582,0.162336913787712,0.00382323617236366,-133.545030408897
"133",133,0.0286950584313886,0.139733195354646,0.00265952339541611,-133.624328902437
"134",134,0.0438774962328933,0.128957071408529,0.00107036015750791,-133.71837474026
"135",135,0.0641793333421957,0.174400680315153,0.00342686367986727,-135.5386827492
"136",136,0.0950931183021128,0.174631029038173,0.00172262428827452,-135.734449043038
"137",137,0.00841405238596297,0.0899853249897229,0.00219378484575072,-134.898317014101
"138",138,0.0253011093670051,0.109699213850512,0.00202868209927237,-133.504750947815
"139",139,0.0127542015343141,0.136903010316991,0.000801245766109673,-134.445689066231
"140",140,0.198973017854149,0.132914944459645,0.000139365674943433,-136.592596735679
"141",141,0.185521618371056,0.165603504095457,0.00147882400502415,-137.706129611855
"142",142,0.215453915888421,0.159705784151863,0.000808620915537684,-135.912419049425
"143",143,0.0609209118866395,0.151908321460842,0.00118583801091026,-134.44575305495
"144",144,0.0118784818323044,0.13565870433302,0.00376145508963073,-133.83878607078
"145",145,0.0319330909809057,0.127806718127255,0.00218606283861068,-133.482932043339
"146",146,0.022286765049986,0.160355134222584,0.00128361001334632,-134.166174862098
"147",147,0.00794044932683973,0.102541760737671,0.000600553230982883,-135.334316490822
"148",148,0.113498658551146,0.0481340567551923,0.000896918240457064,-133.967867032221
"149",149,0.102012610741423,0.0708402357348296,0.000377170708926049,-133.685768413531
"150",150,0.0544309681122072,0.0729155345832026,0.000723421218784276,-133.557725749757
"151",151,0.101479982422874,0.0435393447878634,0.000733669698891003,-133.422509364754
"152",152,0.0731282376456288,0.0566143949176276,0.000874370258461796,-133.632634220325
"153",153,0.0692710464510156,0.0810916935098964,0.00079040060939269,-133.404207583041
"154",154,0.0915407034415553,0.0480675774371236,0.000736689079224257,-133.346248862858
"155",155,0.0857305546398958,0.0626665675862176,0.00131339431794535,-134.257697111533
"156",156,0.0843757182749256,0.168828955615106,0.000954622511968825,-135.493709365768
"157",157,0.0453938725998636,0.154674559437724,0.00215016456915093,-134.055471242752
"158",158,0.0145820202253921,0.102707593857279,0.00182712115507576,-133.740765756528
"159",159,0.00120811470085435,0.145014192817737,0.00336089945719465,-133.389266254099
"160",160,0.0275618128965791,0.113781467007842,0.00165088098496088,-133.335889772642
"161",161,0.016460769783935,0.105150259335422,0.00361386711848199,-134.944899710409
"162",162,0.0113995442348959,0.125721320506563,0.00482477590965179,-134.925568334881
"163",163,0.0242539068422355,0.152486983470895,0.00155462913119889,-133.759889667484
"164",164,0.000944355811731183,0.099261006702812,0.00405575919750943,-135.864029623059
"165",165,0.00278592451104862,0.122957814477006,0.00203369277165889,-133.484660780588
"166",166,0.0169552982910195,0.100978983955407,0.000921375334928254,-134.08189781842
"167",167,0.0409344950277955,0.19037227650211,0.00551364349157657,-135.725127447695
"168",168,0.0421540208563492,0.185002468497494,0.00195605947625836,-134.695326216753
"169",169,0.0390570282829319,0.188609744518109,0.00272744735187682,-134.514278699734
"170",170,0.0445147644178709,0.176225734268032,0.00255563263057372,-134.521723194789
"171",171,0.0344913608952794,0.120026026154263,0.00259678388896853,-133.862185530343
"172",172,0.0497182593323082,0.13901459840757,0.00103989516343348,-134.048114214502
"173",173,0.169036627631348,0.101225092989513,0.000694679251822501,-135.40303021173
"174",174,0.124480805799191,0.0745524405182201,0.000775880615725347,-133.642651222009
"175",175,0.10574947537984,0.0817893250773146,0.00071716362630939,-133.550585223869
"176",176,0.0972320300567397,0.0785771768565943,0.00107677561372425,-133.897931026283
"177",177,0.129895165767392,0.0810446331411001,0.000546803084072208,-133.897293415892
"178",178,0.149631365012412,0.10217337841026,0.000756674644989905,-134.447644530788
"179",179,0.062891025372693,0.0978001164202641,0.000591838167279751,-133.636368516084
"180",180,0.113961367634784,0.0803428775983634,0.000540629661315149,-133.641105601168
"181",181,0.116912600285078,0.116070221479628,0.000715830712737908,-134.511003594252
"182",182,0.0920857422146224,0.033385475869137,0.000645407368126494,-133.851154803244
"183",183,0.0709490254495935,0.0315665264097449,0.000703961066904651,-134.674078312397
"184",184,0.0940828187975221,0.10773149713032,0.000787819417108264,-134.053378528922
"185",185,0.0631663769749087,0.121954107684938,0.000816779916057217,-133.925397321603
"186",186,0.0726201669964517,0.132202066809385,0.00144600194966046,-134.281841597299
"187",187,0.0722407740843359,0.169329550129943,0.00252136520997124,-135.264627021124
"188",188,0.0136683386758727,0.143187947128131,0.00234617846968931,-133.328454617891
"189",189,0.0569089685671992,0.113114206605593,0.00125760578208372,-133.607490938797
"190",190,0.018636409514318,0.133058960702307,0.00202396498686999,-133.307991204261
"191",191,0.00770691289681962,0.122886694384463,0.00342220065492015,-133.863955046454
"192",192,0.00900534478152055,0.152475315972515,0.00511883033331085,-134.360018272247
"193",193,0.0255644199161419,0.136077203909662,0.00443495519613756,-134.800098200044
"194",194,0.0221167615369537,0.0798500967401959,0.00230370909151907,-135.514520403418
"195",195,0.043850496036139,0.0822577290489982,0.00230892067335318,-135.956914912708
"196",196,0.0594328430990734,0.207197640157988,0.00174092483230962,-135.622878154663
"197",197,0.0606357087488987,0.0758921377211823,0.000731168302904106,-133.419277998887
"198",198,0.112801146417462,0.141809890072583,0.00102298519297218,-135.422548309682
"199",199,0.0612187563232719,0.106800198803598,0.000738592737557587,-133.650478954103
"200",200,0.125434144092064,0.0854382524387258,0.000276824691454453,-134.574023332642
"201",201,0.0764727942343534,0.0985297176457509,0.000702783082659884,-133.626850640167
"202",202,0.0605596656107212,0.0890194942171523,0.0011083962531678,-133.785426530259
"203",203,0.105986979649654,0.10932559109196,0.000597935034356827,-134.155433158585
"204",204,0.0560480374912838,0.0516801135887283,0.00134862112658867,-135.39849456488
"205",205,0.0648297081314529,0.0676074488199393,0.000971245384414335,-133.744793377502
"206",206,0.0748499235767724,0.060975376160309,0.000629999464098416,-133.348809686776
"207",207,0.0958135583828363,0.0827023990513536,0.000698765619590594,-133.463988644623
"208",208,0.0706640599121606,0.0564680730688836,0.000380781987171055,-133.826536279866
"209",209,0.102966875306117,0.0943436153767585,0.000950399867599596,-134.042364300758
"210",210,0.0156463253727795,0.0810612372280899,0.0026148527851011,-135.910794356179
"211",211,0.00449753197957627,0.163536308554449,0.00381600432613404,-133.614627540339
"212",212,0.0812066949633972,0.159789120654557,0.00530986646184152,-139.211189104438
"213",213,0.0597377996688026,0.223886899988445,0.00363404896190576,-136.553747143634
"214",214,0.100618838037811,0.212315646293568,0.00280759685512097,-136.962037052773
"215",215,0.0944770166072506,0.15851967932859,0.00276368551767892,-136.657438258357
"216",216,0.0375017623115765,0.127650702610061,0.000448112404884749,-135.114017144472
"217",217,0.0573508559677431,0.117655329886446,0.00245313714142331,-134.797880014019
"218",218,0.17508414219826,0.126662282657413,0.000330793665248678,-135.496362103847
"219",219,0.163012154386636,0.0979188811866933,0.00110589957803345,-135.352533509177
"220",220,0.0502933267959227,0.0906027685781184,0.000580536177162725,-133.669362446331
"221",221,0.0685342073142637,0.077469566734632,0.001279146540534,-134.290014443936
"222",222,0.0942810545549476,0.0629976378806637,0.00172419675876014,-135.171832840487
"223",223,0.0464383382632752,0.18619429573491,0.00544420590302781,-136.084540883056
"224",224,0.0146441379899455,0.186579109903406,0.00545865840276728,-136.671989944165
"225",225,0.0620981151604294,0.138622394963748,0.000890253384974342,-134.311392625423
"226",226,0.00310441109366996,0.0996699342593626,0.00457354383871551,-136.336868451073
"227",227,0.00317398627909179,0.172707504431362,0.00455282031195661,-135.458128370594
"228",228,0.0435520621958621,0.169369283466649,0.00210937864547255,-134.321233071435
"229",229,0.107934462574076,0.205215257704706,0.00106063447791956,-136.834758067859
"230",230,0.0711026225587985,0.0221997308273901,0.000610909161241934,-135.608307228015
"231",231,0.0738174702800147,0.112687571860835,0.000878883820641884,-133.866565558725
"232",232,0.0615729556149504,0.0624145754382113,0.000668580725070233,-133.565473518929
"233",233,0.0682988294118068,0.108708580446176,0.00122079037712911,-133.91454724303
"234",234,0.0595763700589021,0.117517212271426,0.00156521225284407,-133.872564799779
"235",235,0.0858060793969248,0.14415226406328,0.0014962878949368,-134.889282514416
"236",236,0.0924066339878463,0.0832561922699252,0.00122254986098143,-134.26540619787
"237",237,0.0229436147908037,0.108869552877856,0.00197710104781521,-133.496380265463
"238",238,0.0194158515705799,0.163448390480275,0.00127678370614988,-134.208717539114
"239",239,0.135236837002375,0.181860340853845,0.000978501655422665,-136.616511454781
"240",240,0.23306902510703,0.178886038948352,0.00111938396078017,-136.695304446579
"241",241,0.0758819431280507,0.119010720658524,0.00101193936479732,-134.033997372982
"242",242,0.0543244523634117,0.0941095980455142,0.000644843448422274,-133.561098757745
"243",243,0.0397514026567863,0.0967892494887757,0.00196995834856557,-134.075142374171
"244",244,0.00764417394138295,0.119520228201801,0.0013215284305891,-133.708514696843
"245",245,0.0812971269755128,0.02204545454499,0.00179285649173413,-136.199068560369
"246",246,0.0761630445548464,0.204670484740889,0.00182126871540236,-136.029746514254
"247",247,0.0482986241673368,0.0630419176275027,0.00125490568837035,-134.891524102214
"248",248,0.11212430043509,0.0612368267438272,0.000589037157753644,-133.434807533397
"249",249,0.110228616497438,0.0664002639005876,0.000746744668794381,-133.397291231793
"250",250,0.100931743697251,0.0792881848502114,0.000581650023224226,-133.447100068288
"251",251,0.137009003738795,0.128011656044842,0.000919617955087185,-135.314391846043
"252",252,0.106876477683622,0.095380162384407,0.000700010681805351,-133.835011854088
"253",253,0.113751268233245,0.122928872878608,0.00126194801678232,-135.489459942458
"254",254,0.0157138775163717,0.154268345710457,0.0035530569213244,-133.717658019761
"255",255,0.0324121302593138,0.154222602000296,0.0034819041166677,-134.190258860897
"256",256,0.0394606575994841,0.0988799445166161,0.00182319913109029,-133.817672916442
"257",257,0.0589495153530131,0.162312339329961,0.00223638288917401,-134.589297233597
"258",258,0.017197512628884,0.0933295222492627,0.00210718687062243,-134.261196209154
"259",259,0.0184758214755827,0.118340001560655,0.00230183891839434,-133.441732603053
"260",260,0.0488936365473633,0.116359402489246,0.00254185237646376,-134.476429773123
"261",261,0.060156210131811,0.0960155452991747,0.00235470484668062,-136.086595609086
"262",262,0.0118409441598263,0.148703413270546,0.00122729855297757,-133.922200205695
"263",263,0.0152840434715088,0.15829287587113,0.00250424752813817,-133.50018559956
"264",264,2.63805186439759e-05,0.141039481161799,0.00206606762133566,-133.339923726437
"265",265,0.0472960804469498,0.130906843089862,0.00189806228955838,-133.72578237131
"266",266,0.000925431863438591,0.114920467955874,0.00233837844607878,-133.772753997531
"267",267,0.0307829297390736,0.140014596427388,0.00286784745614206,-133.777841897752
"268",268,0.0498298212147338,0.165277318162945,0.00152715276737093,-134.474705244252
"269",269,0.013898275264545,0.166985110248248,0.00399369675735908,-133.7740421448
"270",270,0.00719042875940348,0.125842536027995,0.00315048179201989,-133.632959661553
"271",271,0.0073468424364478,0.0888019480750975,0.00277480600701281,-135.50731416516
"272",272,0.040937629760147,0.0959877224318234,0.00160376766095021,-133.724008086089
"273",273,0.0426617419686668,0.131181416261442,0.000609261000637396,-134.571939068289
"274",274,0.0809735331766039,0.145433940211163,0.0014397062378025,-134.707871022575
"275",275,0.107677172663168,0.0511823348650765,0.00122079893628979,-133.702424937419
"276",276,0.0826286021660322,0.109011466043408,0.000661898710646598,-133.9298809642
"277",277,0.0623597591477381,0.0492685594333452,0.000631166857420369,-134.038400298839
"278",278,0.097862099569158,0.0815648112539157,0.00113577014981023,-134.071222903198
"279",279,0.135162470559232,0.0821375503812617,0.000556094641618847,-133.923364329197
"280",280,0.0993104841147767,0.076850924529903,0.00048667310462495,-133.477058183154
"281",281,0.153654627315256,0.125451626948989,0.00097781241347057,-135.440618114094
"282",282,0.0858247134161493,0.0865412658231009,0.000861952709517105,-133.600616220936
"283",283,0.150935261678752,0.0940588857915735,0.00132029225891038,-134.733523666643
"284",284,0.158356341623795,0.184708307416133,0.00106658967326904,-137.258134752144
"285",285,0.127466035117782,0.233092608885289,0.00364417384540262,-138.593095350808
"286",286,0.0616137793006459,0.16203563594594,0.00123109193608129,-134.735745840795
"287",287,0.076288404250865,0.0680263130897722,0.000296197927117747,-133.915752923487
"288",288,0.0855261927192389,0.0926339209145259,0.000547769821735892,-133.559706652699
"289",289,0.0736034280341936,0.0918264662554669,0.00113746031812085,-134.021137940679
"290",290,0.0495379903679152,0.13312595800073,0.00209498543053684,-133.901097292751
"291",291,0.0367687242078553,0.0924679656330363,0.00166743234255374,-133.853748939539
"292",292,0.0486492872860653,0.127671462958999,0.00169870159394995,-133.659484865818
"293",293,0.0540051255565407,0.132867703166473,0.00218085975110884,-134.111614881471
"294",294,0.0893210832334401,0.167981025576502,0.00233594911541309,-135.823338981893
"295",295,0.0896017600273669,0.19293557830917,0.000941963227298282,-136.372631237516
"296",296,0.04647638176156,0.0730913640450837,0.000715865162480347,-133.79370616019
"297",297,0.0942101609865884,0.117423759500879,0.000734169308434282,-134.288655166493
"298",298,0.114495485658792,0.119454644089066,0.000268832310218568,-135.148124828794
"299",299,0.120077175697304,0.161149642095948,0.00120389176738079,-136.051258114435
"300",300,0.00231418615570684,0.117990498316953,0.0040286504626684,-134.451059927959
"301",301,0.0095767090571376,0.12527880323467,0.00278867731151486,-133.49130133559
"302",302,0.0173575369839817,0.178659374208211,0.00325384095766247,-134.154833562244
"303",303,0.0365891833885698,0.17863460943614,0.00328429905739785,-134.479622963371
"304",304,0.0100191168499443,0.148377036498122,0.00332744793472179,-133.499483348643
"305",305,0.0416868854139529,0.139067454233743,0.00253131099626575,-133.92082773945
"306",306,0.000818163540119106,0.115844464998276,0.00101381222329444,-134.434668604986
"307",307,0.0336511424151201,0.11795254559914,0.00202126222763646,-133.477941641566
"308",308,0.0582150447004103,0.0965061972658415,0.00162139014970741,-134.329412849184
"309",309,0.022088475636112,0.122549306453129,0.00153681733275657,-133.343777581914
"310",310,0.00611259975788242,0.156644046981608,0.00246978181521694,-133.276451092999
"311",311,0.00225131923678785,0.136862737438294,0.00238964730486711,-133.297947666933
"312",312,0.0088421548036338,0.161732226678982,0.0042544261400588,-133.727388399055
"313",313,0.00575521917558943,0.157375602685226,0.00514609663944535,-134.126327445989
"314",314,0.0218138612017704,0.18012422800016,0.00100571217214806,-135.19558922346
"315",315,0.0364270515529947,0.0911425231594803,0.00151279727499577,-133.760060131468
"316",316,0.125233210331227,0.0606449448990509,0.000962827615498497,-134.037798431877
"317",317,0.106622119937563,0.0737305088099773,0.00147642854095908,-134.64591257926
"318",318,0.0718585031516061,0.0571304320429624,0.00120962031949087,-134.284805131897
"319",319,0.117255869478213,0.0594519618167244,0.0012564133855095,-133.840186500231
"320",320,0.113013199984543,0.0584477980489635,0.0013433236209658,-133.903836695241
"321",321,0.0737256531825902,0.055812339818576,0.000744202990699461,-133.500030510617
"322",322,0.119383529983265,0.0714757259356416,0.000526294518134052,-133.658396598168
"323",323,0.0414764862560471,0.107230352275351,0.000593904804055499,-134.007760341969
"324",324,0.102758556012528,0.107141839717525,0.00044017449238408,-134.19271960833
"325",325,0.0298719909086115,0.107858676695765,0.00244111761958495,-133.904466179457
"326",326,0.00568789449552133,0.107807657543977,0.00232068547645397,-133.914612114259
"327",327,0.00987534002423076,0.138423874432588,0.00240058877652336,-133.289872431128
"328",328,0.0798362650957863,0.151633278106943,0.00262651530540553,-135.679060719568
"329",329,0.0504854237694369,0.140503550682738,0.00157732786438297,-133.859101865809
"330",330,0.0639225513826214,0.121895649287933,0.00127414970352716,-133.8437779345
"331",331,0.0120180749110874,0.118143159954865,0.00338725695456315,-134.033648703237
"332",332,0.0149705464190393,0.150569957101044,0.00381595440366337,-133.81592571923
"333",333,0.0210147617128372,0.157401682163998,0.00288639617476202,-133.655064257384
"334",334,0.000328559760167676,0.164335911647426,0.00485379148222991,-134.394325589166
"335",335,0.0167091037284677,0.161401599145847,0.0020543898297997,-133.620334001019
"336",336,0.0154591185930328,0.14824395552439,0.00171307389239572,-133.525349872689
"337",337,0.00925444731835865,0.157205937289859,0.00108728794778107,-134.23029957241
"338",338,0.00840513794282409,0.125205163773426,0.00145531854529234,-133.544134729322
"339",339,0.0537659835504206,0.072955855467681,0.00103222968680305,-133.93043920553
"340",340,0.0854898652231532,0.0619655386455272,0.00113313818318291,-133.857782310878
"341",341,0.127700444166489,0.104801578768306,0.000595599438030168,-134.305040188714
"342",342,0.101867685339695,0.136433117115565,0.00108319553910021,-135.076329810172
"343",343,0.00769108680444191,0.159523657987407,0.00155807881811929,-133.674678461941
"344",344,0.0340072269646124,0.0793706122403929,0.0017365642452061,-134.718491457489
"345",345,0.0524147655122129,0.0750643209738301,0.00173909774654606,-135.551023312668
"346",346,0.108396086660799,0.0518363883991742,0.00065291495475435,-133.363527179453
"347",347,0.0935026676600826,0.10047209083864,0.000609450488215202,-133.785220424781
"348",348,0.152360028836108,0.0822300524751808,0.00126043024096164,-136.202727664381
"349",349,0.00504578184947016,0.148212608732251,0.00532060408912505,-134.430390521993
"350",350,0.00663201169991695,0.174337798796537,0.00405394130567328,-134.992536925601
"351",351,0.066090386836573,0.194288353601767,0.0018651485300068,-135.521525263184
"352",352,0.0770991687297017,0.157217668966801,0.0011623424533056,-134.880740157687
"353",353,0.0110446039535416,0.124616137799562,0.00340164002750424,-133.832796801137
"354",354,0.0314589349889716,0.105227750768368,0.0014454358759633,-133.384517004011
"355",355,0.036117090839061,0.0552530689192263,0.0019505500085542,-138.186200737903
"356",356,0.0511619675893145,0.0805046840977011,0.000416744827142634,-133.943674081244
"357",357,0.0565402974781364,0.0583312733150738,0.000751631091387522,-133.903709851875
"358",358,0.0732387286217572,0.0563990654276732,0.000892921711084989,-133.659959263704
"359",359,0.0846069204900564,0.0787406786973898,0.00121489520357691,-134.157852461428
"360",360,0.091150713983711,0.0290196119306972,0.000894281146224973,-134.215883094686
"361",361,0.0885502799537453,0.139618297608955,0.0012035694662314,-134.757720910325
"362",362,0.0622749290936102,0.0521349046094631,0.001063810407848,-134.412154767936
"363",363,0.11276432447322,0.140575656004456,0.00111907273842,-135.523425639655
"364",364,0.0574853180546608,0.122720201865438,0.00181944182798626,-133.983663864913
"365",365,0.0164776567920404,0.142788606197445,0.0015107691105472,-133.556214470409
"366",366,0.0336068275569436,0.123608672832542,0.00127448317153501,-133.445068288956
"367",367,0.0249833593720261,0.110933865293864,0.0006360913315238,-134.307000074755
"368",368,0.0515904409393902,0.124327120007298,0.00156845625541827,-133.658758838336
"369",369,0.0468152802053235,0.116151770052909,0.000881109908818877,-133.63853542638
"370",370,0.0224659953045705,0.166774615428028,0.00211614114464422,-133.805778173671
"371",371,0.00212277761043951,0.115458027892942,0.00364985168872193,-134.310768012974
"372",372,0.0142758898267737,0.153084135034266,0.00254535830172449,-133.430847068385
"373",373,0.0036462775446046,0.125114965494374,0.00210101889825484,-133.422036367093
"374",374,0.0160460792471597,0.153500805506786,0.00384567526624088,-133.856600257211
"375",375,0.0275650114080384,0.109776289518665,0.000965508314494365,-133.618901403544
"376",376,0.0544743085827163,0.074076979486681,0.000460569712095326,-133.699952907385
"377",377,0.128687772805146,0.0870942237600894,0.00159046619393349,-135.126254167215
"378",378,0.0998644144906105,0.0522663942819385,0.00139280627434723,-134.073219700815
"379",379,0.100245443027344,0.0607810725622983,0.000750072254642042,-133.281648032482
"380",380,0.0933205113468746,0.131361752954618,0.000595762538195508,-134.745155574032
"381",381,0.187500867555941,0.124352829225543,0.000381982926066774,-135.484460791546
"382",382,0.135721406610833,0.108517862941305,0.000270932385265919,-135.064225649135
"383",383,0.160838558420288,0.133560070706302,0.000640108465284507,-135.417928032263
"384",384,0.0728506365465482,0.0804870253434652,0.000718628091348429,-133.338740748667
"385",385,0.0972812021510826,0.0852453273804879,0.00119094260494112,-134.256598210625
"386",386,0.00682976322979991,0.0789557020741104,0.00114197369776709,-136.044463708321
"387",387,0.0571084212276456,0.100975063975199,0.000733227707652551,-133.549216181208
"388",388,0.024776412307228,0.0977796931501792,0.00244074646380595,-134.25474525588
"389",389,0.0232258534374784,0.106422164637554,0.00196368605358982,-133.548751422776
"390",390,0.0377501309286551,0.115044266971828,0.0014699772355698,-133.360673302191
"391",391,0.0199615174646055,0.148366022135839,0.00178531890163373,-133.528538371405
"392",392,0.0307574671988726,0.104226348033867,0.00101482099596395,-133.514487716512
"393",393,0.0472245049858872,0.135181004547768,0.00209927627499341,-133.843022146415
"394",394,0.00294010811066821,0.141754058860284,0.00173023941770678,-133.454624640449
"395",395,0.00239532201163045,0.14202711588608,0.00490711381305372,-134.218983459483
"396",396,0.00293981920354458,0.174167341512454,0.00219972404930095,-136.138222823141
"397",397,0.0835515893749175,0.16893246436218,0.00224670558677178,-135.52834766218
"398",398,0.0639913524242606,0.14390783184902,0.00182292562009237,-134.313510131423
"399",399,0.000822556421612789,0.14140928566442,0.00305086102648222,-133.34180752749
"400",400,0.0631171427139278,0.176059891933241,0.00226692220570548,-134.984928839133
"401",401,0.0306193694795152,0.14735935116637,0.00167549714001097,-133.661458028934
"402",402,0.0359092752524983,0.149721868450797,0.0041590907748694,-134.815247454879
"403",403,0.0121819887468554,0.127040376666736,0.00277073476147648,-133.464545841532
"404",404,0.00177746173782093,0.11775367188671,0.00238944654100426,-133.654484924318
"405",405,0.0205664532798614,0.119325107337185,0.00142003559872489,-133.393716516957
"406",406,0.0424295093414552,0.106174159876943,0.00197585277585088,-133.836487989429
"407",407,0.0402404945397576,0.144432599703669,0.00181327544725273,-133.729030689028
"408",408,0.0284353831683863,0.116756511211138,0.00213087426031649,-133.4667919126
"409",409,0.0444621139525441,0.187584216205482,0.00106456376103742,-135.497499060025
"410",410,0.0647078703614831,0.200492104335251,0.0038801852181963,-136.03751463239
"411",411,0.0831223632494235,0.240949293916299,0.00255136412789597,-136.880670736211
"412",412,0.117138917349329,0.117761217868057,0.00151695931422316,-136.018075110701
"413",413,0.132443276736669,0.102591073225615,0.000261125242773022,-134.970030333024
"414",414,0.0712928228848441,0.0915389798545452,0.000465696930749006,-133.631738445153
"415",415,0.116131947381232,0.0630960192665881,0.00133721899766606,-133.950389229677
"416",416,0.121049207423221,0.0709813032581119,0.00124273394137204,-133.980548429748
"417",417,0.0669907381522161,0.140138516801825,0.00165825676517872,-134.288806611968
"418",418,0.0249896242188885,0.109894490303824,0.0032471120381198,-134.507395575794
"419",419,0.0134244954865675,0.114016250223334,0.00207628568380739,-133.480385424152
"420",420,0.00650068742663172,0.172661324333894,0.00872515911852505,-137.134957336218
"421",421,0.0227910578343056,0.147543441038371,0.00764277965236236,-137.416477145421
"422",422,0.00837318059519972,0.155757773526152,0.00888899888560034,-137.203489967571
"423",423,0.00775625211846417,0.164910042112297,0.00501547939613615,-134.099867023682
"424",424,0.0225722013393274,0.17806227170648,0.0019758355688008,-134.032782646544
"425",425,0.0282122825053201,0.149171006828704,0.00311283867450787,-133.84705088931
"426",426,0.0212551822771773,0.141285859537814,0.0020417466711298,-133.388782248272
"427",427,0.0229427894963917,0.175380296300415,0.00302106472003676,-133.846463107588
"428",428,0.0338350554734798,0.134206502913449,0.0028507270165609,-133.872788997663
"429",429,0.0271279244474318,0.152607138525463,0.00127199512212397,-134.009161023619
"430",430,0.0189802776568499,0.0863853692617245,0.00100316028936361,-134.38698086459
"431",431,0.0907984059421405,0.0578281515876299,0.000517924436401822,-133.329315658795
"432",432,0.100828789633538,0.0953839703507529,0.000547091582469628,-133.758514179335
"433",433,0.0807127637582753,0.0909539895995691,0.00116920951505751,-134.162292911934
"434",434,0.0348831853321305,0.116825032518546,0.00116720934640482,-133.426381559216
"435",435,0.0448335525457506,0.110244452014831,0.00200213613074477,-133.84495042624
"436",436,0.0452397367914531,0.126400726291772,0.00169309649523303,-133.572328142487
"437",437,0.0174291109656322,0.120979009752769,0.00280398562835197,-133.630082272545
"438",438,0.011986963688722,0.123180688525214,0.00134389224577723,-133.56066691277
"439",439,0.00435985656150784,0.13260548372628,0.00160505571733609,-133.498213985449
"440",440,0.0642550925602654,0.0543412236777675,0.000483212033717157,-133.835428625735
"441",441,0.0459080816206292,0.0789376722409871,0.00166331374811732,-134.897432931314
"442",442,0.0576261116999326,0.106598284752582,0.000841327704753604,-133.556850986873
"443",443,0.0546132244213702,0.0767360787933312,0.00116836554935475,-134.086868365246
"444",444,0.0913067753245743,0.125565367677522,0.00156538659854013,-135.316536516415
"445",445,0.0116795645826101,0.0979167329228915,0.00170687238359638,-134.031846218794
"446",446,0.0169668394871099,0.0931575339472265,0.00265568682892311,-134.761352710198
"447",447,0.0123894367976466,0.15531645319108,0.00683417451835757,-135.717435006029
"448",448,0.00476815523606022,0.157165919960488,0.00250310700772786,-133.247902894539
"449",449,8.1163548991037e-05,0.116607444472611,0.00385347219998472,-134.405317922777
"450",450,0.00440056676854169,0.14110826969416,0.00106378634935029,-134.099119667886
"451",451,0.0857455014589391,0.172559808021606,0.00137998667880568,-135.41323426663
"452",452,0.0116436980479497,0.101585537526039,0.00113761262044133,-134.086262770511
"453",453,0.0887979657194702,0.0704020465332992,0.000563318197520458,-133.281690630027
"454",454,0.0872582269050188,0.0632025908269858,0.000506506292619431,-133.320615529404
"455",455,0.0814711115936984,0.0683716580211964,0.000494833225130167,-133.328373595075
"456",456,0.126263000793308,0.189420798603421,0.00143606321803994,-136.741720658645
"457",457,0.0645512609830045,0.11808406605994,0.00125664692038452,-133.824903696786
"458",458,0.054460951544981,0.100032671129789,0.00136478034069899,-133.713408457236
"459",459,0.0336836083311149,0.122293220489116,0.000673957374996273,-134.216739120888
"460",460,0.0224475764110605,0.122301951261252,0.0031760293844256,-133.94359318348
"461",461,0.00781212903968748,0.155780496614212,0.00245306675463131,-133.321805924571
"462",462,0.0080290535667807,0.141808390216917,0.00260058926203004,-133.299801076046
"463",463,0.063241469817211,0.117581099480344,0.00132094288656531,-133.819543661709
"464",464,0.057941209359717,0.148046750590966,0.00110314098639862,-134.347937414337
"465",465,0.0476454973912594,0.208906524773764,0.00450840298428105,-135.855903785679
"466",466,0.0488648388704547,0.173038272339715,0.00287146479096754,-134.663110762958
"467",467,0.0532389592832318,0.175784512008091,0.0023635781656988,-134.721678384223
"468",468,0.0225350548383321,0.154666412075451,0.00353278373570812,-133.898370092761
"469",469,0.0316034415558323,0.188071640973855,0.00474041014205331,-134.880414579964
"470",470,0.035062638199478,0.187341945248374,0.0010282262318697,-135.304403086036
"471",471,0.0422900893455422,0.196992061564688,0.00423128182807121,-135.110620484605
"472",472,0.0410480245088627,0.198735362147495,0.00400511773113054,-135.08768383564
"473",473,0.0499534823946006,0.161294585861393,0.00313805823497047,-134.68476555901
"474",474,0.053554126995085,0.149878707030987,0.000334841530120072,-136.419434984102
"475",475,0.113350074060944,0.0394318842345341,0.00048290310149488,-136.081986504368
"476",476,0.0630385148698202,0.0191480572169077,0.00139598256084362,-137.502137939843
"477",477,0.0849507683889945,0.0824733085710451,0.000723001950231118,-133.395996016487
"478",478,0.130469399498522,0.0767918174040763,0.000938533671831977,-133.751582598074
"479",479,0.129106423516393,0.0652182909877881,0.00155580996287644,-135.107447344278
"480",480,0.1230946193488,0.0755221435506123,0.000866745319136215,-133.70548886681
"481",481,0.133613699522461,0.079721707756706,0.00103130914020296,-133.89835454083
"482",482,0.0566780415867439,0.136838550110699,0.00104197729167847,-134.056385151097
"483",483,0.0395738631301409,0.138814376634139,0.00300221245697381,-134.155057832391
"484",484,0.00484499873937397,0.16761963578505,0.0030958713266779,-133.906741875301
"485",485,0.0204734400562483,0.141243670463561,0.00384448183773761,-134.049877808268
"486",486,0.0351428929393629,0.0972339748957248,0.00222512402125187,-134.239825056722
"487",487,0.0661524097754145,0.140196549275131,0.00257971113427589,-134.989326395099
"488",488,0.0604382429269435,0.149637991325832,0.00148282910547843,-134.269177147544
"489",489,0.00887269777779371,0.0835321049024302,0.00119505772628541,-135.302754791708
"490",490,0.0443326736317791,0.0737564090954293,0.00130168332703401,-134.49866703507
"491",491,0.0588877381240576,0.0776941542229241,0.00159843444524693,-135.109526705404
"492",492,0.128954555774459,0.0766733600315903,0.000374285874269138,-134.17491350641
"493",493,0.118545818362674,0.0866913397774947,0.000489965172807415,-133.861333424704
"494",494,0.149078327920081,0.0966468720296174,0.00251979245202422,-137.14832682748
"495",495,0.00698939342052957,0.157614619426401,0.00318150280173908,-133.343986947752
"496",496,0.0197594032811405,0.165935675903105,0.00313268114220144,-133.740334822303
"497",497,0.00800054504996316,0.148234430805192,0.00368447150397217,-133.596943754442
"498",498,0.00867732390309836,0.14913789265195,0.00162660277868288,-133.564504809158
"499",499,0.0531242607773441,0.092347409528053,0.00177434522620448,-134.549058884962
"500",500,0.127088440258817,0.063987992071653,0.00094012479714674,-133.889330458412
"501",501,0.0542931837784157,0.0755470571521851,0.000576896172733156,-133.551281344933
"502",502,0.040313177603917,0.143395831563571,0.00438910569954291,-135.356900677155
"503",503,0.0282471055273256,0.183241587132278,0.00229209878125039,-134.157200197233
"504",504,0.0389760394632444,0.107442349819094,0.00168636400134535,-133.495061687872
"505",505,0.067899900779035,0.175118788723534,0.00271269253818847,-135.275838470252
"506",506,0.0702640709429227,0.13188185991258,0.00290193718802986,-135.871816767011
"507",507,0.046798383779028,0.142828063574937,0.000496652926634405,-135.350790576495
"508",508,0.110509056300175,0.108090976799409,0.000376816935365666,-134.422650675239
"509",509,0.0555449980533613,0.0604672812927204,0.000818143941059069,-133.921189981495
"510",510,0.0530542344673415,0.146501341391555,0.00111080435385906,-134.235305516316
"511",511,0.0710599089288943,0.0399110800609318,0.000785223997015973,-134.173978047906
"512",512,0.0892100212351513,0.0855002534937041,0.000979736177598688,-133.789841119405
"513",513,0.120829288696821,0.0697295475753703,0.00254304185802971,-136.569401404218
"514",514,0.0368834852817942,0.0727399296529185,0.00100350294086571,-134.25723686662
"515",515,0.0308323430477284,0.131265476178849,0.0035601007232875,-134.350934930892
"516",516,0.00840995087342736,0.136621331140356,0.00399767821651591,-133.893004987418
"517",517,0.00659402886293721,0.171419445760921,0.00346741938902447,-134.317115392765
"518",518,0.00812331699586509,0.105892222413232,0.00412721383155968,-135.313497073014
"519",519,0.000616845019290623,0.120102340782868,0.00205903713034347,-133.606566394523
"520",520,0.0348902322024088,0.161784539306693,0.00225328098038579,-133.954928239139
"521",521,0.0363153744384691,0.158962065765127,0.00228540890236703,-133.93320176375
"522",522,0.060681793654457,0.136203129099374,0.00180395259912652,-134.11701346997
"523",523,0.0438963267778037,0.143146438858625,0.00353241356182675,-134.738366121203
"524",524,0.0426155588923642,0.180409199315389,0.00190168953319174,-134.626979519131
"525",525,0.0498105174548423,0.114852163039835,0.00268708637597956,-134.770455711227
"526",526,0.0453351992652614,0.184920248076949,0.00363457311674851,-135.001977402459
"527",527,0.0292631554108186,0.15889114034712,0.00312686744281794,-133.954918597377
"528",528,0.0424495759473913,0.162673927597248,0.00147636745985556,-134.30593993526
"529",529,0.034449150136092,0.0917254147458863,0.0010688698480776,-133.569023195191
"530",530,0.0463397091588972,0.0699692853557504,0.000990520153554837,-134.126709685076
"531",531,0.115211785377319,0.140725925764591,0.000869305394384517,-135.3124672138
"532",532,0.0689331063616186,0.237886757603602,0.00482912537449847,-137.983505170946
"533",533,0.081949884139667,0.236259737311885,0.00391106012026307,-136.847060583955
"534",534,0.0832489364463924,0.197018645246265,0.00612655451456401,-138.770314623204
"535",535,0.0240530940499074,0.161466198069534,0.00167829959892767,-133.898944929726
"536",536,0.0401430706653776,0.160529933211362,0.0027736885593096,-134.169091123781
"537",537,0.0201156667649681,0.142703895680798,0.00108240135138806,-133.976265467439
"538",538,0.172534104110182,0.112501154277455,0.000540837979109523,-134.836370206871
"539",539,0.0945276823289342,0.057657849991412,0.000514690868408007,-133.336711528532
"540",540,0.124202260894009,0.073459381513729,0.000788666090339526,-133.61775164851
"541",541,0.113188036081504,0.089895999580297,0.000574182726200063,-133.780281321327
"542",542,0.0994658163830704,0.0517227084351109,0.000993135734704497,-133.471729244364
"543",543,0.105713307360495,0.0636678998833039,0.000631659786007178,-133.325621870759
"544",544,0.0846436497206344,0.0867053353842353,0.000476436926386479,-133.511376097245
"545",545,0.069101556380718,0.0725905749724783,0.00170326101241886,-135.518424242077
"546",546,0.0972443491203531,0.0387396161991907,0.000880184534235047,-133.576928891586
"547",547,0.092848342419649,0.126641768389223,0.000305252196900898,-135.341055445287
"548",548,0.165505184760055,0.109057149755428,0.000803366305541139,-134.594162193777
"549",549,0.0709622188545796,0.107878930599966,0.00128962331431409,-134.103324765507
"550",550,0.0736005049590374,0.0866970884796224,0.00103441778312276,-133.793991838111
"551",551,0.0746168639914928,0.0509243988916366,0.00114014240521888,-134.172040302404
"552",552,0.124430438482068,0.14037235481999,0.00179956213270333,-137.316803226379
"553",553,0.0656433603987362,0.140882478991235,0.000642778552992756,-134.824128469044
"554",554,0.0392145848034255,0.0620073863316163,0.000422117840707294,-134.92150308629
"555",555,0.0364954707397971,0.0783550957937793,0.00128288190519644,-134.180661763559
"556",556,0.0668987939727641,0.105598374767153,0.00083593529164245,-133.648616395646
"557",557,0.0304631296376715,0.113467859578187,0.00263275363607753,-133.923543473111
"558",558,0.0265554099626371,0.107906475133766,0.00199396713033699,-133.531287221282
"559",559,0.107477850113302,0.0426772256876913,0.000716463442190074,-133.846736477562
"560",560,0.0852763744000353,0.0823990151979497,0.000704025282172158,-133.385051731287
"561",561,0.0640234457981202,0.114044094157891,0.0010621007585182,-133.711076253975
"562",562,0.164933973665712,0.119935912211075,0.000645396772307887,-135.010628089142
"563",563,0.0747526121047144,0.0487762939468736,0.00119869963049885,-134.337341284842
"564",564,0.0608995967378121,0.0895605023130202,0.00129476446231482,-134.096301865951
"565",565,0.0297298566087977,0.142338994034749,0.00129447848483224,-133.75533990335
"566",566,0.0691714560074461,0.124122231027132,0.00101455843912366,-133.959280431959
"567",567,0.101138242975743,0.111330968923644,0.000568632133267874,-134.172562634361
"568",568,0.0326286937775831,0.075512649062688,0.00104201311253355,-134.258321881055
"569",569,0.101943420899056,0.14857738240723,0.00142782736239884,-135.500156556437
"570",570,0.0486603725787116,0.148285937660988,0.00183513081304643,-133.976207141102
"571",571,0.0821198527947266,0.146847604478034,0.00144458738502068,-134.766872198518
"572",572,0.0310659503344564,0.168581611437161,0.0036250528973987,-134.309809311769
"573",573,0.00673264313702647,0.158316908628145,0.00447957082725982,-133.792304572531
"574",574,0.00833328660929084,0.13108653106744,0.00290060612581594,-133.437221316933
"575",575,0.000205845175265891,0.115863224758449,0.00272360734470768,-133.84767486882
"576",576,0.0300485463615731,0.120713917912128,0.00126376062935462,-133.419438349953
"577",577,0.137453945111838,0.106613067998388,0.000569569038792733,-134.480454404661
"578",578,0.163122800262014,0.125612585502854,0.00051234686174182,-135.23889719287
"579",579,0.104619560909228,0.0387900686557869,0.000352745703242092,-134.656848361299
"580",580,0.0812829291844772,0.102845238586045,0.000605430574317755,-133.771065022315
"581",581,0.150022548680341,0.10221495192831,0.000368976944176162,-134.82122696812
"582",582,0.12436089951373,0.118396763168165,0.000969664657746399,-134.964101785806
"583",583,0.0910646642460413,0.138969308204275,0.000355136205987956,-135.654059063064
"584",584,0.171565006022571,0.109676726980187,0.000881022135761106,-135.003315190595
"585",585,0.101967108445109,0.129348790075802,0.000548502320722185,-134.796837646623
"586",586,0.0220727157236227,0.0979310654598063,0.00410964579519487,-136.35807015959
"587",587,0.0430667931230782,0.145454548125553,0.00374201881507648,-134.856587247785
"588",588,0.0519179234216867,0.191232652632318,0.00271973947106145,-135.064921807112
"589",589,0.0857771337644241,0.15769775696341,0.00160260105551085,-135.115907614282
"590",590,0.077105595790996,0.124838419149489,0.00145293512515189,-134.436678995756
"591",591,0.0789962935506798,0.043883099651516,0.00093730473988874,-133.840493346316
"592",592,0.0556101165792818,0.158269066276819,0.00131006533845378,-134.477794323807
"593",593,0.0539014297469293,0.160890713277207,0.0022584475196422,-134.421513778374
"594",594,0.0988267159747803,0.0617891581266775,0.00155835089798254,-134.633534384405
"595",595,0.107006370708039,0.0771124823586235,0.000483141600486451,-133.569218279878
"596",596,0.0498831655361908,0.068973988780153,0.00105549745755206,-134.167741608686
"597",597,0.0843417580804255,0.0777396551246101,0.000666505815318774,-133.311040723508
"598",598,0.0522053295441085,0.0553843233424556,0.000200669652384139,-135.600718139033
"599",599,0.0457220194293676,0.0564803976595646,0.00156416152323381,-136.255801602673
"600",600,0.0679064471172911,0.104183836627031,0.000311135179002599,-134.631144857067
"601",601,0.124957799544778,0.0590398466267663,0.000966879391865488,-134.218453565849
"602",602,0.0804267812947487,0.0667423817121123,0.00149708382975468,-134.818080628441
"603",603,0.0838531044227309,0.0556187446979835,0.00134628692920293,-134.348092739006
"604",604,0.119232088750598,0.0566426666820906,0.000891456897158324,-133.677495822183
"605",605,0.113251769641902,0.170708238714467,0.00146782949166027,-136.123499950468
"606",606,0.0889578137551688,0.0621228743073979,0.00109391472464788,-133.748031692418
"607",607,0.114005734093898,0.107084182785474,0.00137896442093607,-135.356798851939
"608",608,0.131574120922942,0.152748759159713,0.00029429658255875,-136.163148140052
"609",609,0.155337771319533,0.161537567073848,0.000190485684483849,-136.68501285146
"610",610,0.211089878464651,0.158708190532799,0.000209685420327917,-136.22811155648
"611",611,0.14608084212281,0.158428319661333,0.000439373488527479,-136.064033102772
"612",612,0.141863654259115,0.165774868070052,0.000323159025336065,-136.497825266683
"613",613,0.108028017098032,0.0706338942634999,0.000300690316508634,-134.06473823793
"614",614,0.112650746407729,0.1430654225292,0.000445500902913039,-135.484351027177
"615",615,0.0828303486552499,0.0246954644718587,0.000761197377904742,-134.547986739208
"616",616,0.0749851116791673,0.0804698272581667,0.000763106886843365,-133.371825218162
"617",617,0.144307141560403,0.0919517543707849,0.00108346775387705,-134.279806429652
"618",618,0.0332173320446999,0.129374022660188,0.000428837916064538,-135.315040567981
"619",619,0.106856669820219,0.0696798279157864,0.00123558616167894,-134.035957251526
"620",620,0.111035687135101,0.14214795833089,0.00112260820143072,-135.486677504809
"621",621,0.102904572487276,0.0338050898155626,0.000993695475266419,-135.079282530392
"622",622,0.0961208692890763,0.101449801934705,0.00118462328394665,-134.561548549818
"623",623,0.0980032491741758,0.0980508809092509,0.000757609242249679,-133.833258617419
"624",624,0.079946705364929,0.180690457755747,0.00155974052203637,-135.485552898333
"625",625,0.0361845601736478,0.187009724984934,0.00603818029159423,-135.820898465056
"626",626,0.0344092531822421,0.187934410826492,0.00242822382326546,-134.362985161332
"627",627,0.0324963194262567,0.159478980095308,0.00149614456411824,-134.063936241266
"628",628,0.0473406842646123,0.121277898925285,0.00255695051696843,-134.294319331218
"629",629,0.0497773676755134,0.11409161083712,0.0025590743599388,-134.620370056013
"630",630,0.0558692598148859,0.148302459770913,0.00260102934738302,-134.508921884224
"631",631,0.0263158414778542,0.134937030536606,0.00158121398619738,-133.438212767321
"632",632,0.0142267059203771,0.134826908354926,0.0064334766354539,-136.204582959606
"633",633,0.0240997367030433,0.176952094714739,0.00858206939297265,-137.182106282618
"634",634,0.0296355208135501,0.184319350964467,0.00820864436872046,-137.054308860508
"635",635,0.0288958918261031,0.159286245671564,0.00308703681202791,-133.934170027605
"636",636,0.0262269934524817,0.134234607358909,0.0039365201787108,-134.43121305593
"637",637,0.0205233382727023,0.175269777375296,0.00194455632345162,-133.927688775153
"638",638,0.0214609668172879,0.177546706597575,0.00459221075209139,-134.355270093791
"639",639,0.0289231281353774,0.167105383760252,0.00463303779765549,-134.756827374911
"640",640,0.0427273371932417,0.16839602146057,0.00390096666408699,-134.889475968296
"641",641,0.0625383060880969,0.21281060512117,0.0038777627569094,-135.901034882713
"642",642,0.10915823827474,0.213283268347016,0.00241383656247208,-137.065892462815
"643",643,0.109600152877755,0.218847393975261,0.00244087144496014,-137.178214763737
"644",644,0.130381168088746,0.185900610404701,0.00121306545706416,-136.681859877493
"645",645,0.0868840572799203,0.177873125673578,0.00254119515681974,-135.930182487847
"646",646,0.0155028293310328,0.143748852265031,0.00258719288270225,-133.37730680289
"647",647,0.041719798497679,0.13420051670842,0.00274535211832096,-134.069465393423
"648",648,0.0577190460856496,0.152130056317895,0.00385042140869662,-135.676114777544
"649",649,0.00402475056912179,0.174508421863612,0.00584976000800043,-136.175470212326
"650",650,0.0549199913035539,0.176915613400906,0.00163559634963808,-134.86207790809
"651",651,0.0324017531495517,0.105655897653879,0.00184137614172743,-133.535430271859
"652",652,0.0488766962083639,0.135414640142264,0.00130477840847071,-133.776280305947
"653",653,0.0830875882359904,0.10724595495934,0.000728208633393841,-133.888798519304
"654",654,0.0284031303124205,0.108730345559592,0.0016834985844949,-133.392916192043
"655",655,0.0167772381896694,0.151997296227067,0.00324569314820969,-133.618747200305
"656",656,0.0431125079096682,0.142392732710355,0.00231408807034728,-133.87550777429
"657",657,0.0393782874498793,0.15773660806026,0.00352532295940562,-134.485362218911
"658",658,0.00957941304451089,0.151298687086789,0.00381123882010495,-133.672217617739
"659",659,0.0172131058772916,0.111067974930582,0.00162893121932611,-133.450916538565
"660",660,0.047309051295168,0.104225151803131,0.00108532053163296,-133.405086450204
"661",661,0.0479125674112899,0.110634361512686,0.000299514162599596,-135.291035633375
"662",662,0.161124440777111,0.126876757528925,0.00102262768690034,-135.564933509967
"663",663,0.148325017224494,0.0924588707765144,0.000966429133358444,-134.205165812886
"664",664,0.0394031861009789,0.0902020634735174,0.000789410966668162,-133.620243691304
"665",665,0.126767920241121,0.0979866723491036,0.000552786876722837,-134.14638614954
"666",666,0.0721821068344715,0.094089095609806,0.000296081844073866,-134.275746384492
"667",667,0.0912533185991127,0.0622186532729115,0.00095997639469872,-133.50661655984
"668",668,0.0435163242184018,0.149425227197937,0.000957548275083933,-134.417936049395
"669",669,0.0136958160053264,0.148163384029169,0.00377103347065022,-133.767340370731
"670",670,0.00991467085312514,0.114596966906539,0.00137736884675274,-133.664546244998
"671",671,0.0278219232431204,0.123210341434245,0.00167006745290334,-133.324522510484
"672",672,0.0425334052496044,0.113168245997171,0.00111602196236627,-133.422304813371
"673",673,0.0618064046600186,0.0459506261075725,0.000522140147045847,-134.315255888297
"674",674,0.0843006309765912,0.0911776056455353,0.000709218509232986,-133.521170478609
"675",675,0.0985543461960359,0.0906573266773512,0.000849047590330148,-133.77278146952
"676",676,0.107945055010753,0.0638677394184791,0.000673177570075891,-133.345823942983
"677",677,0.0374257473131853,0.132270085948311,0.00176862081706262,-133.498736254304
"678",678,0.0224943663554404,0.105808814505856,0.00178877203923103,-133.501278277959
"679",679,0.028716214913192,0.148457666138345,0.00221730747751839,-133.591811992164
"680",680,0.0213484404113533,0.133266292751545,0.00122184510232684,-133.636240173077
"681",681,0.0176687357743356,0.165541118662782,0.00320128734103013,-133.676420918588
"682",682,0.0191809475997643,0.176469402998576,0.00184478762290829,-134.072441962318
"683",683,0.0167706028478526,0.114287444568676,0.00064882438993188,-134.548117097308
"684",684,0.112224916970646,0.127488988047172,0.000223286616584933,-135.66241145569
"685",685,0.128158899341673,0.0638355013761571,0.000627185836260435,-133.902689535023
"686",686,0.131093730160399,0.134513061999393,0.000347950505448243,-135.400612544433
"687",687,0.110121068336662,0.0944040302922401,0.00075271116664951,-133.885260423057
"688",688,0.0642671496817343,0.0724449360602298,0.000686994247086898,-133.367162746202
"689",689,0.0447887933298814,0.140762050173098,0.00278862365786843,-134.194588737986
"690",690,0.0348425312036316,0.158607835549315,0.00183743577178768,-133.927487830687
"691",691,0.00159863583099525,0.136899582816071,0.00228148586961469,-133.307148741816
"692",692,0.00720675219216957,0.161990042370425,0.00271940559173524,-133.323882292141
"693",693,0.0661470492768907,0.136006947006902,0.00223046322169127,-134.665483780332
"694",694,0.0467562049158795,0.161955026814872,0.00146381396312918,-134.359225873647
"695",695,0.0753003276562454,0.193987711398426,0.0030664185664211,-135.96576316786
"696",696,0.0300341673885624,0.1181745050197,0.00342273925445822,-134.542317114958
"697",697,0.000839860149071128,0.129839042823139,0.00304031042709119,-133.507757190045
"698",698,0.00528604147328491,0.157710838605823,0.00173192412013216,-133.507572327393
"699",699,0.0322028862804071,0.142884038225245,0.00289819523238272,-133.838118198927
"700",700,0.0357738637552506,0.180943838315458,0.003364243201517,-134.479399966392
"701",701,0.0410990327447137,0.194438548994358,0.00409971906855282,-134.977992587657
"702",702,0.0822604322578349,0.231769668474263,0.00323155497237875,-136.603863577294
"703",703,0.0865601117440702,0.158662925931523,0.00353433470538185,-137.137484892887
"704",704,0.0796235637168458,0.234684689879076,0.00978540815097077,-140.438290434453
"705",705,0.0903448866525569,0.252389863830457,0.00793863799482326,-139.575435781905
"706",706,0.0907693275248918,0.250932589487976,0.00468869791171882,-137.794550250161
"707",707,0.101384552599311,0.245425760711286,0.00210220021548831,-137.297358535821
"708",708,0.0978895031855359,0.251878987124665,0.00137792998877046,-137.586784502429
"709",709,0.128799678080085,0.261363903352881,0.00208386471434173,-138.31215390307
"710",710,0.125072504975848,0.162953870394614,0.000133739017702079,-137.534140979786
"711",711,0.13109419630174,0.161132607529305,0.00112679524322565,-136.331586380259
"712",712,0.0734226084899914,0.160739514944734,0.0012308361239918,-134.888471457988
"713",713,0.0591573915733949,0.155035431831687,0.00234984151305463,-134.535389387701
"714",714,0.0125082414983569,0.174546043117139,0.00543493113391885,-134.780701876143
"715",715,0.0124075713704285,0.165591689924747,0.00207785929848397,-133.536134627876
"716",716,0.0260668397038017,0.0996202485617624,0.00174054864993597,-133.624770573414
"717",717,0.00742974103824352,0.100552847382783,0.000804840445908279,-134.884426537531
"718",718,0.0539543265404577,0.10908234771026,0.000876273866208026,-133.546522064227
"719",719,0.0474458653877447,0.0770647836456075,0.000373597541947236,-134.232057419633
"720",720,0.0905120500705713,0.12085346620455,0.0010488168617285,-134.517777163959
"721",721,0.179901621439904,0.121894271876809,0.000410527793091678,-135.125033001576
"722",722,0.174235855744959,0.128265554578676,0.000583018083881463,-135.239396397031
"723",723,0.115235283746912,0.0641837550002026,0.000874970835772664,-133.46221266297
"724",724,0.0684713642201673,0.0705525017026939,0.000840846220566451,-133.472027498758
"725",725,0.103904290487428,0.0732974400690803,0.00114891835191796,-133.948904859748
"726",726,0.0758551009108213,0.0801042028865417,0.00116183405975453,-134.024904554762
"727",727,0.0351897771072753,0.110754032425612,0.00197001724819283,-133.561304914865
"728",728,0.038431407010566,0.0755572002408547,0.00185140552865709,-135.3676001253
"729",729,0.0380733923269022,0.0902532619689675,0.000367876675967014,-134.737036566107
"730",730,0.0629835468814416,0.10605886933728,0.000997764350990879,-133.61479459614
"731",731,0.144145470296248,0.0748664335240672,0.000823678960151747,-135.050115803568
"732",732,0.133584152112269,0.134221926118427,0.000880624401824974,-135.409026160322
"733",733,0.11296248514267,0.0727243714761386,0.000761438834304716,-133.501473612262
"734",734,0.130456569955149,0.0820619397160364,0.000427684887332053,-134.117789584495
"735",735,0.110827220158115,0.100660837380678,0.000444579653038117,-134.104709736928
"736",736,0.125837800343059,0.0750642479981704,0.00140616114043579,-134.298593695684
"737",737,0.0563624755392532,0.075789623885809,0.000401740143513877,-133.784852216566
"738",738,0.133402524389141,0.0992992298987528,0.000979490582600694,-134.503555382246
"739",739,0.130592615542484,0.100654309472542,0.00150612902429391,-135.501779682476
"740",740,0.0579548719087886,0.0644245589807977,0.000454223291876674,-133.74187778616
"741",741,0.118376056463534,0.0730281362445027,0.000728998021806578,-133.564091158131
"742",742,0.0508508551779198,0.103022327878213,0.00149191407698497,-133.679067838727
"743",743,0.0435606002400238,0.140154195483938,0.00124083733151349,-133.855776551598
"744",744,0.00569156425924425,0.142764224022353,0.0040171049388725,-133.755859081936
"745",745,0.0275672798093786,0.1600155747387,0.00469128520744898,-134.755839221795
"746",746,0.00764298414984782,0.152840403461184,0.0037097163047818,-133.568128473221
"747",747,0.00729958353388438,0.167153845489226,0.00181492906410038,-133.916607425092
"748",748,0.0204735371380054,0.170040804586094,0.00148696671174869,-134.098625664165
"749",749,0.0905922502071867,0.117136793806332,0.00124735672107203,-134.787037853605
"750",750,0.146682748304024,0.087356700296104,0.000485645320894055,-134.218239106229
"751",751,0.0449984273802481,0.0887981108235806,0.000814671827332539,-133.523292396076
"752",752,0.133214095455484,0.077458313762132,0.00208227982885934,-135.775098088874
"753",753,0.11963217460094,0.0670363350603698,0.000709348915465935,-133.477460197049
"754",754,0.11389054099107,0.0596984636444091,0.00157761764682053,-134.323378180404
"755",755,0.114782156468806,0.0627992790048037,0.000407173307553325,-133.802349303613
"756",756,0.0823383062870965,0.124173348839124,0.00118240439246475,-134.384608840745
"757",757,0.0674181199804061,0.120788105677594,0.00290911424261999,-136.171572517626
"758",758,0.049149004549516,0.124236024953791,0.00318963839688792,-135.066132573751
"759",759,0.0146325396561376,0.129350515682071,0.0013159727942542,-133.557691652666
"760",760,0.0250577926739845,0.0984822015453727,0.00208182632291117,-133.892107498435
"761",761,0.0396721929785561,0.156942533507321,0.00209610575856812,-133.958452033401
"762",762,0.0332554696657074,0.177974588011638,0.00413171402314601,-134.665615415077
"763",763,0.0182898580560959,0.132499606051832,0.00347525639795531,-133.856354471509
"764",764,0.0139413432552688,0.167174204040939,0.00625844696146802,-135.028225622746
"765",765,0.0170869196248238,0.178308191224435,0.0053587514075683,-134.838141367014
"766",766,0.0157113817227955,0.12669268121462,0.00254124706397163,-133.40515585998
"767",767,0.0446331002553764,0.108891245076276,0.000387905637822513,-134.759036435535
"768",768,0.0522292225716046,0.0849584233842748,0.0009563949656586,-133.581614270239
"769",769,0.115584878555813,0.0738657680300946,0.000405164144858523,-133.824570333439
"770",770,0.0888763449419825,0.0813998007524843,0.000746710328207679,-133.423435440489
"771",771,0.0743965969108115,0.0840811744753854,0.000841113727576282,-133.482646075034
"772",772,0.0724531829196812,0.0631423111407092,0.000898386995125159,-133.579071527563
"773",773,0.0681003448941194,0.0591004154485133,0.00103092021841551,-133.950364206821
"774",774,0.0798395146158147,0.0849708710993435,0.00127234782722437,-134.332561723732
"775",775,0.0835847961413261,0.0664538208816526,0.000361061930589608,-133.627972446611
"776",776,0.0923121770692718,0.0688933152455511,0.00139089450753444,-134.442995064944
"777",777,0.125582962433661,0.0995637046806647,0.000155815808366204,-135.600597800081
"778",778,0.0978607055368689,0.0611646270369202,0.00118763802293109,-133.841082018827
"779",779,0.103356779753596,0.0587115605189396,0.000757989035350378,-133.300355478774
"780",780,0.067956908531519,0.11536638029563,0.00167841730198477,-134.373027751416
"781",781,0.0291074045624084,0.10957063445667,0.000340120284959319,-135.470223588738
"782",782,0.120124134338801,0.152443924261325,0.00047237240298182,-135.791911915704
"783",783,0.135484408697428,0.273522309592322,0.00437831725947482,-139.315486257449
"784",784,0.113171193076077,0.275262051601413,0.00444777337836041,-138.762108226571
"785",785,0.106349631418807,0.266346191721823,0.00627714303394199,-139.124099211852
"786",786,0.100267469363196,0.212352263303465,0.00556671655510749,-139.020586652569
"787",787,0.048278335338975,0.188626343506024,0.00127045229350445,-135.35922786344
"788",788,0.0734157532631157,0.208074216939733,0.00114026719208224,-136.484131382863
"789",789,0.142338052719566,0.245324479801759,0.00163310004671954,-138.174532759934
"790",790,0.100310945684783,0.10075437897832,0.000570291750210309,-133.870122243875
"791",791,0.0404527394645893,0.12735027479825,0.0017578230416579,-133.502734682256
"792",792,0.0359401374958274,0.132218736718808,0.00186367088629121,-133.485036094807
"793",793,0.0271980523433127,0.158764168385118,0.00264953429279689,-133.767349785251
"794",794,0.014996512473,0.120840039010802,0.00151972683319569,-133.415132469826
"795",795,0.0228027274945768,0.136820089627029,0.00201427407679719,-133.362808580816
"796",796,0.0142650557012188,0.153188328206289,0.0024337000076459,-133.429170723607
"797",797,0.0605855287986656,0.123302786480338,0.00217413130615828,-134.474678003425
"798",798,0.00066078700138483,0.137536757656426,0.00304732451724008,-133.382133251657
"799",799,0.046608398130533,0.161088855915808,0.00151361312128226,-134.306790447604
"800",800,0.0634420822251751,0.187890036060946,0.000883604647192284,-136.047209786457
"801",801,0.0591064700529342,0.169442382705372,0.00230026387498797,-134.742858059842
"802",802,0.0450255315410453,0.124220769840777,0.00189926458738521,-133.642673141384
"803",803,0.00084827628786563,0.127022667432433,0.00369077223704456,-133.866879329623
"804",804,0.0234968202744626,0.114254103365066,0.00388040954167688,-134.943290398643
"805",805,0.0221941186809539,0.138289901726603,0.0014510768138014,-133.534116520826
"806",806,0.125742976567908,0.154787150912672,0.00267382618597967,-139.406230919422
"807",807,0.0572979339998239,0.175930359048777,0.00222028070981865,-134.816432506585
"808",808,0.108104166275337,0.178124392549182,0.000659963041878953,-136.362849076789
"809",809,0.0559661457027349,0.204699105681313,0.00444221055336093,-135.844257384497
"810",810,0.0538370966801428,0.174759618887515,0.000873965350630548,-135.511669207898
"811",811,0.0161066112203929,0.130898931349019,0.00176677983053772,-133.325852075917
"812",812,0.0111722955618865,0.134904588825073,0.007498769046845,-137.121759071946
"813",813,0.003026717765832,0.154992707738119,0.00735047884567538,-135.582971476295
"814",814,0.00373099247364435,0.163567247113941,0.00195145084569541,-133.742668269976
"815",815,0.0373836518218073,0.175732747280854,0.00321120651568478,-134.451796359002
"816",816,0.0372249023458751,0.161116911977413,0.00244189851290446,-134.013847470832
"817",817,0.0707340298450111,0.112648428926688,0.0019646231009312,-135.07800020664
"818",818,0.0504347250377232,0.178584808098341,0.0012787234800225,-135.071163188377
"819",819,0.0562541632882747,0.093607345114904,0.00120066150841218,-133.712390056101
"820",820,0.0109552482012391,0.134583505944433,0.00274696671793168,-133.369919156528
"821",821,0.0174038261514807,0.125543763021175,0.0021598839613929,-133.321382435783
"822",822,0.018358175012477,0.110809278797312,0.00124888503805133,-133.56283496105
"823",823,0.0243524915905582,0.116934404006396,0.00134944016717376,-133.388328646432
"824",824,0.0368473996686952,0.134459218797619,0.00185237315325797,-133.521968219113
"825",825,0.0229889314054254,0.114985576546637,0.00034945260223043,-135.69202137539
"826",826,0.190387672239174,0.237760945493176,0.00127164481202498,-138.747917457187
"827",827,0.207818596115057,0.152807457965839,0.00101443293356728,-135.933601310689
"828",828,0.0091211915036867,0.158039081320749,0.00114400044387268,-134.145503367417
"829",829,0.028360483420419,0.0928490915851711,0.000868586195478277,-133.824964521667
"830",830,0.0321148682547136,0.0830652476498402,0.000446767463933034,-134.72134004363
"831",831,0.0435951198326527,0.0882869361820022,0.00122851414950131,-133.665542444859
"832",832,0.0752399439185615,0.0672005608004111,0.000395503367637635,-133.54577136503
"833",833,0.113609515736933,0.0869134793815233,0.000608267209772742,-133.716773783044
"834",834,0.141280091659464,0.0731937121733087,0.0012021903814752,-135.336848764741
"835",835,0.115813546263493,0.069121249938209,0.000884985072903002,-133.559575121151
"836",836,0.118871286247818,0.0607220657565894,0.000624451645437024,-133.465811206903
"837",837,0.122501003292963,0.0876284462274391,0.000916349141740125,-134.019107699898
"838",838,0.0929229703588873,0.0505343395108393,0.00156595264780021,-134.573716967351
"839",839,0.109853873853718,0.104154539283771,0.000754425262315852,-134.124823757151
"840",840,0.0230399083734741,0.0980846547454233,0.0021789969908193,-133.989093529795
"841",841,0.0306193953027221,0.104246945809641,0.00318507256399733,-134.942037089924
"842",842,0.0198908551710264,0.142562453262711,0.00408939378206783,-134.181467107884
"843",843,0.0102256779045514,0.132697882733734,0.00200905109114177,-133.300949641058
"844",844,0.043965012635483,0.100436455375396,0.00159138142381389,-133.64917722506
"845",845,0.0315073409624606,0.126530880242148,0.00149416490616889,-133.390702628905
"846",846,0.0125446092769805,0.135676031956522,0.00166682452659586,-133.395314830836
"847",847,0.0216001332991872,0.119232254401319,0.00178086746434241,-133.318530067763
"848",848,0.0227967736755803,0.139686798390373,0.00209632206688671,-133.388989782081
"849",849,0.0131257311084549,0.139570594578448,0.00467015792674093,-134.419362024173
"850",850,0.00345575918610181,0.16836994362872,0.00468279990207043,-134.542212678651
"851",851,0.0294918158929902,0.196622530101813,0.00343705600527092,-135.64965888633
"852",852,0.0776760358802393,0.209617580847832,0.00177532564452631,-136.209668156721
"853",853,0.0892121575870083,0.196671079262888,0.00180382574426767,-136.083752484988
"854",854,0.0483624187473848,0.144010458513811,0.00108477527146729,-134.135556695164
"855",855,0.00358005940145797,0.150339656952456,0.00522066826930227,-134.2585380639
"856",856,0.00293527164839777,0.155673856748072,0.00469545618499033,-133.80629491412
"857",857,0.0186583183943622,0.14545332594263,0.00242095621234521,-133.409103661014
"858",858,0.0219379133966983,0.163479197734337,0.00243193563864685,-133.710885222227
"859",859,0.0920690103884389,0.0928812427723506,0.000996160737953597,-133.97320183532
"860",860,0.03891646507783,0.110054479755197,0.00146384223828925,-133.375591860463
"861",861,0.0576963687542325,0.127969550097739,0.00156819225554814,-133.84456993427
"862",862,0.0361919934905114,0.108378225683733,0.00155161805708519,-133.38869656979
"863",863,0.0328539331496892,0.111875264401908,0.00171445197118396,-133.386083438651
"864",864,0.0305074869524055,0.155059443404208,0.00292810831828416,-133.878767544128
"865",865,0.0303731142636001,0.120348232319166,0.000953945850769877,-133.689658412477
"866",866,0.0822638318701384,0.157835797092704,0.00152600567226469,-134.988313045459
"867",867,0.0999065668134528,0.165516087706794,0.000980474358366675,-135.589109141391
"868",868,0.197569392916161,0.205951308470998,0.000424069393680845,-137.489375276322
"869",869,0.0877185102685829,0.148253090907663,0.000747139895280092,-135.064935447291
"870",870,0.0810623849096467,0.106425005821665,0.00126312500812161,-134.476228723047
"871",871,0.041948300325708,0.107826304887749,0.00121942823336748,-133.371755518885
"872",872,0.0333218400579928,0.105600459490943,0.00170789829391913,-133.469467904145
"873",873,0.0374391069517227,0.0909882738980279,0.000504352708858688,-134.202135326743
"874",874,0.107277431551856,0.138809567133815,0.00052689322643591,-135.183786918169
"875",875,0.0209935003856413,0.101100127914616,0.000851926301593937,-134.004218784364
"876",876,0.0261113557617822,0.0947225395934452,0.00121535856622816,-133.659941431456
"877",877,0.0695335468523835,0.0775273254355734,0.00136820404180999,-134.515825987275
"878",878,0.0795033014883859,0.0425097440802883,0.00315224816528488,-139.137496148193
"879",879,0.0961438129258414,0.225541069854878,0.00218909110821909,-136.945420244191
"880",880,0.161081211772524,0.236533216157182,0.00226716069965466,-138.791608703867
"881",881,0.222345789408026,0.361579719189739,0.00197910443610055,-140.772260238442
"882",882,0.335617639133119,0.357688741164863,0.000336789674950634,-140.851962151769
"883",883,0.372575783808537,0.360988910694248,0.00066824698494491,-140.588471607278
"884",884,0.342307925471077,0.288992204621711,0.000686857220739376,-138.271915699655
"885",885,0.269724372701924,0.21634229927582,0.000653188051988858,-136.887998773755
"886",886,0.0563384776124388,0.0335162210101032,0.000790298110219816,-135.831674238512
"887",887,0.0902582604250479,0.103139316028316,0.000690109281812889,-133.835033118113
"888",888,0.0383987899399106,0.0939004719924763,0.000793446735199154,-133.609717973393
"889",889,0.0692001734271066,0.102766074231271,0.000913600758982383,-133.686124613373
"890",890,0.123887194525609,0.103167718648779,0.000561241088544057,-134.22417004802
"891",891,0.0788643579029799,0.0999853222568375,0.00049294792785702,-133.79226224901
"892",892,0.0780010609922131,0.0834298784245202,0.000466228931778998,-133.454930501566
"893",893,0.122284382314704,0.075311395741121,0.000913026516147639,-133.732974574648
"894",894,0.0781125560094917,0.108432949517039,0.000650531968374124,-133.8795857408
"895",895,0.0925906433056429,0.0313047804211073,0.000761533922967371,-133.981314530828
"896",896,0.0910108012619084,0.0805020949631492,0.000572528605376886,-133.380965868647
"897",897,0.0587767350598499,0.0660208815389831,0.000380560858497453,-133.862765740927
"898",898,0.0714861353642808,0.0817948243190777,0.000321382944811585,-133.865776234461
"899",899,0.144133484275385,0.119927609792611,0.000741470697321522,-134.946605734116
"900",900,0.178649992070376,0.135287889410673,0.00142483240629499,-136.09904330494
"901",901,0.0283604501349486,0.0928190081094215,0.00399558223034442,-137.095122511427
"902",902,0.00925906897364167,0.10169396949915,0.00245061430009271,-134.177492108244
"903",903,0.0223148621372297,0.116487292444719,0.000995518834816756,-133.705644965295
"904",904,0.0532502188659748,0.158670577290433,0.00141713539297552,-134.394194382609
"905",905,0.0241429989447562,0.169305411323204,0.00285802341392119,-133.857979933123
"906",906,0.00249049808460989,0.112394674469841,0.00152699387511911,-133.921427373802
"907",907,0.0206126735883872,0.127016350356373,0.00219669757193724,-133.337745249426
"908",908,0.0516563091561697,0.171214287347733,0.00179262242309578,-134.587200691579
"909",909,0.030718837122726,0.140131146347391,0.00187054043966523,-133.499978307457
"910",910,0.057385955867849,0.159189982160227,0.0029380137762015,-134.845423479817
"911",911,0.0117114297787242,0.140160790189213,0.00234374175939246,-133.299151752149
"912",912,0.0138131660950326,0.150868555744006,0.00267439177887292,-133.41461361213
"913",913,0.015486884282318,0.148720451159741,0.00618988015982145,-135.525104551082
"914",914,0.00926711179605935,0.13650598624583,0.00206773071689624,-133.296692010792
"915",915,0.00499313541966538,0.147544885129009,0.00424438741950774,-133.797274113699
"916",916,0.026543014316199,0.190270959563964,0.00563194240275459,-135.633869788071
"917",917,0.0240650600258786,0.149621620142694,0.00117570628742057,-134.021055936094
"918",918,0.0799868461418153,0.0343403739554445,0.00133191868323209,-134.672388960744
"919",919,0.0773847437053605,0.0669527250448441,0.000261078135782625,-134.122185112011
"920",920,0.102722160861027,0.0831435865221208,0.000501356563770028,-133.581855447346
"921",921,0.135668761723688,0.0794938866875295,0.000713503292525999,-133.763293788523
"922",922,0.0503400440445,0.112760663539767,0.000661081841837881,-133.883042618631
"923",923,0.0315282570470834,0.102514864792339,0.00165589315794331,-133.495717118243
"924",924,0.0462625823011444,0.147373776485624,0.00303777605393986,-134.424060187686
"925",925,0.026353227216627,0.159145595181822,0.00316273599887277,-133.887973909895
"926",926,0.0216210787367513,0.153842167988909,0.00207861741924002,-133.56954816076
"927",927,0.069797068041577,0.128607682804334,0.00145059931191558,-134.161922262113
"928",928,0.0429885185251073,0.105884998011206,0.0017133459908719,-133.61676183532
"929",929,0.0229433082844975,0.101702128813671,0.00206450393546748,-133.753098510684
"930",930,0.0239156698434278,0.1518365798938,0.00224451723864188,-133.558909968269
"931",931,0.00252231010454504,0.142168537015049,0.00203734316863972,-133.333826129472
"932",932,0.0305975615941381,0.170854011320399,0.00366305480264944,-134.328596656485
"933",933,0.0856984390513886,0.189335919991457,0.00149917856534519,-135.852766664459
"934",934,0.070163925266042,0.091648541432682,0.000586852367134843,-133.494728442533
"935",935,0.0433378191014134,0.119311154194894,0.00302896414543959,-134.691942364629
"936",936,0.00811695111924356,0.138311769329284,0.0019308314445614,-133.331311745566
"937",937,0.0453874110606418,0.11999222273511,0.000973745873469726,-133.619858539485
"938",938,0.0844524258838048,0.143841599998136,0.000818075421920067,-134.812230068377
"939",939,0.00727560421790175,0.155935309709542,0.00251515320958197,-133.304404640044
"940",940,0.00831041837888988,0.109267297662633,0.000851063394217248,-134.469972359702
"941",941,0.175236320899248,0.190161422863127,8.12388555822637e-05,-137.888549101497
"942",942,0.255826707063033,0.235127035965948,0.00159366938157583,-139.475274747317
"943",943,0.198248274339297,0.234761609854057,0.000732344836369709,-138.376461056134
"944",944,0.091862176431994,0.15659507913743,0.000961163927010996,-135.209729944215
"945",945,0.0117672613105406,0.1406580293424,0.00573946082376572,-135.199611197829
"946",946,0.00242558557867151,0.163501992762388,0.00634836309237185,-134.905263901877
"947",947,0.0123378714069315,0.175206239763221,0.00419617854146743,-134.35809395384
"948",948,0.0392380983011325,0.15353976686257,0.00386862263439923,-134.714647448373
"949",949,0.0461993238616305,0.187590127145229,0.00193600646515449,-134.870253846125
"950",950,0.024346629011658,0.107737358863969,0.00158980413131083,-133.408841811001
"951",951,0.0589215270833548,0.220370094040404,0.00332201108788485,-136.128648609686
"952",952,0.0718073762612142,0.156271465302254,0.00280062683470203,-135.390086809611
"953",953,0.0393080210146015,0.184739943807971,0.00171170168928342,-134.696946395853
"954",954,0.0441533732076904,0.144559248832092,0.00258826820819069,-134.055630821207
"955",955,0.0431498186809978,0.147437654660168,0.00427056996187201,-135.32055510212
"956",956,0.0510201614227086,0.204725995839141,0.00230173510067479,-135.17603490884
"957",957,0.0534810573935737,0.156216277570534,0.00242453885780228,-134.394174720449
"958",958,0.0321585189635765,0.120085098756309,0.000959628674326134,-133.664015250138
"959",959,0.0630518705888099,0.160618284867715,0.00515642836498705,-137.284950012047
"960",960,0.00144993600317664,0.159845317316583,0.00436369501309602,-133.694453025693
"961",961,0.017059079273603,0.171326864036271,0.00312057193181846,-133.658529217848
"962",962,0.0635885010475005,0.179319194722513,0.00351403396593713,-135.597382790568
"963",963,0.0140406560528122,0.162401927208534,0.0059455457710786,-134.939078096001
"964",964,0.00639517301417697,0.161334082868791,0.00579830091718299,-134.485663688556
"965",965,0.00247047784420876,0.156036341392225,0.00317608879577435,-133.248328992209
"966",966,0.00136282368797721,0.161207993529823,0.00249199185534127,-133.507370341067
"967",967,0.018864224256965,0.18512362910885,0.00305928289674036,-135.018474313679
"968",968,0.0446414683982795,0.165794106314413,0.00255051345877787,-134.317828033168
"969",969,0.0224023609515513,0.121813640068623,0.00340599551439737,-134.142526024596
"970",970,0.0102135171131478,0.173915597852013,0.00261124885174597,-134.256527054313
"971",971,0.0552424088281782,0.157696192289143,0.00191836270345868,-134.330861666319
"972",972,0.0518737649232343,0.0908318423272552,0.0022306275812602,-135.531339618744
"973",973,0.0185271808136719,0.110304166944806,0.000834178245186252,-134.04897723869
"974",974,0.100493035241032,0.0397762576744607,0.00104654060958191,-133.75486034097
"975",975,0.102406627351309,0.0942276641340183,0.000636799806840327,-133.734352895143
"976",976,0.034193552420969,0.0962436706979046,0.00178636182656527,-133.786807971801
"977",977,0.0310296292393643,0.182408768277192,0.00393233370441413,-134.436728019594
"978",978,0.0222988179414929,0.102473232202963,0.00368375022395768,-135.380095397532
"979",979,0.0121137241327218,0.160480460610033,0.00398813256698198,-133.755885989316
"980",980,0.0207561719694425,0.168291712881211,0.00378939799453628,-133.976067140408
"981",981,0.0232261150879925,0.158984777775793,0.00480229683143914,-134.651544027025
"982",982,0.0302679587681018,0.130346898004117,0.000280139214623078,-136.39464037978
"983",983,0.0935441872493978,0.0865130711836543,0.000559632544606942,-133.499032706435
"984",984,0.0733850797445481,0.0743413241887942,0.000392698546822977,-133.544789020797
"985",985,0.108147012310549,0.0799932699290675,0.000911913635620035,-133.719326000277
"986",986,0.0330268959005528,0.114349582408954,0.00140764421939694,-133.336780822098
"987",987,0.0836215152999283,0.0759495976688004,0.00130863719569189,-134.356066773549
"988",988,0.119240874302557,0.0703691326475808,0.000335572231745221,-134.129802847227
"989",989,0.0788433626977045,0.0898535485742211,0.000432670973338052,-133.630692131546
"990",990,0.0479824392589217,0.0934690005760237,0.000292317923494092,-134.869129294546
"991",991,0.144288387017559,0.0761827864332505,0.00119270285885461,-135.40429968443
"992",992,0.0331650343323015,0.167129067848066,0.00579963813829132,-135.795765615976
"993",993,0.0355760105252288,0.136565847345728,0.00277992872590865,-133.873786663966
"994",994,0.0523667056135098,0.120522502701216,0.000838902788253028,-133.793758560137
"995",995,0.102891570356101,0.038438454458964,0.0008239063119826,-133.924234224479
"996",996,0.0618057562916246,0.136235087682956,0.00310533790212635,-135.417222738725
"997",997,0.0133853293987015,0.175084361464934,0.000951785322019483,-135.451120959434
"998",998,0.146053492466446,0.12986155553486,0.00214507834977035,-138.134169313899
"999",999,0.00890302306291853,0.12285642539756,0.00194080142203424,-133.38297466026
"1000",1000,0.0762292515197521,0.134579740464984,0.000331104579415281,-135.679695772409
