"","i","asc1","desc1","pol1","p"
"1",1,0.649135335614028,25.7301492932239,9.79013080004662,-266.57401327601
"2",2,0.308870752722117,32.2759759626056,5.37767873350437,-230.533464808606
"3",3,0.362222990708903,21.4604558444926,5.24155477012926,-223.194721802064
"4",4,0.1763235374615,27.02760763391,2.95150265627913,-210.17473971061
"5",5,0.760396209205739,15.003927550204,1.35639479378266,-185.900939904959
"6",6,0.124488687894492,15.2096498502092,2.15581101848348,-186.136477390228
"7",7,0.338874644647001,13.3490511495739,1.78471082396404,-181.542030866468
"8",8,0.522396035673025,11.7400206606291,0.993154221501708,-179.825308726344
"9",9,0.24349100102343,5.70219303393437,0.519585098852615,-164.614973362622
"10",10,1.35718510026663,5.33566076077808,0.387293664489879,-164.565795571467
"11",11,2.04581183636821,5.26105026821025,0.482293102498358,-167.045170390368
"12",12,1.80329637626953,5.81422407908927,0.441246109556883,-165.224484751628
"13",13,1.76913045156716,5.32888989273296,0.396389065881503,-163.967863783106
"14",14,2.06327677391731,6.51269126104689,0.567926416955852,-167.76390068928
"15",15,0.467236148336048,4.450982873923,0.458141414633962,-160.378211432474
"16",16,0.144246633856842,4.20379495479506,0.456137875609716,-159.358190546701
"17",17,0.222605462812616,4.0528239529802,0.393468432874289,-159.80615685145
"18",18,1.12177768608344,4.61552789019835,0.469505137170442,-162.568373896229
"19",19,0.14426728794034,4.08538888383511,0.478055978654428,-159.097716761775
"20",20,0.119705462754155,3.96305170983113,0.483793714197829,-158.96098985381
"21",21,0.108700812335431,3.87184843684657,0.427101326120376,-158.527269242449
"22",22,0.0882338875936733,3.87206313360947,0.391463479056685,-159.116458826603
"23",23,0.58020094520398,3.71667258900146,0.356174612247163,-158.864221808598
"24",24,0.504435301196152,3.91586928681212,0.437306289717761,-159.619375290718
"25",25,0.11052952947915,3.43382936627862,0.442709641720467,-158.244923889122
"26",26,0.0345943410640889,3.64610787379782,0.420229428955273,-157.850724891784
"27",27,0.564191114594253,4.11238790770101,0.443243789636663,-159.972147759664
"28",28,0.358723219622663,4.3074626234514,0.463472148038858,-159.889138364734
"29",29,0.0252269303781845,4.44557214302389,0.567272133396326,-160.011232843729
"30",30,0.166079792056993,4.46445316233529,0.585079174848545,-160.938906599145
"31",31,0.178857149535229,4.53853058948383,0.635404317429515,-162.192320981147
"32",32,0.22218540560974,4.76888414461597,0.609401654101388,-161.538708972964
"33",33,0.325630774006406,5.04221903219785,0.589327716916885,-161.705408815319
"34",34,0.0547544981554416,4.94673177603794,0.532596538475401,-160.998245178983
"35",35,0.188362786741485,4.36013711821245,0.513025214472172,-159.847594856605
"36",36,0.198426153844723,4.33545701743259,0.533149074711829,-160.118089132663
"37",37,0.287699501000977,4.58939472472236,0.468847430922875,-160.593317982413
"38",38,0.798820695579588,4.28283997004437,0.424973202280087,-160.555445947829
"39",39,0.143914612451942,4.35652856208091,0.444886901237668,-160.075875075561
"40",40,0.459054226892426,4.01594392024746,0.529513213304981,-161.845031132406
"41",41,0.0494231666333258,4.4179002943395,0.568315626382587,-160.1144680825
"42",42,0.041244282938485,4.48396454209236,0.474826771758954,-160.07883235432
"43",43,0.577731239575803,4.17757479302322,0.462593723100509,-160.347237243055
"44",44,0.524748480555002,3.77863351553415,0.420637916481999,-159.404790485185
"45",45,0.194343041042561,3.68792057017018,0.427066039157791,-158.322980654048
"46",46,0.0997554517702954,4.09658033291852,0.486045998108146,-159.050397724083
"47",47,0.165687627079337,4.07373044125582,0.485369709058983,-159.213450731003
"48",48,0.252677476198652,4.28822627287046,0.447402647266728,-159.778997130725
"49",49,0.134080028009361,4.38931940390193,0.529776058107852,-159.878764154926
"50",50,0.145589493935117,4.14152307080081,0.492354502562525,-159.289386223004
"51",51,0.323966272158079,4.43169004730509,0.479687075863964,-160.110274131492
"52",52,0.428230627722338,3.89359294279573,0.341240998980424,-160.251236295803
"53",53,1.11422913802565,3.63016881458044,0.339501582769092,-160.222218773839
"54",54,0.79662729317583,3.73515639902122,0.346760185848803,-159.153040914061
"55",55,0.533114732724276,3.24845380369248,0.300055059746254,-157.795523158531
"56",56,0.947786229787562,3.34335663842411,0.33476021575548,-159.813310024012
"57",57,0.346296363377909,3.23139078593203,0.326769490244307,-157.467535599737
"58",58,0.428302772106193,3.29266014871444,0.327786783637407,-157.692395512717
"59",59,0.85268977839795,2.94433663386308,0.293273098472713,-158.775849785163
"60",60,0.49719005351725,3.08829730778464,0.309244570676957,-157.32330638784
"61",61,0.581263106923674,2.91960887954872,0.250409730264286,-157.201570367049
"62",62,0.391733368808085,2.53981691364324,0.29092744184294,-156.836793020269
"63",63,0.155876311165234,2.90110631418651,0.345004006537648,-156.626652481321
"64",64,0.217451870490449,2.98235752816055,0.301890539676855,-156.882081278393
"65",65,0.509941629810664,2.94086489588374,0.264859340773123,-157.108919600497
"66",66,0.936692122703188,3.06189078952286,0.212706731364151,-158.173679370828
"67",67,1.33043749765975,3.05883510635751,0.182838341073078,-157.69715159345
"68",68,1.30536233727723,2.60070601811339,0.132701113262127,-156.299059262544
"69",69,1.33859215622772,2.640906283191,0.1552862079875,-156.613655578609
"70",70,1.29355162591575,2.62722779927292,0.15474451728816,-156.426544043463
"71",71,1.38088189901898,2.51932229697766,0.143164738767404,-156.688172204556
"72",72,1.41132249887223,2.84222624985601,0.186159843429701,-157.97236753177
"73",73,1.13722552409266,2.8767419483438,0.178197681856956,-157.352273498494
"74",74,1.19397099819863,2.55123579951268,0.13191314957102,-156.55398137509
"75",75,1.33441534326789,2.64337753154638,0.121043366510761,-157.105153171356
"76",76,1.4569014664482,2.7368959007219,0.126541941040536,-156.791891334292
"77",77,1.64208079119647,2.81535055365765,0.117329169909639,-156.869359209898
"78",78,1.76062950823223,2.99627235107818,0.144537381534887,-157.739284082018
"79",79,1.64678083211161,3.0448440083629,0.163803200651483,-157.826689888068
"80",80,1.46979785101809,2.67151555239128,0.138540499666655,-156.561163123183
"81",81,1.47996695335738,2.70413416512607,0.138545638038272,-156.588397369505
"82",82,1.41798499643966,2.89462626583118,0.143749227283577,-157.512140445891
"83",83,1.48304712660698,2.95802864107387,0.141645577608895,-157.767402216305
"84",84,1.51968992982796,2.98110774858593,0.115310663599389,-160.42386958736
"85",85,1.83293738447362,2.94093893158268,0.104096077208694,-157.402531314024
"86",86,1.85826922834871,2.95493869382666,0.133065177684955,-157.979954490977
"87",87,1.58944695784586,2.64847712219528,0.116960439550809,-156.346885543984
"88",88,1.48696991164989,2.45375759996113,0.0913657760424798,-155.83011462568
"89",89,1.48162363301148,2.36657150054219,0.101330678833581,-155.596467526761
"90",90,1.31736523543415,2.27119538833424,0.0806317094169354,-156.347329477164
"91",91,1.28115272776487,2.16006989681433,0.0804539007774417,-155.126368604884
"92",92,1.50185812113877,2.40001088231961,0.122658220489052,-157.460518686375
"93",93,1.02870777397345,2.18996445302051,0.130528652282067,-154.99832157636
"94",94,0.901351987172595,1.94898111056707,0.130967676840638,-154.793136744465
"95",95,0.877744225127321,2.12036986831763,0.141959032687049,-154.874577489096
"96",96,0.88564842197667,2.16522454911974,0.190128761361237,-157.722553598199
"97",97,0.401683950545738,2.4826337245606,0.29164910496782,-157.170829875911
"98",98,0.31854704111491,2.65582914102791,0.276975134364343,-156.095216986383
"99",99,0.374715247231575,2.78546227722509,0.284153761095441,-156.455318290372
"100",100,0.101448257346451,2.42342879954764,0.257933172214465,-155.367448854838
"101",101,0.328591518569537,2.36343672433204,0.252680416726289,-155.58939878578
"102",102,0.111675134426912,2.08270393718464,0.275381804392917,-155.782396647667
"103",103,0.00799682904438359,2.4881177974881,0.299344815491337,-155.247687740645
"104",104,0.11524288906588,2.47923795077854,0.284843307390214,-155.427250738038
"105",105,0.0382693542690613,2.19897586304241,0.290300344793072,-155.407369031669
"106",106,0.0681713056940619,1.89229346016637,0.17741217842376,-155.576655269617
"107",107,0.0370704930407659,1.31107903162718,0.143051397761229,-152.735599571164
"108",108,0.253409029222562,1.37499675272176,0.12808331008346,-152.99027910361
"109",109,0.266674361979644,1.31404555487284,0.138263552270617,-153.483719605376
"110",110,0.244566375392494,1.43807427229444,0.168159266942787,-154.584909404812
"111",111,0.0563767675188294,1.34719440195608,0.157147143596878,-152.813888165049
"112",112,0.0375151541792933,1.51328100095303,0.159771791776737,-153.392640593752
"113",113,0.0251236609299043,1.49307426103135,0.178545249621523,-153.076182280747
"114",114,0.0409280521040218,1.50533641025242,0.180614488375907,-153.185604566513
"115",115,0.0416546787025176,1.61384321292102,0.23173835877904,-155.452161442444
"116",116,0.0542012744211493,2.09197837803795,0.265384019020827,-154.883596255376
"117",117,0.0480627042527648,2.31557253646084,0.323700307145597,-156.521702754403
"118",118,0.0236965086219354,2.91539690175078,0.311285244771068,-156.517739008085
"119",119,0.0361313798700765,2.05256511492067,0.304687426733085,-156.922047327221
"120",120,0.0359222737266799,2.30321555411772,0.292218852223501,-155.235935655058
"121",121,0.00595030849286911,2.84261022771755,0.349770941019992,-156.112776704544
"122",122,0.479270589154775,3.4120443768668,0.338328052346738,-158.022281924454
"123",123,0.490436407250895,3.47677260893155,0.348938408289015,-158.185832483001
"124",124,0.670691807300763,3.32304750454705,0.268888854643892,-158.705797450825
"125",125,1.26511980144296,3.58743262029906,0.278391596411265,-159.243490496814
"126",126,1.43634085198245,3.49188561839218,0.240469876395024,-158.997601529305
"127",127,1.30893560586023,3.13011187354202,0.253336063706893,-159.536150016172
"128",128,1.2283750800076,3.36862657387305,0.26334958320965,-158.788278063493
"129",129,0.765563601539776,3.01136610994453,0.28853812885738,-157.826869019353
"130",130,0.441956559168943,2.77059337790657,0.334764137267386,-158.294337970314
"131",131,0.200692794288396,2.72023175036845,0.323993263129253,-156.455493516235
"132",132,0.0945679374924966,2.61552482032555,0.303053154201307,-155.690396773526
"133",133,0.315903477852526,2.72124624879334,0.320841024174648,-156.980592426402
"134",134,0.336326843678989,3.08561737954825,0.31951367331401,-157.089588702031
"135",135,0.117533211834797,2.89789318361379,0.317298700613174,-156.359360055618
"136",136,0.132013411632281,2.99753088010511,0.353569387886892,-156.703342875077
"137",137,0.15278733871459,3.9942433420361,0.414396791118416,-159.117594654654
"138",138,0.208947268320179,3.34016948847873,0.316069009451515,-158.41325129002
"139",139,0.144885404297819,2.87604191971729,0.279456077582243,-157.123921463657
"140",140,0.255261160806301,2.63004661074704,0.281709059071724,-155.954745888254
"141",141,0.238767791544109,2.44353108269598,0.274759917660029,-155.675636247658
"142",142,0.452982620562586,2.59601428748218,0.278062038374013,-156.59159766017
"143",143,0.0428920287189386,2.78131257794833,0.287378252143292,-156.479276702256
"144",144,0.505149572376185,3.00323359021047,0.281477715309465,-157.129002088364
"145",145,0.509477645308099,2.71840918015602,0.233044695815805,-156.774395735251
"146",146,0.716681812935109,2.41180903412165,0.153912748480752,-157.762768956948
"147",147,1.07948972492129,2.26599122136555,0.173752437029942,-157.844723242072
"148",148,0.374574058516728,1.62567447203285,0.118244845372648,-155.238212834732
"149",149,0.341507768046073,1.50195591235113,0.1167969313875,-154.059680795002
"150",150,0.461125858802089,1.45500973435778,0.131324181105259,-153.889907966295
"151",151,0.355482579649429,1.56221198129812,0.139804190430154,-153.458109527654
"152",152,0.426774083829647,1.61465361341645,0.134353825631845,-153.588104789501
"153",153,0.51428238542378,1.82580188903217,0.145350889713614,-154.181788016862
"154",154,0.503088598869811,1.8430706687741,0.181729822284774,-155.251473561229
"155",155,0.50947809151338,1.76782561337585,0.130972798769921,-154.321042650178
"156",156,0.622705357439768,1.74191490414385,0.133843371398048,-153.950879935956
"157",157,0.623093346775342,1.83522895568624,0.114867079152736,-155.310391051084
"158",158,0.649486440572709,1.57413643075151,0.0934380785802483,-153.572508327554
"159",159,0.533752118425288,1.10734725417389,0.101617899699131,-158.506306280796
"160",160,0.399930276864274,1.10864014885153,0.0701872901365829,-152.62622290086
"161",161,0.582029070532372,1.14295007629024,0.048649787191415,-153.089254297077
"162",162,0.81224296721452,1.25894231051922,0.0522860898064186,-152.026238293912
"163",163,0.72293129029669,1.27043744579168,0.0651570644615378,-152.217908682804
"164",164,0.777825516177379,1.28325922232975,0.0636366608882951,-152.715645939876
"165",165,0.716449384871516,1.3595219741248,0.0611543430357456,-152.701361229529
"166",166,0.826766419142816,1.58344763972717,0.0912521788976276,-153.357810971963
"167",167,0.774879575881158,1.55308177180223,0.0932238855604203,-153.243741514928
"168",168,0.789183256198292,1.59413957205232,0.0970668786997097,-153.416826921949
"169",169,0.726412778404588,1.65936064314072,0.0833412822217222,-154.997161016757
"170",170,0.917165187380788,1.52788390816006,0.0787932037787984,-153.782401766589
"171",171,0.871733099998793,1.83978533242717,0.109957714477694,-153.941021366647
"172",172,0.813530876252794,1.73734176269069,0.0894941485316667,-154.103562666404
"173",173,0.835811470268936,1.76064920078405,0.112547998735326,-154.009512905463
"174",174,0.743801570386464,1.65772577605164,0.115944167558076,-154.035820341147
"175",175,0.806688977037068,2.07019943022552,0.187935533249583,-157.439367855111
"176",176,0.470048930771401,2.042579067492,0.192386120128037,-154.862923456806
"177",177,0.768907636046001,2.49544165787207,0.20394298949505,-156.034440391448
"178",178,0.399649890615476,2.56198281282743,0.338436324747166,-159.387444880862
"179",179,0.411352191663039,2.72930526518487,0.24348783616389,-156.782402195601
"180",180,0.546051536701091,2.9773913919051,0.275713360292718,-157.091533889186
"181",181,0.539148831587209,2.71597649457777,0.262049413536277,-156.507676946496
"182",182,0.174591710724113,1.96148020932732,0.257875065717587,-156.106525038952
"183",183,0.176582089716595,2.38075629948631,0.253155958929772,-155.282300615765
"184",184,0.211825957132832,2.75701607162615,0.318646623803136,-156.372049872682
"185",185,0.191311570659342,2.71767961145069,0.309148526685844,-156.139332330787
"186",186,0.189737563126527,2.75900334213789,0.283449649562928,-156.284813858913
"187",187,0.214145556368794,2.66722212431709,0.308454721451885,-156.198537053752
"188",188,0.0324219912725021,2.10325907140038,0.270272698467652,-154.884645323253
"189",189,0.226947824374935,2.55032432217618,0.275797509078038,-155.73496072029
"190",190,0.294451269176371,2.81421152056448,0.31679917403153,-156.653331861561
"191",191,0.207022171198176,2.65587728471832,0.355626269609482,-157.861514869472
"192",192,0.207533664834409,2.84566487286277,0.35056070372332,-157.056339498444
"193",193,0.061713579408385,2.6760604723506,0.286431470303984,-155.935623660202
"194",194,0.175440533090471,2.40203041267113,0.278611453056489,-155.508002426413
"195",195,0.1912265849246,2.35504000768575,0.266014968793806,-155.338600597665
"196",196,0.134320496572382,2.49163474899764,0.326005933998026,-156.610698202119
"197",197,0.0571777992991847,2.81257813275104,0.319412661840974,-156.036901487772
"198",198,0.165555683182853,2.53980962372168,0.261577137485898,-155.765559464773
"199",199,0.314940955177826,2.46292839411499,0.228548839560794,-155.980557906699
"200",200,0.624593720373473,2.67587564214265,0.197578015619461,-157.681122187524
"201",201,0.721246386090628,2.2743199228882,0.190938955474105,-155.596205495626
"202",202,0.629373735399701,2.27582729042956,0.201867911054773,-155.54910952586
"203",203,0.719519892051507,2.38680078014016,0.170048603290153,-156.150434473779
"204",204,1.10930358418288,2.69011554014023,0.214395267766116,-157.855082099179
"205",205,1.10282453094669,3.2984278874146,0.240351472321278,-158.289663961208
"206",206,1.06953515245087,2.91570664596967,0.250365365726159,-158.426782211221
"207",207,0.811114834073189,3.06675120123643,0.231419997522684,-157.968960875894
"208",208,1.24792514782232,3.27360964590814,0.251446897195198,-158.611034332963
"209",209,0.777639173272421,2.55601523146489,0.214390908010588,-156.270959213452
"210",210,0.836105206498715,2.58747377898879,0.178089680576465,-156.696520621419
"211",211,1.27603669268137,2.79690207915623,0.179410341393856,-157.003142829016
"212",212,1.32740629467164,2.9500314039882,0.17841394859922,-157.304553134363
"213",213,1.23180719157878,2.94198082467018,0.220869753739907,-158.053065362053
"214",214,1.26933614338157,3.12273011704611,0.214101531869843,-157.861094482908
"215",215,1.09287396802044,2.80613845419826,0.203244392641802,-157.003079658065
"216",216,1.18246085372249,2.93182933766757,0.186896031872308,-157.313561887074
"217",217,1.37822460902609,2.75924539012926,0.177060260525009,-157.562572528473
"218",218,0.895922050400935,2.33188575575614,0.131499918529524,-156.973352983522
"219",219,1.27789195746255,2.40383221453836,0.112923396902106,-155.67900707134
"220",220,1.2709119892186,2.50674940456495,0.121254658468295,-156.198804509499
"221",221,1.58035945564504,2.77021492007344,0.102221291398968,-157.852228738621
"222",222,1.57670406168428,2.65634588675124,0.111864916833922,-156.282515628191
"223",223,1.63578155411667,2.63699101547257,0.0769525721610905,-158.343602927606
"224",224,1.64299992942283,2.13794381108399,0.0477448262908212,-154.463191313518
"225",225,1.654572692815,2.04929326871691,0.0435893667731455,-155.032180056439
"226",226,1.63699078165854,2.05697362716537,0.0439995402998312,-154.622693221524
"227",227,1.64823563404147,2.05886475890766,0.0261156355395003,-155.163109654005
"228",228,1.7042369450028,2.10181858229428,0.0279794642966838,-154.585578037854
"229",229,1.72592070218208,2.04572298294391,0.0282597165581436,-154.171736755613
"230",230,1.71229728150817,2.03384195036521,0.027996542461762,-154.077922549862
"231",231,1.72334627142127,2.09506298170891,0.0259383098203091,-154.436026305227
"232",232,1.71836096043364,1.96393659712192,0.0069137532869329,-155.430240988771
"233",233,1.84288387644592,2.00289946013682,0.00663171178027606,-152.905765740083
"234",234,1.82793517435934,1.99724228098587,0.0046349276987802,-153.09949012616
"235",235,1.88583586144403,1.94431013222619,0.0039926166730831,-153.15776908379
"236",236,1.81073439764433,1.91732614421993,0.00435041782762917,-152.105211220517
"237",237,1.8223678570785,1.9092792545222,0.00106661437802352,-151.169355143475
"238",238,1.84510295064857,1.92273287678576,0.000349852456668528,-150.932101288355
"239",239,1.82836048383217,1.88226920408121,0.00153813224243666,-151.311123315461
"240",240,1.81546887200944,1.88006735507314,0.00066100610669849,-150.73995487251
"241",241,1.80010952538127,1.8069733447845,4.82168573585798e-05,-151.38922641726
"242",242,1.76583996340333,1.81336360672871,0.000756588733547939,-150.555293101806
"243",243,1.77193194666543,1.82047959425522,0.0017949731197177,-151.233447094771
"244",244,1.72841807050524,1.81100967504818,0.00728946343881766,-153.529409934962
"245",245,1.62134259945979,1.78252056108141,0.00707983520637939,-152.296764360349
"246",246,1.62839862906567,1.76909537679076,0.00896002855258391,-152.472331375358
"247",247,1.58599511166178,1.80328312671951,0.0102125671560767,-153.022389306513
"248",248,1.57478887022331,1.79748228570905,0.0137085972637405,-152.803297767913
"249",249,1.51797531880536,1.69405006750326,0.0058973231420818,-152.391677818766
"250",250,1.56998748513053,1.69607001034174,0.0113212818838095,-153.339605921444
"251",251,1.5444785392155,1.75045227351727,0.0133855825763181,-152.59314278612
"252",252,1.50395861459969,1.71666531049197,0.013883809261749,-152.501670158963
"253",253,1.48155508489221,1.77561647303416,0.0239719983459945,-152.983319726923
"254",254,1.4612453376439,1.83229752543566,0.022253209815402,-154.781133409936
"255",255,1.63727483852324,1.93447415644222,0.0247714001142196,-153.62245275774
"256",256,1.67287309978176,2.00401186048008,0.0331686115587515,-154.481232239751
"257",257,1.6987190155703,2.01554923196572,0.0241376188629713,-153.836980890299
"258",258,1.73176115362343,2.09866808908532,0.0334980903653579,-154.37500736553
"259",259,1.61305545087432,1.97635824762405,0.03324187792669,-153.893154793492
"260",260,1.43278274805487,1.9778872279365,0.0419213746223836,-154.715938020102
"261",261,1.59041874984441,1.96893390432406,0.0311895178097944,-153.7519211238
"262",262,1.51459277346926,1.80507066004346,0.0313387002784242,-154.267135496124
"263",263,1.45163176597022,1.84121657601405,0.0317836173156545,-153.365705188019
"264",264,1.55318200853829,1.99015052196714,0.0281043396387791,-155.290726176947
"265",265,1.61560517919782,1.91640963992309,0.0189132236268187,-153.739056304494
"266",266,1.64310225066252,1.84622553687508,0.0194540067490334,-154.207113600885
"267",267,1.52184431457152,1.73931000436369,0.0158021214312807,-152.69085219414
"268",268,1.48143315071173,1.64535168327386,0.0130188967569912,-152.608532534176
"269",269,1.47441560141739,1.66488742880821,0.0109007228657432,-152.2005418997
"270",270,1.47246929268363,1.6512338985182,0.0121783492723139,-152.249071041428
"271",271,1.47596089109173,1.67280015429801,0.013591855542167,-152.364130344402
"272",272,1.43852020138446,1.66883486849684,0.0122139646686294,-152.6864614088
"273",273,1.44716725198935,1.59337116965901,0.0135963542835155,-153.078760072306
"274",274,1.4186703343279,1.64008160206104,0.0139965254145842,-152.293135455968
"275",275,1.41954952708342,1.60198087176462,0.0121528701928886,-152.04751839737
"276",276,1.42268282699676,1.62902339043831,0.00852610366221555,-152.60078512768
"277",277,1.4386535075454,1.56886402516505,0.012002946571741,-152.878093787308
"278",278,1.37951457822604,1.62516997772235,0.0239462171692547,-153.053453738523
"279",279,1.29591098240394,1.6077555257978,0.0237058793972873,-152.501438925165
"280",280,1.31948315294848,1.60598304172387,0.0247582517840437,-152.415246842632
"281",281,1.30958291372028,1.56880781665573,0.0274805155649523,-153.22284272651
"282",282,1.27357322455595,1.62732473105703,0.0357388891316293,-152.81168098033
"283",283,1.18766150399024,1.51439152648234,0.0317221344636475,-152.26113167785
"284",284,1.11229185060287,1.44043214343981,0.0302794911667541,-151.864747913223
"285",285,1.11206175903434,1.41030453820127,0.0278158019393608,-151.780393227898
"286",286,1.09440497294518,1.40450174638113,0.0247244179586923,-151.793880382428
"287",287,1.09492768361928,1.39347140743053,0.0233111176012171,-151.742363143377
"288",288,1.09958869129872,1.3779173894007,0.0221156506920324,-151.560632214005
"289",289,1.08162765303625,1.37964744009996,0.0244445152361325,-151.611448844157
"290",290,1.05637166751812,1.36429912184556,0.0299699990013196,-151.694141812448
"291",291,1.03773649230682,1.26593882546915,0.0302116755670848,-154.077308142852
"292",292,0.840326742678708,1.2598759027318,0.0505824165555874,-152.277457444398
"293",293,0.717418817352168,1.26180224841335,0.0640422052381272,-152.117504503414
"294",294,0.589159049441796,1.14637006178783,0.066941158969941,-151.962405750682
"295",295,0.533490429666187,1.07526948112087,0.0505180178068456,-152.165272998926
"296",296,0.628855110885147,1.10368701319744,0.0550426240281945,-151.515545585702
"297",297,0.53251997039985,1.0200893114506,0.0553785323762479,-151.269090895578
"298",298,0.413115978802192,0.822861084186109,0.0496997269844786,-151.0174933705
"299",299,0.387237564429898,0.748237170829261,0.0352726374709523,-150.348431286826
"300",300,0.403717218282495,0.695899166246412,0.0254255382992872,-149.754166261153
"301",301,0.447231138919692,0.717278684009905,0.0286101602915667,-149.606249381375
"302",302,0.420944427459247,0.709806653424895,0.0281787957864816,-149.545449314938
"303",303,0.44974152948893,0.744511290341296,0.0268928823414206,-149.727835957984
"304",304,0.497407418621982,0.732284027159855,0.0271759840419241,-150.122849688605
"305",305,0.439835379499038,0.778966155798555,0.0310512837387176,-150.350596633345
"306",306,0.488024711872963,0.75847732894817,0.0310273963302859,-150.155210666594
"307",307,0.474128939447202,0.736142827103761,0.0316907869517905,-150.489784624289
"308",308,0.440250979766515,0.753795292528559,0.0318410754294605,-149.854198366891
"309",309,0.41347880489389,0.699980644321099,0.0325286133633716,-149.957732512275
"310",310,0.40833022024604,0.756863449516707,0.0300334819712394,-150.890801731445
"311",311,0.502729315475635,0.842565364935157,0.0457207539701181,-152.024232765274
"312",312,0.353665764453338,0.848490473831971,0.047106626665891,-151.79944926817
"313",313,0.410933778982104,0.85172430488477,0.0505420898006981,-150.874363082453
"314",314,0.523386884319346,0.936374989104772,0.0354053714770882,-151.775315373824
"315",315,0.666755308759816,1.03271028836064,0.0359742248222364,-150.703563439335
"316",316,0.695786035319788,1.10837907289481,0.0421289979523362,-151.047762887099
"317",317,0.647443201731038,1.06074639326944,0.0459211467450525,-151.100427105142
"318",318,0.588984912664469,1.04016674006111,0.0451277898855548,-151.127361856587
"319",319,0.608688574837795,1.028289238652,0.0456435225616766,-150.967719953966
"320",320,0.627270335247858,1.05576073070453,0.0500237324143851,-151.357013975216
"321",321,0.61984250320932,1.16510457284087,0.0756020350106152,-153.520772194914
"322",322,0.590952981627761,1.38610903618802,0.105306820617206,-153.666712235864
"323",323,0.57730263312363,1.62822922695852,0.134603034918345,-154.071456304046
"324",324,0.625093916729274,1.66929747932622,0.139890862697821,-154.655836878914
"325",325,0.394845468253637,1.64135743075994,0.142704073200752,-153.664377938717
"326",326,0.397631090310428,1.5699055605759,0.12921031139093,-153.537346816125
"327",327,0.600955703384035,1.75406500744321,0.128591973086522,-153.894803290845
"328",328,0.738112718244266,1.8430369184436,0.12389839942844,-154.055351737144
"329",329,0.614447077575695,1.80718472040558,0.151621356216282,-154.520536881141
"330",330,0.519589619469709,1.70284184904293,0.11084008970803,-155.274579916259
"331",331,0.84402394813073,1.84931518898412,0.0914043852181864,-155.181183669581
"332",332,1.17636004593685,2.15179484076963,0.119038487744435,-155.248154696784
"333",333,0.820786518254276,1.82072875303596,0.114116892606263,-153.929629870157
"334",334,0.845058716011796,2.05170769220651,0.153293894064519,-155.236869668537
"335",335,0.585393354933991,1.68678848693906,0.123850657982286,-153.690583343317
"336",336,0.514503929527847,1.4227918929082,0.0966712513289413,-153.032969033902
"337",337,0.484170742700852,1.18345752883863,0.102625486952582,-154.561270004195
"338",338,0.320992891871983,1.15839761657246,0.105166921969212,-152.638848376823
"339",339,0.192502916217323,1.06206522857765,0.103333320596045,-152.199310817403
"340",340,0.365573168367512,1.52399610475605,0.104770996167208,-155.726069747015
"341",341,0.558050858722945,1.52376903394859,0.115327593095996,-153.309389896089
"342",342,0.578697425289188,1.72127019501799,0.115225998600514,-154.313239268715
"343",343,0.807109608714694,1.83906013906027,0.120147959972068,-154.057596579249
"344",344,0.691575398591295,1.93600543338194,0.145575109343603,-154.433371829259
"345",345,0.593782657902473,1.91479667287447,0.13891501033511,-154.610945102344
"346",346,0.774392726129146,1.72125468577516,0.0806888898461913,-155.82337764932
"347",347,0.986769126639508,1.70909241483156,0.0728637350284594,-153.272658455339
"348",348,1.07516431478683,1.68724363635438,0.0770333843635313,-154.09064910598
"349",349,0.86110706925508,1.39068699816015,0.0793744122383283,-155.583364821689
"350",350,0.604755445137194,1.38758599964822,0.0780494458691316,-152.999220313294
"351",351,0.718825766188482,1.46083965923584,0.0675981902692519,-153.687409628269
"352",352,0.740832652816403,1.36618062387856,0.0689737543498306,-152.251105708145
"353",353,0.82930060550135,1.46549027127782,0.0790446427466951,-153.188873322393
"354",354,0.623663653439943,1.29175256767031,0.0786973301913987,-152.365952432159
"355",355,0.596839650006193,1.16123366965251,0.0803182847148599,-153.913995353849
"356",356,0.227162655796975,1.10946679163914,0.105541304767461,-152.325912785334
"357",357,0.256656845461187,1.16573479329473,0.107333273482887,-152.436719427057
"358",358,0.256871563781466,1.16483103392638,0.115790610613972,-152.790558247837
"359",359,0.0574644565620403,1.1190479752106,0.120464396319603,-152.301141757864
"360",360,0.0814263330916695,1.04664829037342,0.120040399966871,-152.25985475106
"361",361,0.0839501997317101,1.00238541076298,0.0938652700969185,-152.836975810696
"362",362,0.123213573966671,0.943521159234438,0.108302639074693,-152.499680622774
"363",363,0.0758617124777762,0.994000023785722,0.102393102272666,-152.099826415088
"364",364,0.238451450659723,1.01385913210777,0.0899414651419301,-152.001494042332
"365",365,0.138202727860991,1.02723427232429,0.0923682408187112,-152.679146240383
"366",366,0.240659342899262,1.05942706916146,0.0804627420374698,-153.187004243511
"367",367,0.279528612732906,1.03738809754129,0.10221615587013,-152.976494072575
"368",368,0.00246690214648736,0.736577184357291,0.103890932639665,-152.690638316993
"369",369,0.00771189314171351,0.886894899100456,0.0923493853006272,-152.214557888906
"370",370,0.151684065013944,0.891516467232595,0.0834151641847265,-151.788872835725
"371",371,0.094944484794234,0.884260412821696,0.0991327891864338,-151.949589814781
"372",372,0.123561479716932,1.0493994795567,0.108604034538752,-152.153114799854
"373",373,0.0804890907243737,1.07811308777192,0.134663298303383,-152.999828385951
"374",374,0.0860137367511641,1.00706189931315,0.108739769716496,-152.031268253269
"375",375,0.0584749510868143,0.945592105202339,0.119770811214582,-152.664951787024
"376",376,0.00071731996769262,1.00802675843589,0.11620956262396,-151.906890912285
"377",377,0.0474161915178007,0.915372186274183,0.115568455310625,-152.426852179824
"378",378,0.0065358331985085,1.05635379512579,0.108418423473875,-152.779365707218
"379",379,0.0791369906439886,1.08832877657887,0.12810997969921,-152.469060411937
"380",380,0.0878176559186095,1.2625068885214,0.143573185437749,-152.687241013009
"381",381,0.120726511954773,1.27825898235665,0.133154190917022,-152.702360679177
"382",382,0.278518854557918,1.46015349891571,0.14011251647867,-153.21696845749
"383",383,0.23185673565808,1.25295944264589,0.138303579083873,-153.596268688446
"384",384,0.0751172249304362,1.33808661692645,0.165095196140916,-153.255519382988
"385",385,0.0242645649402952,1.40063148707309,0.162196964574028,-152.817897536436
"386",386,0.0509600985938509,1.14005836552594,0.121915392245864,-152.388699002599
"387",387,0.0561491327387046,1.20588967868655,0.170659770670393,-154.672141286081
"388",388,0.051512257065279,1.62260151740785,0.178439851213479,-153.414661697002
"389",389,0.0219794012883115,1.42242259790943,0.179648656857219,-153.187231674184
"390",390,0.00455478174230661,1.49804761178284,0.173945199011726,-152.996964016432
"391",391,0.052740407364707,1.5124966124546,0.164868109129099,-153.189298615833
"392",392,0.184123051057175,1.67767242815668,0.164688741752285,-153.818708219446
"393",393,0.355208198606399,1.90838800441712,0.205574203406387,-155.038850423999
"394",394,0.0388314018997148,1.83539703289872,0.211141689779948,-153.816547289864
"395",395,0.0119037774937776,1.83716095026554,0.230896835625653,-154.002598653752
"396",396,0.00184514181144848,1.89555424248025,0.211782665134283,-153.98317436834
"397",397,0.029918235814498,1.5319305683135,0.16714265869885,-153.253722694911
"398",398,0.0860799368874013,1.43850320305555,0.161315356039462,-153.022741116663
"399",399,0.0446948054641675,1.41301456165964,0.156824982682521,-152.91233347571
"400",400,0.0366367548812332,1.20564974520848,0.170091090753522,-154.280941342551
"401",401,0.0274224149964629,1.13766413986232,0.106776293118471,-154.059614158197
"402",402,0.26589828527456,1.21615342662272,0.111656448809601,-152.563203960237
"403",403,0.270404549749155,1.20229389255782,0.115868865771437,-152.721032427885
"404",404,0.199884964804343,1.18553041044121,0.109909747303238,-152.572390530932
"405",405,0.0638316165103721,1.09381519108341,0.118610062365227,-152.218197863653
"406",406,0.0319070286024956,1.03341004596966,0.119966548712192,-152.027961984124
"407",407,0.0438632386532549,0.953951938956834,0.101561688281031,-151.973561902261
"408",408,0.0853994488322074,1.03265886021555,0.1045203938615,-152.247102417552
"409",409,0.242982477600791,1.25165524388915,0.123681378952829,-152.783079384224
"410",410,0.171928017403651,1.30336427207576,0.141397666361232,-152.974707282311
"411",411,0.044470676474588,1.02098335908835,0.137121777810345,-153.316724777829
"412",412,0.0326093055686952,1.31743681537721,0.124600892301791,-154.314989485801
"413",413,0.296025111022134,1.33063211922372,0.132649341722487,-153.270412944148
"414",414,0.332567027712805,1.43231702119738,0.10391879740427,-154.72977521118
"415",415,0.466826069250949,1.2546100510891,0.0788389839262676,-152.900363881815
"416",416,0.649414616476222,1.34873594989991,0.072098635473081,-152.47446323566
"417",417,0.743175112117572,1.34894277149383,0.0685006418979507,-152.241848074009
"418",418,0.71110880901369,1.48940080364859,0.0681454656570548,-154.415637622316
"419",419,0.845589487509945,1.42606417540743,0.0634371910720103,-152.306247227473
"420",420,0.802812168642194,1.37470864009242,0.0691811738477834,-152.663912326101
"421",421,0.736488343166388,1.39774006377095,0.0770735380459782,-152.567472430913
"422",422,0.674504509160935,1.33016089056985,0.0751673591178116,-152.324201171801
"423",423,0.634561639459236,1.25235640151476,0.0724529560274396,-152.174952830499
"424",424,0.442516594916643,0.949456380257925,0.0456325802137347,-152.364362361148
"425",425,0.582695163112802,1.03521926018338,0.0515187467539722,-151.218788090027
"426",426,0.44178877721854,0.87637786116149,0.0408387751823562,-151.278767022508
"427",427,0.476808736425286,0.8440019785094,0.0440653454277529,-150.878380694238
"428",428,0.435173503026751,0.786569223448489,0.0503323987456661,-152.787235012054
"429",429,0.333634152752383,0.731507906392561,0.0502650329426087,-151.150726018201
"430",430,0.27046197097518,0.737837277698062,0.0570696450679358,-151.127620746355
"431",431,0.240747005338072,0.759309087056911,0.055251808045898,-151.247768047322
"432",432,0.231902725160172,0.763471804683149,0.0570887108374289,-151.279674181471
"433",433,0.324845307933554,0.838039206413925,0.0463210929077021,-152.658215038703
"434",434,0.460934821202313,0.872060229155252,0.0500859940167932,-151.152206599244
"435",435,0.493995195743718,0.938256593375709,0.0473876425128144,-150.880931846374
"436",436,0.452340682410984,0.844384193118465,0.041294766121981,-150.502306238611
"437",437,0.496576474716122,0.911323767854589,0.0422580192387792,-150.738437567384
"438",438,0.535419800352611,0.939790070253565,0.0500724443123809,-151.442237444402
"439",439,0.529887075288737,0.986214692321338,0.0488886404355534,-150.998851415034
"440",440,0.480395984043896,0.895953018470213,0.0404719814498336,-150.881532667823
"441",441,0.543091720439448,0.922145924057376,0.0326420089127397,-151.274291031717
"442",442,0.585296662521351,0.880863184410765,0.0295613434248958,-150.017809677878
"443",443,0.599982492667286,0.90707093074747,0.02753971477829,-150.196356245125
"444",444,0.58884107520323,0.875727696858806,0.0272260634769378,-149.907711761239
"445",445,0.580735131760257,0.839658462554185,0.0254862918759198,-149.716443500275
"446",446,0.587264473169469,0.842445665016087,0.0243185911889174,-149.639293388227
"447",447,0.641952456459638,0.960442492574543,0.037512195474096,-151.055027867321
"448",448,0.585288965605139,0.960292899182481,0.0429110673977402,-150.895125057952
"449",449,0.607299813770753,1.0252853679788,0.0433603767489299,-150.896818572206
"450",450,0.631731868160478,0.981414237271383,0.025758996913505,-152.192939739899
"451",451,0.649601710724723,0.900561838918083,0.0166009359892153,-150.196333731013
"452",452,0.732968046991606,0.940324128421225,0.0157572785599633,-149.486057160928
"453",453,0.733705051736905,0.943698410635805,0.0200560596779383,-150.053291974412
"454",454,0.714991586862713,0.938101355530135,0.0099513288167067,-150.586911404596
"455",455,0.864968619906393,0.964446535230286,0.0112036603025931,-150.630323226468
"456",456,0.782122199201845,0.97360614864986,0.00757472589018486,-149.423990019399
"457",457,0.883157375493539,1.03075761326001,0.0103692334764991,-149.98901179515
"458",458,0.923695472932648,1.13855578292017,0.0109067075510664,-150.749321448697
"459",459,0.927553014980985,0.993047383204899,0.0121451122668613,-153.572963393451
"460",460,0.927402653845351,1.16805061605386,0.0185747239492777,-150.676251661151
"461",461,0.925374507895446,1.15706028449227,0.0179757966996386,-150.589001024963
"462",462,0.913406647121007,1.12351533317616,0.0152195804213278,-150.340778258009
"463",463,0.896979839865169,1.0726448957272,0.00361664467031543,-150.148440221092
"464",464,1.08283159285226,1.1573378969509,0.000580359533941048,-149.121654515036
"465",465,1.09357102973117,1.07218693176229,0.000560949263080515,-146.767153305772
"466",466,1.09181632135919,1.13141328949264,0.00139907912243086,-147.163816265357
"467",467,1.15545297433407,1.13901839624773,0.0010479919472409,-147.897623177071
"468",468,1.09831320220477,1.13581953963925,0.00229315890578605,-147.54547899292
"469",469,1.09659187971198,1.14668186378837,6.64823461993238e-05,-147.64763105418
"470",470,1.15351634893395,1.16576551698213,0.000257799584669578,-146.267402616121
"471",471,1.15303041427912,1.12255014077351,0.000407247665129238,-147.819993093474
"472",472,1.09218403383844,1.05787387946598,0.00118260124955533,-148.71934523122
"473",473,1.01773650571136,1.0668445291233,0.00263674096525302,-147.609418116467
"474",474,1.00964785259511,1.01130209830012,0.00082950820695584,-145.564949131834
"475",475,1.02106068422613,1.03732198528273,0.00180896449675764,-146.538260072989
"476",476,1.02348698420838,1.04125796241625,0.000855289146916828,-145.869215552689
"477",477,1.01695938854105,1.03424247949042,0.000837903083548362,-145.804354841227
"478",478,0.992777553075439,0.961355164741744,0.00091167013108639,-146.728057620127
"479",479,0.997143882652189,1.00494384103597,0.00190462864691182,-146.48704865905
"480",480,0.996610432160361,0.990571717443334,0.00241770259105782,-147.548202185501
"481",481,0.995991896173879,1.00958581394509,0.00224249373313856,-146.74370729488
"482",482,0.992498935055873,1.01097391057956,0.000291884093119633,-145.418866822116
"483",483,0.995531976485606,1.01452281713288,0.00142770414916167,-146.087436902171
"484",484,0.975858185672119,1.01086541374049,0.00137822736890207,-146.500167035636
"485",485,1.02280504275034,1.01957806951778,0.000947487103369181,-145.862490504309
"486",486,1.03528635957991,1.01261011848117,0.00113658395550006,-147.034525499782
"487",487,0.975668005955818,1.00957881400081,0.000471325654523564,-146.27388884026
"488",488,0.990012823322526,0.974216943818343,0.000499915988873561,-145.263814959802
"489",489,0.955653712696622,0.983056362004976,0.00275974278210335,-146.871085666718
"490",490,0.932017966884245,0.994244343748908,0.00233677336567621,-148.027327302327
"491",491,1.00776151372421,1.09203829167656,0.00574366817034451,-149.311361494462
"492",492,0.944505993421623,0.999282176904054,0.0052367130855865,-148.511540237901
"493",493,0.960870624385599,0.99903978811194,0.0005607752231551,-146.53666897123
"494",494,0.996464245253277,0.991169486133068,0.00100359424678632,-145.7052513928
"495",495,0.97984404939083,0.999558729258972,0.00278278197563158,-147.059933907715
"496",496,0.991673387418806,1.06297495875953,0.00536333074873185,-148.924369951427
"497",497,0.989889162212806,1.08532295248409,0.0109906422313927,-151.2695657345
"498",498,0.953145154640714,1.0986820418884,0.00124768358431923,-149.399238761436
"499",499,1.06187625640361,1.06188611539193,1.04138640978241e-05,-145.248035701282
"500",500,1.03972072281121,1.08300130088866,0.00150906725310826,-147.152213400166
"501",501,1.05803152852593,1.0722807365265,0.0010803540546295,-146.211823234279
"502",502,1.07156427915933,1.10540865006539,0.00269228760630192,-147.598692761111
"503",503,0.979600202425744,1.1115283296594,0.0017185501681743,-149.318885854347
"504",504,1.03952670092325,1.02329990275493,4.67271552569326e-05,-145.235518235848
"505",505,1.04744072001216,1.0323164607291,0.000488646506198182,-145.86378825227
"506",506,1.07214436318923,1.11697197298811,0.000212872390019976,-147.225182515806
"507",507,1.13717509825733,1.11527958340404,0.000155829384579975,-146.702607720513
"508",508,1.10100547965249,1.09806961741037,0.000523078802352395,-146.136002407987
"509",509,1.10449899891129,1.13615714875759,9.01160900774443e-05,-146.49898763895
"510",510,1.14798762475852,1.17157797048791,1.74937887083683e-05,-146.328791519126
"511",511,1.19231734227027,1.22010993072611,0.00321905344343778,-148.928859668759
"512",512,1.12195254632804,1.28251135143863,0.00827895918129653,-150.748579848787
"513",513,1.17625813939056,1.27096789319561,0.00554601108615241,-149.962754548356
"514",514,1.1918803933718,1.29772121738975,0.0113530886903829,-152.157656083051
"515",515,1.0597861480553,1.17258571822626,0.00453698704668532,-150.109067271846
"516",516,1.15070374775763,1.18796319450831,0.00500874890836763,-149.959906613397
"517",517,1.12365837332167,1.1690338434715,0.00744161234479085,-151.700767267717
"518",518,0.951278723589291,1.17138926516065,0.0070234110857953,-152.584397837005
"519",519,0.946917057352193,1.16296722528415,0.0189264415256109,-150.751660774024
"520",520,0.990452394859465,1.26360307385683,0.0204808187424643,-151.274823918702
"521",521,1.0198149004153,1.23280235991396,0.00989861381236307,-151.267588948088
"522",522,1.08374366809338,1.22826892849782,0.00152677350151474,-150.185273491977
"523",523,1.08561333820125,1.06334540335028,0.00197249829687504,-148.947868653755
"524",524,0.959411209552864,1.0210527810452,0.00374439370913472,-148.15098838084
"525",525,0.996120375209499,1.01743281435085,0.00212809557229774,-146.630608312407
"526",526,1.00480343700447,1.03733795491417,0.00592451022716732,-149.965658315677
"527",527,0.962857781381694,1.10113079054973,0.0119595570275172,-150.640568624911
"528",528,0.900991401168084,1.07363376169603,0.0179765065286732,-151.251868483637
"529",529,0.820715543761858,1.05929605482335,0.0328291720142736,-153.495921313352
"530",530,0.658506022824868,1.01563923746718,0.0391305696018924,-150.821448874776
"531",531,0.610377961471573,0.97586194791198,0.0354849340969189,-150.603079143864
"532",532,0.608546051186136,0.962235160936344,0.0389744254191175,-150.681678212049
"533",533,0.569969077888954,0.915185018304138,0.0383350886745832,-150.565848237394
"534",534,0.533387636853297,0.909351915692899,0.0407427952876472,-150.558854875907
"535",535,0.505827187074706,0.869493942728099,0.0511797047712527,-152.764205166843
"536",536,0.405092601706265,0.869813635919749,0.048995745929946,-150.950842023712
"537",537,0.415429920453034,0.868793062081879,0.0507739922371835,-150.884574770107
"538",538,0.382740676016683,0.887442173620589,0.052415784935388,-151.236908454848
"539",539,0.44731400406414,0.966103734389142,0.0517781690059486,-151.516036851395
"540",540,0.452178081309887,0.919347963282014,0.0534987168042754,-151.060731337577
"541",541,0.453482844507614,0.91268760512984,0.0528047068270688,-151.038252897717
"542",542,0.348376876074148,0.89863299278651,0.0705858737086963,-151.931692514789
"543",543,0.232077493172257,0.882453274758731,0.0872638081498001,-152.496171902032
"544",544,0.222507913969948,1.06680112795759,0.0962312809944132,-152.181336118496
"545",545,0.22612789357243,1.18807674050703,0.0982940689448358,-153.165876549251
"546",546,0.357851311882069,1.18177576131019,0.0913797636682291,-152.377978002884
"547",547,0.321420392164248,1.05516639315665,0.0748209597389803,-152.470925237695
"548",548,0.391492603647732,0.97255751637394,0.0692212950789603,-151.621965843535
"549",549,0.42479068250798,1.10829769307529,0.0763303046697115,-151.944397015031
"550",550,0.590547978835769,1.32753485360116,0.0904446412293071,-152.775192727513
"551",551,0.462996479257104,1.2914516442881,0.0953340516300236,-152.551727611589
"552",552,0.454673060146658,1.17440502271923,0.0753097716782561,-152.298099912127
"553",553,0.503893799373136,1.08084985767028,0.0803417306011426,-153.363141452941
"554",554,0.491001272982769,1.20986568466334,0.0816416939052958,-152.187529647425
"555",555,0.567289160705395,1.2047265744288,0.0732103524522618,-152.025795093995
"556",556,0.591208406620231,1.19687939024852,0.0671577601985184,-151.862975006057
"557",557,0.523016328569632,1.20599093788681,0.0940427168789429,-153.611935951238
"558",558,0.251684461163464,0.922798901409342,0.0766766977104915,-151.689629426183
"559",559,0.248990532350904,0.887877272042528,0.0857773724885412,-152.504746809843
"560",560,0.156241097235374,0.82414642161951,0.0734358416313799,-151.672065739847
"561",561,0.136287299840021,0.710757564040096,0.0566560340166229,-152.26989527007
"562",562,0.198551234893276,0.690666591298079,0.0601927020954571,-151.168433220746
"563",563,0.0319193119399359,0.508165745295913,0.0583974867527939,-150.863425820283
"564",564,0.0631996559993619,0.531276418977995,0.0612753635251529,-151.376701764748
"565",565,0.0639006913556869,0.492590020987354,0.0460149956975381,-150.830106493722
"566",566,0.0895389177821374,0.474606194010763,0.0425641955732647,-150.44334213348
"567",567,0.0773758937639881,0.475354910559468,0.0482759688390048,-150.662720591014
"568",568,0.0774066062814936,0.447154241099788,0.0443865390977328,-150.472962020984
"569",569,0.0554222621014635,0.429269986279758,0.0387208239340661,-150.507896400194
"570",570,0.0853837638149585,0.515206192635266,0.0417796593723298,-151.62126256609
"571",571,0.225131575433235,0.525853584162605,0.0427478497384822,-152.012461809113
"572",572,0.11952183130555,0.528269318808502,0.0451859795430522,-150.60652247218
"573",573,0.0868996957309858,0.405615869444446,0.028786361668484,-150.684780845899
"574",574,0.181039861347857,0.41555565342708,0.0290131945698717,-149.866547545864
"575",575,0.121568014620944,0.326396156214802,0.0268743537773116,-150.134743453561
"576",576,0.109580769224981,0.334883903363563,0.0254403593575843,-148.724889851394
"577",577,0.112987440348612,0.392506536398726,0.0264734119234961,-149.059901376705
"578",578,0.193352951464423,0.412373966132809,0.0251559176831248,-149.095081541477
"579",579,0.161283247127539,0.417954250524615,0.0252440910097147,-148.644940430108
"580",580,0.128493826147664,0.340882266523526,0.0262599075228394,-149.540191218405
"581",581,0.0462365511884568,0.241254907346185,0.0196300986276785,-146.740944491417
"582",582,0.0686258864057839,0.297267432300667,0.0182377162644289,-147.944251703915
"583",583,0.0662232883321312,0.224364070546297,0.00380426264176695,-133.952937842093
"584",584,0.0831748008237798,0.245052675705537,0.00183022921367445,-134.476761617047
"585",585,0.117470635936537,0.150545480032306,0.00257761282541881,-136.166003527168
"586",586,0.21231906467665,0.254139874067863,0.00378999153728908,-141.266365354627
"587",587,0.109311928546052,0.258583077722443,0.000746188768310449,-134.649203320805
"588",588,0.111618312892454,0.0873816878712902,0.000480589838153422,-130.864319030297
"589",589,0.0867607468082151,0.122079092925912,0.00150307212017762,-132.765166122955
"590",590,0.0471388266542465,0.125375925400115,0.00177671068575968,-132.09115437766
"591",591,0.0264991954420614,0.178832307707976,0.00528000169628108,-133.374319720124
"592",592,0.0531994670157947,0.191787664218732,0.00469125374468224,-134.025138185716
"593",593,0.0400315283098991,0.172255941277177,0.0014324678633922,-132.214572594253
"594",594,0.025497488615294,0.14441641776229,0.00247953921109827,-132.180038721013
"595",595,0.00683675953671976,0.135072901234488,0.00151431237118865,-132.529879991152
"596",596,0.113940813436318,0.207032057297499,0.00154188335997504,-133.806910201955
"597",597,0.138619811982614,0.152224921360459,0.000947884848191997,-132.90658068574
"598",598,0.131046333330086,0.171667613700274,0.000800252837005957,-132.836844366542
"599",599,0.0288020435355506,0.171781200055165,0.00365843859888545,-132.677209687374
"600",600,0.0140770471678079,0.157652990111737,0.0009297261821066,-132.521732736447
"601",601,0.120811494918875,0.175088389921657,0.000527894589512265,-132.687624964343
"602",602,0.0529955634606514,0.178552004763718,0.00134453504771903,-132.382401033521
"603",603,0.145181792239293,0.132013160311638,0.000859313529586136,-132.43992125781
"604",604,0.180658240307884,0.125178439273257,0.000495270637756198,-131.969258607071
"605",605,0.100089544845274,0.0610164216992651,0.000474368036769558,-131.102683970371
"606",606,0.0456094089984938,0.108227051554488,0.00157429656001684,-132.251600509632
"607",607,0.0164392304210062,0.127045804299581,0.00188035519413889,-132.329032685305
"608",608,0.0402958730598121,0.123999168986939,0.000983397197204824,-131.9397231601
"609",609,0.145917030031328,0.133064533494294,0.000175679439045321,-131.675966010924
"610",610,0.189564944874603,0.125364151316786,0.00130880532293073,-133.949533164555
"611",611,0.0439540317029389,0.116205831911373,0.000377507936440754,-132.513787492483
"612",612,0.162214586800696,0.214524557375727,0.000206557178786337,-134.243024529724
"613",613,0.144990753051378,0.0840626426110132,0.000894943348386409,-131.726207187961
"614",614,0.123137650895435,0.1297598305702,0.000305067559527393,-131.261922209969
"615",615,0.107223490197214,0.0471711057452952,0.000464093001235179,-131.599809219065
"616",616,0.103685594634471,0.136056227839802,0.000545367927171536,-131.562068154819
"617",617,0.0819063457531906,0.137381026681186,0.000678247083853964,-131.689760132228
"618",618,0.157954695824764,0.090712317837275,0.000440035136788103,-131.754649192982
"619",619,0.0988817142793027,0.109941854376646,0.00057068879228359,-131.094668548353
"620",620,0.0726623706246489,0.156064212359894,0.00128657800933315,-132.140490662682
"621",621,0.00632782062871733,0.133000344041231,0.00131111335727337,-132.701642030132
"622",622,0.108598067563983,0.207904503301577,0.00196148606975945,-133.965795436879
"623",623,0.0423835965091911,0.149666030269289,0.00195453594490616,-132.072516863244
"624",624,0.0393582349316891,0.149888372737089,0.00116622273607344,-131.994262634286
"625",625,0.132801721407752,0.101835314596546,0.000555041032220141,-131.258490180801
"626",626,0.0543758535390593,0.173216461458448,0.00290016407884802,-132.860984016887
"627",627,0.0366799870310531,0.196077848380205,0.00456187868332294,-133.356961742607
"628",628,0.0476957310143264,0.205335435401805,0.00350001096219964,-133.136391878879
"629",629,0.0646678477875824,0.194461338951418,0.0032746347106816,-133.499715657919
"630",630,0.0274144079479317,0.184265614258242,0.00168753906169424,-132.220464263524
"631",631,0.0988605280475685,0.199009503364352,0.00150575086374737,-133.369995337613
"632",632,0.14244694198703,0.178433418321306,0.000177296018694438,-133.038548953482
"633",633,0.0958425318840853,0.0397562761262868,0.000315209935914926,-132.314051999946
"634",634,0.0907287686453535,0.19680723567586,0.000821585146070478,-133.133086994286
"635",635,0.253996327613212,0.206766314039979,0.000111265204248778,-134.272146131259
"636",636,0.12906073010263,0.125529061319104,0.000955930270595819,-132.33485573992
"637",637,0.188466929023638,0.124345254816143,0.000672421148797113,-132.494468838478
"638",638,0.055409472443284,0.206458667457368,0.00353560434980345,-133.261880016831
"639",639,0.0543112284276206,0.205698412453387,0.0040938601390359,-133.510889906913
"640",640,0.0872532015230781,0.207700144654111,0.00154895366904354,-133.402855833269
"641",641,0.061356207305255,0.1942019724627,0.00104647412183623,-132.809457903109
"642",642,0.0426179277538013,0.198747826317604,0.00405891864323114,-133.15111497343
"643",643,0.0388124488553578,0.152963094065451,0.00380259678385492,-133.129388296044
"644",644,0.00463172958342147,0.164001535372212,0.00167133417429105,-132.375998545707
"645",645,0.0753200892543541,0.20331490412366,0.00120991227043746,-133.120996395143
"646",646,0.248962121870411,0.216788852029812,0.00209454789769675,-137.286759305726
"647",647,0.0944238001162077,0.139801924657774,0.00220300661963019,-134.029816071734
"648",648,0.193411144976186,0.143932483936117,0.0021026143216821,-135.333862965323
"649",649,0.188923641601585,0.145784801709952,0.00123664596945698,-133.808876577652
"650",650,0.212085975175516,0.366600801168379,0.00810344458471088,-141.016420513257
"651",651,0.197008723498873,0.338425342449719,0.00634428359851576,-139.939842010859
"652",652,0.181557012528417,0.337802294482167,0.00384178204328325,-137.921218472266
"653",653,0.18851604078601,0.341901921648929,0.00102310472886909,-137.369693507031
"654",654,0.178255866350621,0.157487381538931,0.000916606793401557,-133.589887165626
"655",655,0.0633947054791269,0.132419688831495,0.000952745166356269,-131.71940619659
"656",656,0.0647182812412996,0.136407311778747,0.000230605327547365,-132.45797821746
"657",657,0.129223750328544,0.143598006023211,0.000301119382098399,-131.63385084483
"658",658,0.0993929444468846,0.0332104586098618,0.00145134852381494,-133.647042444934
"659",659,0.0839308631895339,0.0524703809443348,0.00145754624704229,-132.834067029381
"660",660,0.117679386058229,0.0506019796975934,0.00127731856338247,-132.923489745659
"661",661,0.120517973774216,0.194338367547445,0.00129530584168334,-133.529262239969
"662",662,0.0413921859988551,0.101241616330767,0.00120623688720612,-132.232234232647
"663",663,0.0696454453914127,0.164898968743967,0.00283353023247194,-133.236819807739
"664",664,0.0821725507367537,0.21585349634165,0.00288787276491517,-133.985868990109
"665",665,0.0973285732821981,0.181747977185841,0.00267863914492547,-134.050399864231
"666",666,0.0539710275903124,0.175358308332382,0.00477688658717308,-134.233358281028
"667",667,0.0629621713277351,0.147656663007698,0.000823926532454276,-131.923845113197
"668",668,0.132910980359654,0.0650937136738204,0.0010494908882064,-132.524923194484
"669",669,0.0801663148609234,0.086036191702473,0.000268107107198258,-131.135614530262
"670",670,0.099735202262919,0.0915886886392859,0.000533784184351472,-130.905532283564
"671",671,0.0940542159741343,0.0812298509802743,0.000632962962863257,-131.053203928313
"672",672,0.0872208783119733,0.0267548240049113,0.000438838805059942,-133.248434565426
"673",673,0.0870472460758128,0.117977047888284,0.000590316007731587,-131.296059380139
"674",674,0.103578500612448,0.0695228217479884,0.000597569346967243,-131.019028511245
"675",675,0.119107550311597,0.110864084233432,0.000495872539441851,-131.079512415488
"676",676,0.122599764475413,0.108260659764868,0.000424383274115805,-131.006355387932
"677",677,0.106966306834066,0.109712118185535,0.000159528715118156,-131.088976718277
"678",678,0.106283199788555,0.173054966450018,0.000440051469018454,-132.650851160665
"679",679,0.124716585748972,0.146911191706764,0.000467897142901593,-131.800660272005
"680",680,0.0502534105164979,0.0792734634652341,0.000390503718312804,-132.502900668217
"681",681,0.0847245037575005,0.0833241464817349,0.000437488658432192,-130.97958483896
"682",682,0.134972307389939,0.133378604644629,0.00033524218595529,-131.43914256239
"683",683,0.169431846511728,0.100526336117973,0.000383749675951759,-132.102030075194
"684",684,0.0590027096258864,0.0965142002856553,0.000407124378324251,-131.787147827934
"685",685,0.103932204279224,0.151899641621155,0.00192678385197364,-133.691027972916
"686",686,0.0850075952224563,0.147013320346605,0.000829560514109127,-131.905776298035
"687",687,0.173090168325829,0.114098063081625,0.000784442902439243,-132.08639891297
"688",688,0.0696437995101254,0.143641242583098,0.00149843941398904,-132.108174416487
"689",689,0.0069273591930333,0.171681545171182,0.0035639804761324,-132.901241994748
"690",690,0.0168811638338701,0.170647463238551,0.00396896173441992,-132.466351405405
"691",691,0.0176971294759545,0.141883105271549,0.00236895958513623,-132.176315065949
"692",692,0.026330605812901,0.156823098007098,0.00280838611832448,-132.270684343318
"693",693,0.0434729854759105,0.200627109849628,0.00366288085060098,-133.038950216167
"694",694,0.0418951428132698,0.162144328036739,0.00278637990504341,-132.486709142525
"695",695,0.00924430614585526,0.141338538441548,0.00131076714401749,-132.458720642459
"696",696,0.0515316743075446,0.161332711154386,0.00321575210912096,-132.990889441553
"697",697,0.0201541854713538,0.174454821726369,0.00365249860209877,-132.376480561451
"698",698,0.0512825384929288,0.168473072475831,0.00355621874635882,-133.210673868635
"699",699,0.050002200256957,0.18618086388385,0.00182249134860021,-132.52052566361
"700",700,0.226832658624194,0.163330125855701,0.00158645834889302,-135.786211392078
"701",701,0.0260615452415617,0.15442111596538,0.00187701488084007,-132.03672143311
"702",702,0.0134839747137729,0.158612870080768,0.00117712567527115,-132.317895645033
"703",703,0.0585606884034595,0.146139393274591,0.00106713188208452,-131.888881108383
"704",704,0.1153810477831,0.142927413702005,0.00125991164019977,-133.001377477685
"705",705,0.125505376705977,0.207969717152256,0.00138655445473116,-133.941933805815
"706",706,0.0620132595355247,0.0658489610057697,0.00132734538255068,-133.374448287519
"707",707,0.140891177320875,0.208903195087079,0.000283186466755538,-133.981722904319
"708",708,0.266037844814226,0.190583431798144,0.000124715923322679,-135.496493740877
"709",709,0.0989566019547021,0.2223521801354,0.00292209712067767,-134.527509173847
"710",710,0.0975413202820163,0.182422599245349,0.000202281934464352,-133.423718901629
"711",711,0.0506855553062637,0.19481142252593,0.00320195362746389,-133.03883410629
"712",712,0.072750519684732,0.197514738628434,0.00273122801954071,-133.431652850632
"713",713,0.0674959089611885,0.192843557107294,0.00315300920654902,-133.490928272437
"714",714,0.0933475106201982,0.223140766936627,0.00235007754628106,-134.108223273007
"715",715,0.0996744827118375,0.154623918459185,0.000714792609877403,-132.085177822212
"716",716,0.0904809331294688,0.0728950210544473,0.000801792820700791,-131.365254492161
"717",717,0.105731380355272,0.0608235699936705,0.000340040022098148,-131.203802943881
"718",718,0.11834451247161,0.0975788874493182,0.000120099820719884,-131.244771301457
"719",719,0.0799585345438939,0.0892070560274156,0.000735645153434065,-131.357038752319
"720",720,0.0782934022047583,0.0822993258964323,0.000458301373606562,-131.121081447352
"721",721,0.0784660263333187,0.0816694766099033,0.000811656039328675,-131.542536846716
"722",722,0.091755485485005,0.0688352658513259,0.000148788022231211,-131.617760763851
"723",723,0.0712606316511427,0.0694853824483347,0.000752025831658601,-131.77118830488
"724",724,0.0961130590016967,0.07233900614961,0.00080298015121178,-131.304488631975
"725",725,0.116979325901832,0.0660541319070773,0.000762477488212968,-131.309136298511
"726",726,0.0753901862546894,0.135428283836783,0.00103086093760966,-131.797440536126
"727",727,0.0440656240334268,0.103547850378091,0.000666689040913539,-132.133719128391
"728",728,0.0893201073990544,0.0514314421553492,0.000794426794883565,-131.573522463477
"729",729,0.0800070984084717,0.0626526828482837,0.000744385435064405,-131.595992296769
"730",730,0.100810856655231,0.11706769003592,0.000126732921956538,-131.408409947054
"731",731,0.125869544718776,0.0898327577374741,0.00049988931644276,-131.046044324243
"732",732,0.12013856855681,0.0702083499114007,0.000634594156900811,-131.195424159048
"733",733,0.142117452206306,0.0945773261947361,0.00107690788725468,-132.176752435547
"734",734,0.148193009640359,0.0972435159844161,0.000811291147450229,-131.771620343456
"735",735,0.149565734878411,0.101538380438406,0.000663746462120118,-131.686942660699
"736",736,0.0899761301633877,0.0824344567849043,0.000268843543921807,-130.981100003982
"737",737,0.104935566598459,0.0873055071073681,0.000441594436343488,-130.812698375565
"738",738,0.102147671316541,0.136219720171733,0.000488450806115479,-131.540020805761
"739",739,0.119038977116002,0.0910721974378251,0.000297309342014257,-130.874483331815
"740",740,0.113984935696602,0.114085481693747,0.000706160476963702,-131.436359228417
"741",741,0.134340807068324,0.0960438162995613,0.000306877286481626,-131.116613306462
"742",742,0.106495259193726,0.122948444063502,0.000317044951813249,-131.113408171327
"743",743,0.15325297769613,0.0958044774919888,0.000219824279126326,-131.516828393842
"744",744,0.105101234433667,0.0828613757059154,0.000513030810302097,-130.874532964868
"745",745,0.082710293990078,0.0846575927756944,0.000551362134889123,-131.080301343099
"746",746,0.108897153809726,0.0975729479678501,9.02600254030823e-05,-131.403398752078
"747",747,0.128862496856212,0.101890203443633,0.000631213659924643,-131.311175341083
"748",748,0.115241629277483,0.085487694606213,0.000660146816419162,-131.104704886248
"749",749,0.141704937173929,0.0793379103534283,0.000649553636340049,-131.400347355262
"750",750,0.0851753281897907,0.0913433771432349,0.000204545693681279,-131.119567249466
"751",751,0.11653031698906,0.0715061015095682,0.000946319991246141,-131.551837610136
"752",752,0.0930138838589888,0.0608016536255529,0.000167899089372079,-131.775241474927
"753",753,0.118197097003909,0.0927437739491408,0.000627513425896441,-131.111146247834
"754",754,0.118920135988835,0.06168138082564,0.000231657325322058,-131.554784431813
"755",755,0.0980857372474938,0.0738179751224367,0.00104294900946882,-131.74707201545
"756",756,0.0895891909906974,0.0710316313654451,0.000976380604611721,-131.701879235799
"757",757,0.0904396225414633,0.0519281080967093,0.000346454936426071,-131.611455947781
"758",758,0.0810568948565075,0.0795877690297035,0.00026437311632984,-131.205873404197
"759",759,0.0872943597379734,0.102467045251077,0.000222397492102531,-131.075838678421
"760",760,0.13055709173024,0.109374178967173,0.000315700442037366,-131.062107864126
"761",761,0.151991274240177,0.0944686111714243,0.000754091989499957,-131.601250869614
"762",762,0.114521779664419,0.153401066551059,0.000177401864996886,-132.302377745403
"763",763,0.0625275489816278,0.107275736587749,0.00100955133493731,-131.757118398545
"764",764,0.0341105252084503,0.125032727900205,0.00215198081602997,-132.268801658179
"765",765,0.0500343262329583,0.112664498461356,0.00112126596188325,-131.85143192345
"766",766,0.066242361138175,0.201786452972332,0.00168204934585695,-132.998590043462
"767",767,0.136109840989854,0.187773974764975,0.000759875250743152,-133.240187576683
"768",768,0.13005170620682,0.100111311513703,0.000621129365809221,-131.299509948815
"769",769,0.123988073383218,0.0899850592676772,0.000255558486950496,-130.984179924125
"770",770,0.09863277301118,0.082080893703808,0.00025041576355449,-130.920861662954
"771",771,0.0943422311394885,0.0963711890322281,0.000672686037473939,-131.145996881458
"772",772,0.104972888918518,0.15433964031593,0.000932759948123861,-132.277702565152
"773",773,0.0354428995059762,0.144330207237511,0.00205193796293834,-132.061194753876
"774",774,0.0116051449509976,0.130255685801469,0.00291878718088018,-132.604780484521
"775",775,0.0320160208042126,0.17820543568518,0.00197772229675274,-132.169516230492
"776",776,0.0147807171232974,0.100558038865281,0.00167978720253071,-133.359251824308
"777",777,0.000208540391726538,0.159840913723585,0.0021958743086007,-132.317394454168
"778",778,0.0376338233638587,0.127431990359293,0.000785064490587925,-132.108201722118
"779",779,0.0570208551973181,0.105159926524518,0.00154726151710848,-132.418611448572
"780",780,0.0266547209987399,0.110894671609307,0.00131150409707082,-132.408624372747
"781",781,0.0807380261124419,0.137893398247518,0.000964497124323607,-131.814817872791
"782",782,0.0473894579975679,0.113738900920701,0.00135538645177823,-131.974285078603
"783",783,0.110264129809006,0.109825944800744,0.000534748457577653,-131.061481994007
"784",784,0.103913214347928,0.106022890162826,0.000417388179806872,-130.875652881239
"785",785,0.0941147524894533,0.108057493120452,0.000361672830961336,-130.923573493275
"786",786,0.134727738452005,0.138903777294947,0.000236838355067859,-131.565163477484
"787",787,0.138709703238042,0.102768666549882,0.000479540339937092,-131.284994294064
"788",788,0.0415164598204633,0.0872330011875407,0.000590086892484229,-132.670529641032
"789",789,0.0913487782933914,0.0587437861198185,0.00041909657169596,-131.27183518358
"790",790,0.127149315069769,0.0753909425498005,0.000455729321296373,-131.150272837193
"791",791,0.10044880731412,0.128222007703464,0.000560225092450701,-131.399246310232
"792",792,0.0917533566050623,0.05630362442713,0.00057122393734161,-131.294869833077
"793",793,0.12471826559689,0.112175325144355,0.000500197207604995,-131.157660863058
"794",794,0.086239746190085,0.157075353502361,7.25490891449237e-05,-133.557810672977
"795",795,0.163104575421098,0.199374026554709,0.000359068860072169,-133.59394188186
"796",796,0.0530120510414561,0.0710904448441309,0.00103755726189951,-132.973905095788
"797",797,0.132424702846246,0.219314065032513,0.00101377177291402,-134.123048520796
"798",798,0.104558738398177,0.133573947992825,0.000661987081832308,-131.624505614013
"799",799,0.0662950998387219,0.146976804706868,0.0012916830902582,-131.976531931235
"800",800,0.0941061462666611,0.0909231883064017,0.000860641353191782,-131.480554831354
"801",801,0.123563701549656,0.0635961467685514,0.0012762800405454,-132.114512510934
"802",802,0.115122600312198,0.0756743311841333,0.00101783459839834,-131.686820825027
"803",803,0.116960318477747,0.102438016806836,0.000943337125421792,-131.827322706898
"804",804,0.0362525623370976,0.139444981443383,0.00135675974496819,-131.933608239341
"805",805,0.0375904763750595,0.104316307781093,0.00145051910513267,-132.336967703838
"806",806,0.103320470635367,0.175749652480081,0.00142435147418329,-132.989788685245
"807",807,0.122176138048483,0.0779451064816114,0.00168332230392055,-133.085898682421
"808",808,0.0683535881153097,0.225804453489623,0.00165169368089221,-133.424844215281
"809",809,0.135766477720192,0.227859632978753,0.00198816550847142,-134.916224433975
"810",810,0.144629615453912,0.237696258446798,0.00243582003038435,-135.619989929275
"811",811,0.162940242159172,0.26864806543628,0.00297512287006248,-136.816979031898
"812",812,0.143502587734266,0.230151705336601,0.00293327635284006,-136.030473065538
"813",813,0.0995915710594624,0.187683250480616,0.0020357917957366,-133.538374080181
"814",814,0.222828542075586,0.157054955891325,0.000827246681737412,-133.965845225631
"815",815,0.178322901836315,0.122660631658551,0.000697739184357177,-132.11404636726
"816",816,0.0626874207198148,0.106567323763318,0.000204236291284422,-132.1790755493
"817",817,0.0724668123181707,0.107241327026637,0.000414008247634022,-131.361567923941
"818",818,0.0868527388500402,0.067776378907729,0.000830965656999571,-131.494381369397
"819",819,0.0827402584448027,0.0278641848493202,0.00090418919281251,-132.740045968831
"820",820,0.0829349572056801,0.121468720616283,0.00032493473355905,-131.457063891285
"821",821,0.0888829851634836,0.0922198933946085,0.000491571144223152,-130.929506288805
"822",822,0.110222054911245,0.0509522316449829,0.00077724512006697,-131.470650548961
"823",823,0.0662436221524935,0.134888461773303,0.00131306076319816,-131.905208266793
"824",824,0.0403383147388217,0.155355466898522,0.00167771600336634,-132.025073702362
"825",825,0.0554928798477189,0.139820315654084,0.00247953133848446,-132.659497169987
"826",826,0.0888649571604593,0.0599471819300434,0.00129568150826987,-132.361757199286
"827",827,0.111608374302306,0.0761495818034312,0.000163889683299042,-131.240956113514
"828",828,0.0684966767786512,0.0993082676388727,0.00029784109749607,-131.534027262877
"829",829,0.151007967500252,0.158665807640223,0.000175071185937097,-132.287718941512
"830",830,0.0483034673575448,0.0760242119062401,0.00137455069020354,-133.613650374423
"831",831,0.0567914553662234,0.0921506188974119,0.00166970685980689,-133.264443017632
"832",832,0.122735278798501,0.060833192901716,0.000761262525576101,-131.426051773674
"833",833,0.118714206839363,0.108674226261657,0.00104647024147503,-132.18405034984
"834",834,0.170380938839557,0.105416006308585,0.0013376446161513,-133.554921398371
"835",835,0.101082385502357,0.0457114631879327,0.00189368205574494,-133.197734013238
"836",836,0.104116409258225,0.157403540774778,0.00151031056946188,-132.977334106084
"837",837,0.02817066054651,0.177160172284919,0.00167441343834307,-132.081416927101
"838",838,0.0175239124834904,0.0908703756605595,0.00198141277234528,-133.975406594154
"839",839,0.0268091859520031,0.128283753712781,0.00468886870122945,-134.235264890873
"840",840,0.0167088262259595,0.100832044471952,0.00126107874628998,-133.287498056328
"841",841,0.0822514135885246,0.237808889415046,0.0031040443501203,-134.124488616215
"842",842,0.081282200224287,0.227674905559446,0.00324200525383563,-134.083983773525
"843",843,0.0841976113311117,0.214473772403209,0.00230181319052808,-133.74182988948
"844",844,0.121672304722095,0.171751687525527,0.000440145753234595,-132.593046465899
"845",845,0.10902610441957,0.0719952899720242,0.00120556400323965,-132.020126736341
"846",846,0.107383871661186,0.127899895474401,0.0010526567657942,-132.305085171206
"847",847,0.0376174944517691,0.13062996487989,0.000815786361111935,-132.084721156772
"848",848,0.086953461939752,0.183117759925412,0.00118846146795334,-132.758247992151
"849",849,0.0368087455539415,0.171145035799442,0.00135736035695533,-132.204485618226
"850",850,0.0876345739884223,0.185203548752845,0.00072882046371096,-132.826941466877
"851",851,0.124662663356774,0.131457151637256,0.000381314671050954,-131.335100386443
"852",852,0.0894007222301499,0.088204698932804,0.000541418834559046,-130.97286661906
"853",853,0.116012440463772,0.0573920809636909,0.000943741516974493,-131.538053873087
"854",854,0.10853608140115,0.0454479871294502,0.000650083871277296,-131.687202142989
"855",855,0.0980218799141337,0.0593624271438037,0.000391971177827513,-131.192296691398
"856",856,0.0893836431794263,0.0823324177822543,0.000505978004346623,-130.958019928309
"857",857,0.0864869533149761,0.0965935492573951,0.00052263651436194,-130.995024953572
"858",858,0.0818380172627748,0.131238094708572,0.000792705964836783,-131.633837354314
"859",859,0.0502575287300044,0.0993834890482693,0.00109062402581395,-132.058811503254
"860",860,0.141470929050186,0.0780962421839826,0.000904341642959264,-131.816935058009
"861",861,0.120918107388647,0.124514309683088,0.000140329002478235,-131.385354874016
"862",862,0.124077217615543,0.072030835941017,7.5202069562879e-05,-132.174091859977
"863",863,0.094240603576413,0.0674007700485509,0.00164355313193506,-133.169134318843
"864",864,0.117046304903902,0.0693247477426156,0.00062681185492282,-131.158173260255
"865",865,0.10702589737823,0.189529846954902,0.000833611314733912,-133.043386635822
"866",866,0.0753635900793128,0.188940267969598,0.00331087561443023,-133.815238710699
"867",867,0.0427648258104098,0.138809621817372,0.00327770783681636,-133.045046368219
"868",868,0.0100773295672849,0.124645357534737,0.00208703105357326,-132.569788747815
"869",869,0.0264940229327262,0.171300671143149,0.00076849095916357,-132.514094531867
"870",870,0.110510641453407,0.177632025080551,0.001018514628107,-132.851755105508
"871",871,0.0526859963294528,0.137433109889129,0.00075050246506382,-131.898280225902
"872",872,0.0934350830115154,0.0640546330320113,0.000581528202035347,-131.133933641958
"873",873,0.100173286303066,0.134006395329084,0.00106607935895045,-132.196292443926
"874",874,0.0234167883368646,0.114265771538825,0.00112456744044197,-132.502310108857
"875",875,0.141281464825624,0.117755158463336,0.00109286193707851,-132.69010385197
"876",876,0.136910574906656,0.0954799005507447,0.00160129342074806,-133.330906673154
"877",877,0.0600614738440593,0.210941362574701,0.00160150911900814,-132.822678798091
"878",878,0.259600116609883,0.204253455758614,0.000443359311624084,-133.935883833198
"879",879,0.10089597349058,0.0630032483852533,0.000534068674016271,-131.067979445303
"880",880,0.0995839283831071,0.0641957868832235,0.000764287419532983,-131.250768433814
"881",881,0.0958219564322741,0.0519386683651927,0.00153988345297486,-132.616519297483
"882",882,0.103090991775311,0.163031470869373,0.00182629998408481,-133.353602664465
"883",883,0.0392049340284939,0.130448965156984,0.00355177384103167,-133.426089461788
"884",884,0.0288684085765338,0.174088549606541,0.000741674973463987,-132.533895006825
"885",885,0.142328788415688,0.179127749124636,0.00116850176450303,-133.727908514491
"886",886,0.10472229313363,0.0453093035437953,0.000361483812655359,-131.830620185888
"887",887,0.116128201566927,0.131843666334642,0.000425507382786138,-131.344572532959
"888",888,0.116005227520428,0.0928332070846563,0.0010619611416164,-131.970930722378
"889",889,0.0406834175298234,0.136187217508382,0.00160339690391462,-131.934976697607
"890",890,0.0129700010782585,0.160839586099755,0.0033439427005583,-132.287521580035
"891",891,0.0202684246575314,0.13426052652555,0.00106572822071674,-132.350420174948
"892",892,0.0703210219007986,0.134472486623252,0.000756203277031813,-131.693839562087
"893",893,0.0341254664904761,0.0834999053510892,0.000968188118598959,-133.169661254256
"894",894,0.0444310297266404,0.165786207013073,0.00112123614000606,-132.176936288092
"895",895,0.00459220666017919,0.139957893157072,0.00335595209273599,-132.598354991238
"896",896,0.0115438130487512,0.153342678597191,0.00167059854197803,-132.171720995795
"897",897,0.079056076515472,0.167519139439352,0.00184031155535749,-132.696240685393
"898",898,0.0330029726822465,0.166981818185617,0.00110286167590492,-132.238396914469
"899",899,0.0450471436961047,0.143685401076799,0.000608274624732997,-132.207729341977
"900",900,0.0250842938297393,0.141134086423532,0.00157156814227698,-132.036306488744
"901",901,0.0670519592664102,0.1588270311693,0.002584434477164,-132.952712398777
"902",902,0.061205325899643,0.169527053899666,0.00414272654174535,-134.066357522557
"903",903,0.0628843375612461,0.145688172893103,0.00242463856440179,-132.758388037989
"904",904,0.0426267128974592,0.212353627441062,0.00286401279039481,-134.607243365502
"905",905,0.0842372693772303,0.228901919454614,0.000571786418310165,-133.901170045038
"906",906,0.172133777509847,0.223139137727751,0.000577418796242787,-134.451173072165
"907",907,0.193282781524358,0.122910499617366,0.000688473701038669,-133.352467779571
"908",908,0.113839497453795,0.158309106207171,0.000662277228255364,-132.224033686769
"909",909,0.0838328315677411,0.177741235243225,0.000699664742851325,-132.624806324145
"910",910,0.124948751798604,0.0695094151667089,0.000479515248791006,-131.167298139064
"911",911,0.122013066689105,0.120088330424131,0.000181664533895029,-131.191628575865
"912",912,0.141766660580009,0.0808561167260781,0.00131139756494649,-132.471728171025
"913",913,0.0922406701430317,0.0549912690830379,0.00065814705657774,-131.348972519099
"914",914,0.109063591420974,0.045254647066069,0.000931971437761188,-131.963821024702
"915",915,0.0672086439526437,0.173727378715035,0.000802059644547627,-132.446686830247
"916",916,0.0489399095430654,0.207333684074643,0.0020430400457805,-132.864199360895
"917",917,0.0610965707855501,0.206380425593578,0.00113565899464629,-132.892253107828
"918",918,0.0625522448735396,0.12586405211883,0.000657754697458256,-131.679363948852
"919",919,0.0403848686225358,0.148214024307582,0.00198628301632622,-132.066207543494
"920",920,0.130924280055759,0.294695484339818,0.00169863180802752,-136.503587736802
"921",921,0.16298146704754,0.166645695872912,0.00141038280418575,-134.79002674007
"922",922,0.0491671474710527,0.123951523393728,0.0014065622183281,-131.891615315003
"923",923,0.0507140768455951,0.093004111442363,0.000587141315196578,-132.042063736816
"924",924,0.0676528111893582,0.0624049616023568,0.000337509478662616,-132.090378342272
"925",925,0.101235307368513,0.0896445441789633,0.000989221699557011,-131.737577706157
"926",926,0.0527218240609419,0.08349693942105,0.000595270083843928,-132.108849942151
"927",927,0.0956927669584393,0.1140146871995,0.000451681449411327,-131.042515034767
"928",928,0.177746102534663,0.117296787663296,0.000507684225774603,-131.858018977806
"929",929,0.179316877647999,0.158059713719048,0.000601555608132024,-132.973167156187
"930",930,0.165177849075548,0.127148742596331,0.00146807793835106,-133.929752414498
"931",931,0.142677640822889,0.0781293563592497,0.00101533747560135,-132.139980838962
"932",932,0.0744451757727628,0.0551018183384885,0.000414661934937134,-131.954403843709
"933",933,0.12361265919616,0.0582641320678373,0.000645748899455816,-131.575176027881
"934",934,0.129088354255,0.158824494506278,0.000808707537081511,-132.572165991368
"935",935,0.0220436863446754,0.0953851497264073,0.000956024273833333,-133.361376008228
"936",936,0.15171089561875,0.144521501788062,0.000627829339919194,-132.278971046368
"937",937,0.0892653461260383,0.150921478151537,0.000678331230589278,-131.964873134904
"938",938,0.0627680440494464,0.172938749103433,0.00223677044818001,-132.662056370061
"939",939,0.023012537542453,0.108663193050547,0.00179214973774602,-132.655499687543
"940",940,0.0352154717999719,0.0885831305170435,0.00189395253077245,-133.590620625021
"941",941,0.0501892244808168,0.105735536032361,0.000514835407020793,-132.018646128718
"942",942,0.0459600773652093,0.165359943733845,0.0037831013033054,-133.22372156383
"943",943,0.00245993382827509,0.146587256036921,0.00214515888721418,-132.303301660063
"944",944,0.0189347749040808,0.123426005176588,0.00115206131449551,-132.479133743151
"945",945,0.0236319605855871,0.124389641506786,0.00138910036800461,-132.22192611835
"946",946,0.0548226894588082,0.170639226388659,0.00203937791944047,-132.411419717633
"947",947,0.0235923531101564,0.150523062636504,0.00223303453644075,-132.085135966131
"948",948,0.0180565481735948,0.157098224739828,0.00154436155961941,-132.125711084993
"949",949,0.00488718319021382,0.143540720414511,0.00228245092973969,-132.304473651783
"950",950,0.0536153537948678,0.141674808251921,0.00208003247399307,-132.269330649736
"951",951,0.00168776799800569,0.131961555935848,0.00140221642151062,-132.88246418928
"952",952,0.0841202373250184,0.0686263524294256,0.00179839028376092,-133.889224904382
"953",953,0.111647973952181,0.0727308756760885,0.00203261969309024,-133.904392632284
"954",954,0.0189576250132123,0.165524236650582,0.00199691474081761,-132.041626837533
"955",955,0.0442468662663179,0.121639481085018,0.00168318447664426,-132.063082125239
"956",956,0.0535769253218363,0.18724816672391,0.00218916523249175,-132.672254457434
"957",957,0.0462011963402169,0.141025210003548,0.00164427793473114,-131.956811044137
"958",958,0.0327288287582012,0.181451156713794,0.00212080442185743,-132.171200777437
"959",959,0.0433640996722492,0.14679316437387,0.00236811747011093,-132.277819522185
"960",960,0.0464609578955196,0.140812750019876,0.00204777303970237,-132.14841777927
"961",961,0.0194601198668799,0.176023274890966,0.00175373533653699,-132.102561783603
"962",962,0.0411670500925681,0.137645001060453,0.00240417180496495,-132.321854077144
"963",963,0.0580607105908421,0.148098040691581,0.000159001596072518,-133.152713956639
"964",964,0.114359862623737,0.0552764298244037,0.00303343560087724,-136.471281163285
"965",965,0.0751008001451535,0.0254694027030252,0.000244944737228712,-134.906664961893
"966",966,0.0898905691142403,0.220307968597818,0.00280847359173426,-134.20279099704
"967",967,0.0882466727100429,0.149455483702043,0.00237388715420547,-133.666189030727
"968",968,0.0998906213969181,0.163588552215717,0.000685186746542904,-132.299594376681
"969",969,0.0772939097732482,0.104790762307636,0.000562580193255564,-131.228760629067
"970",970,0.0759159368216764,0.102733995631339,0.000829873881797261,-131.541600467316
"971",971,0.146479441919435,0.14545142436573,0.000736901641075148,-132.434825585157
"972",972,0.136511764079469,0.173318525646936,0.000289056092365515,-132.688912255196
"973",973,0.0795146255706632,0.230407779623525,0.00240515219842826,-133.648313028063
"974",974,0.0795358117340583,0.218214133317767,0.00280599776207875,-133.885514755305
"975",975,0.08721254222513,0.17030250982663,0.00433532593118292,-135.75115194394
"976",976,0.0394761864116431,0.171188510055906,0.00415348872484825,-133.253481607483
"977",977,0.0276134102132744,0.193628006149326,0.00214642766159386,-133.411917793137
"978",978,0.0505658422408261,0.131421541384687,0.00184317866069065,-132.112613805169
"979",979,0.0763196982841537,0.155597072696789,0.00237532746462989,-133.070200328212
"980",980,0.028016309738682,0.134854771175924,0.00213402995811005,-132.131077170772
"981",981,0.0134699811531249,0.142735549751205,0.00174256007765107,-132.186629100531
"982",982,0.017899181702081,0.170799608747367,0.00236979294077152,-131.99331666404
"983",983,0.0485114886328717,0.121128492236868,0.00223685537452311,-132.593338048712
"984",984,0.0416765352656327,0.17041975987508,0.00103415107687296,-132.284127199255
"985",985,0.0710541621115477,0.125328823238493,0.000591397848889621,-131.576299565106
"986",986,0.0527632790981295,0.0660171213760063,0.000692000425792059,-132.721622843868
"987",987,0.0565835971405632,0.111825276458821,0.000562757343102954,-131.754856494521
"988",988,0.107127745475865,0.0867040322488811,0.000153982634728215,-131.101776969005
"989",989,0.0951588843987798,0.140904089452571,0.000871350234536946,-131.901130782
"990",990,0.109323487596315,0.137418100354729,0.000535431563724415,-131.583642275159
"991",991,0.0758609734149088,0.0430750162254557,0.000891454336150574,-132.379295232359
"992",992,0.0909500143720143,0.0719946333020168,0.000390302826061251,-131.0126313926
"993",993,0.101965355167462,0.14822085205807,0.000229119538732055,-132.13515846007
"994",994,0.21152919281231,0.149798635205506,0.000455573131173428,-132.716532242333
"995",995,0.0376174426327722,0.101566863045281,0.000787818574684113,-132.357363070667
"996",996,0.141945611708059,0.0776876769992271,0.000702207735985828,-131.57257863205
"997",997,0.12371384288784,0.0964594198796705,0.00062232295314315,-131.187005079331
"998",998,0.0898911107372348,0.0851521135684626,0.000496737379301372,-130.932608779454
"999",999,0.10096233632304,0.0981167976612909,0.00134281382814109,-132.751973419643
"1000",1000,0.115699417761106,0.150505001667194,0.000130157422877452,-132.353560965448
