"","i","asc1","desc1","pol1","p"
"1",1,0.0919887673519389,5.4430451768688,0.37163134108861,-174.813769952631
"2",2,0.0463627582995746,1.6363600461932,0.257882847001171,-157.468843624087
"3",3,0.0789910318403228,2.42562294773248,0.317193639104301,-156.130840977654
"4",4,0.236517282787972,2.46199104973341,0.283369980182312,-155.945052260382
"5",5,0.53678982795467,2.49646315827689,0.27000831941287,-157.187674523443
"6",6,0.268053601365134,2.64760488151496,0.283440574686456,-156.169195959175
"7",7,0.217761644057324,2.78917810013737,0.323106643608579,-156.583432407395
"8",8,0.352087039853756,2.72799028967065,0.303561952448949,-156.744059484046
"9",9,0.264777245255195,2.51590128511903,0.303857434862455,-156.615450791906
"10",10,0.0987773014385346,2.37585690430492,0.269204116587839,-155.306963961953
"11",11,0.276479743232089,2.47186091659948,0.254259149504804,-155.785816518962
"12",12,0.385530876362759,2.44096727875261,0.264973344222202,-156.191375711946
"13",13,0.252870482315967,2.27721523015233,0.251806488220232,-155.420023585236
"14",14,0.461807354421445,2.19543596232274,0.169037627012522,-156.661507808979
"15",15,0.480354436636151,1.63344368982934,0.156877585578457,-154.866145799803
"16",16,0.194454149983151,1.47346616817018,0.155698173912939,-153.413420448159
"17",17,0.264034671883298,1.55683928101726,0.16623290688237,-153.951794838506
"18",18,0.0225323522735424,1.4584181255221,0.174091962986276,-153.150421064618
"19",19,0.158594068482582,1.4477368281414,0.178355455071546,-154.290592173065
"20",20,0.11244615783067,1.69972856284481,0.216931743789198,-154.655967390107
"21",21,0.215598583701137,2.02604320608448,0.230738749079419,-154.924243490055
"22",22,0.249404613398919,2.18734831041135,0.227945104779325,-155.08775339763
"23",23,0.120177842094964,1.67788412071711,0.148795874535734,-155.776145869585
"24",24,0.444548944232779,1.51901144366859,0.0983949599561976,-155.699621206667
"25",25,0.576730575190097,1.50945176761859,0.110851126697937,-153.572922976974
"26",26,0.478429186305304,1.29775020523978,0.102169587314107,-153.17762933966
"27",27,0.543054772868187,1.43031217739805,0.10715858868133,-153.39867249481
"28",28,0.548849055100566,1.4709370712399,0.104259933118761,-153.40703317353
"29",29,0.47342073060944,1.39085920727182,0.105346498599088,-153.202798022493
"30",30,0.454825393238797,1.15242180879634,0.0856721937851966,-152.64675237162
"31",31,0.508380810377057,1.0762460170371,0.0827142596338212,-154.264991359117
"32",32,0.199188908642848,1.09758103096955,0.0872012186740327,-153.933280144846
"33",33,0.232488369946394,0.964057998635108,0.0863634994908396,-152.093596055434
"34",34,0.274351141023872,0.929076307371133,0.0653745169520543,-152.719959616876
"35",35,0.443289236822574,0.951740693022724,0.0524583389991152,-151.775329689062
"36",36,0.40442170382607,0.879169321487874,0.0531075100380076,-151.399970653144
"37",37,0.44285070956021,0.892387027732196,0.052039477260335,-151.4095983349
"38",38,0.455915883046572,0.884896343772125,0.0347691770405276,-153.446950402927
"39",39,0.462017483974898,0.845757026562795,0.0326745519809658,-152.111237161596
"40",40,0.524117245323541,0.822092066798976,0.0317069641949908,-150.497320127622
"41",41,0.524027582309075,0.842506859637234,0.0316823711420844,-150.561478917953
"42",42,0.567863986825183,0.913534900438926,0.0304098675276885,-151.28028846272
"43",43,0.548531847828519,0.891936158138953,0.0317905841459989,-150.992059404564
"44",44,0.547459090481265,0.875950528307689,0.0310850892490001,-150.762865172501
"45",45,0.553183515956354,0.872046978265657,0.0333200756361063,-150.659627911441
"46",46,0.599070300193771,0.947462167877916,0.031545064299853,-151.195324242338
"47",47,0.681622131788812,1.01477390602884,0.0238371991964242,-152.719731877422
"48",48,0.813782589159174,1.13119953552239,0.0381523389252357,-152.263085439646
"49",49,0.777260449973774,1.15415303064074,0.0442432415356144,-152.108532914397
"50",50,0.771933632768226,1.14975368200216,0.0367783185513532,-151.563342431815
"51",51,0.767775456692453,1.2028057324266,0.0506693254945611,-152.236591062132
"52",52,0.677013499800031,1.1724078274888,0.048412609702015,-152.1799689714
"53",53,0.728207460531181,1.19242628508263,0.0483184868163247,-151.93745398455
"54",54,0.698590742560456,1.09748491510199,0.0469119697599984,-151.929433740963
"55",55,0.627124968602397,1.06466533603332,0.0517179268363412,-151.896411962616
"56",56,0.558381692114761,1.14434650641373,0.0852998453754621,-154.465584341724
"57",57,0.294628580617842,0.947798231719984,0.0757069181160368,-151.968978778446
"58",58,0.379540677729404,0.954302854079461,0.0813204036296837,-153.472058688249
"59",59,0.319719515376091,1.02711585258292,0.0774989301901912,-152.286397322204
"60",60,0.354266613214226,0.99232455987831,0.0878812195115803,-153.229304236602
"61",61,0.30745616827828,1.0006473155106,0.0870175509441745,-152.387797242083
"62",62,0.204662021797953,0.967060170910233,0.083476679028037,-152.277014476871
"63",63,0.178536501791339,0.89548514995482,0.0932941617115523,-152.367508120259
"64",64,0.255756142931077,1.08169892915059,0.101087442618772,-152.498532729333
"65",65,0.288843889379962,1.35544958351225,0.104085366388541,-154.461941850745
"66",66,0.276119946788715,1.33281686655639,0.126277216818044,-153.090936007324
"67",67,0.333890653719488,1.50013048631007,0.129357930399676,-153.62544220952
"68",68,0.464671649052668,1.43798862048437,0.148315327667235,-156.087759134186
"69",69,0.0150976281413111,1.05094335765706,0.100935638583707,-153.959906874468
"70",70,0.371621833642137,1.2863848119253,0.11433155248299,-153.161604957598
"71",71,0.245203696537622,1.06739272404138,0.101815991016746,-152.508673813755
"72",72,0.288556745111863,1.0442905591891,0.094154494632614,-152.47458626951
"73",73,0.26825195249544,1.01843499344976,0.0857557466193871,-152.22675854419
"74",74,0.260948248374261,1.0499791589153,0.10243197106389,-152.767429960973
"75",75,0.138927695536264,0.960612447592931,0.107231475848126,-152.527533069637
"76",76,0.0130310159142753,0.966926431431914,0.123575677331027,-152.334855320243
"77",77,0.0276921016955614,1.17366294187104,0.129515532694663,-152.604821406453
"78",78,0.0391253571361866,1.13050092848641,0.12535122892941,-152.462560401534
"79",79,0.179278302710067,1.2099509673816,0.130601997577032,-152.947631994867
"80",80,0.0613148767136644,1.21589930496224,0.13204354158566,-152.693471571433
"81",81,0.114449793093725,1.04225941655963,0.12451252363525,-152.950935126484
"82",82,0.114026337042087,1.21779797154671,0.135249413754564,-152.752301752813
"83",83,0.0849970731245393,1.21689165356173,0.138342570351651,-152.709660729913
"84",84,0.0936988081353835,1.04884590866533,0.106336788881725,-152.442236328811
"85",85,0.0902493160355859,0.858456817320979,0.0783977780910745,-152.728781662353
"86",86,0.197797785407455,0.975798638450679,0.0819623525631219,-152.57478851425
"87",87,0.270339608077858,0.825210472146648,0.0503199007748329,-153.513789590409
"88",88,0.5043671840054,0.898701521145901,0.0377301029409598,-151.328228873886
"89",89,0.547132233706353,0.928605195313604,0.058828458381871,-154.769892008871
"90",90,0.563285893766406,1.25631168550255,0.0946654112543988,-153.900547219748
"91",91,0.504969834125117,1.37037095858261,0.0977012915165123,-153.119825409298
"92",92,0.470979458579799,1.32298051183071,0.091851548389388,-153.119265300661
"93",93,0.455442526711881,1.29635505428614,0.102756821563265,-153.069904027968
"94",94,0.457895194455291,1.2246481230407,0.095478953677909,-152.953040899164
"95",95,0.264887198736007,1.25737928684596,0.124022396056708,-153.047760175391
"96",96,0.202840161507827,1.10774151114905,0.112491679774578,-152.616425213238
"97",97,0.303812318305862,1.21048007902373,0.115878621531,-153.082949305432
"98",98,0.128898194422434,1.30713407658357,0.183238115041798,-155.874416061511
"99",99,0.0977385594337417,1.53743605468886,0.168637414942303,-153.418896136866
"100",100,0.0998327492031212,1.79686065587619,0.209467969891981,-154.078281195896
"101",101,0.145906524876682,1.96315490494029,0.211892556194256,-154.451509459562
"102",102,0.0272153801021265,1.92183072823586,0.191958737844887,-155.290974792395
"103",103,0.0765861767580319,1.71252584330767,0.172480127822754,-154.380709179948
"104",104,0.28128258640588,1.64612800355795,0.143737752470878,-154.340504607785
"105",105,0.448799778595555,1.53198752106969,0.122897551455201,-153.635775448983
"106",106,0.405251751895935,1.38169951694736,0.114135803922817,-153.209107988236
"107",107,0.401452946123322,1.21766800710726,0.116834985468715,-154.40311054604
"108",108,0.437012937667171,1.34035132907326,0.120192762053471,-153.825817830314
"109",109,0.196088780941555,1.1453435398765,0.121051968138843,-152.845532054849
"110",110,0.0691882980170545,1.04157375696243,0.120635903022807,-152.339788585383
"111",111,0.0790175667167544,0.869156356632222,0.112937983733969,-153.305808756157
"112",112,0.0325807641456808,1.07462508677006,0.124223024104507,-152.282938776268
"113",113,0.149319580864279,1.1638347061716,0.117362022428605,-152.614317075857
"114",114,0.100372918989125,0.962052721951098,0.112968094270562,-152.534010963753
"115",115,0.0174484390646068,0.916165297656697,0.0975023400971471,-152.265065769462
"116",116,0.180866752333301,1.13730535305888,0.111861802519127,-152.552067958977
"117",117,0.249338363612679,1.18818091917486,0.0944831858195545,-153.607721391307
"118",118,0.199485594943629,0.812608125476393,0.0695048338177515,-151.69382143607
"119",119,0.30525187748714,1.00294436703063,0.0830604935796367,-152.170362760862
"120",120,0.317378667495039,1.0165529389601,0.0763407075507002,-152.266887916673
"121",121,0.330409686472116,1.04635589372379,0.0943057412323104,-152.892102759902
"122",122,0.357011464935572,1.29571729216793,0.109250295434718,-152.974505109159
"123",123,0.302508066192486,1.33452340310657,0.103751586147523,-153.978995092506
"124",124,0.285888623579089,1.36352560386578,0.125705850509074,-153.154929598249
"125",125,0.438221264049392,1.59145222544215,0.157950309474099,-154.805903165069
"126",126,0.140819483378275,1.60244438806861,0.165487694240375,-153.693751352263
"127",127,0.289723100316568,1.75239882237907,0.155800690978103,-154.509159589476
"128",128,0.203956429894169,1.88954382658113,0.189343857280993,-154.449442912669
"129",129,0.0613181694905161,1.76151271128623,0.171153446988192,-155.056979564093
"130",130,0.397033733487716,1.61730029888354,0.13643573064845,-153.907924364816
"131",131,0.732954333032269,1.95726401011039,0.137442303563669,-154.826100173401
"132",132,0.837677824910801,2.02695785177218,0.131448620938405,-155.029584011602
"133",133,0.884975533605904,2.13707345285116,0.153654000922531,-155.570409244314
"134",134,0.96348856337045,2.42836551512299,0.167863147933974,-156.19964316502
"135",135,0.782450353382482,2.4912716017063,0.218874570884512,-156.713212443454
"136",136,0.30041713414534,1.86952969976943,0.248142594527951,-157.767633806578
"137",137,0.150457101113946,1.84328703598185,0.168312970882336,-155.48104291107
"138",138,0.177833741832409,1.48487087480184,0.171418554714593,-153.838886918384
"139",139,0.200534518034771,1.48091389991166,0.173299500433201,-154.164349139645
"140",140,0.0338492235083011,1.33802147139821,0.155866351655065,-152.879341665701
"141",141,0.0830604169342013,1.34541551271798,0.136875986306075,-153.297753473837
"142",142,0.0584353953404046,1.11654164813142,0.141708261310295,-153.025881120333
"143",143,0.102550670667477,1.1185162873984,0.105118126397861,-153.221659416346
"144",144,0.222060415351152,1.20006060701393,0.139381746673632,-154.180925135618
"145",145,0.0550789200456517,1.14510604570902,0.137816918022278,-152.643116933639
"146",146,0.114988419820555,1.1199594399179,0.131159661715198,-152.876251055522
"147",147,0.131725207128617,1.15204029482158,0.109576463918946,-152.936307656582
"148",148,0.0772799451839064,0.870509232948467,0.102876995427549,-152.215153033507
"149",149,0.192386709374711,0.875501742340326,0.0621616529254996,-154.308088645092
"150",150,0.224799917365126,0.783101603541798,0.0656656088712448,-151.548969869876
"151",151,0.327940487011223,0.814602566253389,0.0490828416530797,-151.741950871153
"152",152,0.347174554282789,0.72087289410038,0.0456380503237736,-151.157632630657
"153",153,0.316730703564184,0.752395037381296,0.0456095200529601,-151.213749014707
"154",154,0.380115293119739,0.853632845458206,0.0636413529108415,-152.474486568777
"155",155,0.254174185842661,0.836985097851918,0.0698101526440037,-151.719575427886
"156",156,0.393979383863777,1.09626412724066,0.0869637232525301,-152.552923649069
"157",157,0.305910558463074,1.10431575068929,0.09735845048734,-152.541516503591
"158",158,0.244449674669397,1.18716984519242,0.12100088231558,-153.024756421174
"159",159,0.114177177676305,1.08336923807317,0.106548068711175,-152.601816810782
"160",160,0.162241797180926,1.00059850256119,0.109839329738323,-152.67335201907
"161",161,0.0639429621660526,0.962683125639531,0.106585511953537,-152.064355768385
"162",162,0.00389315473054349,0.84889499220008,0.0999093822371347,-151.744077303063
"163",163,0.0143981029222606,0.877952451610774,0.0984519561917904,-151.891990346549
"164",164,0.016840301359066,0.876512313914754,0.0997809258624855,-151.842333493469
"165",165,0.0802115692570702,0.908509518510292,0.101199136090492,-151.996933647573
"166",166,0.0738724432108715,0.876836910784014,0.0857118983006498,-152.315795971297
"167",167,0.204212903025374,0.890289845743509,0.0785024155044834,-151.90832744508
"168",168,0.381104303122684,1.04019972661027,0.0802592860529249,-152.298040845271
"169",169,0.391428266365035,1.03361851513341,0.0691382247851153,-152.205858750706
"170",170,0.564617104701507,1.2081759011523,0.0812442561407772,-152.944415605306
"171",171,0.523614451220418,1.23727352308031,0.0793252368415586,-152.637898552767
"172",172,0.571479301049068,1.28165837601382,0.0832664788132866,-152.789840103814
"173",173,0.574849193638258,1.27289839610623,0.108950895450685,-156.121607636035
"174",174,0.577557440993385,1.71765332514865,0.115102207984219,-154.753433361403
"175",175,0.676018189575563,1.80982748060244,0.125822757199489,-154.416592376676
"176",176,0.739177823818213,1.84931392357079,0.129435110956237,-154.520234580325
"177",177,0.802899840149964,1.83350736310584,0.133537523350904,-155.081965664336
"178",178,0.82851751551326,1.99518998398846,0.132264988203117,-154.917757506391
"179",179,0.630312681012746,1.96141408083066,0.148287145509807,-154.861858165118
"180",180,0.654675624606787,1.82136744586793,0.169494775249117,-156.398617992883
"181",181,0.024095907740328,1.33550327406605,0.187792202051585,-154.30888132305
"182",182,0.00151907069697718,1.2136490260967,0.175028219797597,-154.122512911267
"183",183,0.00798744459972173,1.44392167497457,0.162402601721878,-153.182966843663
"184",184,0.156342509191832,1.48882742862299,0.166838922358113,-153.51186014673
"185",185,0.142097999758452,1.73338006762469,0.208031616302163,-154.335335978657
"186",186,0.0770426009486591,1.81017183206947,0.197166196053804,-154.073783933052
"187",187,0.223949047655579,1.97758424756859,0.189309630975127,-154.904224918836
"188",188,0.657962992253125,2.19367050333397,0.184634984254365,-155.514737918418
"189",189,0.730566787336515,2.16308728976428,0.193426660477469,-156.340931533784
"190",190,0.563212685204811,2.28256564704773,0.174336742305575,-156.369608597911
"191",191,0.608971108730278,1.72390044666079,0.0980490776544555,-156.718332540721
"192",192,0.914692675516616,1.73046933063687,0.083098974239636,-154.110536324237
"193",193,0.964898614215507,1.66313675055307,0.0785667965092246,-153.707597584566
"194",194,1.00812722615456,1.79112727308955,0.076179631098184,-154.390660728375
"195",195,1.00561847835731,1.64378049120423,0.0448243048174835,-157.582250490339
"196",196,1.27441037280355,1.77979000197327,0.054209027287238,-153.891711233251
"197",197,1.2313214708887,1.76534464389951,0.0511325685015414,-153.741748462631
"198",198,1.19957461948136,1.77873383384806,0.0420675601382314,-156.192199145986
"199",199,1.32795285550398,1.69003938040373,0.0375378702772361,-153.550327773224
"200",200,1.29406013544956,1.74889028052942,0.0315592913073067,-155.248504894337
"201",201,1.3415706177857,1.8081579079557,0.0636575627283558,-156.147890604087
"202",202,1.21377967559856,1.76681887893151,0.0501696703618757,-153.956395099098
"203",203,1.2966509592728,1.80075000226411,0.0462735150494485,-153.8572116564
"204",204,1.25965478722644,1.64670100641443,0.029176613783981,-153.70134655784
"205",205,1.27792888855835,1.60361421497272,0.0248772593187936,-153.038025830574
"206",206,1.29790724240957,1.57309168301259,0.0219396654508864,-152.607344042334
"207",207,1.27241205154681,1.47272767376406,0.014289862598663,-151.971849405728
"208",208,1.2637321266023,1.52638980823127,0.0298500366836552,-153.75593325753
"209",209,1.10717724038556,1.49569315719629,0.0266713737591419,-154.256791543597
"210",210,1.18078841315872,1.46337299744286,0.0198137373344785,-152.557666571382
"211",211,1.20582936685138,1.43544189072623,0.0139332529253215,-152.167178600868
"212",212,1.27595162886939,1.48502488563546,0.0108661337905964,-152.250305679236
"213",213,1.26457376237845,1.48060678646749,0.0135103695801189,-152.104327212002
"214",214,1.26178107264589,1.48218370595876,0.0115901696426955,-152.425929728168
"215",215,1.33399750093436,1.55733573763803,0.0187265315528797,-152.54856407627
"216",216,1.30859085802126,1.511897395212,0.0177063783363938,-152.502579678771
"217",217,1.29350428204222,1.57046694521641,0.0351901243887846,-154.942195794065
"218",218,1.28824423734087,1.67520999048546,0.0381701215076956,-153.294440529092
"219",219,1.27104869861098,1.71081660544355,0.0373328174687928,-153.620957523914
"220",220,1.33233747471072,1.64614500773369,0.0135962338759772,-156.698273133682
"221",221,1.38691679819146,1.59118783016295,0.0121686738433833,-152.381195773952
"222",222,1.4356663304604,1.62206449794115,0.0119920116093966,-152.38093769627
"223",223,1.42858211038511,1.62886967251043,0.00352493045305696,-154.224785906056
"224",224,1.50984590401187,1.56718390878895,0.00256365167273866,-150.456952582127
"225",225,1.48516630137319,1.54500118815489,0.00200205841491834,-150.110396746511
"226",226,1.45690632821957,1.48268139451535,0.000188975608721755,-148.926729550411
"227",227,1.44391644032466,1.46865692078109,0.00029891653791784,-148.907781035423
"228",228,1.40994190604127,1.46858458861301,0.00320515269490938,-150.207614116231
"229",229,1.3867748377243,1.45856757546363,0.00118066519341818,-149.8817472036
"230",230,1.38573412850173,1.40971820633589,0.00211112888377126,-149.816040995467
"231",231,1.33523815784765,1.36740501233218,0.000929911617414199,-148.584014156182
"232",232,1.35584505862661,1.36754363681195,0.0010105899540304,-148.954767195678
"233",233,1.31890888234251,1.38248639770859,0.00154494734986914,-149.382990801459
"234",234,1.31092507354561,1.31223398992578,0.00088440328286996,-148.750654967733
"235",235,1.25243903245675,1.29965709337905,0.00127728781245288,-148.554045256339
"236",236,1.21906652682163,1.27544430370337,0.000332725867726047,-148.76033280675
"237",237,1.19532711120002,1.23970658997565,0.000275632661287688,-148.067622005047
"238",238,1.22160575011305,1.31512899966631,0.00587273215935119,-150.426412050247
"239",239,1.26088822061491,1.38903675684155,0.00215783851033339,-150.962677594584
"240",240,1.40308931391991,1.51293214834818,0.00100788558397161,-151.248402723587
"241",241,1.4886800746757,1.54150107968788,0.00174691720519714,-149.97586613761
"242",242,1.42865606844366,1.55376307904668,0.00674119764759547,-151.614933443421
"243",243,1.481566505974,1.63626243900865,0.0125651058063269,-152.858412133724
"244",244,1.44035349014868,1.58265822924246,0.00216191017391639,-151.901070566618
"245",245,1.50661784413975,1.59892247585577,0.0019297184081631,-150.939060356282
"246",246,1.45046338149238,1.47200877085984,0.00160698207544444,-149.950986652867
"247",247,1.43091011651477,1.45052130710366,0.000238420603882663,-148.801372792793
"248",248,1.41806611648056,1.41075152648347,7.7361839105521e-05,-149.19614422483
"249",249,1.38309811896329,1.39510500041432,0.000161752875649548,-148.460895321655
"250",250,1.37643052962815,1.40046087455236,0.00114392290923198,-149.005010594778
"251",251,1.38134522610256,1.42063785281482,0.000929281797509611,-148.923556014656
"252",252,1.39570677386206,1.41956070530013,0.00128198312002779,-149.245428443518
"253",253,1.41109607727824,1.42819053211471,0.00157886221237978,-149.749252331582
"254",254,1.35924361398086,1.42843885377106,0.000595286773095773,-149.722225339469
"255",255,1.38136856429946,1.41183869105911,0.00242901449525992,-149.879738303059
"256",256,1.38814218577776,1.37135312853256,0.00385433332059561,-154.502446981177
"257",257,1.25670024078515,1.3624654874144,0.00389526370729697,-150.649445393665
"258",258,1.31335571014547,1.3781754015373,0.00383407801014008,-149.982638238217
"259",259,1.32902416606792,1.41614341992031,0.00586568538888501,-150.840324281102
"260",260,1.29060933816536,1.35171991869997,0.00107803883005224,-149.163456949757
"261",261,1.31458766730827,1.34154529904696,0.00150414507917864,-148.793341755295
"262",262,1.30724547079605,1.32246213862198,0.00039908318338545,-148.035371992633
"263",263,1.31743909147439,1.35321734632668,0.000339470910755832,-148.282876118329
"264",264,1.35557675199133,1.40873654232018,0.00290505727097944,-149.772101226446
"265",265,1.3232915751637,1.38560925966019,0.00301572502419649,-149.707386700067
"266",266,1.29264068071548,1.39194947432997,0.00488833236902508,-150.609376032483
"267",267,1.21740560238663,1.33438516012891,0.00902873649024969,-151.233337159066
"268",268,1.21027657660134,1.29705595608575,0.01061547235528,-152.658532587397
"269",269,1.16190178138447,1.35906005134158,0.0123930272094649,-151.532142192547
"270",270,1.16745173291542,1.33613047890744,0.00751028014064207,-151.229074617376
"271",271,1.27344818657665,1.33285751289182,0.00249110515762584,-149.271420511486
"272",272,1.20847050847322,1.29405579853169,0.000389952924226357,-150.096520161228
"273",273,1.24466169911117,1.28438570185013,0.0012799169290111,-148.330597381316
"274",274,1.26065032944405,1.30369945778333,0.0019429525413172,-148.743291534916
"275",275,1.27667301980295,1.41729496249089,0.00284540630840257,-151.213935185024
"276",276,1.34240249093271,1.39841254997953,0.00320360216309055,-149.842097282846
"277",277,1.37266782524204,1.55115299227752,0.00354614891509264,-152.742993128504
"278",278,1.35794207427905,1.37523517878924,0.000846905572113415,-148.731349521408
"279",279,1.32574294005436,1.31023588860458,0.0003455399598506,-149.002984536044
"280",280,1.25734042742656,1.31232513290573,0.000205529701426305,-148.793131441097
"281",281,1.27422491925374,1.29628224853454,3.80329068897586e-05,-147.627818762755
"282",282,1.28036307496593,1.26195225000775,0.00016564322087465,-148.465203487781
"283",283,1.27859845696024,1.25571932610502,6.80319752518721e-06,-148.480084907413
"284",284,1.27545103948919,1.28470583474605,0.00068450638133888,-148.066682520148
"285",285,1.2951341646447,1.30847753111876,0.0012058481352756,-148.599250826973
"286",286,1.27296186126352,1.26759663806072,0.000201126133294902,-147.910446944599
"287",287,1.25931523999517,1.28726195875761,0.000402632025596912,-147.814160812836
"288",288,1.24119633680107,1.25889559259187,0.00048975099201805,-147.617160214078
"289",289,1.26937446326222,1.31763626999377,7.13712967151203e-05,-148.492827737437
"290",290,1.35264085626294,1.41662148125979,0.00181632452568847,-149.555922622998
"291",291,1.33237709785281,1.45707513482627,0.000131021510374196,-151.127142926655
"292",292,1.34824735682767,1.41044735072141,0.00211112187688831,-149.553969277562
"293",293,1.34623687604616,1.41705569935736,0.000326094423376596,-149.801329759303
"294",294,1.35085873381505,1.41576684655427,0.00101518796194074,-149.500761465175
"295",295,1.41113418593822,1.46021725542356,0.000191481943664408,-149.060007904646
"296",296,1.42034241021693,1.46482078351116,0.00161726200215771,-149.501041376434
"297",297,1.41357843942142,1.47401990529897,0.00202554491250351,-149.785163319074
"298",298,1.45397489153171,1.53991604211827,0.0025448311126832,-150.604623045324
"299",299,1.49142016140957,1.5392321736921,0.00071355770326348,-149.541883787936
"300",300,1.48522947346538,1.53552129720649,0.00190003530179957,-150.015987518309
"301",301,1.47699659547777,1.5022689907774,0.00223316837181871,-150.558644240679
"302",302,1.47534210734565,1.53387000046359,0.000652928932893425,-149.686945288387
"303",303,1.51165530823945,1.63013295608878,0.00548830753896586,-151.687986933477
"304",304,1.4794740545613,1.54293857503731,0.00583764189326898,-152.025400154285
"305",305,1.40432355330686,1.48989280767824,0.00273915060704382,-150.450795537556
"306",306,1.41022189774835,1.48726762048281,0.00314749330165472,-150.334553255288
"307",307,1.45040816512906,1.486333043032,0.00144299131859938,-149.599690357425
"308",308,1.43784184863788,1.44854866189635,0.00190860109476644,-150.506733389527
"309",309,1.37099409002473,1.44420462906012,0.0107199738795997,-154.458302205477
"310",310,1.17796219780237,1.3361782780636,0.00366329166939042,-151.146740624847
"311",311,1.27841132868273,1.32236991615216,0.000571637337071456,-148.401933467766
"312",312,1.27203990603234,1.25618521098032,0.00060495468417084,-148.80114113486
"313",313,1.20927033237552,1.21551249770914,0.00062687052135688,-147.510588655521
"314",314,1.18802261569458,1.24850883955939,0.00297424661975113,-149.060356304111
"315",315,1.19243116548633,1.23498283907615,0.00104152460992234,-148.084891593407
"316",316,1.23254218681942,1.25775726386865,0.000928129900836366,-147.875883671403
"317",317,1.23795170304935,1.25963465675096,0.000734063909838317,-147.770362769009
"318",318,1.22469784849939,1.20390735049674,0.0013268948974136,-149.576707735619
"319",319,1.14286273476699,1.1353124684631,0.00189552442504395,-148.671698554134
"320",320,1.01674014876751,1.09454973334496,0.000241379170587752,-149.097274529036
"321",321,1.07407083496902,1.08256282623246,5.76625940688984e-05,-146.039529896188
"322",322,1.06422605369221,1.06178142700171,0.000801779208403196,-146.499081809529
"323",323,1.06652785943174,1.0860201696104,0.00020941859221405,-146.388740092196
"324",324,1.05400512382466,1.02777764327646,0.000134277342703871,-146.300397789772
"325",325,1.05640095365202,1.05176827708051,2.54952284958493e-05,-145.725911635006
"326",326,1.06142831256185,1.04967539591928,0.000998351436703615,-146.910866772534
"327",327,0.91068066258522,0.865954395577887,0.000339114464592342,-145.8854986488
"328",328,0.881182353056887,0.859194484378906,6.35398564646798e-05,-144.076041922397
"329",329,0.876883754674868,0.864146399838796,0.00105965657287361,-145.038842370899
"330",330,0.887405258508357,0.929214245430463,0.00168733064254742,-147.0428286249
"331",331,0.893712638194909,0.982128752328165,0.00424108958236932,-149.166985237537
"332",332,0.904440850409403,0.90493992451512,0.00235075887140916,-146.517214867889
"333",333,0.879995017047528,0.895818833979695,0.00214052634129951,-146.100940291713
"334",334,0.89106030056686,0.920170159129894,0.00441053231134471,-147.890538090955
"335",335,0.877704445248926,0.936182143154783,0.000105963747030126,-147.67139728393
"336",336,0.90433187400728,0.848785144104657,0.000180920353167757,-146.478610194856
"337",337,0.872204486956232,0.852824520208305,0.00093063502073187,-144.964785802631
"338",338,0.85481185163815,0.843596089441461,0.000474339466359156,-144.204151457016
"339",339,0.846913669905256,0.830315613890262,0.000289938418888471,-143.918752311696
"340",340,0.853554467883104,0.851110110403591,0.000702031394618793,-144.515104777225
"341",341,0.840809559283931,0.787084311346548,0.000545856434271085,-146.040540650522
"342",342,0.741614550396571,0.769189942849737,0.00191478000580284,-145.748997667487
"343",343,0.745789102986109,0.716349711931192,0.00110558589422896,-143.925019210401
"344",344,0.720805774166896,0.713850200534709,0.00179244181376193,-144.17629858887
"345",345,0.714965671020853,0.716359498741208,0.00103830383486513,-143.795431982559
"346",346,0.714953201853332,0.702426773812244,0.0003874692778296,-142.788352386749
"347",347,0.741058545348049,0.723499171613744,0.000463415000150452,-142.967024402562
"348",348,0.765167931608694,0.73698913995321,0.000432389777406097,-143.21699648939
"349",349,0.746963004450199,0.710422438751544,0.000790563815179288,-143.757413537831
"350",350,0.702714268220702,0.691955354142279,0.000176657912311532,-142.63976452059
"351",351,0.711648472646546,0.691278679335584,0.000535105468743145,-142.679863016334
"352",352,0.726694404109055,0.734007500593109,0.00211112839968657,-144.773102666976
"353",353,0.705359937760073,0.688078717556506,0.00108474215483061,-143.208337330454
"354",354,0.724331482368926,0.721424846473274,0.00106328871488085,-143.691572376326
"355",355,0.75062718522824,0.742090138892333,0.000915771846108338,-143.636359567859
"356",356,0.750534288332454,0.73550325029674,0.00155151443591386,-144.241639991484
"357",357,0.76553170322053,0.741461323993501,0.000545367252832439,-143.307093913555
"358",358,0.776726254634269,0.765716941263172,0.000271729338551279,-143.308509619974
"359",359,0.811427145376651,0.765883357167448,0.00119307216407058,-146.063269345457
"360",360,0.650133713048005,0.738174327156666,0.000216101483551272,-146.462757605673
"361",361,0.673586101518261,0.714632843135897,0.00337460225024546,-146.614710786946
"362",362,0.71196491937299,0.727380418298611,0.00346676589202393,-145.830851759802
"363",363,0.726314117925881,0.742738971540015,0.000445921303791435,-144.646116633029
"364",364,0.790181244115543,0.802868408702276,0.00234243074216391,-145.533733348904
"365",365,0.824454897360388,0.825698574602095,0.00116339417642969,-144.6975439201
"366",366,0.815579578624769,0.840370282031007,0.00155085975267617,-145.794443368649
"367",367,0.808728002956611,0.82041440437452,0.00209703430369789,-145.477723633116
"368",368,0.820741516008078,0.818661045660257,0.000943943228919624,-144.427116111719
"369",369,0.84133552660599,0.832059425301033,0.000651966303214637,-144.252801916374
"370",370,0.826921601808785,0.773465042682608,0.000387154083108392,-145.48115701449
"371",371,0.816363263127654,0.797752898797913,0.00148871372363399,-145.004828002682
"372",372,0.795006029605117,0.780851850742551,0.000171597624808426,-143.318180899211
"373",373,0.774557549479138,0.796210896533033,0.00100587675391405,-145.318120736417
"374",374,0.842962868552982,0.959392549395857,0.0102402897753026,-150.106828314862
"375",375,0.878003627146419,0.94410364769824,0.00747969862008441,-149.44785843264
"376",376,0.872769450627177,0.977505075708089,0.00672787517006275,-149.617791410267
"377",377,0.822196386530486,0.972609344044058,0.00665413433699464,-149.139333118818
"378",378,0.90535279546963,1.09858618468888,0.011895207646064,-150.444226312493
"379",379,0.917411416837759,1.10474287286949,0.0125943557946481,-150.475291391019
"380",380,0.971430033572067,1.20740999199163,0.0185071231869964,-151.193578015518
"381",381,0.985543985260631,1.20977908463998,0.0153719306465829,-151.197391488678
"382",382,1.00671619878803,1.15228565407062,0.0179677661548083,-152.958991909099
"383",383,0.952683566452637,1.15525315808204,0.0148640176637887,-150.814262067258
"384",384,0.946560071758576,1.17454013314125,0.0220965677407418,-151.395097806004
"385",385,0.90950844983587,1.10513801110284,0.00637931662931902,-151.231264966113
"386",386,0.962041959431061,1.02774676114026,0.003656290479308,-148.561727606846
"387",387,0.950890072350351,0.953533958519967,0.00104904775493183,-145.686200702295
"388",388,0.943321309788087,0.977656668619033,0.00293967879922698,-147.309523241452
"389",389,0.941512554856461,0.981783006899051,0.00241982217972235,-147.278113713158
"390",390,0.953508284837016,0.939467157840445,0.000455058360078218,-145.201925077984
"391",391,0.862139251893861,1.01521629127794,0.0090563427536675,-149.828483493993
"392",392,0.850074761997393,0.938959427965839,0.00761916615865243,-149.444097840605
"393",393,0.818272219946894,0.906206129227985,0.00911431234347978,-149.753544569659
"394",394,0.780352108931148,0.947691384535802,0.00314073187946707,-149.372386023782
"395",395,0.773793149841556,0.755554541948018,0.00109102379676488,-143.996133270513
"396",396,0.608859347569596,0.716658163529774,0.000760031264350989,-146.155626624741
"397",397,0.653312380727663,0.802033105672061,0.00800484271151449,-148.182410681655
"398",398,0.625891002767047,0.815783917973417,0.00742428965906366,-148.917692689138
"399",399,0.730637617188471,0.769902003910437,0.00719979358819773,-148.83781651897
"400",400,0.710036687657808,0.841821957112328,0.00383649322825467,-147.742998128944
"401",401,0.685901543958621,0.726743059465184,0.00234016372332016,-146.415888443779
"402",402,0.655409744439689,0.624283185264929,0.00246647627324632,-144.92112477613
"403",403,0.572194833288954,0.580857059948049,0.00148455174086017,-143.592753055558
"404",404,0.435903660341545,0.393679558978802,3.86086598373798e-05,-138.446553956444
"405",405,0.450786960606437,0.400253698570649,0.00236683418722859,-142.718494894701
"406",406,0.398138161961412,0.379473333548409,0.00179203627164456,-140.565313979729
"407",407,0.410004080691562,0.355128526772464,6.86233253092364e-05,-137.965480206032
"408",408,0.396805554022828,0.335302397895604,0.000535101407161548,-138.639956836319
"409",409,0.402942021879881,0.500741843074541,0.000703638550494325,-142.960478497164
"410",410,0.394348567103945,0.499174840809338,0.00147211122880623,-143.188777763
"411",411,0.40603248827085,0.441687769399326,0.00126455499693634,-142.381938632495
"412",412,0.325750754756212,0.469784601758224,0.00134237259677209,-141.813614695788
"413",413,0.515400990084243,0.511652429231113,0.0029869294871234,-143.444807599046
"414",414,0.366323975306121,0.336351692947339,0.00358586568000844,-142.341112456994
"415",415,0.181883546162374,0.266975571989541,0.0041785239692335,-140.270677707837
"416",416,0.107863648481651,0.233768562926625,0.00158298625190291,-136.672661689205
"417",417,0.126481583936842,0.0972617475488167,0.00213037239219878,-137.175542749703
"418",418,0.14532317082703,0.107792848381573,0.000949756087545108,-134.771905487014
"419",419,0.0788013413379311,0.16901868562713,0.00114998331177633,-135.56291287196
"420",420,0.06518681627524,0.181142523014506,0.0015275485236722,-135.74384074073
"421",421,0.0318512373442248,0.126918388699371,0.00311486137288114,-136.850592554867
"422",422,0.0515273302755093,0.194546805078199,0.00304593036920507,-135.991921796902
"423",423,0.0341688431092619,0.173021977983622,0.00236670213464205,-135.888592010401
"424",424,0.0199333210223357,0.172430111179197,0.00277235672617943,-135.952509697976
"425",425,0.0550170967475374,0.159411905599743,0.00178797853346346,-135.702143082843
"426",426,0.0968570978675477,0.0697834863686097,0.000129192029273984,-136.382610639474
"427",427,0.120440713246983,0.175191113718134,0.00125939077792591,-135.751914429812
"428",428,0.139113604054758,0.189095378611867,0.000450879599489214,-135.7232810749
"429",429,0.0950776248790518,0.159467158541096,0.000377321606119581,-135.634521233175
"430",430,0.218543129268101,0.16644075735958,0.000934607878137208,-135.323776300703
"431",431,0.0360631544230873,0.143981206959218,0.0033868915841096,-136.499050890383
"432",432,0.0630735767722334,0.182871205974421,0.00413860353001277,-136.829212768415
"433",433,0.0756327914656379,0.17500047729055,0.0016192262222376,-135.689201397186
"434",434,0.045832379018838,0.176174076114727,0.00132683954171892,-135.896896620942
"435",435,0.0871199422226104,0.18240796829846,0.0019444131250457,-135.928128548854
"436",436,0.0972777775493891,0.0386684466354028,0.000615363176237378,-136.622560863115
"437",437,0.0816539521441538,0.125612354457664,0.0005624507238086,-135.195936102162
"438",438,0.140988077680501,0.14690291335564,0.000245843456798148,-134.729453755352
"439",439,0.203554940698556,0.122534065104016,0.000211290827474379,-137.299368732234
"440",440,0.113212919096238,0.113915287431785,0.000320523950640939,-134.480515677047
"441",441,0.128496928321077,0.118650367706028,0.000544995580300401,-134.383360317563
"442",442,0.140809426487246,0.0861171208518875,0.000550969086469917,-134.444798444666
"443",443,0.11582355690261,0.119305037147557,0.000458839495170416,-134.444197505754
"444",444,0.13831868258771,0.0828078605849455,0.000463479319256546,-134.517692303695
"445",445,0.148517413654196,0.157546417769709,0.000453936172845735,-134.862966353215
"446",446,0.188713524893118,0.179632612088796,0.000514186412180418,-135.410077875614
"447",447,0.136312326175656,0.155944380365667,0.000898969059776401,-135.356158387483
"448",448,0.128271696879227,0.1321305824446,0.00066946459174191,-134.677287727927
"449",449,0.047911068347808,0.177462329596347,0.00337516495530849,-136.168094576369
"450",450,0.0608722203423784,0.21241363902761,0.00245258531726745,-135.962372264842
"451",451,0.0651389643170852,0.226878422900947,0.00343432750802077,-137.049447793278
"452",452,0.0940121176772615,0.184547053745019,0.000370609330372013,-136.186042081843
"453",453,0.133117455799451,0.136194046795147,0.00106258822458727,-135.404129138807
"454",454,0.181644584581466,0.129190504510344,0.000505780754136869,-134.475567367791
"455",455,0.100492488289678,0.0686072829406003,0.000195533282086697,-135.836805168543
"456",456,0.126751233338022,0.19376235556991,0.000764287627418704,-135.849791898457
"457",457,0.157543129484508,0.186888723569801,0.001615519719147,-137.122526083653
"458",458,0.0876470220168049,0.0364780055908389,0.00263404581561129,-138.467617874491
"459",459,0.088547426520069,0.228767797038213,0.00249591044314623,-136.4860022052
"460",460,0.0676493204253837,0.155787015185468,0.00241673707608397,-136.00227473927
"461",461,0.0510491244286114,0.197445884751042,0.000415856847027611,-136.679384101548
"462",462,0.134000419397469,0.111150953093062,0.000635628739634597,-134.391407184958
"463",463,0.12135793022452,0.0966224556601449,0.000362034772293365,-134.371393483413
"464",464,0.0951824162274592,0.157709610776609,0.0011393177071591,-135.375149589337
"465",465,0.128466320098129,0.107197806756628,0.00105172994148776,-135.023185315552
"466",466,0.0994115366320519,0.115049004840597,0.000122022184623694,-135.481985387055
"467",467,0.120516075309962,0.125154865998483,0.000487642388423131,-134.467993802701
"468",468,0.183166134704639,0.137288709442691,0.00022653054329755,-134.725418934652
"469",469,0.186760497581251,0.142403892484604,6.75326464519649e-05,-135.436076466369
"470",470,0.173582803278461,0.168245649988969,0.000314058334393192,-135.03363861422
"471",471,0.124350058736925,0.115358930513607,0.0004662878250441,-134.335642223556
"472",472,0.161242185036071,0.122237644309925,0.000502730098386552,-134.392629387169
"473",473,0.122790046799054,0.157935623122964,0.000422072205887463,-135.054271504309
"474",474,0.152338578407084,0.129758820969736,0.000253911054057194,-134.442235759357
"475",475,0.186300023533779,0.180765834521114,0.000514249235982865,-135.434042451854
"476",476,0.136192237202415,0.0952568770594365,0.0011824382232417,-135.081924103533
"477",477,0.134692356231846,0.155478205931375,0.000808939354225556,-135.20605486635
"478",478,0.212486614247227,0.153579155316133,0.000883575362011857,-135.167704540428
"479",479,0.0952485227341312,0.136767651893474,0.000841258305978616,-135.043848951036
"480",480,0.174188672217395,0.14676242868898,0.000296800216462808,-134.657086521851
"481",481,0.0472391453209003,0.119167366012533,0.00148068104988984,-136.125879722776
"482",482,0.0876885638449244,0.0425985740987053,0.00157248339610568,-136.882376748722
"483",483,0.0944547836869771,0.221054644412455,0.00145176936548998,-136.351939981648
"484",484,0.0875617422432335,0.114174412189586,0.00113458840356153,-135.513423837775
"485",485,0.0686736718715208,0.10548746687833,0.000608934370479826,-135.615004965224
"486",486,0.0760956027398949,0.160427447606306,0.00201729079884418,-135.806097355211
"487",487,0.0681576883207642,0.201217479567328,0.00274976591870326,-136.180283826893
"488",488,0.0480388280065305,0.197309376175684,0.00258141755441257,-135.78453491496
"489",489,0.0588687489939571,0.165127727127592,0.00191490749079008,-135.715337002484
"490",490,0.131446168017653,0.0758113457737669,0.00140630580036552,-135.327505923478
"491",491,0.123507975666383,0.101664628407049,0.000361303744111927,-134.327488221914
"492",492,0.165863312968398,0.133244139951599,0.00038852783465723,-134.451180391768
"493",493,0.165102489981868,0.18984635058813,0.000477234721316061,-135.620823737669
"494",494,0.173262901921022,0.199075221182306,0.000729661347914498,-136.060313808834
"495",495,0.15753862834247,0.219748543852824,0.000670811018112997,-136.439948832206
"496",496,0.17669600734685,0.11202952327754,0.000403994449662075,-134.550419666366
"497",497,0.100047975311979,0.118300698965588,0.000322519914741786,-134.792883415139
"498",498,0.110218937701757,0.160254283037679,0.000766423182172128,-135.214652154765
"499",499,0.101273492695709,0.100743745091982,0.00105680453550392,-135.305190284225
"500",500,0.0827312641646033,0.0640571373088818,0.00110251808070497,-136.183223088733
"501",501,0.123235716723318,0.105465652649722,0.00015741347522288,-134.751751721505
"502",502,0.149697155591055,0.171081174388379,0.000603163460098773,-135.270599540465
"503",503,0.146091172533631,0.0757650706919404,0.000616323287087308,-135.452842191109
"504",504,0.117799560964067,0.0903034621650898,0.000425397656507393,-134.425734367745
"505",505,0.138399841059668,0.130660931068259,0.000298741699712639,-134.422427851835
"506",506,0.169421290351852,0.124650715516637,0.000248840986074634,-134.537767343295
"507",507,0.0987802385837578,0.11901170527453,0.000363472095315048,-134.786888196385
"508",508,0.176911879948518,0.157243916923041,0.000597113962142045,-135.000321925084
"509",509,0.133133339138897,0.140082232047837,0.000385875045210416,-134.565211392886
"510",510,0.160677176750652,0.141620097762204,0.00126407496956308,-135.867642234871
"511",511,0.127399260764132,0.142055400664965,0.00134275725387833,-136.049688609839
"512",512,0.103855422466216,0.155155355761787,0.00136709560073978,-135.571127954568
"513",513,0.21234438465158,0.159502375421049,0.0006142643755051,-134.889217222032
"514",514,0.0661119373485179,0.132457536361677,0.00203003167367098,-136.005729288619
"515",515,0.0821260263085545,0.15522228550642,0.0010136654560496,-135.386186031902
"516",516,0.0717163250103858,0.110651907795894,0.00109102052317792,-135.591263348533
"517",517,0.0656026271873833,0.121285551772762,0.000862308957936877,-135.558779813214
"518",518,0.0905771507314912,0.121322412306251,0.0004724929385474,-134.949213705343
"519",519,0.0895807569689436,0.110697013306943,0.00085576345125963,-135.142120994841
"520",520,0.0680947325705891,0.156959166077109,0.00108639403198781,-135.553385939775
"521",521,0.0146581034273933,0.168101710423097,0.00126269074217182,-136.685983505086
"522",522,0.0362577332312041,0.187245029345503,0.00139688945933466,-135.91134574554
"523",523,0.117928051759098,0.0572062400052202,0.00117518907702819,-135.533797183057
"524",524,0.108282158117702,0.084473528842892,0.00183058669689393,-136.720792876408
"525",525,0.138538909523654,0.283343480578003,0.00607785504437466,-139.587611551612
"526",526,0.120188131711375,0.260147049024295,0.000390674145352409,-137.363509275678
"527",527,0.307269032491745,0.273006806884462,0.000207919494697503,-137.205397120388
"528",528,0.338511811054081,0.270535494294872,0.000331949752947241,-137.632668510288
"529",529,0.117695310312192,0.263295184140105,0.00306365876653119,-137.380595925438
"530",530,0.103674261774025,0.181458557328471,0.00268735800098533,-136.804869358101
"531",531,0.0275550898033351,0.18416874307039,0.00702300988480416,-137.507538069024
"532",532,0.0247067829481689,0.168992260767467,0.00221081552822728,-135.977977924316
"533",533,0.0647908802180688,0.170265135016733,0.00144931825898221,-135.654488429179
"534",534,0.0795298805235224,0.156076871473986,0.00141504999401523,-135.499914064124
"535",535,0.0900913976833906,0.147089299988398,0.00134971886298827,-135.446468637214
"536",536,0.0220409386927581,0.171764040352163,0.00466629199371158,-136.396868901365
"537",537,0.0130752728617107,0.180266527788951,0.00805914081197954,-138.605398154729
"538",538,0.0251121498779786,0.187766395136109,0.00372778744947642,-136.649179549938
"539",539,0.0640957789479422,0.229936979433452,0.00215255538820045,-137.740837216535
"540",540,0.0899219086750798,0.155377897847124,0.000927624797746693,-135.31266639177
"541",541,0.0967655142415499,0.0353737489630192,0.000876420772836424,-136.696180477357
"542",542,0.0938402263070418,0.239829545926374,0.000799595268538521,-136.596982785234
"543",543,0.0939473620827774,0.150690577434343,0.00134364010530272,-135.463031184629
"544",544,0.201351191132926,0.152964034449529,0.00133510528236351,-135.720987274923
"545",545,0.193333326278339,0.148394001917208,6.27496849474507e-05,-135.538862994183
"546",546,0.220436609639032,0.146724073046799,0.000747530770052424,-136.572083699381
"547",547,0.156009715604307,0.132872949444102,0.000131599900259335,-134.8007540448
"548",548,0.176848406913843,0.11816565136479,0.000854653672094716,-134.650180689574
"549",549,0.157271752820405,0.171462373467256,0.000341281063070626,-135.144467038098
"550",550,0.198992002594486,0.152191024951782,0.000640524893655144,-134.918745618321
"551",551,0.200492680817175,0.168416832512841,0.000425269679426868,-135.124027907086
"552",552,0.241131901403504,0.212730644655183,0.000467623525939495,-136.17038281128
"553",553,0.076922423832529,0.0548016106991664,0.000958668888236149,-136.599577163235
"554",554,0.0596483319043372,0.209777607561662,0.00206466126034909,-135.862661494341
"555",555,0.0790786564156976,0.15205878944794,0.00182740285294072,-135.728460171169
"556",556,0.0136484735500824,0.17977109249237,0.00825906549467865,-138.593059373204
"557",557,0.0235515901370768,0.18129123350984,0.00754888248794093,-137.795474401258
"558",558,0.0183090452100713,0.178807543838326,0.0022966886737864,-136.54049531899
"559",559,0.0444911481057007,0.141144862954569,0.00107718756449625,-136.050289630479
"560",560,0.0478054193785573,0.166736805048357,0.00303782475681545,-136.07631629262
"561",561,0.0535960377538192,0.170208997871188,0.000778868224159314,-136.067856426245
"562",562,0.0921736565813169,0.190042421516949,0.00105575548242604,-135.822677020333
"563",563,0.0562145642928135,0.116336841723347,0.00147319281582584,-135.971874774653
"564",564,0.0836963405550011,0.186020423481481,0.00103114962144388,-135.784803147568
"565",565,0.121344171401079,0.0614594965652397,0.000982103386563712,-135.189445614321
"566",566,0.0877077652952888,0.120820629632647,0.000389763837446486,-135.109221060825
"567",567,0.0999344094962966,0.0952623036112438,0.000642245667804126,-134.735595870111
"568",568,0.113438933528866,0.24316924214485,0.00216622863956406,-137.008637103372
"569",569,0.120849273446196,0.103036908434375,0.00064997117566535,-134.445541408396
"570",570,0.163969394373714,0.124145408667374,0.000657103867801353,-134.550740321669
"571",571,0.0534552869796464,0.226194759902047,0.00581190749075659,-139.179267926032
"572",572,0.0858573417486472,0.172485468996237,0.00238441275051934,-136.163182611052
"573",573,0.0439675674605504,0.173602641733715,0.00231069594681876,-135.84011048818
"574",574,0.0557855982113932,0.178221220517153,0.00257256677732379,-135.9204931675
"575",575,0.204798051756828,0.344231974128811,0.00419894416710999,-140.232995758688
"576",576,0.205381107711557,0.285486470275311,0.00216568300723029,-138.98607505021
"577",577,0.171054956380619,0.322999548157976,0.00199781056620243,-138.740882763853
"578",578,0.373921555420283,0.359710716870521,0.00231871003383501,-141.110291026444
"579",579,0.36019474367218,0.316801040630862,0.000757136307139678,-137.787317987331
"580",580,0.326275562258293,0.347801866313613,0.000467377083149355,-139.58231149294
"581",581,0.325292211572891,0.32408919530378,0.000501318225433769,-138.952796086074
"582",582,0.279663603506495,0.220884754608772,0.00103029498379455,-136.769959455066
"583",583,0.182917639285512,0.121621342342604,0.00102024076334205,-135.041838809384
"584",584,0.141913490431675,0.193725299360637,0.0010569465971555,-136.015824297472
"585",585,0.146584129910453,0.132949004379042,0.000215669160768131,-134.536800148999
"586",586,0.174969473050212,0.127564126267407,0.000772910068436346,-134.698825665764
"587",587,0.0753420983563028,0.083154934606115,0.000271909402653734,-136.079895885758
"588",588,0.139500360551932,0.14703494148246,0.000390861923946582,-134.658317359947
"589",589,0.0779667255483921,0.085005163897304,0.00086331531819927,-135.688835555925
"590",590,0.11670857043429,0.099519386474959,0.000431843563794512,-134.372048916521
"591",591,0.126410852555249,0.0662501259612348,0.000363562639609478,-135.138600097899
"592",592,0.106256743461348,0.0750383789864095,0.00128242047798088,-135.583699914076
"593",593,0.127609707368527,0.072312336242334,0.000427307797798991,-134.798497934468
"594",594,0.125845174051923,0.1798687723838,0.000966780036370774,-135.63152222413
"595",595,0.0613595497701825,0.147594995205815,0.000964777509064792,-135.651603114188
"596",596,0.204072771876655,0.166122081695778,0.00121785690156952,-136.060446697053
"597",597,0.0364505737214962,0.188273990427715,0.00319170594609189,-135.864890875477
"598",598,0.0453133554503627,0.154131461794917,0.00085273498245818,-136.154440855287
"599",599,0.0830326390224585,0.131304902144055,0.0022163390735053,-136.6283368006
"600",600,0.0612588029186689,0.210299598935792,0.00420673885863094,-136.520297370036
"601",601,0.0571136897236254,0.175180476883203,0.00293231317630134,-136.074762566378
"602",602,0.0356661752062165,0.193467594634751,0.00350522480569551,-136.167985995122
"603",603,0.0398733154331711,0.142601559357099,0.00157275719778959,-135.99874982924
"604",604,0.0984859685722071,0.177245552549203,0.00146569743401147,-135.736615044461
"605",605,0.0726677615513741,0.208110526556878,0.00706595196530632,-138.916640267826
"606",606,0.0545331127976718,0.213844643384554,0.00643804987001661,-137.714484143538
"607",607,0.0639473901528346,0.206577787403822,0.00670233936917785,-138.226965805467
"608",608,0.052062726139045,0.204542531311828,0.00598381504017236,-137.260200151618
"609",609,0.0487093000365093,0.179199774410885,0.00621739166718176,-137.914914860484
"610",610,0.0438621406733887,0.167773600210349,0.00250572299898762,-135.882817310238
"611",611,0.0740231476154635,0.147583561910811,0.00251020923269757,-136.289820178771
"612",612,0.0998577085045579,0.191353402610219,0.00526585799984243,-139.240699790325
"613",613,0.102583732795274,0.234445092378462,0.00324870288093591,-137.188408315501
"614",614,0.078369967042853,0.195610872899704,0.00318630851110307,-136.522707025966
"615",615,0.0795030241715058,0.192992479627281,0.00544454937507424,-138.273833307592
"616",616,0.0687423108835103,0.233849754276988,0.00491298133672832,-137.953212468125
"617",617,0.091009122106967,0.20748115011565,0.00146673097663403,-136.113516401008
"618",618,0.169063503624764,0.0994684981019599,0.000772049547986603,-135.346673142635
"619",619,0.108317632680002,0.054842304783543,0.00133602781972802,-135.699173204796
"620",620,0.114893606983607,0.250376624689805,0.0025769523683044,-137.202686013375
"621",621,0.172918304423462,0.1679616574233,0.00332545092004261,-141.058547856162
"622",622,0.225369607010509,0.378706550844963,0.000707824537984932,-140.289667258045
"623",623,0.242414046709684,0.253033518013819,0.000529024320217108,-137.346908912247
"624",624,0.225088908118037,0.176523062881369,0.000278660744827197,-135.210235507139
"625",625,0.221059848329899,0.173435015041864,0.000387474898536455,-135.133659870258
"626",626,0.199778940912135,0.185323873665902,0.00127912546480474,-136.845483098589
"627",627,0.243113351424005,0.195533992975835,0.000369215212329859,-135.485514021923
"628",628,0.171103715805586,0.196568334325646,0.000411168365581179,-135.76873109876
"629",629,0.0962606695700624,0.138795140461526,0.000773798183826646,-135.021173827701
"630",630,0.163496291149079,0.121834547410882,0.000196020763356311,-134.584840090122
"631",631,0.178765183406965,0.122402997723592,0.000828041266572069,-134.616562407324
"632",632,0.147098758123637,0.106247711919368,9.77600986952197e-05,-135.035766195515
"633",633,0.162694020506921,0.163425887015003,8.229137702285e-05,-135.522596649692
"634",634,0.148643140839352,0.165923064184741,0.000572057235721018,-135.134586695691
"635",635,0.0189850884274185,0.141450639625484,0.00499221293904694,-137.434884492409
"636",636,0.0217453121868758,0.156175590191545,0.00678227552431006,-138.111256753155
"637",637,0.0145124056842999,0.175916089628647,0.00152198817703663,-137.207724533317
"638",638,0.0559089485298222,0.161996795302267,0.0016519668138788,-135.683807059383
"639",639,0.0965280861673738,0.188521555151335,0.000756675111111346,-135.853171467549
"640",640,0.12773155739339,0.191314570459446,0.00118754795016761,-135.96136924696
"641",641,0.0506499603203852,0.195643751286449,0.00117375940043228,-135.886709535502
"642",642,0.245091557947203,0.19350899256728,0.000492795730031763,-135.372341046904
"643",643,0.215127015439004,0.228322831067952,0.000798112247985352,-137.032486571331
"644",644,0.0717829286396467,0.0958659102593219,0.00130903439149432,-136.332517230439
"645",645,0.149903050020258,0.108861326477694,0.00100819609686257,-134.86280105909
"646",646,0.13416636316075,0.177069417146348,0.000419589389076679,-135.44334282367
"647",647,0.0678546863963185,0.179130528394053,0.00352341387857362,-136.567708203332
"648",648,0.0236128239274065,0.176633907960446,0.00328368654637347,-135.943322942266
"649",649,0.0452785069908023,0.120676069383462,0.0035437642779311,-137.616084932739
"650",650,0.0199186812695315,0.115451996320842,0.00318200839817947,-137.621993055051
"651",651,0.0786538908242586,0.108614133510131,0.00310488125047359,-140.005539754657
"652",652,0.0446975432096739,0.170485450605347,0.00284330285750744,-135.969994329605
"653",653,0.0423461811118359,0.163572936055224,0.0023057133816338,-135.860256281837
"654",654,0.0838562808665306,0.175380524186991,0.000745306015274806,-135.720285566721
"655",655,0.0923027477034825,0.150061205192214,0.000837703021624637,-135.21348936169
"656",656,0.15989233189201,0.0996506211476248,0.000434371048951518,-134.38364966168
"657",657,0.140017713645087,0.113762018722275,0.000213410780675085,-134.444833143822
"658",658,0.0769487002942682,0.108887475961138,0.000974006884635391,-135.45079018073
"659",659,0.143233694852933,0.105458112498738,0.00222407209525356,-137.083136169589
"660",660,0.0926233992176248,0.158540530563018,0.0021180294868505,-136.148881984092
"661",661,0.10706819227116,0.23491332226336,0.000977066186231695,-136.69975831161
"662",662,0.0820292261495818,0.113675664089979,0.000599366820722502,-135.109847421328
"663",663,0.110527351915863,0.0593959801103747,0.000449155693574172,-135.338162654266
"664",664,0.112159495329301,0.168849861241656,0.0003186651028085,-135.644242626763
"665",665,0.0579641746826073,0.210787630521323,0.000498711517162616,-136.801192433201
"666",666,0.20565696874145,0.185702145337289,0.000341711472674591,-135.457008083125
"667",667,0.107174783576052,0.229990508549789,0.0047967186461996,-138.295281310924
"668",668,0.084518160576237,0.238557241900242,0.00351857882216249,-136.863317780462
"669",669,0.0853922126231468,0.236705276949401,0.00353870679676812,-136.792009235275
"670",670,0.086104900942922,0.208006881465716,0.00246648842026385,-136.353562745917
"671",671,0.0466661159049041,0.174875626970451,0.00246497739030563,-135.863561889418
"672",672,0.0865325191804257,0.176119807191022,0.00423100028208066,-137.86868162192
"673",673,0.0185157786336698,0.130734365132845,0.00465777339435648,-137.712200077787
"674",674,0.0534083987169329,0.204489725981027,0.00430509691138448,-136.420621633496
"675",675,0.0538063862721342,0.186502785881576,0.000586337647251464,-136.414428102098
"676",676,0.255188641914555,0.191519645221795,0.0008325737849093,-136.186596340584
"677",677,0.0860580197710299,0.0573460664205715,0.0010629210444749,-136.127689714571
"678",678,0.107231416405271,0.110982646400761,0.00158311723873155,-136.455265577848
"679",679,0.0990335326849826,0.117940101520062,0.000879302283437121,-135.051993464428
"680",680,0.100590999351039,0.0748728147487685,0.00119305064524793,-135.57557925848
"681",681,0.0736634171185681,0.135610774812187,0.00394628769825906,-138.659478879709
"682",682,0.0683705190512649,0.185046886288671,0.000666310351326675,-136.10134602835
"683",683,0.241075270647447,0.211635084481557,0.000364658524558444,-136.075886432341
"684",684,0.180888514327844,0.29312328083985,0.00355071024009729,-139.483267796924
"685",685,0.150622737173456,0.29814534951128,0.00168723558095323,-137.91963153553
"686",686,0.153492365058,0.298667165827568,0.00245291309255658,-138.114766253666
"687",687,0.327419301825829,0.280393445752569,0.000793759452043136,-137.18786879584
"688",688,0.325263287432047,0.272109937775241,0.00153456059531847,-138.469683647073
"689",689,0.305547936655413,0.245154347892194,0.00101265476340473,-137.423973650421
"690",690,0.229935280238434,0.247123379413275,5.3129659476126e-05,-137.190866848607
"691",691,0.2519541308886,0.289256348352721,0.00120967908145246,-138.940250478136
"692",692,0.326184165034373,0.285851905772217,0.000205230125203626,-137.154767900782
"693",693,0.344573003857034,0.293181573604127,0.00122152191573409,-138.202026111158
"694",694,0.198942511883717,0.185006237894674,0.000768800139614357,-135.892447529303
"695",695,0.255494235585028,0.212700863741995,0.000336794945623521,-135.91452574094
"696",696,0.214014312251418,0.165854585261785,0.000527794586187585,-135.029286242964
"697",697,0.162605061629548,0.111850225295988,0.000672168800635024,-134.442823754303
"698",698,0.15476188208996,0.112273141518898,0.000496530848089923,-134.326829824065
"699",699,0.136502750158179,0.0743512461251576,0.000996736400640432,-135.013962386937
"700",700,0.144559666528287,0.223241423863478,0.00217317578096961,-137.315380078683
"701",701,0.104177239010706,0.210054875747831,0.00198175107493573,-136.39597448822
"702",702,0.15472003007431,0.28632189937674,0.00263105544954042,-138.308531348301
"703",703,0.142162353618962,0.218303100151931,0.000301873358319762,-136.646169078046
"704",704,0.0774625777062479,0.0563225081624166,0.000270418827371604,-137.313966265433
"705",705,0.0785476034156484,0.0952590540685931,0.00054491154382616,-135.326890636898
"706",706,0.0930330948056476,0.11821401989815,0.00100003274495554,-135.255438658425
"707",707,0.167364383723638,0.125498296465807,0.000722508528757133,-134.64784347671
"708",708,0.146398762733447,0.0897112722690246,0.000376957945413876,-134.481845855659
"709",709,0.147748245754636,0.137859614387089,6.47762459763627e-05,-135.358694582776
"710",710,0.123558602646473,0.135498413067421,0.000996804258886735,-135.266249769313
"711",711,0.0689522193364469,0.137688370892885,0.00209364408227654,-135.992891542172
"712",712,0.0822243467912241,0.201946091429466,0.00237087325657118,-136.213810414017
"713",713,0.0661388546705629,0.118454784809915,0.000456440482486856,-135.887736612797
"714",714,0.140209634980977,0.0789913676315518,0.000671216039172153,-134.629976892258
"715",715,0.117174946789637,0.148752480048057,0.000681218853544762,-134.954457298429
"716",716,0.211114444134368,0.144752851964797,0.00100160820613882,-135.853726628807
"717",717,0.0663354158649023,0.0651312428453934,0.000837398980337122,-136.795324119802
"718",718,0.104514412283425,0.0614305225139218,0.00131037316783011,-135.709755467528
"719",719,0.130608810920535,0.145109780762468,1.60149514590358e-05,-136.760812665003
"720",720,0.196836289354738,0.146012123934473,0.000249928393662705,-134.790524207645
"721",721,0.16168184655865,0.127224376054259,0.000268579261551855,-134.440762835703
"722",722,0.136176429677572,0.111128616281865,0.000332414321977292,-134.27699906466
"723",723,0.102407262295893,0.0897994478383574,0.00103066279389142,-135.227506479916
"724",724,0.0975260019925962,0.171710747421393,0.000929766315072529,-135.503119113836
"725",725,0.160226536682157,0.11210747150766,0.000776477223736965,-134.55421514682
"726",726,0.169630746414568,0.169447558799767,0.00127412379122343,-136.489816594304
"727",727,0.185018256549434,0.141616345128963,0.00139773772992104,-135.799934971253
"728",728,0.17812821069163,0.154963797830128,0.000809056288167368,-135.260301062375
"729",729,0.118352569947529,0.0586522202697454,0.000316522787119934,-135.639635328414
"730",730,0.114513559094721,0.153125732314153,0.000890668654415498,-135.170884096133
"731",731,0.0327763864186269,0.123390510817759,0.00325072332459756,-137.073116457476
"732",732,0.0423340131108851,0.121259742522577,0.000505065283627332,-137.120058732374
"733",733,0.0488092559905259,0.108234546869953,0.000787970009596261,-136.467741816762
"734",734,0.180671490431956,0.10826885536479,0.00111461721618618,-136.591833800685
"735",735,0.10366813968995,0.0941430195234251,0.00174342481082945,-136.763861786988
"736",736,0.15964272982993,0.114277140749523,0.000165308245489061,-134.688865839317
"737",737,0.169082410938,0.173773629844314,7.80485149353377e-05,-135.738280583384
"738",738,0.166750899256043,0.261716270029709,0.000572460561632387,-137.47907005057
"739",739,0.219564603510327,0.202671343606079,0.000129038158910335,-136.009679184996
"740",740,0.230635705688909,0.220695766763857,7.54833461832103e-05,-136.527770601471
"741",741,0.182178635099839,0.185209272039152,0.00092467521065085,-136.147713635013
"742",742,0.199035204018622,0.169360017183687,0.00063503248910212,-135.332949258276
"743",743,0.192081300114484,0.177838841470666,0.00144460048287358,-137.019196970099
"744",744,0.0187675766739238,0.146317816066564,0.00330728352441769,-136.520380752482
"745",745,0.0398375810093746,0.172785942421573,0.00185535459159156,-135.852734665742
"746",746,0.117578982685833,0.21529808608373,0.0017150181478145,-136.497898887143
"747",747,0.0493794293508699,0.195086124033726,0.000645159932896132,-136.303845781173
"748",748,0.22215606854531,0.182691227345059,0.000908103897336528,-135.880010109625
"749",749,0.228609363282971,0.163147010552091,0.00087556256392539,-135.855042603436
"750",750,0.0923847149507508,0.181400539070048,0.00173540499947245,-135.864708622905
"751",751,0.053028542436109,0.196032339065397,0.00200114310829574,-135.789748074008
"752",752,0.0431565508143101,0.175989730136227,0.00141011169977134,-135.903668780079
"753",753,0.0486697592893375,0.169593917778437,0.00335546190041734,-136.21143658057
"754",754,0.0351272732645477,0.1731130564099,0.00437290144281789,-136.496749342381
"755",755,0.0287297554519263,0.173385571678605,0.00373255079484905,-136.131678732594
"756",756,0.0366213136730863,0.191917251366603,0.00220413275248982,-135.908712613105
"757",757,0.147433070589236,0.288744526298392,0.0014612847255246,-137.687580719443
"758",758,0.145586358036148,0.182313940187303,0.00122324464209977,-136.135332441937
"759",759,0.188360778749945,0.203678010466261,0.000788991588739147,-136.3401734449
"760",760,0.0625111273986233,0.20529415026001,0.00813562017150586,-139.258569681703
"761",761,0.0388298792591816,0.192294032607311,0.00197539618162914,-135.831073162374
"762",762,0.0616415801934386,0.184586656614773,0.00129965342657031,-135.817129222117
"763",763,0.142257075838467,0.185427084469474,0.000496123212474129,-135.582694391972
"764",764,0.241417090926011,0.189440576036494,0.000398510775929601,-135.279571656345
"765",765,0.262771870287546,0.267173866456707,0.00030336775363398,-137.496747601094
"766",766,0.225313692711099,0.177406804316599,0.00149413816232208,-136.349585804184
"767",767,0.10575726928572,0.198184077677804,0.00128793418821229,-135.994412326685
"768",768,0.0389353213111171,0.18036738606298,0.000697250089722628,-136.441613729169
"769",769,0.246740808562582,0.194110445022035,0.000392041685450082,-135.34342449461
"770",770,0.25022989858399,0.183466537190616,0.000144962456598132,-135.758790456997
"771",771,0.235030776577263,0.179797421366378,0.000180471100145971,-135.270029447471
"772",772,0.232184474547138,0.188221570816654,0.000404125499876783,-135.461946794025
"773",773,0.218611770556272,0.189003561242881,0.000727495880541057,-135.90521062184
"774",774,0.165801163703701,0.181393798035933,0.00010125330029791,-135.820725701725
"775",775,0.199753048701482,0.138094888028229,0.00103353564355415,-135.319675360944
"776",776,0.0686829258022373,0.139366804933688,0.00106810988083151,-135.4579212965
"777",777,0.192925738955653,0.134340535472868,0.000993524587766255,-135.021241844957
"778",778,0.190943337742877,0.182240887735669,0.000854489440803279,-135.967261305896
"779",779,0.104807208936149,0.127373928014017,0.000244236541172363,-134.946277497954
"780",780,0.109425657818549,0.171080584856556,0.00244219614326786,-136.85355462574
"781",781,0.0495740684230559,0.217073299363657,0.00847912673438822,-139.358071712132
"782",782,0.0699791884720344,0.227377887169673,0.00650493280746948,-138.032683166566
"783",783,0.0721021667857439,0.212133437432882,0.00452975462562413,-137.068244059616
"784",784,0.0695035574734648,0.168181371085478,0.00129691732306684,-135.609386293041
"785",785,0.10977268044179,0.0468250301634378,0.00126277721250985,-136.182524515254
"786",786,0.0970970781621383,0.0740395755042753,0.00135597191973749,-135.96422185876
"787",787,0.122184627537123,0.125005629660419,0.000580251686887494,-134.520296465746
"788",788,0.190405227571856,0.168044464243784,0.000180593894266459,-135.180095807246
"789",789,0.110310687952791,0.0556535614419885,0.00133336605120467,-135.652724528449
"790",790,0.106811321647826,0.115076797642581,0.00146100393095202,-136.176168881804
"791",791,0.171108112519037,0.126176103382135,0.00146869797985312,-135.684211852594
"792",792,0.0741904813044259,0.102694553095887,0.00114367481176016,-135.828162319238
"793",793,0.1420792115502,0.0864783277292991,0.00050217764121094,-134.446711652116
"794",794,0.125158154382319,0.246365692962777,0.00115992455181988,-136.994486645783
"795",795,0.106627768834965,0.134050040336444,0.000166883917065856,-135.300455954754
"796",796,0.129611601660028,0.0831821997636333,0.00134100312637636,-135.289376072031
"797",797,0.145612830212074,0.112566599356825,0.000908506243552231,-134.749115059637
"798",798,0.145285039685604,0.104630691705144,0.00110058407958619,-134.981690278307
"799",799,0.149652371080574,0.286181701970545,0.00199349376163906,-137.890040571104
"800",800,0.177532954543771,0.229668631188229,0.00136876320899558,-137.248353976351
"801",801,0.113768327876491,0.0436057297397689,0.000443825638980158,-137.058346524254
"802",802,0.105449665479996,0.238263282440096,0.00198839465324842,-136.769449201991
"803",803,0.146685259620702,0.24947114341257,0.000255120634658073,-137.432019372584
"804",804,0.127395192714179,0.21004776669724,0.000524382283356725,-136.312120022672
"805",805,0.268762160967508,0.210046197531506,0.000594208583188903,-135.854487376459
"806",806,0.26615080875945,0.212332292162999,9.15402338606136e-05,-135.932600118785
"807",807,0.128143128654127,0.167745146016709,0.00111610544725523,-135.633792510447
"808",808,0.147760315589295,0.189697817838206,0.000751751542466068,-135.750095615184
"809",809,0.211484804500394,0.19564643391471,0.001157422377879,-136.842119427784
"810",810,0.20276063031625,0.160335855463616,0.000189310501755933,-135.120162067824
"811",811,0.149351607283633,0.18387909894436,0.00222009418680507,-138.025627666259
"812",812,0.146619694832687,0.309206421584308,0.000934454677410319,-139.599370673832
"813",813,0.252859945768029,0.300756942503151,0.00171255492906909,-139.649469167413
"814",814,0.209244518938504,0.134916264956045,0.000472769980434562,-136.033642758597
"815",815,0.16125372453383,0.0929925601864423,0.000870194256578735,-135.30522041688
"816",816,0.163667147968061,0.19195298001682,0.000340023686902985,-135.678315444611
"817",817,0.13886770179617,0.150003609453084,0.000609572625528559,-134.86516865841
"818",818,0.146507486737982,0.109592182411952,0.00102790881399067,-134.911300467155
"819",819,0.16915128624495,0.107100476111488,0.000498631814815123,-134.416793650186
"820",820,0.0685182550534897,0.140835457951042,0.00108906388454943,-135.464155220631
"821",821,0.181060247076125,0.171347354777428,7.20633818573307e-05,-135.675268290945
"822",822,0.234583624014793,0.17137146967023,0.000663445593827136,-135.450833002446
"823",823,0.0596995171662974,0.115926235679448,0.000440337906770586,-136.263254158614
"824",824,0.0867562611848627,0.131518902782821,0.000651036989139466,-135.087082012893
"825",825,0.183936836229621,0.129994364730585,0.000527355385546888,-134.472377357
"826",826,0.0952701451984452,0.139969903160535,0.00115633611292626,-135.2982519563
"827",827,0.191944863962926,0.135361718226173,0.000115957831933309,-135.056328093075
"828",828,0.200659797824689,0.144773857446582,0.00112139909400751,-135.285431669889
"829",829,0.0943066306557938,0.165811825735255,0.0014230490331352,-135.590455152132
"830",830,0.204965108787292,0.162426863590156,0.000119170148990036,-135.356299072189
"831",831,0.11149625333105,0.0828812834906997,0.00126518894168586,-135.458880161204
"832",832,0.130631291715918,0.0730969190399123,0.00104528906348077,-134.928761359469
"833",833,0.123116785142928,0.121736640216972,0.000747240831270366,-134.684125199535
"834",834,0.193719876083442,0.156270956009655,7.21941591253059e-05,-135.491904830055
"835",835,0.21457531666661,0.160028342565976,0.00102790265487102,-135.358943910342
"836",836,0.116596435759848,0.190141758929781,0.00030404105878874,-136.161404338917
"837",837,0.205571277514246,0.165430989660761,0.000340994599935491,-135.071605670248
"838",838,0.216753258217046,0.175276469687787,0.000568844165666568,-135.349263536553
"839",839,0.230271077120002,0.187296891797357,0.000588940158056844,-135.549227039093
"840",840,0.213007694393372,0.185102036205754,0.0013265438210499,-136.814566864805
"841",841,0.109462454168448,0.146099424855554,0.00132010886704227,-135.629522028921
"842",842,0.0498465627084306,0.133708555843787,0.000556830749881672,-136.448333504802
"843",843,0.211115599921808,0.294488799837822,0.00299657590747994,-139.873342408431
"844",844,0.122049838367167,0.306033439533053,0.00980978398644259,-143.455109920027
"845",845,0.202078751465126,0.326713545046976,0.00242319818317334,-139.464000115952
"846",846,0.249926697400405,0.303618199789146,0.00195356572884169,-139.866286194274
"847",847,0.136466851102381,0.143264281791047,0.000350948766608448,-134.60586664478
"848",848,0.167788806145016,0.163827830707423,0.000853063790601304,-135.519588648798
"849",849,0.150749153023684,0.179913410706626,0.000152195139638013,-135.749225412023
"850",850,0.205110513934742,0.151139806553831,0.000736688041296154,-134.860722654414
"851",851,0.0625780368853682,0.217187281333557,0.00246314020531466,-136.144968816162
"852",852,0.10715014693471,0.179435869139801,0.00156381825903156,-135.886762813596
"853",853,0.114721074434096,0.174558944890813,0.00129048298465371,-135.717701246822
"854",854,0.207144308940746,0.164545485331879,0.000407102954408016,-135.055624924102
"855",855,0.160692434817713,0.16218634478431,0.000511921607095462,-134.989609294617
"856",856,0.226094166229457,0.176311292742775,0.0012128277057846,-135.882878393034
"857",857,0.195067034065028,0.128387816728914,0.000823565844091317,-135.292927927866
"858",858,0.115537367947972,0.169688206440089,0.00156241821256838,-135.959008341279
"859",859,0.0439225111505089,0.161239666499546,0.00152068630487846,-135.838794854463
"860",860,0.11180061449314,0.0724381483125145,0.00124678078539289,-135.407625912874
"861",861,0.111772464579367,0.1938675568576,0.00186764318828674,-136.26966427659
"862",862,0.0882589479455647,0.151430833924922,0.00276726093291679,-136.933456798726
"863",863,0.0564118852484309,0.175339994135452,0.0035990273551028,-136.412031450842
"864",864,0.0440476856704707,0.147813489345415,0.00203149268625956,-135.886565491916
"865",865,0.0897359250246135,0.192853105280842,0.00179400711601587,-135.980408037837
"866",866,0.240469412570398,0.194379771433707,0.000542937597353496,-135.547879137758
"867",867,0.237587059584759,0.174577723650658,7.50631372382423e-05,-135.646123925331
"868",868,0.217401054350902,0.174061739474471,0.000910081887501052,-135.61859623451
"869",869,0.0573374416912567,0.0515034924526349,0.00121753418889359,-138.542666782484
"870",870,0.0984211201783104,0.179307387466683,0.0021728631209246,-136.218246562931
"871",871,0.0573141809623571,0.213333221470143,0.0024472064698477,-136.154927585097
"872",872,0.050408549543025,0.1147252542993,0.00100283884855775,-136.136763346608
"873",873,0.0654664487055736,0.141760583399284,0.00108440512395952,-135.5196712691
"874",874,0.166286508820536,0.139679542445796,0.000262800569154238,-134.565286784321
"875",875,0.177325191429794,0.163872882020644,0.000402233977838707,-134.960174245002
"876",876,0.215177907805957,0.155302604986056,0.000489247780393594,-134.806694552345
"877",877,0.220078433741162,0.151557951040384,0.000111273916088794,-135.580960537094
"878",878,0.135739465057125,0.16694197475486,0.000828704868137015,-135.372266086417
"879",879,0.222560855692296,0.16352130888586,0.000498418168279805,-134.915971448934
"880",880,0.108976482594173,0.111213202897336,0.00177522849058277,-136.930538994828
"881",881,0.137142671723366,0.0850276774111609,0.00149865375952318,-135.405024281766
"882",882,0.130555952334691,0.0845772268045552,0.000374244142738522,-134.497975291117
"883",883,0.11426068401938,0.0577362537552483,0.00151172587573516,-135.807263383865
"884",884,0.115586006582977,0.0665193546939907,0.000703549615449489,-134.911100137103
"885",885,0.105415567004935,0.123403999884607,0.00117216752894504,-135.535503724712
"886",886,0.177786199777987,0.123220078996571,0.00118659846543713,-135.084060298287
"887",887,0.160124565449111,0.10581314966318,0.00083520236515014,-134.522271303186
"888",888,0.116502342136894,0.0927556499587211,0.000533073278643679,-134.420940842141
"889",889,0.154811775316174,0.116895158093776,0.000257903484347578,-134.397421330256
"890",890,0.181169490881337,0.279490355706745,0.00096186871515006,-137.941573443252
"891",891,0.152406824181628,0.147210404009381,0.000224731223709048,-134.710083755344
"892",892,0.163433715228065,0.109887091188428,0.00152402527779234,-135.500130309802
"893",893,0.164701303227011,0.130542571150318,0.000385736274094655,-134.422718590545
"894",894,0.145942641759839,0.149422597875192,0.00105754783561204,-135.603349890292
"895",895,0.0365044966197309,0.193635213527237,0.00664724480007483,-137.406190983105
"896",896,0.071408356595615,0.183872257610678,0.00403987847522274,-136.979038434959
"897",897,0.0374205720348945,0.203621791710123,0.00339463475733421,-137.286421819927
"898",898,0.122256029690961,0.220207483417922,0.00276278527431629,-137.262215130704
"899",899,0.125964138319053,0.273425368491618,0.00143805682652502,-137.247934553458
"900",900,0.161668722701811,0.16557641038503,0.000123675745426523,-135.337020971284
"901",901,0.210040585574912,0.143603737924564,0.000335112773494416,-134.973387912228
"902",902,0.192362754649799,0.157889266007232,0.000604655725702729,-135.058963549462
"903",903,0.104486845034957,0.0726963201000038,0.000380692951498552,-135.016079233947
"904",904,0.116484765154451,0.0654817032093008,0.000595555343579542,-134.938088654583
"905",905,0.112490346261226,0.167179781394508,0.000693815783371063,-135.324924388444
"906",906,0.115215956853819,0.0832266373997336,0.000546140538018462,-134.529397106756
"907",907,0.109058180626935,0.125023766284066,2.40302693095356e-05,-136.762773126959
"908",908,0.112065115844772,0.121916775093284,0.00195886805957703,-137.455784073264
"909",909,0.0340421844512059,0.126655015165636,0.00135747365509308,-136.488225878369
"910",910,0.185176859693115,0.126414094399832,0.000414495867153608,-134.42967092162
"911",911,0.106504347869043,0.168463689987179,0.000352990760645678,-135.670549517171
"912",912,0.111963041443604,0.115602431313141,6.33010001669825e-05,-135.695956314057
"913",913,0.162655691528285,0.182013663360931,0.000230508659472438,-135.490685559021
"914",914,0.217247455722466,0.151275040412856,0.00023626057634263,-135.089527703787
"915",915,0.210386287678409,0.149605856099861,0.000289073709405428,-134.75927430768
"916",916,0.176516837455041,0.187314836235365,0.000391190877491253,-135.507484845198
"917",917,0.243115543117248,0.182563516824308,0.000482648790343017,-135.296679022306
"918",918,0.239890025017198,0.172865563020307,0.000190199972326137,-135.549087977271
"919",919,0.129351928405026,0.17089118192976,0.000470897997165628,-135.297901241529
"920",920,0.126477142133615,0.128840673720464,0.000590383410694306,-134.549395505919
"921",921,0.0629708580334432,0.147756090733937,0.0013713073113767,-135.569477036995
"922",922,0.0800665428388336,0.0593161571829907,0.000674895916349195,-136.181087248781
"923",923,0.111873827410649,0.104696168304974,0.000616442561361488,-134.509463906463
"924",924,0.121699385920262,0.139468419746127,0.000233009030292494,-134.837339430284
"925",925,0.177132705782123,0.188946586693127,0.000876726481266447,-136.116409162607
"926",926,0.121536417016884,0.121327354638134,0.000653924216126977,-134.564411309138
"927",927,0.118942452246991,0.119027390636027,0.000879287749768125,-134.896502275988
"928",928,0.109204254137213,0.0763366506193578,0.000745626088487741,-134.808264925986
"929",929,0.0809785782695276,0.0669074262997893,0.000612430863781661,-135.859909342719
"930",930,0.138270598459347,0.195585050264161,0.000459232783426382,-135.907667508661
"931",931,0.209847445308031,0.162107628651382,9.14534633770507e-05,-135.488523739882
"932",932,0.205843573808331,0.192362672769023,0.00065206506818599,-135.901826703793
"933",933,0.191789757681667,0.183620228759535,0.0011104452957669,-136.483337317748
"934",934,0.0615452777376952,0.123422033679589,0.0020828710352394,-136.235333706643
"935",935,0.0652486816923336,0.225136557412749,0.00612391146997261,-137.837080501325
"936",936,0.063978974029818,0.211813504640306,0.00689643758824807,-138.178529672935
"937",937,0.0471253030839613,0.213232491535265,0.00449488994669906,-137.533728990826
"938",938,0.11079076608524,0.213432630932827,0.00480444467104567,-138.682221697897
"939",939,0.101105370321268,0.232051488762348,0.00414017016024679,-137.647485702293
"940",940,0.0684592413076812,0.204128851193756,0.00403193994035762,-136.767732777915
"941",941,0.0490452433405142,0.170971527163309,0.0025488552747848,-135.887468946169
"942",942,0.0700309554062043,0.182589376873745,0.00355529478188061,-136.613474492598
"943",943,0.0576740376877461,0.204351840122921,0.00263993871804762,-135.899435689816
"944",944,0.144854180573345,0.26101677876779,0.00410237552890105,-138.872235633737
"945",945,0.156303370869862,0.230885820173904,0.00167500476511333,-137.188184370759
"946",946,0.139458613190628,0.0983603392738493,0.000437539553172231,-134.285945770546
"947",947,0.133070231973441,0.108001895670809,0.0003466119033683,-134.274623576698
"948",948,0.0967682220707732,0.148986271240482,0.00117611348067333,-135.336525918107
"949",949,0.195189684418805,0.225808267238713,6.24279147341145e-05,-136.874124425143
"950",950,0.273490772331706,0.217222060532623,0.00162373775546127,-137.691447828656
"951",951,0.0921625079351804,0.139963799977915,0.000215440301162048,-135.726429183838
"952",952,0.173387844681511,0.259689257712896,0.00129622659841269,-137.602642978302
"953",953,0.141080469230569,0.154953578583073,0.00160125615101884,-136.857480647691
"954",954,0.0820748860112963,0.179423998674524,0.00225571998449211,-136.022951869266
"955",955,0.0802529439283831,0.148416962344564,0.00090122262888534,-135.342276253078
"956",956,0.104741004973311,0.25652610999143,0.0032602401264902,-137.213395293378
"957",957,0.13543493740654,0.208461299617188,0.00135074608421859,-136.390246652126
"958",958,0.104166526003231,0.147324364018472,0.000165239107520704,-135.729769267657
"959",959,0.162945367802825,0.12742818158299,0.000656201897178544,-134.574037463079
"960",960,0.190748022210132,0.139156919118816,0.000744452412357093,-134.737528842581
"961",961,0.111258681433292,0.197173715701646,0.00115861272978644,-135.967055694321
"962",962,0.124685540345556,0.10579633103426,0.000522476983339322,-134.320286094125
"963",963,0.113932459211839,0.0967880294930126,0.000995896586453284,-134.992772610917
"964",964,0.11631601809418,0.121462792774907,0.000123747847717725,-135.058052731047
"965",965,0.151396558401997,0.186844250789668,0.00115222491079728,-136.168295092502
"966",966,0.077100981232684,0.177782311287658,0.000511289675304455,-136.067001625533
"967",967,0.0391668989646135,0.183951091332262,0.00493861587503969,-136.664241249662
"968",968,0.0394589830524798,0.188276962997621,0.00422829779829799,-136.234971766471
"969",969,0.0348861322120941,0.198093149052467,0.00729155142370924,-138.036048571654
"970",970,0.0486760981249012,0.162208482457825,0.000724038251252264,-136.204306504458
"971",971,0.0273794237170918,0.183287924728373,0.00417198530492061,-136.194928798197
"972",972,0.0278932335398485,0.184167325414071,0.00303458694550733,-135.985740770507
"973",973,0.0582648290023863,0.163373098829012,0.0046440366256179,-137.427041616815
"974",974,0.0629110440391001,0.156646101374546,0.00325098081757723,-136.53427372774
"975",975,0.0533477553063903,0.176081729102931,0.00383375658305747,-136.48535473807
"976",976,0.0427549136814705,0.160406587876129,0.00132118813204363,-135.917640273284
"977",977,0.19224997009958,0.176754749080924,0.000223969050296043,-135.285026937127
"978",978,0.0489662371458481,0.113522717210532,0.00307507353712804,-137.580787926571
"979",979,0.0213091638113543,0.130120026849193,0.00403988419782355,-137.336206148188
"980",980,0.0443634395178266,0.200133644050774,0.000859256082162751,-136.563984209615
"981",981,0.150403581924723,0.111359838129479,0.00167164579263025,-136.058564625072
"982",982,0.168564432418283,0.11795866273108,0.000957454628025396,-134.760392458446
"983",983,0.141060700859652,0.131093147210495,0.000368791112364092,-134.391350499483
"984",984,0.0993376611612109,0.0924325271442695,0.000373684765509185,-134.749779267862
"985",985,0.139021751635634,0.0925377160813345,0.00165507268401283,-135.750003964484
"986",986,0.131266341063942,0.158022644817363,0.00126469675056316,-135.925578925261
"987",987,0.0482270220598511,0.144833259360185,0.00222551964891991,-135.931036343772
"988",988,0.0666698464042343,0.22521923805946,0.000717605792608462,-137.263088939389
"989",989,0.136125857946564,0.0766860184403962,0.000789684622229089,-134.684120397317
"990",990,0.0738994263923541,0.0618222518315735,0.000825753617334659,-136.448062592923
"991",991,0.13115988888008,0.127656046441979,0.000872524035195471,-134.92362624055
"992",992,0.183135623293262,0.120327700224322,0.000404382419898035,-134.493477632522
"993",993,0.158819221487982,0.223868842883967,0.000357975570089014,-136.626152048414
"994",994,0.215355692743709,0.176670502043652,0.00220313168364322,-137.683486296249
"995",995,0.231137579054186,0.182735276011667,0.000368719695256874,-135.262664249059
"996",996,0.117900390338112,0.0855722902487268,0.00049848381517059,-134.465775669725
"997",997,0.0971929411677095,0.0746880022211249,0.00063160533395516,-135.041018141794
"998",998,0.127872611772508,0.0733017565020572,0.00140107486127404,-135.34412722728
"999",999,0.139097513523215,0.10309256817703,0.000457137551512528,-134.255046499116
"1000",1000,0.16545833189169,0.177976292981751,0.000221966941356305,-135.367830412855
