"","i","asc1","desc1","pol1","p"
"1",1,0.019150414564544,5.14727748576384,0.869446819587424,-166.025880666278
"2",2,0.0881155751580597,6.07420279464079,0.877016145209083,-165.099185440729
"3",3,0.0545681379140502,6.10434231572118,0.803911238911981,-163.813030114332
"4",4,0.415749476662675,6.13844247552938,0.776847790357904,-164.761472675663
"5",5,0.141407636404227,6.51729903851216,0.850665155951321,-164.946298508205
"6",6,0.00586118450951358,6.61666649657203,0.788773980419538,-164.33087840976
"7",7,0.160755932095067,6.63976770161455,0.757231166482577,-164.671450948089
"8",8,0.0497997277826029,6.93566364016802,0.93034888218604,-165.859174998248
"9",9,0.396627405672864,8.89229125580889,0.904763945296304,-170.566813688414
"10",10,1.77232095051861,8.47711573183508,0.874494781059576,-171.975075118433
"11",11,1.40886797358227,8.83385556965749,0.895490924977748,-171.746060846413
"12",12,1.39610368276763,8.4208687353787,0.802537956235458,-170.781118574318
"13",13,0.985175303907964,5.37852586269573,0.636069092744815,-164.852019268123
"14",14,0.00229310837440491,4.15749355014968,0.562793889899359,-159.490797322642
"15",15,0.0673609473102232,4.07575747705434,0.61207691430393,-161.219377883423
"16",16,0.0375163198206821,4.64673858177579,0.625728932264161,-160.692649356481
"17",17,0.187886988687343,4.04761017900231,0.49724974720985,-159.165774409975
"18",18,0.277408676056558,3.12316178588626,0.335096630681952,-157.002830945513
"19",19,0.303673309015021,2.8811939615571,0.282280215472123,-156.797192390559
"20",20,0.139892776356388,1.98850266178083,0.236397292116518,-154.396578826433
"21",21,0.0822373501285321,1.92949531848317,0.204823996273755,-154.249948841928
"22",22,0.421555262735293,2.01402319355027,0.151576152128537,-156.589664938958
"23",23,0.828354744281683,1.97280903820618,0.139851344869935,-154.893628175704
"24",24,0.833213793321786,1.9855514231973,0.154007880923708,-155.581316037101
"25",25,0.664223381266154,1.93210028244849,0.147613441140388,-154.606766931502
"26",26,0.629099786147906,1.78925309549806,0.138611120427239,-154.232554445221
"27",27,0.533520449485269,1.6565507449544,0.135168628845333,-153.852536112331
"28",28,0.61143344945288,1.8669505133049,0.174864624192693,-155.527613399979
"29",29,0.194513181421824,1.83938049232079,0.178264665066206,-154.372393750871
"30",30,0.441163236091746,1.87547262630844,0.182646590775061,-154.551751675426
"31",31,0.271294931729641,1.60445226182211,0.153712577884256,-153.565294990274
"32",32,0.400491414943522,1.71248386733183,0.162057619607344,-153.976772515655
"33",33,0.273845224232918,1.77226942591737,0.180920734959503,-153.928723863098
"34",34,0.194907375207187,1.74769371555145,0.202370660787161,-154.063896603139
"35",35,0.125754617503522,1.7623595190983,0.184857778157937,-153.833513378208
"36",36,0.249163501139102,1.65913436803724,0.162703755513198,-153.670775330977
"37",37,0.394016660061314,1.71147655502917,0.164926659103163,-154.019930034365
"38",38,0.216189806227897,1.52227071460302,0.155984202763307,-153.271034226899
"39",39,0.199606065216575,1.49998094537535,0.150674026326006,-153.235724829674
"40",40,0.100951375994862,1.31261678173823,0.12875694475924,-153.254040748916
"41",41,0.27293455430021,1.43689620195449,0.154267186121425,-153.589565312003
"42",42,0.202063744743188,1.38782392803683,0.15941493896355,-153.503699727121
"43",43,0.0835346049575392,1.60264606672906,0.181378609385569,-153.256192418757
"44",44,0.0547112420171413,1.60582231151194,0.184330103562297,-153.213898668097
"45",45,0.02305769029901,1.27356158482698,0.185747249029509,-154.200946168959
"46",46,0.00768378954338501,1.2795659047394,0.131409680632587,-153.406361156379
"47",47,0.300632084370112,1.18897291997076,0.0966715382590344,-152.761417027913
"48",48,0.309664473940093,1.03702480627511,0.0945983381835034,-152.473434740267
"49",49,0.146954292872483,0.964993268316473,0.106666207586122,-152.187599537467
"50",50,0.0579803032179878,0.985867033114344,0.113036074278322,-151.823181245239
"51",51,0.0747549591205941,1.1056387392699,0.113037883219081,-152.46446394458
"52",52,0.0275245779130135,1.09516772009317,0.165623088937583,-154.576831629348
"53",53,0.00644197707218616,1.50510609381677,0.204200830580545,-153.53669952773
"54",54,0.0212457952684899,1.80770036028506,0.17569829796317,-155.374092729517
"55",55,0.518073811186112,1.94865104561789,0.160101582372812,-154.670825205036
"56",56,0.842743317880636,2.32708205951281,0.141872574568381,-157.080557330198
"57",57,1.01721745649171,2.26891843686428,0.141588500351025,-155.641845110535
"58",58,0.733016204635421,1.95388713288455,0.143041783137652,-154.691324018764
"59",59,0.681378410545243,1.80671785987593,0.142103400883809,-154.532259647602
"60",60,0.682505446665845,1.92314555043617,0.130667762993867,-154.922979018022
"61",61,0.668119252060972,1.77467502146375,0.130564614957822,-154.18041347086
"62",62,0.76860068231953,1.80060319037066,0.116402585149715,-154.238504813855
"63",63,0.571514541945552,1.31691836510702,0.118590230840921,-156.223133984581
"64",64,0.451073161891588,1.5828258600436,0.116191748385421,-154.283934216628
"65",65,0.600729707182084,1.53328245595752,0.126810528463218,-154.379644085117
"66",66,0.248530268905706,1.31063308208225,0.119489594827546,-152.918574081301
"67",67,0.235530329666704,1.06058358824105,0.080478090076877,-153.648475105624
"68",68,0.297423157723992,1.0394501743503,0.109140464400809,-153.894294369672
"69",69,0.0185538259450438,0.79220455554035,0.0994029165192426,-151.458801730515
"70",70,0.0532198717334636,0.902291887344214,0.098452263959533,-151.660794843902
"71",71,0.0417990572820727,0.878603306227606,0.109426880413652,-151.828327725984
"72",72,0.156823852395042,1.22842854713803,0.137548366524544,-152.721863111848
"73",73,0.099304001316174,1.35675230666915,0.178717219009655,-153.885710023483
"74",74,0.112843182562226,1.66133371826323,0.179222814085287,-153.489315616613
"75",75,0.0520019978409009,1.38454509861506,0.169454216589637,-152.844323653972
"76",76,0.115272721002289,1.49116729781918,0.163346639799511,-153.062411741761
"77",77,0.193030940857872,1.56676108068259,0.140894092799459,-154.322816477485
"78",78,0.210287480007627,1.26630108737911,0.138520887286522,-153.026171092608
"79",79,0.191411784085073,1.43083447947338,0.160638195616679,-153.298029005463
"80",80,0.171318435839741,1.52027703839786,0.163409372529672,-153.215656999952
"81",81,0.00534388368666362,1.4525261891987,0.1654106121162,-152.879661642917
"82",82,0.0745845369595015,1.28338064727452,0.162735339154262,-153.060342520479
"83",83,0.0651711325409983,1.31199578097059,0.140404844956176,-152.746241611301
"84",84,0.274317606092053,1.44039381324461,0.124853626500146,-153.57057659317
"85",85,0.341591738059479,1.20572665285704,0.0905617393762163,-153.050181034025
"86",86,0.396335966086352,1.19869877865502,0.0783347968704119,-153.674954342225
"87",87,0.460486088679975,1.05180419889714,0.0831346467614226,-153.358619129438
"88",88,0.242155576767675,0.924795061073681,0.0697458884696569,-152.536882385546
"89",89,0.237656679442579,0.843421793358829,0.0723164264490266,-151.527540495442
"90",90,0.318521131876985,0.899107441721912,0.07021142898366,-151.665512347867
"91",91,0.19031434505465,0.652116342371783,0.0666784272237788,-152.423046663915
"92",92,0.0257747138492596,0.576354175773472,0.0686368028943896,-150.696228566029
"93",93,0.00585903357076223,0.542801425924373,0.0764176879502078,-151.624997392699
"94",94,0.00187722820220302,0.552742338119227,0.0743214678788734,-151.050136750514
"95",95,0.0397703845286501,0.508920030250445,0.0643608890645497,-151.116486655351
"96",96,0.0612378639533284,0.490618707799289,0.0527614527395499,-150.2896489398
"97",97,0.124094659604248,0.601421838808946,0.0433972058479357,-152.971548343798
"98",98,0.215558463188384,0.613932831484733,0.0556393146375262,-151.814259634996
"99",99,0.213392492570405,0.786629013083784,0.0570809562275685,-152.318457057357
"100",100,0.215125241106855,0.6625985021427,0.0568497390273708,-151.115319954729
"101",101,0.184460311180377,0.77000686167698,0.057352336125563,-152.593609315875
"102",102,0.17934990471248,0.594604855535755,0.0524446252634179,-150.822176498813
"103",103,0.153458652961516,0.653737493557634,0.0524823981871465,-151.337933646937
"104",104,0.259330042608269,0.621623914093173,0.0469165831558062,-150.993668499852
"105",105,0.186669977381856,0.616209724018355,0.049890990904621,-150.633386375453
"106",106,0.179637247708746,0.530405775865123,0.0485775466052091,-151.350324162724
"107",107,0.149083804272596,0.525209328271777,0.0395079892750006,-150.310074901365
"108",108,0.170832836721359,0.466543536971519,0.0385341505796911,-150.313208787922
"109",109,0.124505881352925,0.445068547003095,0.0307281231839674,-149.893761755757
"110",110,0.150641804558332,0.40295008065186,0.0200287539137458,-148.410516456311
"111",111,0.251005212910601,0.51558960146919,0.0278306539529873,-149.034643683152
"112",112,0.268098996680218,0.51054254199405,0.0231023145643849,-148.497644780027
"113",113,0.271213059497392,0.471397415693509,0.00255900502060835,-148.054272468726
"114",114,0.424883810062125,0.410689537379204,0.000348269710135609,-139.071407219402
"115",115,0.434471741802551,0.380528462733832,0.000301559428751004,-137.444174824005
"116",116,0.415742516758371,0.365114431968228,0.000618904613147872,-137.377766967539
"117",117,0.411686945726024,0.373952083577165,0.000452144625133982,-137.29424440977
"118",118,0.416843339276106,0.349943684885224,0.000419836234824542,-138.032353285469
"119",119,0.382961734963141,0.328850629008881,0.00121088016110102,-137.73548934772
"120",120,0.358550080373717,0.311853736940092,0.00145321830570166,-137.308546183134
"121",121,0.339088542251744,0.399082710031786,0.00154660846344066,-140.186142113443
"122",122,0.383345137586503,0.401242004765199,0.000221841194509429,-139.323630096021
"123",123,0.305749552311179,0.447352701070729,0.000916171813670203,-139.494589039985
"124",124,0.308108559991771,0.395462327409907,0.000172409648078549,-138.986047518303
"125",125,0.349580159598801,0.478896880879215,0.000951574250492308,-140.529287566478
"126",126,0.514720651209034,0.480627030318537,0.00101372301910931,-139.868779164769
"127",127,0.52089238306183,0.486191328503132,0.00141671993983098,-140.561301664502
"128",128,0.33617752750685,0.288129302710017,0.000901740612725218,-135.797073995571
"129",129,0.279250197294249,0.244982386360806,0.000657608362769963,-134.806367002785
"130",130,0.181455400329067,0.22889325897038,0.000607888115605171,-133.698233565687
"131",131,0.175187448974196,0.145136246496934,0.000817600570515799,-131.401298665914
"132",132,0.106565783473491,0.116176756558449,0.000526373577897321,-129.06655992614
"133",133,0.113957867606138,0.133876405415398,0.000424304735676335,-129.719509446562
"134",134,0.104262520887058,0.0756815004481909,0.000869672149116109,-128.204159212287
"135",135,0.0651901749589095,0.0464326384603438,0.000926214773097651,-127.668145999217
"136",136,0.0609795554921931,0.0687704918275962,0.00128867848558585,-128.617192436313
"137",137,0.0714340430099851,0.0570300817312836,0.000704288620542736,-127.479043314297
"138",138,0.0623449712159642,0.0389325658852896,0.00118517814357998,-128.187549577528
"139",139,0.0564909960628629,0.0601574394105193,0.000693921992157474,-127.798610995092
"140",140,0.100892763713195,0.0409688038037104,0.00125778949242731,-128.047688246486
"141",141,0.0491916754855312,0.0393004397982697,0.000199983788766782,-130.29128038584
"142",142,0.0857479370044583,0.0663109518646124,0.000813256524582523,-127.696622282946
"143",143,0.0795020641025109,0.0386968166495768,0.000718931662436885,-127.395720524356
"144",144,0.0664512989569526,0.0543121790097153,0.000846535298065024,-127.598211934457
"145",145,0.0469819471022665,0.0532908100407191,0.00151330263732713,-129.365151320369
"146",146,0.116499896267011,0.0728146557750966,0.000992504135738152,-128.533239990669
"147",147,0.0665678355247427,0.0724023888126902,0.000984498530379043,-128.087201919151
"148",148,0.0887691765475452,0.0216527522870839,0.000775564241682234,-128.473335278634
"149",149,0.073098056745976,0.0486805016514311,0.00112711428659893,-127.818285590731
"150",150,0.0600939067648358,0.0496085092345027,0.00102310443635475,-127.917816474305
"151",151,0.056285910416127,0.0497065049761385,0.000783540140529542,-127.818860207006
"152",152,0.111236707346835,0.0706734905778496,0.00034668949961482,-128.241025049421
"153",153,0.0563207270644031,0.037391214544726,0.00150934179393467,-129.185188481404
"154",154,0.0885831772754366,0.0352148065390041,0.00143149320305482,-128.112623769123
"155",155,0.0855505476322259,0.0384279531958622,0.000961131018328402,-127.524128795068
"156",156,0.0561263157105517,0.11336670297166,0.00126936758172667,-128.710027612368
"157",157,0.060783387361363,0.102298423008189,0.000401570019376342,-128.705173851835
"158",158,0.0967952921139822,0.103319860449601,0.00100340689525621,-129.152237454456
"159",159,0.0769582411135466,0.0718230136802957,0.00118369190326761,-128.385544004297
"160",160,0.0684533929115873,0.0211852776983111,0.000782647927249267,-128.283876214694
"161",161,0.0753653584184665,0.0467794956920972,0.000878097195057695,-127.46587902804
"162",162,0.0660356982562514,0.0260676238629744,0.00208236350459781,-130.309042102042
"163",163,0.0562355419160491,0.165562969546295,0.00101854106647378,-130.064185001022
"164",164,0.179816285040383,0.149707937620519,0.00128993226224485,-132.453121512447
"165",165,0.148825954130621,0.0901310913371023,0.000498693127626395,-129.020778458335
"166",166,0.0278977950492897,0.0890465056004183,0.00196446964104659,-129.011800098215
"167",167,0.0496381530496134,0.0318831998452583,0.00150133896592842,-129.974364680014
"168",168,0.0470777735339489,0.121727684666221,0.00176768390126087,-128.959831045585
"169",169,0.0502927966411644,0.160168687128544,0.00166413582539197,-129.745421839262
"170",170,0.0078833799527493,0.0862734343895423,0.000837947425452299,-130.677635521479
"171",171,0.0581674346772997,0.0770360109922446,0.000694347528762683,-128.018017469271
"172",172,0.0857462056369347,0.0965899416738523,0.000468989505266587,-128.304710242259
"173",173,0.0945457984145089,0.0667485589474955,0.0011794178879002,-128.326344995906
"174",174,0.0808804228952247,0.0474152834647435,0.000628282687101496,-127.371591204336
"175",175,0.0923024633736008,0.032604625201742,0.00103510297422267,-127.675311570608
"176",176,0.0659638942126107,0.0494466537840117,0.000807304109625799,-127.552405735816
"177",177,0.0891232124653566,0.0317509961033886,0.000696785249319126,-127.539888742251
"178",178,0.0883526035570261,0.0627178639076747,0.000262603908120342,-128.134610104081
"179",179,0.0748638408675577,0.0545046453222702,0.000812442201106001,-127.48051972685
"180",180,0.0948760089401541,0.051647304807478,0.000681974277246577,-127.514485745268
"181",181,0.117686141893046,0.066093838248431,0.00138046640640429,-128.864238019001
"182",182,0.0298569471729785,0.101255235274217,0.00142037072010343,-128.700941167935
"183",183,0.0372728450769391,0.131964706512399,0.00203904897533378,-129.086245162938
"184",184,0.0227256752346617,0.0968148389292438,0.00149796487881025,-128.857611840478
"185",185,0.00694183524031049,0.153057569791312,0.00303067625112843,-129.335922073626
"186",186,0.0135622664193441,0.146618320130203,0.00284265931441723,-129.300473736348
"187",187,0.0186306180326961,0.121565326211174,0.00342545539538838,-129.366534919812
"188",188,4.78385470883319e-05,0.148934776070785,0.0050005615785627,-129.653187458101
"189",189,0.00331939496151909,0.157312279411723,0.0014024834836851,-129.79291421385
"190",190,0.0915890710592001,0.0962649834993985,0.000372148930194194,-128.386704214034
"191",191,0.0583546384769471,0.0910198434043446,0.000418097017300027,-128.437322191204
"192",192,0.117568139905311,0.0870898394169694,0.000480136270293599,-128.451728786067
"193",193,0.114466053878373,0.0617363894480806,0.00072664006016531,-127.987850732821
"194",194,0.0814789177745073,0.0557127032208358,0.00135081460212934,-128.312220388912
"195",195,0.0782764064992751,0.128885886392792,0.00209656126304687,-130.451323255419
"196",196,0.0593738509597849,0.110750737186777,0.00297904189672251,-131.164656519581
"197",197,0.0209797492683203,0.145057565098295,0.00202780959305417,-129.236629477527
"198",198,0.0458747742619413,0.0464525246051156,0.00075253082270029,-128.427433827401
"199",199,0.090404748114418,0.0943243334523248,0.00109203017261669,-128.968499947381
"200",200,0.0691157692839718,0.13300076985728,0.000739391484697719,-129.216032819217
"201",201,0.110968078302557,0.0440837390525513,0.000820743899309936,-128.298634199041
"202",202,0.051139142705484,0.0820237501726344,0.000448706577382294,-128.430998673854
"203",203,0.123446048676601,0.118286127392607,0.000833623014392155,-129.727955033495
"204",204,0.181726730114849,0.155019803411945,0.000763433549997154,-131.723958510308
"205",205,0.0137654323900536,0.103604162160112,0.00103588053730202,-129.663460051169
"206",206,0.136675801795009,0.0839801850024461,0.000656006125141304,-128.769734529531
"207",207,0.0579327096472758,0.131615028110329,0.00244489497688828,-129.858173716626
"208",208,0.0533257775620115,0.154903384334505,0.00136119253774179,-129.632474599357
"209",209,0.150764876204977,0.222229673805017,0.00110027094202274,-133.228675912897
"210",210,0.117513822968065,0.070953796052838,0.0011219520677227,-128.669317682327
"211",211,0.123300397713087,0.0664775668183611,0.00111098937865968,-128.525858942772
"212",212,0.107531996297701,0.0618708705353621,0.000838585363734225,-127.955965863479
"213",213,0.0903562896987264,0.0674788892326883,0.000754957339933089,-127.7056382875
"214",214,0.0782751697393168,0.0443176917376755,0.000607349432863555,-127.392382148008
"215",215,0.107684972925383,0.151883371718732,0.00159823997413033,-131.128154078985
"216",216,0.0944138292291644,0.14827148388857,0.00178878847297861,-130.755819366039
"217",217,0.0371700994264711,0.057261801175815,0.000373589472214432,-129.477117758436
"218",218,0.0477553960068434,0.16260781769607,0.004435090828804,-131.158634750396
"219",219,0.0321362364699318,0.0990383228406516,0.00379471211780896,-130.906557209793
"220",220,0.0160970254657037,0.102325379796712,0.00250930243150645,-129.0426523118
"221",221,0.0181897391025561,0.13228719240101,0.00152322530019557,-129.208909116475
"222",222,0.0371472070589853,0.119928555208624,0.00224330231782675,-129.056981815687
"223",223,0.0212906235543836,0.0879941760718943,0.00250875768737171,-129.430023668644
"224",224,0.0153241315257117,0.152017089711289,0.00163659921114642,-129.456611990042
"225",225,0.0827269883696448,0.0578978247443417,0.00167465599043549,-129.115458449855
"226",226,0.0941056532698362,0.0299563401330476,0.00199441911676202,-129.972869301024
"227",227,0.0917494250991929,0.0566693732836071,0.0024916423694931,-131.155682363812
"228",228,0.0982551600576468,0.0517405537134758,0.00094722265204683,-127.733898792658
"229",229,0.0722357057467754,0.141967672729367,0.00133832827837891,-129.549806396151
"230",230,0.0392551596919281,0.198066775825414,0.00963248822519288,-134.305337253727
"231",231,0.0512858207996179,0.201818123913193,0.0059270448226135,-132.356372035085
"232",232,0.022040684652504,0.173960824638136,0.00171161766641332,-129.669709416975
"233",233,0.0310979825555515,0.17979936778739,0.00327713454742661,-130.073471644659
"234",234,0.0315014706903025,0.181832387125731,0.00527044087686845,-130.990815138828
"235",235,0.0250441358453068,0.148318534951915,0.00610265410621311,-131.339539254579
"236",236,0.0306534244940937,0.188110516024187,0.00328728448464997,-130.357640156865
"237",237,0.0900183617913326,0.174518865319366,0.00317567771484239,-132.163404140686
"238",238,0.0850813499345614,0.166604106529935,0.000845409800115672,-130.433109549786
"239",239,0.0861205272098983,0.114790272730476,0.000295844325170817,-129.100841250054
"240",240,0.095927657910056,0.0279049252839453,0.000807082387887475,-128.427428018115
"241",241,0.0600932395560376,0.0990843973962162,0.000996891980090694,-128.440758310159
"242",242,0.109716816463273,0.0486393497765596,0.000693611850055452,-127.771836691719
"243",243,0.0955833520291433,0.0786666681208405,0.000170003476506129,-128.760065015401
"244",244,0.140614085993871,0.0817588049474379,0.000242421665324943,-129.154505317758
"245",245,0.0650348084878798,0.095328751089129,0.000904410192283788,-128.403515788609
"246",246,0.115755851515536,0.196319008820737,0.00153534622627948,-132.024937204293
"247",247,0.156755442161903,0.195341297750019,0.0014317223012105,-133.247459443729
"248",248,0.032900513911566,0.123748710054579,0.000871274277380995,-129.168515355594
"249",249,0.0610646892700767,0.128113237921673,0.00114243007954234,-128.988230531932
"250",250,0.0420977589422314,0.129057267202334,0.00256260357347615,-129.413861081748
"251",251,0.0154646442117922,0.163388199621618,0.00222262150596472,-129.424525281676
"252",252,0.0451405176628695,0.206345191350072,0.0059415130632291,-132.44278133696
"253",253,0.0757676427641696,0.166280812149332,0.00548938316603122,-133.976752239707
"254",254,0.00557538137082386,0.134275707040867,0.00215393895754874,-129.281919156663
"255",255,0.00205486848813077,0.159180683434988,0.00637392310214629,-130.341318858826
"256",256,0.0278877399757642,0.178492249374604,0.0044715238982276,-130.42365431734
"257",257,0.0156932556423572,0.102941401001819,0.00134198657071271,-129.203451041078
"258",258,0.0577071334790994,0.0490922258040862,0.000937863959495341,-127.890511931094
"259",259,0.106420729539798,0.0466185579542721,0.00159934623587445,-128.808378631409
"260",260,0.0668929108462742,0.0088388695570039,0.000529665867710122,-130.19704003181
"261",261,0.0697310038254899,0.121046724412577,0.00175406211703835,-129.59397742435
"262",262,0.0516400382247036,0.0494931888562481,0.000938072232223417,-128.137325537075
"263",263,0.066991904296341,0.0212418227665623,0.000786803433819656,-128.364722387616
"264",264,0.0840476486524302,0.0716898917186878,0.00124063382536168,-128.51366359443
"265",265,0.0696263965060443,0.104800140807473,0.00078687980922531,-128.481671228373
"266",266,0.135076727006246,0.0928465519755824,0.000863003735088443,-129.235744231371
"267",267,0.0261621099546643,0.0796433452506509,0.0023992868696601,-129.85931701335
"268",268,0.00710858606692726,0.12072527438398,0.00206108559798776,-129.169123003043
"269",269,0.00128562567478008,0.102902413016731,0.00156927673923555,-129.68426337495
"270",270,0.153496287104311,0.105383205012913,8.14173282761391e-05,-130.674637581992
"271",271,0.0719207884371113,0.066915221610401,0.000978372095010873,-127.910389791303
"272",272,0.141256290786127,0.140893166074024,0.000713202943844128,-130.562004231513
"273",273,0.197146075096348,0.137318263938578,0.000468988582207275,-130.76985290269
"274",274,0.03050106452393,0.0579637372362565,0.00154305434995623,-130.241631059632
"275",275,0.0873637767836156,0.0795222473441715,0.000905246537299501,-128.159869772417
"276",276,0.067434899170176,0.0177661557142181,0.00143781807203805,-129.14983482245
"277",277,0.0745277536136482,0.0593144864060241,0.000903796536538428,-127.64167482933
"278",278,0.0664258707867358,0.104966701022315,0.000549269887328896,-128.494336693948
"279",279,0.0625583697591377,0.070538369312083,0.00119388357668429,-128.445956215162
"280",280,0.0444788200471377,0.0781053919637781,0.0012487758908366,-128.693665472362
"281",281,0.102503702057803,0.0831107503276227,0.00112372154809105,-128.80527101353
"282",282,0.114528317841285,0.0572514682155922,0.00118765767328607,-128.302238907962
"283",283,0.0778990209970524,0.0596946514808501,0.0011867166184672,-128.077256761824
"284",284,0.0964711365551573,0.0832258582455262,0.00105289168599591,-128.602013818497
"285",285,0.0881780706055554,0.0517722297728744,0.000268557603272504,-128.146693308568
"286",286,0.104890993524201,0.0490039783507202,0.00170594313418051,-128.89758202585
"287",287,0.0472536786935002,0.0653179476199566,0.00153048263862536,-129.365574006172
"288",288,0.0730380342988119,0.0439263966864876,0.00164050204547079,-128.856833202799
"289",289,0.0562673279954634,0.104774837698786,0.00218101399078017,-129.806394559964
"290",290,0.0634678275427355,0.128933012342,0.00219070547359103,-129.825312325114
"291",291,0.0460505317389626,0.120690945849983,0.00192116851031712,-129.023425913458
"292",292,0.0442591706258924,0.158967220407542,0.00292305326879528,-130.0187793997
"293",293,0.0218709397494562,0.153885346615955,0.00251615955740347,-129.405365952162
"294",294,0.0308757499727755,0.181692311219639,0.00299410394443617,-130.001818630007
"295",295,0.0731688601584783,0.168292502584392,0.00240746872409339,-130.748295752601
"296",296,0.00388774629067894,0.145762179783868,0.00221359683602554,-129.387240332677
"297",297,0.0537732844807043,0.0412108563444865,0.000828221958643334,-128.108875173458
"298",298,0.0552898529269951,0.0628798747757016,0.000976348655891751,-128.083778035067
"299",299,0.0900153332864175,0.0919669716841301,0.000976905272504232,-128.673998692764
"300",300,0.100731049026431,0.0396440082909306,0.000538603248562251,-127.731665745876
"301",301,0.101796784813926,0.0383327488773082,0.000975576162466645,-127.909520380833
"302",302,0.0543926356712016,0.0367875399423302,0.00091212389287512,-128.290430941469
"303",303,0.074052933454018,0.0717282033085772,0.00082215122259291,-127.814158699288
"304",304,0.122175924404246,0.0835949099833432,0.000638887435093109,-128.528493062166
"305",305,0.119923187747474,0.0537710600031244,0.00045609025421157,-128.381402267026
"306",306,0.0699894697840593,0.0370797494272731,0.000836815163808194,-127.570444234526
"307",307,0.0646531279837543,0.046813226830396,0.00027134389195835,-128.482786738429
"308",308,0.0776733947300849,0.0532835680337872,0.000415907660955186,-127.633286437529
"309",309,0.106716819360945,0.0551673645553425,0.00201398504344282,-129.679006869166
"310",310,0.0665739456918869,0.107497883954286,0.00164787911871055,-129.427745190985
"311",311,0.0301238543183236,0.0934079373160429,0.00321712120476171,-130.292049139818
"312",312,0.0163146778112529,0.137354886375567,0.00507538916250901,-130.243380743996
"313",313,0.0200312976159207,0.128965429930377,0.00236688506413914,-129.046572179197
"314",314,0.0386333592183084,0.103482347849186,0.00424999844558382,-131.865366339987
"315",315,0.0178041297831656,0.118501507830785,0.00459316776460432,-130.196445166829
"316",316,0.000236758829703492,0.156558436304662,0.00404733109209961,-129.443474497896
"317",317,0.0893033104221371,0.233817178551635,0.00109866500421672,-132.366021239276
"318",318,0.0831638607033371,0.0908689230860791,0.000150466415427144,-129.080793712855
"319",319,0.137925989668127,0.154513104955991,0.00156288149661831,-132.601242703528
"320",320,0.158587009802506,0.106129477521878,0.00209623100699943,-131.98750579255
"321",321,0.0822722698791502,0.0495220050307161,0.00202644440233303,-129.817210408459
"322",322,0.0954672021481628,0.0441963261412081,0.000853692650210817,-127.544711955466
"323",323,0.0832807616385135,0.10431126084199,0.000356342312832295,-128.641821514328
"324",324,0.0493630189154386,0.112230319176005,0.00185001777675552,-129.009563278827
"325",325,0.0259158057035126,0.0792608031318488,0.000933053657212922,-129.100945357214
"326",326,0.132182338911025,0.0696028531407506,0.00049731906382489,-128.476650701112
"327",327,0.045876369334749,0.0876003131206727,0.000780469322117633,-128.351951881238
"328",328,0.128287962043263,0.0813846227927016,0.000931687377381167,-128.864733145437
"329",329,0.106245479208419,0.0791978513819218,0.000908000944991666,-128.379898357258
"330",330,0.0748125371435956,0.0193115879929279,0.000741771442941244,-128.147093720085
"331",331,0.0583576878956794,0.0144400082453065,0.00139981300583924,-130.415860020065
"332",332,0.0709450810473989,0.118397730095953,0.00165784754578324,-129.529985362024
"333",333,0.0357971297710944,0.114894520672091,0.00274039247177685,-129.384753183665
"334",334,0.010624151866225,0.104686965966832,0.00170314617541741,-129.16715366131
"335",335,0.0115690096487534,0.102792927816803,0.00384555472142239,-129.777999264775
"336",336,0.0591748678976392,0.166482202722424,0.00180066179034985,-130.077562470227
"337",337,0.0296130455725052,0.127939981843194,0.00223951867850541,-129.035276270235
"338",338,0.0230278172146546,0.0622722264374114,0.000490230880343752,-130.617118847143
"339",339,0.063242992805612,0.061065641921067,0.0015302339368613,-128.981102987793
"340",340,0.0362343119831545,0.154609687015386,0.0010641123033403,-129.65035540789
"341",341,0.0363658272523845,0.19045287884539,0.00450126458011716,-130.877718301369
"342",342,0.0242481790008401,0.113547412729774,0.00475457121939851,-130.846915900654
"343",343,0.0111238414072454,0.150596547241355,0.00253377569225762,-129.327575805664
"344",344,0.0453746035323272,0.028742988923338,0.00108484953680003,-129.950803856255
"345",345,0.0754340474601628,0.0466627996874667,0.00064754092399851,-127.385872425547
"346",346,0.101190997272133,0.0911533519834312,0.000573089470343206,-128.281838595398
"347",347,0.124249717683088,0.0823527680576871,0.000631603983519198,-128.552174780994
"348",348,0.146602224685259,0.0798637695234404,0.000167892394844044,-129.714812911402
"349",349,0.0516867896397538,0.125555542276118,0.00282675755116581,-130.006931132127
"350",350,0.0198420628675087,0.175282524655553,0.00453614412994605,-130.198345650736
"351",351,0.0333213060366106,0.201022159798415,0.00418498733849251,-132.122070070697
"352",352,0.0532842796617377,0.163225507497086,0.00479064571652713,-131.731868177135
"353",353,0.0103858127132969,0.147316593553356,0.00502383842024129,-129.991182575659
"354",354,0.00402234503476184,0.0927232643521179,0.00259157272800923,-129.412181343777
"355",355,0.0204852514914463,0.105230474051535,0.00117545907128077,-129.134301404886
"356",356,0.0567768393740344,0.0984442296192769,0.000953884766734188,-128.381037035973
"357",357,0.055819306722417,0.072221569778912,0.00109249482157786,-128.391438347974
"358",358,0.111165287814353,0.0911961554037251,0.000190156588147522,-128.94154086023
"359",359,0.0860303912390031,0.087785127309635,0.000339044499910613,-128.20941348103
"360",360,0.0855702174543492,0.083664416764126,0.000879783098005304,-128.23075940866
"361",361,0.0758922182897967,0.184047860657046,0.00105730734547598,-130.858120094169
"362",362,0.0398786028538236,0.086639711376841,0.00126757284702812,-128.565161883289
"363",363,0.11949465990825,0.0488242512443476,0.000173588365613281,-129.804810272696
"364",364,0.0971566500386647,0.050717097019017,0.00152003021846753,-128.57999694144
"365",365,0.0788332825297629,0.12711350034891,0.00208200912541808,-130.490330834321
"366",366,0.0814342953930071,0.0751895317835099,0.000760186216359131,-127.835602452374
"367",367,0.0942175005111925,0.0350539095191124,0.000313760556053436,-128.337850704332
"368",368,0.0637350252356124,0.101782723832611,0.000220813378471681,-129.279063817737
"369",369,0.0405933404139093,0.0537067201527846,0.0011704020169075,-129.030309913257
"370",370,0.0532692820390534,0.0666495612248912,0.00149709594442758,-129.165624223034
"371",371,0.0895911982550538,0.047932586600003,0.000460437924589877,-127.592325202718
"372",372,0.0797313448161376,0.10780683219562,0.000938900247940814,-128.848778147809
"373",373,0.0804118011751084,0.126080356513719,0.000531172495809794,-129.139045335141
"374",374,0.0913271846821044,0.134004606261219,0.000166891609964729,-130.336538154683
"375",375,0.0980149020309405,0.0782613681353687,0.000670719867058836,-127.973705151618
"376",376,0.0481048814497518,0.05838953141967,0.000854672581392563,-128.185576544891
"377",377,0.124635352741932,0.11129598304591,0.000489715080506388,-129.155690408425
"378",378,0.163114902768109,0.0876987412513071,0.000394162078587519,-130.916250577588
"379",379,0.0513011989690201,0.0546571005114473,0.0010405050962013,-128.248947668704
"380",380,0.0793241295131349,0.0265177819424142,0.00124646405699378,-127.993036442944
"381",381,0.0770082124177937,0.0506483591411643,0.000336667178122249,-127.876598583103
"382",382,0.097846794741437,0.0575754895301907,0.000158661766767029,-128.904695597085
"383",383,0.097313533735187,0.0894141530853349,0.000237515248372688,-128.568433743698
"384",384,0.153742573893558,0.0905707214626594,0.00054691529867183,-129.22792504226
"385",385,0.0637817980935517,0.0549641501943403,0.000528878766763255,-127.645880957308
"386",386,0.100143453785899,0.0500824407208253,0.000746234976423495,-127.615437418243
"387",387,0.0922926112482304,0.0207531490389525,0.000753330099494767,-129.518305193979
"388",388,0.0416955424793683,0.0826069039090446,0.001544118791337,-128.926733521214
"389",389,0.0190104803624798,0.0867097200630143,0.00188528557803192,-129.096970874424
"390",390,0.0379131390207243,0.105663685479999,0.000527649680100969,-129.20905482857
"391",391,0.108539042024575,0.119859854384082,0.000562297659653432,-129.227325513376
"392",392,0.152233356489051,0.102752805602748,0.00233350259729674,-132.294776472553
"393",393,0.009236878996682,0.117584746237428,0.0014689386842813,-129.436233629452
"394",394,0.0267652421883149,0.0666968481615162,0.00201608987117353,-130.37959504395
"395",395,0.0479814990651777,0.0354765484124471,0.000927721950303624,-128.868395070769
"396",396,0.0420214169223077,0.050128165816903,0.00182188891497567,-130.496744005646
"397",397,0.103253579141368,0.0685560841078967,0.000928562289924258,-128.094674153659
"398",398,0.0984341043015053,0.0300185419865612,0.000869636600499673,-128.517717558918
"399",399,0.0947270526609645,0.0888565209692582,0.00118280437580845,-129.023502232469
"400",400,0.0673193320582709,0.0207973317502509,0.00185183169949342,-129.753726076336
"401",401,0.0640149028427716,0.142679868306984,0.00192904639708754,-129.720951677702
"402",402,0.0869216178720981,0.0718643996975372,0.00155328438290379,-129.245808471923
"403",403,0.119297690587959,0.0612775431449518,0.000867325949185328,-128.101414406794
"404",404,0.109629280334885,0.111062449338048,0.000651889024516591,-129.036636611249
"405",405,0.105527508606852,0.0422888803385735,0.00102460576344481,-128.011125871141
"406",406,0.103980195274744,0.0586140259010788,0.000808778946225499,-127.81148116901
"407",407,0.0827520009106792,0.0532989243233534,0.000592383515267429,-127.411729634916
"408",408,0.046417613087987,0.134265052162745,0.00368924562518523,-130.545992322159
"409",409,0.0257508126686447,0.111524013918106,0.00160089427752081,-128.822936732713
"410",410,0.0575383154129686,0.077708927704132,0.00114399950948411,-128.541085235615
"411",411,0.052638650555088,0.106463500523504,0.00134150792751884,-128.647613927363
"412",412,0.0640959244567329,0.0578521200902704,0.00170602513377867,-129.358276273263
"413",413,0.0862409546094768,0.0735713859797051,6.59450602132507e-05,-130.026789970187
"414",414,0.0982541294152308,0.0866209700662135,0.00107899999101138,-128.779123483168
"415",415,0.0289430063279373,0.0847224891325549,0.00107740816787559,-128.808651162932
"416",416,0.0588367339297854,0.0687065598609288,0.00122761809207461,-128.522168730515
"417",417,0.0953987336975945,0.170400935764827,0.00280438533617034,-132.04573306718
"418",418,0.0952591027410984,0.183215849457286,0.00154117938929612,-131.204562442165
"419",419,0.142061381541625,0.115171198229045,0.00140902442172853,-131.075935180107
"420",420,0.0955048494952783,0.141994622788967,0.00029059771585282,-130.132612966076
"421",421,0.163157296176039,0.0942674908829987,0.000366278912254044,-129.928101311534
"422",422,0.114064684475569,0.0497529345958259,0.000420707397159158,-128.19440987428
"423",423,0.0923669401919386,0.0277589631211732,0.00124013555609096,-128.384562465343
"424",424,0.0869949423480859,0.0274029794533278,0.000802666124131753,-127.629305824522
"425",425,0.081594154409502,0.0591483254805239,0.000759596009507193,-127.499194156076
"426",426,0.119483598355355,0.0631999237456718,0.000664192064332923,-128.052448696609
"427",427,0.123358473482417,0.0645157768116466,0.000434397261122735,-128.265083946889
"428",428,0.126205994590067,0.0969918982012857,0.000473969923035974,-128.834354461965
"429",429,0.0939862541806929,0.0670153649671859,0.00123798912159597,-128.439915150575
"430",430,0.09034336666667,0.0225263836928522,0.00187015419939417,-130.536219356735
"431",431,0.0723469235838203,0.157792861779917,0.00164674776628728,-130.072028688262
"432",432,0.0582432813162326,0.167826838749466,0.00157505239192501,-130.061765307294
"433",433,0.0440650800178685,0.142468256620249,0.00160963697923872,-129.242541209581
"434",434,0.00624723149742574,0.162587732558608,0.00618998189391269,-130.404839408255
"435",435,0.011927165829253,0.143552095619042,0.00100939221311953,-129.867449080664
"436",436,0.112166809083629,0.09335315158145,0.00110588091823339,-129.23868768553
"437",437,0.130786389077624,0.0881314999432641,0.000316720839868097,-128.926320709388
"438",438,0.0918782749712861,0.041770762787684,0.00141197106613054,-128.162653563652
"439",439,0.0937495221340651,0.0371052865328032,0.00101212399447874,-127.596103425975
"440",440,0.0556901943553057,0.189988118248416,0.003758188063442,-131.322131470736
"441",441,0.0449476350404196,0.0938549515288091,0.00227198118444236,-129.71231086023
"442",442,0.0432783601572674,0.156263337934006,0.00260243529164624,-129.79983897813
"443",443,0.0880935296222965,0.200516084100267,0.00341215851236007,-132.467032067185
"444",444,0.0338780309217438,0.0712043475557228,0.00187969835001223,-129.863392389412
"445",445,0.0784738518922177,0.022874175762338,0.00305288445830995,-132.11704045603
"446",446,0.0459358399985982,0.177547116718557,0.00228113126218356,-130.211647114192
"447",447,0.0477957463092157,0.060305939454651,0.000107972587049082,-130.744390683522
"448",448,0.128679547452574,0.078247066473355,0.00170126265966525,-129.939473399419
"449",449,0.0371909012323055,0.108855308050976,0.00179000059271087,-128.772937328097
"450",450,0.0103424614850242,0.120565939429553,0.00153194592388839,-129.354858718068
"451",451,0.0585888077773746,0.0479736719145351,0.000798789494804066,-127.754083306384
"452",452,0.0814014141963553,0.0406072646623237,0.00129558006365539,-127.988422364947
"453",453,0.0529682811789702,0.155161614401261,0.00143245479379735,-129.633868706218
"454",454,0.0250006938047951,0.155419040478011,0.00273686674466933,-129.503032037137
"455",455,0.0702884561318025,0.0499496432042467,0.00269746946227053,-132.103839460744
"456",456,0.112685197036178,0.0581443170425924,0.00124595528310345,-128.366570121513
"457",457,0.0404321755278739,0.123565095880555,0.000940704006186037,-128.963529083415
"458",458,0.0754395163455716,0.119817001436662,0.000709223926544797,-128.848435010028
"459",459,0.0600261737679393,0.137975335414218,0.00088374332429292,-129.284535373576
"460",460,0.114854556508555,0.0496901565145359,0.000499746358393978,-128.161080957689
"461",461,0.128828492697249,0.126664817962438,0.000550235672795162,-129.717197312035
"462",462,0.10505350757877,0.0591467879850528,0.00113174030897918,-128.204130464641
"463",463,0.0709140067131312,0.0533381324948917,0.000453598107916671,-127.621655583561
"464",464,0.0636844452761064,0.0743676569710979,0.000303124275160924,-128.276213133259
"465",465,0.085592369635147,0.0796558572517407,0.00118821100782763,-128.659617010513
"466",466,0.127292982494762,0.0628043823377909,0.000499246570276317,-128.408622467009
"467",467,0.101720926710155,0.03997020672119,0.000415513861323434,-127.984934936938
"468",468,0.0752960183200136,0.0434147077824961,0.000622385975492233,-127.408911082927
"469",469,0.0997516098714587,0.043887969998653,0.000931772541663458,-127.61914035988
"470",470,0.110315901896486,0.0550531474478967,0.00078455930977113,-127.815373184363
"471",471,0.0948773652950945,0.045398644565204,0.00196011737195287,-129.297568812206
"472",472,0.0998249930082562,0.0495749869512034,0.00187892807992798,-129.224016608251
"473",473,0.0913597618452263,0.0502452752644051,0.00100241852738851,-127.677082997377
"474",474,0.0780299634182582,0.0302479926072798,0.000860768966700762,-127.587539037779
"475",475,0.0877344455299149,0.0625912222390446,0.000140780454623259,-128.978164445234
"476",476,0.0737332171792667,0.0786343953755517,0.000359873564951835,-128.020599383722
"477",477,0.100830331847347,0.131752886267009,8.2318511415876e-05,-130.839860305879
"478",478,0.0720469582890261,0.0319893491028302,0.00314857882550722,-132.230196392893
"479",479,0.06568824033299,0.031410841587233,0.00215645753651173,-130.52661132553
"480",480,0.0570410590081501,0.126504299507581,0.000649434310526258,-129.110195312879
"481",481,0.162661818110861,0.113754288094808,0.000848700444288675,-130.107965313506
"482",482,0.152478184355457,0.108799533820836,0.000535541485834941,-129.678167610167
"483",483,0.0629972189794597,0.0860930178072067,0.000279566905557767,-128.597022320267
"484",484,0.0439134233602702,0.0752543767693833,0.00121673069174387,-128.713194068236
"485",485,0.0312061719103888,0.189094030320806,0.00453873797878149,-130.830779288685
"486",486,0.0389259469544188,0.189355251934134,0.00404047098031176,-130.722599939389
"487",487,0.0313248160671633,0.18947884930827,0.004626874947318,-130.890921953148
"488",488,0.0349102155733208,0.176123375408149,0.00279373423589174,-130.048155551862
"489",489,0.0380297820497032,0.173964486195771,0.00707354778414818,-132.630209876997
"490",490,0.0680358219677982,0.229623956243546,0.00343448771932493,-132.631810198044
"491",491,0.108987837061339,0.251028176658504,0.00508602527640131,-134.742084597367
"492",492,0.0718672020684837,0.121959281249612,0.000388311275879724,-129.237685669276
"493",493,0.0767387740812889,0.0766118706853924,0.00129659937031397,-128.762840028649
"494",494,0.0384104929837947,0.137306531990308,0.0017629523499675,-129.117382530659
"495",495,0.0290934163457572,0.136946321491701,0.00387946254974638,-129.928549431189
"496",496,0.0290842175606263,0.194736171961981,0.00245302368425906,-131.382701733391
"497",497,0.0604378298791964,0.151242292409273,0.000936802673239949,-129.677540934782
"498",498,0.00926029462219879,0.125187565376018,0.00134328931624413,-129.580055498461
"499",499,0.0169830149251312,0.126207090671226,0.00310581596247389,-129.196415681532
"500",500,0.000716030775056884,0.114949863662063,0.00342604896237878,-129.182647890761
"501",501,0.00528788213719165,0.162906542257568,0.00677618528611912,-130.696340202725
"502",502,0.00579088415569665,0.161010066998583,0.00590335979660921,-130.228240039562
"503",503,0.00542735521306465,0.17357854805585,0.00303332269082788,-131.126417461924
"504",504,0.03771634923464,0.114353792006769,0.0031423746186898,-129.84397019948
"505",505,0.0262856255133724,0.127657220965033,0.00578760870674265,-131.575243433531
"506",506,0.00068222664871767,0.100960667559743,0.00377161238191569,-129.626303328581
"507",507,0.0102684972879676,0.12350100995566,0.00244796813010236,-129.058323730269
"508",508,0.0274126753994946,0.0909942002423918,0.00110631388495243,-128.839143288439
"509",509,0.106409853973494,0.0395095351433725,0.00100161215568756,-128.42297313838
"510",510,0.0967717797367606,0.0399863229700795,0.00101952886609381,-127.634670145398
"511",511,0.096839296469039,0.0376189320807248,0.0004634123662288,-127.811149434802
"512",512,0.0791208307285552,0.0902323504538532,0.000480410107811453,-128.120329350029
"513",513,0.0604779999878665,0.0406425079038864,0.00166479617716543,-129.290994040232
"514",514,0.0760896228590981,0.0539036418444314,0.00104703412602055,-127.73585508882
"515",515,0.070479633308691,0.0460074171477701,0.00148582260820866,-128.547969724395
"516",516,0.0872294155454939,0.0603692616899109,0.000981008623344455,-127.779261688696
"517",517,0.0681860932051533,0.0366177386946913,0.000789926092325927,-127.606204159932
"518",518,0.0437772048899634,0.0706333500168695,0.00176755798587049,-129.878970354147
"519",519,0.0365937639435702,0.0735934778535189,0.00039207305493243,-129.350481647442
"520",520,0.109735234840477,0.0468444890262002,0.000471046563801357,-127.978473810492
"521",521,0.0904727021365444,0.108491199542588,9.66836587761885e-05,-129.968572566043
"522",522,0.164216269685744,0.102149709954936,0.000689816096116945,-129.693877761768
"523",523,0.0226839809786813,0.122206569658919,0.0032718573779648,-129.368961766747
"524",524,0.0373043344785867,0.125828553218623,0.0020591862858493,-129.016404449473
"525",525,0.0417216254143831,0.169186768001545,0.00374252973331127,-130.523392783647
"526",526,0.0129901721342988,0.0936746078378408,0.00297096064214362,-129.476858104531
"527",527,0.0148815444492507,0.0984011804963198,0.00344115397693048,-129.691355863871
"528",528,0.0212995486897528,0.107901615427791,0.00269634557592428,-129.099435941127
"529",529,0.0120396772080502,0.138363278594786,0.00426244863379175,-129.636426877545
"530",530,0.0118417151270696,0.13992950029659,0.00267583349039538,-129.204121572272
"531",531,0.00757606971382656,0.157265639547792,0.00304016178100002,-129.342742417975
"532",532,0.0405285431097597,0.160909858070418,0.000521971668014014,-130.479486613475
"533",533,0.0796050421315273,0.126345116198728,0.000490530872579045,-129.188117986471
"534",534,0.109732983752268,0.0736332152703351,0.00116420945807948,-128.706546691503
"535",535,0.0702150470876215,0.105360297399436,0.00112839167825887,-128.815534954591
"536",536,0.051472245479495,0.0800857751268819,0.000816189436780405,-128.230167518054
"537",537,0.0697599708270882,0.100117900710681,0.000335817654220519,-128.651376720819
"538",538,0.0562486542053708,0.0255646396656119,0.000234933854389021,-130.490651239685
"539",539,0.0945155910359487,0.137284454513322,0.001721345640173,-130.690852691681
"540",540,0.0734154048381475,0.045463242329737,0.00162132540219233,-128.816587211219
"541",541,0.100192949154929,0.0475797984551926,0.00136034849117432,-128.196966046593
"542",542,0.10784745836167,0.0581913329102998,0.00084285401752899,-127.895513987055
"543",543,0.07371150159519,0.0511556332092828,0.00214888925926603,-130.338718568889
"544",544,0.104064078570207,0.053095737113975,0.00218343635922636,-129.983312508012
"545",545,0.107160198134971,0.053892126909943,0.00125723563467498,-128.230119889098
"546",546,0.0986682739266452,0.0835293881786342,0.000284803408692903,-128.326434720041
"547",547,0.10668738529262,0.0500019841964487,0.000502438639060131,-127.813301267142
"548",548,0.0873461228837707,0.0618094252054698,0.000948462805271379,-127.76657136001
"549",549,0.0947756236406064,0.0323751972489112,0.000686873139226491,-127.682279865893
"550",550,0.0743035193282009,0.0665222956562312,0.000561871700113957,-127.58990323471
"551",551,0.0726064678018276,0.032696149693252,0.000791896229693494,-127.58927897424
"552",552,0.0627458359696381,0.0343153239575525,0.00092121860578121,-127.94107028163
"553",553,0.0711533139652979,0.0646519101633534,0.000415164059874668,-127.74297351683
"554",554,0.128810023628987,0.109006963419295,0.000223051680869233,-129.409778614235
"555",555,0.182274733001586,0.174854271482979,0.000234660268787028,-132.003203403163
"556",556,0.13813081493288,0.136931926765943,0.000270515915504156,-130.187628151212
"557",557,0.122069167559059,0.0856519252883671,0.000425394081152371,-128.551597689728
"558",558,0.101169769714299,0.0906983484998445,0.000567803179482095,-128.267415241952
"559",559,0.126137566596781,0.0681240971534836,0.000454325183220761,-128.327172201424
"560",560,0.0680222393053358,0.11132576838579,0.000128790186866204,-130.194335035271
"561",561,0.0701045868699306,0.10357802383363,0.000562114324259562,-128.442690862923
"562",562,0.0620082330698136,0.0242958038414832,0.000707975722365941,-128.476459814983
"563",563,0.0461437834662603,0.15572936336164,0.000571913661919926,-130.20305334705
"564",564,0.0870280963168052,0.094974150236863,0.0010518394604659,-128.875302777251
"565",565,0.0535329132328429,0.0792228100375324,0.00188418044417878,-130.109544848093
"566",566,0.103055270301976,0.0688495060882655,0.00200008627268522,-130.330294604081
"567",567,0.0229077720334728,0.12798714515874,0.00259572389184577,-129.095062732145
"568",568,0.0156532740465176,0.120371504248584,0.00277796700661918,-129.062107272584
"569",569,0.0144189509086625,0.148628157145903,0.00614597197518474,-130.814947871322
"570",570,0.0284282482661854,0.155388733265104,0.000291356267303834,-131.236326702118
"571",571,0.0255044221051725,0.0736732946245376,0.000704777586834374,-129.499850131594
"572",572,0.117031903350703,0.0417567831526473,0.00149948232921848,-131.834479645059
"573",573,0.0927686071868457,0.0501238431390059,0.00135500833123726,-128.244835977726
"574",574,0.0997026099136177,0.0397560379331081,0.00142273531427702,-128.302685508474
"575",575,0.0936603825481289,0.0471274363042653,0.000999022174362776,-127.668944955936
"576",576,0.0985203634234378,0.0698508733740215,0.000856285736290894,-127.957614443769
"577",577,0.0586780618796236,0.0450876260716724,0.00079826062840948,-127.780583498561
"578",578,0.0812843618690447,0.0935793104817579,0.000238858590918867,-128.651669910008
"579",579,0.0831042157294604,0.0747952033300747,0.000523605819896057,-127.741023814698
"580",580,0.0248390190765105,0.0449226508047189,0.000896184933201859,-131.08561348596
"581",581,0.0482268711520538,0.0907801392332324,0.000389122542710708,-128.835989231963
"582",582,0.0832555613476816,0.0286189176560946,0.000924602390998892,-127.603158274332
"583",583,0.0896673111742399,0.105024779924539,0.000842069575844748,-128.840187771141
"584",584,0.124570635767768,0.0698546762699342,0.000913238820946944,-128.399390939329
"585",585,0.117548426287948,0.0751104982900333,0.000397716183866641,-128.344396143547
"586",586,0.132667128538247,0.0930356223286464,0.000432492093747415,-128.921356966713
"587",587,0.0649780125590072,0.0764945438341625,0.000375220033732599,-128.078044139716
"588",588,0.0504340658727741,0.0621163264949148,0.000511374861584951,-128.14383216926
"589",589,0.126832343289462,0.0748255588166442,0.00103033257823939,-128.710203889361
"590",590,0.0635308318919514,0.106774614051754,0.000707959094441709,-128.47777622706
"591",591,0.0676803168113227,0.016642414539022,0.00138317720754086,-129.115993065146
"592",592,0.0634051213006194,0.137992032067982,0.000951670376588378,-129.27462082627
"593",593,0.0526697209921019,0.133040891793839,0.000703029535958952,-129.285403610138
"594",594,0.0607468357177099,0.109697225701132,0.000533915410331129,-128.696216153539
"595",595,0.0636252255620284,0.0408237802655329,0.000534813057985284,-127.777802316637
"596",596,0.086895082314953,0.0420906276514744,0.000544888818340879,-127.488635209137
"597",597,0.0713351110349299,0.0251388055165084,0.000693860875437281,-127.938343166625
"598",598,0.0820962810137854,0.0871167440291113,0.000937547280752533,-128.401626169606
"599",599,0.0621534409589681,0.0606312474453442,0.000597423709722604,-127.663651276171
"600",600,0.0946345605700757,0.0750173775197812,0.000754109986045973,-127.921408345844
"601",601,0.0623232540591735,0.0825783474272657,0.00137694998078873,-129.055849783567
"602",602,0.0731593531834818,0.0755753252861029,0.00133368433286099,-128.813087297029
"603",603,0.0172331548214509,0.158330157689822,0.00142709888202126,-129.599325812366
"604",604,0.0364772707488564,0.063188739682579,0.00115978586306152,-129.078244746664
"605",605,0.03247415832651,0.0503308233655719,0.000697201870149338,-129.547105196128
"606",606,0.0746257576660764,0.118491197268089,0.000402150003032422,-129.057645930922
"607",607,0.106143912527344,0.105564793990713,0.000583724928829909,-128.761134848471
"608",608,0.0832173528613536,0.148194925707961,0.000178577796034059,-130.942507062857
"609",609,0.188643301523681,0.131690184446475,0.00144798981569086,-131.87286252144
"610",610,0.0183467424923634,0.112123105624851,0.00338290941988636,-129.408867248771
"611",611,0.0032720000275938,0.155398281512883,0.000831564549328047,-130.366662157975
"612",612,0.0586784680265732,0.0977133341875668,0.000208390296460265,-129.388686380967
"613",613,0.0951342155342527,0.0234493799391276,0.000787734255824415,-129.430193274479
"614",614,0.0639214800759726,0.129054955060564,0.000762411770536788,-129.071792204978
"615",615,0.0710170109373632,0.0446845270216749,0.000736977515714771,-127.437774731603
"616",616,0.103123960615453,0.0694600248747571,0.000530467653083106,-127.857441907775
"617",617,0.109000840500608,0.0415686229510849,0.000392700255484746,-128.487449980627
"618",618,0.0447376597469025,0.0872969962439736,0.00151185380284324,-128.818746847525
"619",619,0.0173948960677014,0.0928466864106268,0.00109317886989236,-129.363140605011
"620",620,0.119945175302624,0.0756403810622592,0.00118192561814011,-128.947838271604
"621",621,0.0412202668028448,0.0655919590509294,0.000491846847328991,-128.728918991195
"622",622,0.102455865760531,0.0672444761809885,0.000304080621372936,-128.151008779635
"623",623,0.131566395099677,0.0757613620835944,0.000530517539204193,-128.487808856008
"624",624,0.0894138913653416,0.0626547272820853,0.000443940852886562,-127.656157458415
"625",625,0.0828099876808806,0.0286927935504869,0.000565152373710164,-127.741458935871
"626",626,0.0498158711251201,0.100830678566133,0.000481723744088488,-128.772976124783
"627",627,0.0780690694077544,0.128743298879948,0.000682018247920104,-129.136668151635
"628",628,0.085062339670055,0.0263267534116816,0.000949941402483857,-127.685662938247
"629",629,0.0601725399945084,0.0950471794207587,0.000938797131164092,-128.372947280771
"630",630,0.064469523885144,0.0501388426256403,0.000385308098734812,-127.934054777408
"631",631,0.0639615657130192,0.0699476782619337,0.00136593703571591,-128.77843377746
"632",632,0.0671220258021397,0.131185815636726,0.00216375173451673,-129.950372504576
"633",633,0.0642526902379322,0.0217035370602688,0.000950512354901116,-128.57180845676
"634",634,0.0915490610571358,0.132235080504261,0.000314596607668146,-129.685656088469
"635",635,0.194118869697307,0.134622622687469,0.00112967970448112,-131.521058259416
"636",636,0.0285682819573253,0.0619391319075467,0.0018342927316901,-130.532960753183
"637",637,0.0186537160037343,0.186645404469552,0.00712855595883218,-132.503239107302
"638",638,0.0212294464209749,0.120967843848786,0.000770066090674463,-129.674970879981
"639",639,0.0201458602754613,0.108919227326833,0.00373036574423498,-129.783651205778
"640",640,0.0152242402835839,0.150733402564953,0.00363322795858401,-129.550495655016
"641",641,0.0229311546821617,0.119136494027685,0.00191924874174018,-128.907718568911
"642",642,0.030408777032031,0.11439165504361,0.00128013280658654,-128.829246635232
"643",643,0.0734834661161238,0.0938597564652312,0.000316116263337427,-128.482336748992
"644",644,0.105081425453115,0.0585118341560279,0.000925527195643923,-127.932238819916
"645",645,0.0864819677086399,0.0347203282536347,0.000741382970213515,-127.468845837547
"646",646,0.104409684384588,0.0427598765540513,0.000328061329042551,-128.255530145022
"647",647,0.0530491022581341,0.0465966496378286,0.00117567572240541,-128.444389957419
"648",648,0.0937890386239332,0.121977801565942,0.000774522522425566,-129.225398174782
"649",649,0.0442786395627315,0.113950231740223,0.00119893378963603,-128.657324037248
"650",650,0.10753458897836,0.066662000737301,0.000794868040031469,-127.997553933646
"651",651,0.0451935116877066,0.0567685970159948,0.000405132834526703,-128.690884667953
"652",652,0.0730946070159425,0.0354577972062614,0.000460862641351471,-127.797061248932
"653",653,0.0622220081936392,0.0873489136719636,0.000545462357358588,-128.154273360329
"654",654,0.152358488321682,0.0961036002429793,0.000817950435691813,-129.349972700924
"655",655,0.0645143066628952,0.0182641713679033,0.0013511307986365,-129.274932441667
"656",656,0.0545142078355028,0.030884259291589,0.000926434380521494,-128.617362060473
"657",657,0.0455128474097406,0.0394749679076295,0.000715844519089184,-128.765965823514
"658",658,0.0851984431060052,0.0741834621236748,0.000506563772898769,-127.742736086397
"659",659,0.118884501459034,0.0599176861568219,0.000478785411839239,-128.091847022911
"660",660,0.054731373963661,0.0514695914861253,0.00150554037704207,-129.030205452095
"661",661,0.121620999124684,0.0739299067067799,0.00152105615243351,-129.449214836867
"662",662,0.0747846363347249,0.0238651150996912,0.00233255535186874,-130.224482215078
"663",663,0.0784372308960632,0.0262013587358784,0.000721969694069764,-127.714492060288
"664",664,0.0710735162529985,0.101953982286402,0.000793379106782474,-128.461797309127
"665",665,0.0344048497167528,0.0775026505987118,0.00107995901042258,-128.690707957311
"666",666,0.0864541289639951,0.0274421690814166,0.000699163522135683,-127.648336623645
"667",667,0.0477474744503311,0.119839753992861,0.00232624894886583,-129.379357306081
"668",668,0.0371496563439337,0.177662945377397,0.0016644786649994,-130.008728940711
"669",669,0.0678976863676113,0.0967796649411952,0.00101264928912526,-128.584886449828
"670",670,0.0548938793111112,0.113072168093573,0.0008352101332524,-128.624676681948
"671",671,0.0258621837171517,0.117471284672704,0.00174197950325716,-128.862529445519
"672",672,0.0312804359728326,0.109728133363238,0.00113391561419484,-128.812199465193
"673",673,0.00937509167650628,0.118855404736824,0.00407597132408925,-129.532755975312
"674",674,0.0107119169891808,0.164350793440439,0.00327520845913078,-129.471792119062
"675",675,0.0415485441994287,0.164084337307252,0.00342421489795646,-130.275854684501
"676",676,0.0211703183028912,0.099838715344848,0.00268346462861028,-129.202932597331
"677",677,0.0085223216115884,0.141944626191186,0.00198845470091587,-129.342085248556
"678",678,0.0168062798824042,0.094281677549968,0.00128760694472292,-129.198195325712
"679",679,0.0120721387488482,0.122414454824573,0.000221253376503842,-132.250718344126
"680",680,0.0455496991501937,0.0746886589035632,0.00146907343656208,-129.141134820551
"681",681,0.12215485239139,0.0704735817310881,0.00106649847068027,-128.581622947017
"682",682,0.0756609700428984,0.0443582273949635,0.000862425030281503,-127.444929617382
"683",683,0.101932600384082,0.0708070829249156,0.0011537564980151,-128.484778342885
"684",684,0.0247476226071639,0.0815882188465785,0.00110014578553962,-129.022722800732
"685",685,0.0893692265325198,0.105520110415767,0.000836808221384524,-128.842428345936
"686",686,0.116125284702373,0.0515138736422524,0.000393810936680112,-128.29386238841
"687",687,0.109514888822505,0.0497873269146338,0.00100154566520209,-127.920217537592
"688",688,0.0984660821633748,0.0375620715216876,0.00134356790538392,-128.193304375743
"689",689,0.0997117829737661,0.0481852434488806,0.00171010671000353,-128.837740907102
"690",690,0.0653546943603957,0.0727571222441081,0.0015412374241565,-129.249378162053
"691",691,0.0926496093691577,0.136114476177741,0.00096550853968731,-129.636019994804
"692",692,0.0503198412887246,0.0502696105237508,0.000686280586089771,-128.069918308187
"693",693,0.0504154683356026,0.0682844709160807,0.000395555438435844,-128.412240094195
"694",694,0.124031012421077,0.110436588272592,0.000456504067362211,-129.114136220984
"695",695,0.153968857506109,0.139917793203071,0.00090024439172877,-131.053698130974
"696",696,0.0265303117556675,0.1056069457448,0.00180730092704558,-128.78741680444
"697",697,0.0622113379671989,0.122055402656604,0.00164876234127434,-129.209096798703
"698",698,0.04542934734359,0.100160022351293,0.000871304368317733,-128.475368539794
"699",699,0.118635788474564,0.091469016727898,0.000345010903493374,-128.647351373879
"700",700,0.133051175803339,0.0984299974867117,0.0004949098099467,-129.019648368252
"701",701,0.118325732409666,0.0885008694566289,9.46711739943592e-05,-129.717392356698
"702",702,0.104841389473487,0.0761854439343321,0.00108762692552061,-128.561823849309
"703",703,0.0556802810391107,0.0940267450090477,0.000936798390450148,-128.334247864019
"704",704,0.0428274031819669,0.0962974133751318,0.00136149191334972,-128.560883213925
"705",705,0.102412980793864,0.128060397524083,0.0014903033216563,-130.79591865564
"706",706,0.0784396595984394,0.141078851244323,0.000690668612209227,-129.550303870195
"707",707,0.0837028237444585,0.0416011218866546,0.00152608573295869,-128.429107076427
"708",708,0.0703010619413212,0.0731159249294959,0.00192894564671548,-130.283873939634
"709",709,0.107552529884501,0.19484286042054,0.000304453473687394,-132.235918537434
"710",710,0.0701827201181647,0.191752442446089,0.0039050506210162,-131.982615995339
"711",711,0.0434995509039141,0.143276425019903,0.00228834342186331,-129.447836281047
"712",712,0.0272682722516983,0.126035836338149,0.00194862418185364,-128.951454888507
"713",713,0.0384174616018933,0.130728675741086,0.00127861001164864,-128.995539339542
"714",714,0.0403859179884085,0.1589941001097,0.000261138055068829,-131.275521267568
"715",715,0.0578414513528797,0.0740291776447831,0.00125851772692106,-128.693871624932
"716",716,0.0912624919274499,0.026799303017859,0.00063425337639624,-127.964917027461
"717",717,0.0679466091395653,0.0120027594828706,0.00147117522237533,-129.611040997231
"718",718,0.0749349393941595,0.122653969493161,0.000663558765823197,-128.936761316025
"719",719,0.0750997729891443,0.0216141777940126,0.00060182294997717,-128.127092333759
"720",720,0.0700059727937446,0.224162297167963,0.00196928671246131,-131.742651270717
"721",721,0.0736851975954375,0.0285209240729648,0.00195943786208793,-129.502437253882
"722",722,0.0776356167762788,0.0262139291357778,0.000629002861413548,-127.793471860177
"723",723,0.0917392329636603,0.111806548046099,0.000488502930654276,-128.788608117189
"724",724,0.122583702219028,0.138407803629076,0.00035554488004488,-129.991338238817
"725",725,0.103941374739592,0.0991248161108976,0.000684540548238107,-128.627938674096
"726",726,0.1368364397864,0.0799749143705212,0.000626349506000205,-128.628523976373
"727",727,0.0627448685014754,0.0291035167646351,0.00146650912607585,-129.041800482839
"728",728,0.0800822744136405,0.0289189250827135,0.000366015288079304,-128.271160318285
"729",729,0.0769235643878723,0.0828064628260961,0.000549357904898832,-127.917098749997
"730",730,0.0882129807156434,0.147612992705542,0.00172496150039289,-130.412678683624
"731",731,0.0891714037981555,0.0526051947398312,0.00045251118632065,-127.589104345876
"732",732,0.0714126551983123,0.181913575577966,0.000272496174307133,-131.778846438342
"733",733,0.044899199505847,0.139421851171657,0.00161585264194073,-129.18391391602
"734",734,0.0104087861693261,0.0718789722418086,0.00170339204909956,-130.143535414697
"735",735,0.08485519444007,0.0589791269801158,0.000861737848411687,-127.593332141253
"736",736,0.0541241448701108,0.0477174083878142,0.000308126006753032,-128.709762939094
"737",737,0.058448998361578,0.0727748611901443,0.0005581197438831,-127.939065898404
"738",738,0.0968400100839143,0.0662749292689571,0.000742229650519396,-127.750212332705
"739",739,0.113975752997049,0.123862701172649,0.000557554116915371,-129.422315870049
"740",740,0.0473910703137244,0.14564016749201,0.00382008270010324,-130.641433615445
"741",741,0.0404403186918788,0.134437348949374,0.00240505178025773,-129.323343866308
"742",742,0.0590649175155741,0.0690969663293076,0.000974342669569113,-128.098837784032
"743",743,0.0729629225962704,0.0231718439584961,0.000575109197264539,-128.127874093918
"744",744,0.081547526526649,0.101053561895742,0.000420092333267198,-128.465164553983
"745",745,0.146159489777217,0.0772761616266097,0.000481560396559307,-129.358033997541
"746",746,0.118948570893645,0.0798044345747324,0.000708642593703077,-128.426997002923
"747",747,0.121256222334613,0.0864565197327464,0.000648273275622744,-128.569458976107
"748",748,0.0900601132220951,0.0783712758324744,0.000635108028712164,-127.870598021155
"749",749,0.0920375792665406,0.0472581146404302,0.00124907639143054,-128.001075784379
"750",750,0.0888809964506153,0.0473660810022415,0.00130056277163403,-128.073428127253
"751",751,0.0907151931927513,0.0316037176031828,0.0018462802431516,-129.03120850722
"752",752,0.0924579760437826,0.0548594435531851,0.000841764114816874,-127.580470396449
"753",753,0.0581237577452692,0.0465232954149282,0.00115219859496298,-128.192401738167
"754",754,0.0643915636377776,0.0408295242350675,0.00107641908982616,-127.91498780058
"755",755,0.111541421685879,0.09478625553868,0.000382675317386907,-128.545254935665
"756",756,0.0968255670803546,0.083887110312928,0.000425971417793284,-128.07651097788
"757",757,0.0692215800513736,0.120904224830396,0.000227225630265158,-129.801096454102
"758",758,0.107612053588711,0.0526790440774292,0.00104866114569662,-127.936625818372
"759",759,0.0938541639915338,0.0582784567143732,0.00146829716864422,-128.674151260495
"760",760,0.102392260286636,0.0686496487170463,0.000494380345744438,-127.850083225024
"761",761,0.0968965896427445,0.0754179547111911,0.0011155949973735,-128.482909027331
"762",762,0.0328555639138214,0.112701103611744,0.000855121131474497,-129.008780524471
"763",763,0.111493625368873,0.0543783905634866,0.000868849430959174,-127.860327251511
"764",764,0.116937066394923,0.0714597655780415,0.00107837335708669,-128.619072875961
"765",765,0.0874075255543003,0.0679711349412376,0.000524557863218888,-127.637490337978
"766",766,0.0645782080040506,0.0235043567951261,0.00100880737303345,-128.467349764249
"767",767,0.0805393309608515,0.0347013822826698,0.000479063895875368,-127.700507389143
"768",768,0.0757090326078895,0.117748829983179,0.000979762465913026,-128.912518989693
"769",769,0.162481584004783,0.12508279717263,0.00139578235678005,-131.553915424486
"770",770,0.0402977496520456,0.107017759400188,0.0011071413523666,-128.599259334062
"771",771,0.0927467655570936,0.0303072813675256,0.00083316945671245,-127.703959526855
"772",772,0.0924223313469908,0.0815453793724368,0.00104350723852056,-128.49095490985
"773",773,0.0419057915731722,0.131507841581647,0.00147311934223295,-128.990234259805
"774",774,0.0555567215735059,0.0613286429249141,0.00115426033099595,-128.332195132641
"775",775,0.103487326341956,0.0725801243423403,0.00153767519854893,-129.355624653908
"776",776,0.118202769883057,0.0665682293478874,0.000287507411309672,-128.560583698861
"777",777,0.101564741147511,0.103859627952738,0.000587897202002728,-128.657780635489
"778",778,0.0888768904844251,0.111183960929324,0.000546486157204488,-128.747555929281
"779",779,0.0790510576325541,0.0930837714021462,0.000841452526736074,-128.413703321493
"780",780,0.089170845296357,0.0531664314522234,0.000144108431474246,-129.059842198285
"781",781,0.0907699531800901,0.0637603374748573,0.00144723112337929,-128.760352055031
"782",782,0.0199338838303167,0.153601603950572,0.00587633845135048,-130.873992713365
"783",783,0.00679326545201358,0.166251615957156,0.00659038283819993,-130.739832079073
"784",784,0.0127170164245816,0.159859476142869,0.00313160758444136,-129.445838656102
"785",785,0.0392561472442488,0.197748573749583,0.00196614070349864,-130.702811666277
"786",786,0.0426222606142492,0.042212873505629,0.00218054354111186,-131.869952620656
"787",787,0.0795278761768533,0.115108208339333,0.00149140892893124,-129.708506424876
"788",788,0.0804672061535178,0.100780803385718,0.0010078642987371,-128.863746578751
"789",789,0.0286725542811294,0.0866640471864371,0.00322246734021956,-130.665486076993
"790",790,0.0439154341949097,0.200789480808216,0.00431547574763923,-131.289199219076
"791",791,0.0333550945437202,0.101223863219671,0.0019843174303274,-128.869937893002
"792",792,0.0118213826851179,0.121804446702295,0.00328663887142941,-129.192879691694
"793",793,0.0126299959268187,0.131669196711301,0.00415741484477896,-129.59020233944
"794",794,0.0142762092097561,0.141142413359653,0.00466980685853345,-129.913663904384
"795",795,0.0107283018741457,0.161896855917936,0.00385489702481852,-129.569170683898
"796",796,0.00417655069256834,0.139810717500265,0.00119546977487472,-129.985838864446
"797",797,0.0882374025376519,0.131019547359968,0.00121572768037067,-129.674070640642
"798",798,0.0686375659404634,0.051280034474243,0.00031970965590467,-128.059597411336
"799",799,0.114050838654984,0.0553834878600176,0.00116564285774056,-128.256305912036
"800",800,0.0982004586602456,0.0660588494604459,0.000770925592913294,-127.788523110985
"801",801,0.104485557028066,0.10922878530454,0.000302129778689454,-128.935908593379
"802",802,0.116336817926529,0.102139550501193,0.000759566698654345,-128.995001578299
"803",803,0.175087609702269,0.135475458863173,0.00103773035832481,-131.362965282921
"804",804,0.00761899095195907,0.146413400846379,0.0054506386400814,-130.118929805012
"805",805,0.00337418347663439,0.130338880672218,0.00323743691442133,-129.163719902332
"806",806,0.0158692287274254,0.122604692112266,0.00168917656077895,-129.105540336527
"807",807,0.0595614477788778,0.12706281330231,0.000928232269679756,-128.950130965156
"808",808,0.0972663770146915,0.110204520888998,0.00139459836457083,-130.200150025075
"809",809,0.117740439921436,0.109471674627255,0.000818364744715134,-129.329343725516
"810",810,0.114904287066131,0.10947520667938,0.00128603030110382,-130.21621849534
"811",811,0.0484080495631276,0.0544848440284063,0.000933672174518212,-128.248547269501
"812",812,0.0987307968573533,0.0840599866322238,0.00219526656457724,-131.484179676311
"813",813,0.125234726972165,0.0618298030238324,7.54148339535854e-05,-130.2245467858
"814",814,0.0982687900943149,0.0893516452430537,6.43746532766387e-05,-130.019447158709
"815",815,0.15658685626298,0.097387074341239,0.00132628215234503,-130.301814793536
"816",816,0.10626711045732,0.0549327367983555,0.000563669862773093,-127.791344700172
"817",817,0.0643604240671189,0.0469318764430982,0.00094532368636561,-127.707750231968
"818",818,0.0715463051145659,0.0528228164219543,0.00041507426878881,-127.693682523803
"819",819,0.0996333098069579,0.0999670605229273,0.00188063880298558,-131.210658078403
"820",820,0.0853358296865446,0.0253568478503586,0.00160865447732312,-128.660142701025
"821",821,0.0727740555564146,0.0310199427299444,0.000434805103299347,-128.030127244
"822",822,0.0895077883959368,0.0743132655084599,0.000375784512216593,-127.904066638965
"823",823,0.0818051896142448,0.0531089515500253,0.0010026581566057,-127.651618013018
"824",824,0.0968945266278496,0.0461026570235964,0.000414893820810817,-127.828650838327
"825",825,0.0663102002564653,0.050859053010104,0.000612760893674371,-127.525136310969
"826",826,0.0837294819844621,0.0601484535129727,0.00125048976901829,-128.214111582027
"827",827,0.124440911287775,0.0815244087237463,0.000113219227570333,-129.629343841601
"828",828,0.0787929183860036,0.13641080977128,0.00187918308521652,-130.134081345394
"829",829,0.000877498474276839,0.116710046788014,0.00267268831526671,-129.114537384508
"830",830,0.0245729757828378,0.124950131259157,0.00446057359904848,-130.277378109781
"831",831,0.0123524264214818,0.141469917451149,0.0028855462435052,-129.240523785676
"832",832,0.00036891235131922,0.143798721555366,0.00137146627971298,-129.962222722945
"833",833,0.0384009283580264,0.122619796062894,0.00110714346428905,-128.88616015846
"834",834,0.0516814891550685,0.108929908945692,0.0010534658502435,-128.540778114148
"835",835,0.158443944500229,0.105700060370695,0.000678680513990878,-129.610342715973
"836",836,0.140788535647647,0.0800631297648006,0.000951760839426395,-129.025430903886
"837",837,0.0618109652750825,0.0927408941345399,0.00111401832604356,-128.590598309434
"838",838,0.0624202501407466,0.15210445935283,0.00154231962166847,-129.697921730631
"839",839,0.0622973555034061,0.0452444860869855,0.00062116308789591,-127.657512708392
"840",840,0.106227564174615,0.0651452464790198,0.000656438198484728,-127.865622051635
"841",841,0.10314771083247,0.0422389666953634,0.00119277490275333,-128.039425373292
"842",842,0.0634977246236326,0.0427170915179256,0.000883069073610065,-127.698285788922
"843",843,0.0929606994915755,0.0454217888954345,0.000503155562176969,-127.597555425427
"844",844,0.0910915998495128,0.0593913409959823,0.00191706271218171,-129.769735427744
"845",845,0.0963719117355177,0.0429622642459915,0.00172249808804837,-128.7345517515
"846",846,0.0811815049177632,0.154015469898012,0.00145243267550152,-130.086170358594
"847",847,0.00477578918805347,0.159251020241486,0.00428421287934609,-129.562549321189
"848",848,0.00788256031196942,0.153261255807862,0.00522102352339301,-130.007866341491
"849",849,0.0303909897585263,0.171570143217178,0.00409916581255255,-130.354601071236
"850",850,0.010759293829837,0.152397290890536,0.00344390816590587,-129.447053975068
"851",851,0.0167763233841101,0.11558385757286,0.0010918833780357,-129.442971032682
"852",852,0.121354412055817,0.11314892995917,0.000785020214165132,-129.452900717101
"853",853,0.164162903900161,0.115696655570932,0.00114281898123942,-130.561439818736
"854",854,0.0028867092734452,0.0883514419709491,0.00207442695284208,-129.600313525863
"855",855,0.0474197000792838,0.140491020307699,0.00158547485797526,-129.224839655877
"856",856,0.0346756443763859,0.137197913873331,0.00377136155660678,-130.060436055906
"857",857,0.0272601159803591,0.114854855473895,0.00433190179899402,-130.5326821241
"858",858,0.0261672331891468,0.0967065162035421,0.00237455884756156,-129.120044507213
"859",859,0.0143502571242214,0.126727770539654,0.00368940277012976,-129.400989829736
"860",860,0.0194986049504714,0.134712218014999,0.00200153619193841,-129.10412555138
"861",861,0.0536987912801732,0.105892688930475,0.00109286922109655,-128.511540002829
"862",862,0.107189919193963,0.0749393093399758,0.000664865542358465,-128.047028772117
"863",863,0.0916639662203926,0.0716354827150788,0.000499440669551241,-127.744212983487
"864",864,0.0833542901083797,0.0718029585205205,0.000660694609291843,-127.692311384028
"865",865,0.115792141000741,0.065401878518322,0.000467770940136659,-128.148691892995
"866",866,0.0673329338023699,0.0567034098622606,0.00108072579810914,-127.910551531879
"867",867,0.104991653424884,0.0616146086584403,0.000626935745121713,-127.794480178941
"868",868,0.0861685624558626,0.0288862514574514,0.00148075219230716,-128.249385791263
"869",869,0.0865682534612032,0.0299674008669257,0.00142740049965541,-128.135249769359
"870",870,0.0817828458906086,0.0914844645658689,0.00104847875081641,-128.720021742654
"871",871,0.0549248408902419,0.142289191132188,0.00284563581948415,-130.128703920965
"872",872,0.0503458997583475,0.119839648606176,0.00175710611672396,-128.990754823816
"873",873,0.0667053883633317,0.108352310592363,0.00168250398819042,-129.476311925566
"874",874,0.0291335202645909,0.0797789218174641,0.00174444396415748,-129.137389631718
"875",875,0.0423228546964639,0.159570347886992,0.000804820767092136,-129.996687692117
"876",876,0.0742618358165391,0.171934521223872,0.00230713106493187,-130.786834889374
"877",877,0.0836388231610545,0.127360161356788,0.00353879625374975,-133.795920665881
"878",878,0.00313040048950933,0.130473934066355,0.0042712704637807,-129.43264800647
"879",879,0.00313491278020484,0.120893679173448,0.00426931799966418,-129.475708058313
"880",880,0.0112408416088873,0.129832917113476,0.00306485251003073,-129.156635387108
"881",881,0.0428994474223365,0.146107532116829,0.00361268880376612,-130.276025590683
"882",882,0.0338514249110777,0.170371186124916,0.000937703285041464,-130.153012214683
"883",883,0.160944620041505,0.213133168081793,0.000739622836399868,-132.979758191629
"884",884,0.0478695480969519,0.153501674162276,0.000371996231395618,-130.609105004739
"885",885,0.067672397833206,0.0228298560302342,0.00117586135094519,-128.501831981365
"886",886,0.0782565639409002,0.0278183580863883,0.000860406573208023,-127.652475771764
"887",887,0.0902068379747679,0.0435990601393952,0.000551670652338232,-127.509490769625
"888",888,0.0265695851562831,0.10252331917526,0.00085771296140752,-129.159300074147
"889",889,0.0262505274074786,0.104533791426141,0.00168750183657536,-128.774822193929
"890",890,0.0445961538045498,0.141321742328066,0.00353421935462485,-130.278408406576
"891",891,0.00394840229452157,0.165114229070234,0.00303248688612907,-129.824134683486
"892",892,0.0539670410655206,0.112509341556267,0.00247391196602684,-129.903976684915
"893",893,0.0205542177387039,0.108291490789628,0.0019378245237912,-128.873703918795
"894",894,0.0265893711351858,0.0962570369226628,0.00209900878651718,-128.948800815877
"895",895,0.0437946325368493,0.160274370428085,0.0032472499153081,-130.195603968739
"896",896,0.0273496738507878,0.121995523684949,0.000570477614510169,-129.791720123414
"897",897,0.0872958560806322,0.0454260731640038,0.00102034491923909,-127.611995874106
"898",898,0.110768528892081,0.0566075586307523,0.000396015035833171,-128.094996482842
"899",899,0.110263260403582,0.0916579711312552,0.000707651015725101,-128.532135778734
"900",900,0.0537426823795823,0.123462353070389,0.00083771222996893,-128.893945535187
"901",901,0.0968826745447223,0.139489675430407,0.00141862691838283,-130.338198998606
"902",902,0.059934788060096,0.122132986339392,0.00165727735967445,-129.154142085706
"903",903,0.0335660031499029,0.07843287571354,0.000582149159811103,-129.071064158135
"904",904,0.0992980631895362,0.0337289733632984,0.000947991635080008,-128.09463047463
"905",905,0.0828866655163316,0.0381190634954106,0.00145180002377387,-128.246227137906
"906",906,0.0854112855857343,0.0216536177323765,0.000312721681069708,-129.023715066458
"907",907,0.0869028309024804,0.0215521056607152,0.000978164225547254,-128.332334074721
"908",908,0.0674305487539391,0.105682463201124,0.00126954217628264,-128.914101314538
"909",909,0.132405506694069,0.154727701882898,0.000139453338592555,-131.156190437996
"910",910,0.13372565585524,0.145997404122103,0.00139893503643568,-131.935502933069
"911",911,0.0184189108241417,0.166577387526658,0.00188664658152138,-129.50566033151
"912",912,0.0440561135303149,0.158874009484113,0.0017482503386603,-129.639411804808
"913",913,0.0509259862817054,0.0838259375135087,0.00103948898520171,-128.401369556743
"914",914,0.0996836775454248,0.052906159135319,0.000490312756489773,-127.711725502427
"915",915,0.110704538743263,0.0505161875693842,0.00160835356965933,-128.984406776765
"916",916,0.0939639752712967,0.0331177986013098,0.00140680437298383,-128.257253676774
"917",917,0.0861156214685191,0.0362651106291548,0.00141770011593618,-128.125927844371
"918",918,0.0841511577009687,0.0336570459423711,0.000257274135830747,-128.635408667408
"919",919,0.0589878496549835,0.0514077180354473,0.00109059727405665,-128.052122402903
"920",920,0.114146819425779,0.111487733699296,0.000253106435387199,-129.185164957525
"921",921,0.107341473473963,0.0383465077129235,0.000740766042931871,-128.531807138283
"922",922,0.0985250664783242,0.0491700069578298,0.00134450615071388,-128.219906111111
"923",923,0.110520143839468,0.056394544720053,0.00174762660304123,-129.188599950328
"924",924,0.0616042253197469,0.0535962259682835,0.000432515733574838,-127.863010235031
"925",925,0.0920909602649281,0.091783474295052,0.000946659367579424,-128.635567318987
"926",926,0.0424984433524133,0.126838758686751,0.00218631437863896,-129.167455011498
"927",927,0.00735786552722427,0.0817397524945876,0.00306983175232643,-130.231273377713
"928",928,0.0318670166284012,0.0887958081463516,0.00161492985782979,-128.78543091367
"929",929,0.0502488623887242,0.0921035094048798,0.000626875156945406,-128.381550529393
"930",930,0.0929502268652626,0.109562434955021,0.000597483674619622,-128.755296668293
"931",931,0.069262489763633,0.0985485672542863,0.000700236903355363,-128.340030249242
"932",932,0.137673040115548,0.0661351524899591,0.00150029832063912,-131.336631334244
"933",933,0.0149177502447272,0.0998305399381187,0.00143858941470757,-129.16212418573
"934",934,0.0513566920856549,0.087584777620706,0.00162263063833325,-129.170274064878
"935",935,0.0675160451219237,0.0836114397607114,0.0014281870713843,-129.222071968808
"936",936,0.0226521895033812,0.169762968842019,0.00416246329955657,-130.07355984976
"937",937,0.0206447539469546,0.149670441987294,0.00503571113028967,-130.365661715095
"938",938,0.00731405085700052,0.125291354990658,0.00295070693596085,-129.102333598457
"939",939,0.0272113680676112,0.1231636257224,0.00350491341863604,-129.643855564362
"940",940,0.0054732695698449,0.0704899552207412,0.00200000628141384,-130.711106685715
"941",941,0.0221760251545576,0.1637065013792,0.00170036863384656,-129.579013728798
"942",942,0.0395944262941106,0.124192044903567,0.00140871857966995,-128.852480971822
"943",943,0.00216962734710852,0.14258380819198,0.00396778459500782,-129.377799884514
"944",944,0.00324121616614593,0.125961699236383,0.00313229512472742,-129.126955962575
"945",945,0.0686623777603039,0.146242491781524,0.00234674956442324,-130.253043268181
"946",946,0.0515677978785133,0.118998164597039,0.00106184399898811,-128.731719453369
"947",947,0.047671870928222,0.130025132511908,0.0013092180651781,-128.967039349876
"948",948,0.0457236712299669,0.0858107408586659,0.000567624038929815,-128.494818177933
"949",949,0.0527913997522761,0.0670195331593254,0.000829930347515715,-128.058885791078
"950",950,0.0635438210464695,0.0276232517391011,0.000660803558503204,-128.171396320972
"951",951,0.0744791899340956,0.0160344247718408,0.000891631242372719,-128.385686971895
"952",952,0.0743692623283686,0.0172864201301035,0.00115040618321197,-128.420131215057
"953",953,0.0719439792109233,0.015549542550292,0.000898483069017811,-128.523008053552
"954",954,0.0741641523288515,0.0250414748015191,0.000825075015169254,-127.831203586126
"955",955,0.051268859487581,0.0834705569121035,0.00116014746170332,-128.543964798251
"956",956,0.113054789091727,0.0724640799683672,0.00185262393795611,-130.115013559474
"957",957,0.136603427766134,0.0678068975896141,0.000396276530447789,-129.094370944956
"958",958,0.134770490057799,0.0833934179735263,0.00160320832792398,-129.968261174146
"959",959,0.0455367826419403,0.122626146996771,0.000682163427390539,-129.099350889377
"960",960,0.0637917716849414,0.0713380461756859,0.000615926708003303,-127.782772138265
"961",961,0.0927055121628021,0.0619103427922933,0.000905963578002001,-127.766244886693
"962",962,0.0852459306314356,0.0469702506001963,0.000870510818638279,-127.453810726719
"963",963,0.0729912063835691,0.0775339839068389,0.000982911942436677,-128.184017593902
"964",964,0.139369687979649,0.103618753263976,0.000970399119625257,-129.785218422291
"965",965,0.0589931015308411,0.098350041259728,0.00219260067617442,-130.260955537641
"966",966,0.0259685152626983,0.0793071213267377,0.00139635611210206,-128.986620758845
"967",967,0.0493048127558343,0.214664162075281,0.00116896029968959,-132.619277782254
"968",968,0.156748389882574,0.152215775725769,0.00160635163685302,-133.063431232457
"969",969,0.0789179914788627,0.120351254916902,0.00151524447010776,-129.673496834478
"970",970,0.152180812600739,0.141025150919379,0.000694818575584521,-130.722175323158
"971",971,0.161609302423906,0.136659064219473,0.000282792938538548,-130.549939437523
"972",972,0.0460016175518221,0.0677750250964487,0.000719659635791365,-128.277458555275
"973",973,0.130145597711958,0.0712878600280732,0.000596799658818075,-128.358760963548
"974",974,0.0344529477864714,0.12829697896911,0.00424963984530673,-130.535305179891
"975",975,0.00809758532111391,0.141092444918618,0.0025830984490566,-129.235799308586
"976",976,0.00513935736348085,0.150931116557495,0.00456210548378751,-129.646595991552
"977",977,0.0638647440670866,0.143740632412555,0.0023519479580839,-130.056649917106
"978",978,0.0412456786847231,0.0953645403623079,0.0027093953723098,-130.116043496853
"979",979,0.0191744265335689,0.154901207057801,0.00166228597227559,-129.459933475615
"980",980,0.0463967160393558,0.0746664519939445,0.00118092932433765,-128.665310284313
"981",981,0.0479548771172168,0.123098165060543,0.00138844513590349,-128.839299515699
"982",982,0.00222796849047252,0.0859841741610653,0.0016463974748005,-129.916388752466
"983",983,0.00209831290720209,0.127852030442702,0.00511550508167163,-129.828680413247
"984",984,0.0111379956591875,0.1567785683115,0.00248261659836471,-129.361978919125
"985",985,0.0023773477352769,0.11873811176525,0.00503165736365773,-129.925495714985
"986",986,0.00218979329892394,0.13842010553535,0.000781202419855134,-130.723178659511
"987",987,0.170768309263749,0.130048848010476,0.00054247973532186,-130.551315361156
"988",988,0.0822102089460906,0.125338484991418,0.000431501224822202,-129.223874762295
"989",989,0.0867502369487547,0.0218845014988891,0.00142354262094888,-128.912720687339
"990",990,0.093461969728692,0.0249856747008938,0.00105795118734948,-128.848568463678
"991",991,0.0688091407027033,0.0675451233612915,0.00090171092526507,-127.84092793168
"992",992,0.0675627277762158,0.0243371986871107,0.000787346051893967,-128.119153568146
"993",993,0.0669094402629182,0.0996774537661395,0.000977443980629647,-128.536145637294
"994",994,0.0641513208754762,0.0501833386785194,0.000746001395287853,-127.564084859636
"995",995,0.0757558556554347,0.0355207302441505,0.000883341817700185,-127.518885591513
"996",996,0.0786297305398127,0.0293009024303917,0.000756171705000567,-127.593325420498
"997",997,0.0649505520908271,0.0613198592400065,0.000362573792472503,-127.950457114176
"998",998,0.0966413927566594,0.0849114980024459,0.000986540098970171,-128.537912417716
"999",999,0.0486352770942574,0.0677158333047557,0.00109983330512358,-128.507954474374
"1000",1000,0.0686050091485883,0.0250123439364315,0.00133189079745205,-128.586001321051
