"","i","asc1","desc1","pol1","p"
"1",1,0.409987882848278,30.7334066577501,5.59522028651358,-229.46855648495
"2",2,0.173197354161335,19.9222220859648,1.51444735155329,-200.266632435539
"3",3,1.37466626729869,16.6115784333722,1.68057151204715,-188.165083836598
"4",4,0.598827832994562,9.56789665193466,1.4524488402592,-175.693179365682
"5",5,0.210009521879103,10.8203906467037,1.1830655251641,-173.142677161295
"6",6,0.129963070564715,8.04143251654358,1.00647875393682,-167.12942298082
"7",7,0.236912351132423,8.51176886094984,0.943708051221555,-168.01570751155
"8",8,0.441954599870194,6.93651652623628,0.941693148256948,-166.927345359026
"9",9,0.254268933309592,6.18865345626826,0.571916989524679,-164.465447366597
"10",10,0.900774609544308,5.59514019251828,0.556531441774759,-162.79008717585
"11",11,1.08851905181935,5.66001613608029,0.526053817243681,-163.249709080865
"12",12,1.18706749971522,5.86940009938465,0.543287970166321,-163.889512564199
"13",13,0.776918726847765,4.84293733271322,0.490280447724967,-160.928672157537
"14",14,0.362218084278079,4.00708656068452,0.385019284264484,-158.674237983653
"15",15,0.127544274104982,3.71522720426348,0.385948320162817,-157.431194651199
"16",16,0.426768303747687,3.34579926265542,0.378369059929177,-157.33739962955
"17",17,0.171423126750125,3.45689471565512,0.462601008147951,-158.015672501361
"18",18,0.249331127758691,3.87563360573444,0.409442066570809,-157.773303898358
"19",19,0.0390232676782642,3.42450489876588,0.35104662075482,-156.953625982232
"20",20,0.0485540332572143,2.81242571927226,0.362567863588385,-155.444550498156
"21",21,0.269790803571421,2.81616056051022,0.375118227116462,-157.503208414322
"22",22,0.131756789753631,3.11378190966799,0.40573412432049,-156.69694692444
"23",23,0.289467436036216,3.33447457932239,0.319312964179438,-157.12362577872
"24",24,0.573911061031823,3.04302327792041,0.280257843968874,-156.523523747122
"25",25,0.673528445310854,2.91749154246656,0.296026841609124,-157.017575289799
"26",26,0.319560216184682,2.84228090406394,0.282260242323754,-155.660595896621
"27",27,0.29358576687132,3.01632265195268,0.365657999269445,-156.673015461135
"28",28,0.0644563128074072,2.69968754172278,0.380636459382823,-156.466252139877
"29",29,0.173532729690897,3.31404000575614,0.367232124309162,-156.317449819349
"30",30,0.305530989885134,3.15154127581254,0.311771855899239,-156.417118801461
"31",31,0.280654297988338,3.08343686788308,0.346241943860898,-156.147922530296
"32",32,0.0942962667096267,3.06933206648036,0.339424015924472,-155.6392143041
"33",33,0.388563305699123,3.22852531595681,0.330896763359553,-156.564764880249
"34",34,0.314860574809413,2.89232284968006,0.389890303992837,-158.258007153651
"35",35,0.311982979741022,3.33003050915952,0.363039268425045,-156.669131617161
"36",36,0.357532998958384,2.9879306298664,0.306907807242812,-155.971892649101
"37",37,0.299475035459815,2.91385196061714,0.307818101800554,-155.693674035959
"38",38,0.0267010931701103,2.09385003655142,0.289000085703383,-154.505835308981
"39",39,0.099361802005283,2.43766296748126,0.280278970909808,-154.230542442656
"40",40,0.00514786406373205,2.34501480708848,0.272907266043118,-153.791496749645
"41",41,0.136072095057443,2.52543946580858,0.257000289877868,-154.826638726348
"42",42,0.121925085504816,2.16761634332556,0.273588140454507,-154.356690134485
"43",43,0.118794485065996,2.39458782963296,0.235216987798634,-154.883307339375
"44",44,0.506367429412983,2.49834757844954,0.238081947498946,-155.188131393603
"45",45,0.257352966554052,2.19034004729092,0.226324078448387,-154.01114860281
"46",46,0.156004406055777,2.3107619381564,0.344650306300298,-157.799002336888
"47",47,0.232869235529501,3.18918567574708,0.445147158821487,-158.679894136632
"48",48,0.0115402280062535,4.409400677886,0.514874871389848,-158.413356471972
"49",49,0.581602927578253,4.61967610354568,0.472739935966303,-160.016496910572
"50",50,0.498498681297624,3.52902858086861,0.451435939534801,-159.769456867117
"51",51,0.117277652657047,3.77738223114329,0.369875245927182,-158.198398936577
"52",52,0.642978409126152,3.516038207152,0.281361305044406,-158.907803046925
"53",53,1.29443627994214,3.92473947305389,0.267566724372935,-160.154710866276
"54",54,1.35798152814615,3.97212101486268,0.339270258792344,-160.433722009222
"55",55,1.15121264688242,3.4879198294841,0.250963045205729,-158.564059310106
"56",56,1.06260893077092,3.11693640360583,0.248942059912631,-157.535880540096
"57",57,0.749473991401963,2.69983349572491,0.207413572355239,-156.266620289432
"58",58,0.653884330390584,2.50280725362623,0.201564765226301,-155.547828394968
"59",59,0.735736996143495,2.29697694994967,0.197241258978797,-155.363268539277
"60",60,0.69497412551928,2.13292625499034,0.14538786184471,-155.195809245487
"61",61,0.698867171432099,2.16477014787225,0.198188408926269,-155.62178643724
"62",62,0.426182186235583,1.93884682210293,0.195699053567415,-154.197179640414
"63",63,0.0136148694451543,1.37685236918823,0.175507742900036,-151.970484910064
"64",64,0.00916372936034934,1.2748575680837,0.17662280443263,-152.571673299678
"65",65,0.00910919516089619,1.2338109744925,0.116212006798933,-153.428556684647
"66",66,0.0818966652908473,0.961165016125866,0.12504078047456,-152.334982387402
"67",67,0.143356473742406,1.19697003498927,0.0950241480848167,-154.550987084278
"68",68,0.336169150262675,1.20114122108188,0.0923974563849197,-152.151005200303
"69",69,0.453746586202814,1.29248739443819,0.0959121335621497,-152.235681923441
"70",70,0.503835576245933,1.22653531680407,0.0652051113772246,-153.788098384598
"71",71,0.543006761521277,1.08463408943026,0.0711098611896898,-152.469249140663
"72",72,0.382688198226564,0.971938251686203,0.0747660405789661,-151.708370694504
"73",73,0.290058664520314,0.958186701644211,0.0664452253952315,-152.029244964823
"74",74,0.29493595611575,0.932885342710403,0.076894215098728,-151.242926184251
"75",75,0.160845770855798,0.721476306196353,0.0559820963603654,-151.304032582143
"76",76,0.157760635524758,0.596019417417429,0.0539313004218199,-150.201348034077
"77",77,0.115486350374872,0.565265720269625,0.0511501855350463,-149.892198688727
"78",78,0.144057188250029,0.641811770750946,0.051868790185028,-150.575266649501
"79",79,0.264856660625552,0.701680782416235,0.0466805377641648,-150.434653483361
"80",80,0.2951350883072,0.731985366782504,0.0551824897013425,-150.898304178978
"81",81,0.313054286302963,0.845847487678483,0.0633559916123035,-150.952973159503
"82",82,0.330456703512739,0.879575438148063,0.0619991725756074,-150.987468597781
"83",83,0.316400520372588,0.864863262650883,0.0841340821459313,-153.889678124143
"84",84,0.363063354169661,0.956178226714409,0.0738273027566617,-151.516884718925
"85",85,0.20078984723082,0.765502112280703,0.0584055833574705,-151.073411893525
"86",86,0.263871653218314,0.789577031472607,0.0610218539464899,-150.71770844853
"87",87,0.284341678816607,0.802374533791014,0.0551482368879166,-150.891539741982
"88",88,0.282184306430319,0.875934238544454,0.0733203529453456,-151.181190313068
"89",89,0.382162707713899,1.14076046485941,0.0961768368491057,-152.140862642492
"90",90,0.401063718438289,1.16675546729398,0.0784073817778464,-152.318862426784
"91",91,0.424517817406801,1.05386122157371,0.0676699063761359,-151.610470875726
"92",92,0.41438570039937,1.09988731692101,0.0707915168602772,-151.999926623323
"93",93,0.542348057333787,1.21871122837947,0.0713753490435914,-152.132960934189
"94",94,0.533073504677206,1.21161659502425,0.0703484298786172,-152.200895687884
"95",95,0.682506876352197,1.21178405463305,0.0552372484213696,-151.886510486234
"96",96,0.709521562067494,1.20581876781797,0.0587846595020451,-152.122225901853
"97",97,0.626132562091884,1.18254937582662,0.0941680740837941,-157.194327247836
"98",98,0.142145165103803,0.712693401285724,0.0615178617358486,-150.627511220891
"99",99,0.207359954083142,0.726094597220674,0.0772132341221056,-152.806314313999
"100",100,0.231075467706384,0.724913437043384,0.0622767850079543,-150.82841824813
"101",101,0.171291671726077,0.738623395214149,0.077390919306558,-151.492218852485
"102",102,0.0263929560544653,0.688189439535814,0.0794565750879421,-150.088732795244
"103",103,0.0020742868504726,0.725237471169863,0.0771502773358107,-150.51705057941
"104",104,0.0353444752774065,0.656787293999703,0.0749562801881581,-150.041440224221
"105",105,0.0384120253693793,0.639361440086003,0.0747354721356892,-150.10690194971
"106",106,0.00490653359686147,0.655132808672215,0.0659695903939438,-150.851823036713
"107",107,0.0241933400758356,0.661651229493737,0.0810313109261226,-150.236819440228
"108",108,0.0612155249206075,0.710540269751893,0.0725260996107753,-150.338794892596
"109",109,0.0156805961739673,0.601280326636535,0.06979965378672,-149.792147301667
"110",110,0.0686358341374618,0.703175794346755,0.0699499907887709,-150.393973963505
"111",111,0.161914496511897,0.701801750748017,0.0553698444173649,-150.946226756895
"112",112,0.278668468680069,0.812489060421153,0.0720488173921329,-151.744835989007
"113",113,0.260533837858029,0.828775474996031,0.0596935479446861,-151.115060747625
"114",114,0.393425606853336,0.915002074529403,0.0589355325389428,-151.06229977284
"115",115,0.321016596979658,0.839729669573861,0.0623302662631289,-150.971463608073
"116",116,0.328873753393009,0.842433255723535,0.0574389938587972,-150.857031025009
"117",117,0.306631583106765,0.84320891689154,0.0591655290258995,-150.905055022211
"118",118,0.329560855848637,0.958641119157357,0.0736660910844989,-151.262686218891
"119",119,0.317069851654761,0.931731021626448,0.063947130175278,-151.480743095473
"120",120,0.311746719776222,0.857724803849317,0.0599417945859149,-150.963374916718
"121",121,0.261222916413157,0.762698800810035,0.0631420808288787,-150.957195114148
"122",122,0.168698437811583,0.632011248737388,0.0563463202118926,-150.282402839959
"123",123,0.177194881369818,0.587661308324557,0.0463789926507563,-149.94735585082
"124",124,0.197376670837959,0.698182933321536,0.0701186123840669,-151.766065877698
"125",125,0.151510939356318,0.736942011585778,0.0647241172900952,-150.588647410378
"126",126,0.162200648201527,0.783012690837993,0.079705218140752,-151.002090691229
"127",127,0.112307384504964,0.695767539769079,0.0832207826051106,-151.832440543915
"128",128,0.0644320035473155,0.763287602830532,0.0837698354452653,-150.399029619415
"129",129,0.0770438498053623,0.832474572521842,0.0817880422674855,-150.867909634092
"130",130,0.0654172579023353,0.559738630783066,0.0660735526602605,-150.507523671952
"131",131,0.0222012899399202,0.556927606509219,0.0773289952848462,-151.375488033141
"132",132,0.0244426165635914,0.588023656313662,0.0691946778122226,-149.857787916007
"133",133,0.0020245829383376,0.553929906673244,0.0828533704645784,-151.93173824678
"134",134,0.0376540728578252,0.632284818800857,0.0617239603096246,-150.571232518504
"135",135,0.129434645055351,0.658724069731139,0.0652171097740515,-150.36555186425
"136",136,0.12552632937038,0.584059566309408,0.0566650106557163,-150.14272443765
"137",137,0.0403373271947549,0.497948377658161,0.0556897329737206,-149.577240836285
"138",138,0.00639742773937781,0.422180379373699,0.0442170101812139,-149.24898356973
"139",139,0.0341323337526354,0.501595808688823,0.0616407893506042,-150.07457490405
"140",140,0.0103667178935994,0.490961793007958,0.0494626279427994,-149.967279114349
"141",141,0.0987406565443146,0.470527661543562,0.0541106285357827,-151.391836727244
"142",142,0.0818969707007272,0.444235937817821,0.051520861665565,-150.878148942842
"143",143,0.00401092140392909,0.463899932565161,0.0505405720892366,-149.349601633186
"144",144,0.00720801868471543,0.46804800858083,0.0585588766980231,-149.542065677726
"145",145,0.0385186458805089,0.571659416447383,0.0574732778997238,-150.036250723102
"146",146,0.00322015279029775,0.616830110886708,0.0648969267095472,-150.262859054116
"147",147,0.10587467162042,0.651087169644526,0.0666333364600019,-150.262394084207
"148",148,0.115297463660593,0.699978728843173,0.072064607568959,-150.449778199203
"149",149,0.0257667555306094,0.655872954397631,0.0789058487457579,-150.141367847064
"150",150,0.0317483870139548,0.75565521249492,0.0768615984505768,-150.721671999729
"151",151,0.124671441670563,0.696391729322198,0.07044472334937,-150.459800315351
"152",152,0.111471139967288,0.682011801242299,0.072155678220717,-150.527794184064
"153",153,0.076812979764849,0.749560177115646,0.0703360151237674,-150.930232828912
"154",154,0.0812056651363857,0.746876476105854,0.0616428461598564,-152.701438710318
"155",155,0.0960994050347499,0.521159360808049,0.0616589915980095,-151.54531933343
"156",156,0.0349570454037115,0.587865223590544,0.0615630869679018,-149.915118841598
"157",157,0.0243733875948327,0.504289883115324,0.0589041007307674,-149.571923390126
"158",158,0.0358066036134079,0.496253556565538,0.0676709733096685,-151.483626649004
"159",159,0.0242943743942607,0.487844761638692,0.0574761412618365,-149.555174612856
"160",160,0.0290598718540323,0.510546419747169,0.0588353652938141,-149.596228770803
"161",161,0.0238261540394224,0.520476753877966,0.0556620010532861,-149.601442666293
"162",162,0.0105512825402608,0.475430631455092,0.062500447660412,-150.070955764596
"163",163,0.0217425507594833,0.507221995602821,0.0492680095086874,-150.216588096743
"164",164,0.129549817437832,0.460533612044378,0.0295591220573641,-150.102680855117
"165",165,0.150783966868029,0.427346131079717,0.0233299185090268,-148.519755263702
"166",166,0.207538952526387,0.454451864658826,0.0234689861120277,-147.960341561773
"167",167,0.227947783685936,0.440280450817639,0.00846301406349174,-147.273748105712
"168",168,0.424281315898834,0.552258319594931,0.00797977443631114,-145.379695660906
"169",169,0.355914355993052,0.459582704489138,0.00537429077965347,-143.12687545444
"170",170,0.308398562490479,0.479184895157132,0.00586563397855012,-142.172057279677
"171",171,0.293835755849865,0.276853267139463,0.0023806259133189,-138.146308537042
"172",172,0.123959401558001,0.284924956490785,0.00234718246809504,-134.253585509842
"173",173,0.116836790694198,0.234653769402661,0.00304647719170582,-132.804291165545
"174",174,0.0894496080870783,0.223233223420062,0.00234618844190453,-131.191622347151
"175",175,0.0623882979892675,0.15658404089329,0.000871995377739982,-127.970408466713
"176",176,0.0139507689302148,0.136909847564172,0.0039736573742926,-127.291588440636
"177",177,0.0217164236356015,0.107382664205289,0.000531699348483244,-126.233552760942
"178",178,0.155269404320351,0.0866597213900376,0.000877589272613762,-128.564730854905
"179",179,0.0102174852767587,0.156297438890199,0.00319809547858089,-126.789262213517
"180",180,0.0077090189896623,0.150151508345774,0.00192539254047403,-126.272161690873
"181",181,0.0127163359372305,0.124725742083715,0.00248807632824133,-126.197287394844
"182",182,0.0306613440715199,0.160714724051107,0.000483137246965122,-128.123449165302
"183",183,0.0582014352087442,0.112712642103732,0.00126760363791005,-126.582979511211
"184",184,0.086934707776846,0.117941214507548,0.000451422115146231,-126.978430688561
"185",185,0.0140850135307976,0.112142332772011,0.00213157616336727,-126.041123724902
"186",186,0.0189785523516242,0.131502302905928,0.000931801744777966,-126.256022806908
"187",187,0.0507242150343863,0.0918592416232821,0.000183442466487017,-126.651211336062
"188",188,0.0460308865928488,0.0880996279329185,0.00132401620538734,-126.253549307479
"189",189,0.0132346211531099,0.0813262670763165,0.0018030952940504,-126.90134630281
"190",190,0.0942032460659206,0.089629067851733,0.00107488242074955,-127.31104681524
"191",191,0.0903305087431238,0.0811216530922817,0.00064484419999205,-126.021821364824
"192",192,0.009652220133881,0.120793367020769,0.00221264142937464,-125.99870760523
"193",193,0.0420338928408425,0.115821963528505,0.00100548598791125,-126.072806057301
"194",194,0.0137809736245057,0.120003652889453,0.00183577508189017,-125.894379694284
"195",195,0.0270632972948378,0.0877129689340337,0.00226897181163557,-127.096966776892
"196",196,0.0474275154229766,0.195963873900496,0.00198024140271881,-128.727434518406
"197",197,0.0350483569000987,0.110718736281447,0.00273646192190366,-127.300567336082
"198",198,0.0107557714684523,0.143751672614664,0.0028107126426351,-126.486352224254
"199",199,0.00847151179972804,0.160534746366613,0.00689693880943489,-129.131501041939
"200",200,0.00133280993525181,0.152242352921567,0.00225320696699319,-126.123317507093
"201",201,0.00846688251999582,0.0999929385504317,0.00129513044363368,-125.975343227698
"202",202,0.0243116515220251,0.0758851165235935,0.000416545077120443,-126.481836646285
"203",203,0.120011665701688,0.0583543471840955,0.000228877386613357,-126.816872974934
"204",204,0.0518817581647983,0.0336539043606883,0.000403140364992169,-127.287326614926
"205",205,0.0790776495794076,0.0835487638143053,0.000146122225873364,-126.319731077811
"206",206,0.0796878291160453,0.0256528369702033,0.00186312288938664,-128.812159973211
"207",207,0.0801599416596044,0.0714936917129795,0.00132979443383177,-127.421617880646
"208",208,0.127990737326293,0.0746016131376214,0.00126276190294461,-128.030763973153
"209",209,0.0165176533431445,0.0877660706305602,0.00108402003893899,-126.028188367687
"210",210,0.0542463306125974,0.100352283659564,0.00162616958025003,-126.921087847217
"211",211,0.0523558535508835,0.156044174408289,0.00118039083352888,-127.633534164095
"212",212,0.0579875409505134,0.15636212673239,0.00215303438672711,-128.1590162443
"213",213,0.0531730744454162,0.149003330381846,0.00312946528188169,-128.636939387474
"214",214,0.0144747720761189,0.152583483713353,0.0032163618942992,-126.9500145424
"215",215,0.047278148159749,0.163157674114678,0.00286417424947855,-128.324843674873
"216",216,0.00327148230966717,0.11503759763263,0.00295297640852041,-126.425354902495
"217",217,0.0296026147806839,0.09636189809254,0.00231218222883064,-126.859134480091
"218",218,0.0119286330906548,0.165596096098147,0.0030838192988961,-126.979387039805
"219",219,0.0100029803283888,0.155699976002971,0.000659524762973289,-127.198143803144
"220",220,0.0279437023305594,0.0891637707864879,0.000852684634589812,-125.691094444297
"221",221,0.0253950692734565,0.0934492568706296,0.00217480361643696,-126.649133570384
"222",222,0.0211540084833965,0.112089841165965,0.00100962114826768,-125.809481903923
"223",223,0.0263031461715543,0.0710279774153486,0.00135728878400375,-126.809939133327
"224",224,0.0316038799121266,0.180317593682299,0.00307641262069753,-128.037513312711
"225",225,0.0352626097451675,0.104110947174296,0.00270073829981656,-127.430470457951
"226",226,0.0365372867237358,0.177639613586048,0.00168337776776274,-127.905624994418
"227",227,0.0205493147515472,0.146225080378213,0.000692098019395302,-127.020789771935
"228",228,0.122397494243194,0.084653201505841,0.000706487770113254,-127.099896638554
"229",229,0.0571994110344913,0.0509410040045026,0.000518406455933726,-125.641923637981
"230",230,0.0795917951549174,0.0777380345668865,0.000883503116099884,-126.216905980092
"231",231,0.0231828910617318,0.122987722287248,0.00157851783928151,-125.989321997322
"232",232,0.0742935557211858,0.132878385904446,0.00161213817162544,-127.956797449116
"233",233,0.0297242781929313,0.0902061597715202,0.00167423570443265,-126.23659099486
"234",234,0.0332409458645914,0.13836216898786,0.00181897198244492,-126.637270054054
"235",235,0.0362830957913458,0.133019381413572,0.00256233064953986,-127.114819214549
"236",236,0.0203776668317411,0.122258336675819,0.00269697282569051,-126.543170113257
"237",237,0.010428964972339,0.123074631891482,0.0024137287762592,-126.109274638711
"238",238,0.00722361099985458,0.111730243021088,0.00331405191096184,-126.840522686297
"239",239,0.00363323673961389,0.132562641752164,0.00119967346534785,-126.025660349265
"240",240,0.00692420857857166,0.136152207738528,0.000744117554330097,-126.5345575504
"241",241,0.018188043507178,0.160423350866296,0.00195760956631384,-126.815535474195
"242",242,0.010055742782492,0.170174031423704,0.00200719070048735,-127.415498439198
"243",243,0.0287582313405374,0.0963128380698353,0.00171936724740349,-126.122042863353
"244",244,0.0397236113538771,0.144993527253658,0.000140171807901183,-129.22565851689
"245",245,0.014199065539469,0.0766584009605476,0.000545563620988425,-127.026771123366
"246",246,0.140125571581735,0.0757175089604971,0.000680613204857148,-127.300702810206
"247",247,0.0785797446879044,0.0413792983038681,0.000780447490610762,-126.01148950644
"248",248,0.0838936682849678,0.048778971695272,0.0006528001751035,-125.700788699946
"249",249,0.0892045405843683,0.091021145464724,0.000676239879087699,-126.275010823333
"250",250,0.00894194483251341,0.124977846341872,0.002658709384603,-126.216122368983
"251",251,0.0861957396848161,0.184099951911006,0.00101824546386459,-129.540831127945
"252",252,0.100543373910458,0.0482193139499256,0.000547492844306944,-125.945581807447
"253",253,0.0851925400804536,0.0541637980963755,0.000528325977350942,-125.541409156738
"254",254,0.130370316643103,0.0720818736407998,0.000508060054188371,-126.844609296686
"255",255,0.127684463262929,0.0612075300729365,0.000554360122421739,-126.792830335557
"256",256,0.0515256510175886,0.110419025120615,0.000897060644274127,-126.093120866291
"257",257,0.01558029206048,0.0965359061888351,0.00152052206495828,-125.93877232931
"258",258,0.0237493432454195,0.148425723699208,0.00266955976042333,-126.933933203598
"259",259,0.0418457095622911,0.113291808866437,0.00117373264923777,-126.047276818651
"260",260,0.0125990107600706,0.118601340751211,0.00044848591491189,-126.778328512771
"261",261,0.0472736373667812,0.0949182997264079,0.00116290399079269,-125.9848701154
"262",262,0.0427188687546609,0.150343321347332,0.000846817192584384,-127.342534884868
"263",263,0.0897919654493574,0.109845933791544,0.00128842721845152,-128.182146575298
"264",264,0.0534742516908271,0.135465155725766,0.00119696003224954,-126.940714918987
"265",265,0.00824490623824524,0.118434049148529,0.00126754898954714,-125.835631842165
"266",266,0.0141915073179263,0.135123210390411,0.00390495213190765,-127.250317285057
"267",267,0.00528119300779568,0.160432506510628,0.00410156129577852,-127.146763809617
"268",268,0.0036050615049106,0.159164299284929,0.00292638340766106,-126.591056580119
"269",269,0.00247778265102458,0.110780013929067,0.00678513707562552,-130.448467081783
"270",270,0.00295490575625673,0.103663945809813,0.00629181638784738,-130.468797141595
"271",271,0.00255435761911389,0.135271345903561,0.0028384407881107,-126.204083216998
"272",272,0.0290513609944289,0.155508878449072,0.00297221242921492,-127.447585578385
"273",273,0.0301345538887814,0.145172561110084,0.00209398715090854,-126.814762714572
"274",274,0.0264626732366662,0.160419143707834,0.000784227106601175,-127.504785106565
"275",275,0.0351103966200803,0.171565404684969,0.00106363139728311,-127.854488843343
"276",276,0.0139746009504572,0.0615267136863561,0.00120409501169398,-128.461674861318
"277",277,0.0545123967813265,0.0774076216368198,0.000165023816799779,-126.156105442725
"278",278,0.137378063721451,0.12350116009502,0.000814772975680584,-128.798479293672
"279",279,0.0231718977799829,0.1033868738333,0.00215463705924065,-126.309220970307
"280",280,0.0156031644742761,0.0922570101897991,0.000202860598483532,-127.76520799722
"281",281,0.00762105906694291,0.121089144171409,0.00370571593083648,-126.969882836761
"282",282,0.00370817772767537,0.142432952317306,0.00223150762837951,-126.093489928784
"283",283,0.0443774244035521,0.164686998852095,0.0018340850423778,-127.763413314732
"284",284,0.0424715067360533,0.130503572059036,0.000402798411695998,-127.247330417528
"285",285,0.0459374903761171,0.113167458766311,0.000700070042075479,-126.126225636518
"286",286,0.0196805789991099,0.118015933628188,0.00294534283643656,-126.749090001727
"287",287,0.012809418708604,0.127791139873757,0.00137333802121428,-125.928287980373
"288",288,0.0418504263991367,0.0917183636075139,0.0019088741481169,-126.971825784838
"289",289,0.00814850973071978,0.125287763392018,0.00239678305205891,-126.066130955828
"290",290,0.00509063694444941,0.148245731708326,0.00215605172454098,-126.190147450544
"291",291,0.0133695598320279,0.110460994773142,0.00134740477108572,-125.771730432323
"292",292,0.0361154212602878,0.0924837566426978,0.000976443947538606,-125.65155611087
"293",293,0.0387445309578147,0.072941682540596,0.000317786382726565,-125.94589539047
"294",294,0.0569301303531379,0.0733794595941096,0.000509834596974253,-125.287112773054
"295",295,0.0523619272897032,0.0632146440622552,0.000708321819396359,-125.599558901993
"296",296,0.0971651857908691,0.0807722531567171,0.000823956348075407,-126.538542954427
"297",297,0.061040339187431,0.0888026992477243,0.000389189852727273,-125.659593460818
"298",298,0.0824830958685591,0.0695711310749246,0.00109987818222342,-126.737242999828
"299",299,0.134541100580002,0.0782732651670947,0.000715630183341465,-127.234356993051
"300",300,0.00601488922902635,0.118095302551883,0.00194870612175154,-125.881352893053
"301",301,0.0290256473066913,0.102058490301317,0.00184185638161559,-126.164106285264
"302",302,0.0391047001507066,0.13123031230222,0.00117260259165822,-126.456485326037
"303",303,0.0198486207075919,0.0763213872125404,0.00104848620494715,-126.379641662756
"304",304,0.0671867490648071,0.0633733760487269,0.000785114905344876,-125.716259660544
"305",305,0.0509802223384061,0.127224256462731,0.000821403479679762,-126.620394736327
"306",306,0.029850870047614,0.147317534214285,0.00172339140507553,-126.755219729958
"307",307,0.0301686727383879,0.119741607157929,0.00087209179269847,-126.070926807566
"308",308,0.0380254105948849,0.093234896078482,0.000403937747764465,-125.984858907571
"309",309,0.0418374256820193,0.058845102671412,0.000898894569836873,-126.376760541898
"310",310,0.0863091022054583,0.0551054123034698,0.00032185336729958,-125.606587551152
"311",311,0.0370346699360067,0.0741625105637075,0.00109931121864656,-126.137956970488
"312",312,0.07006232349162,0.122147603482167,0.00191829609547981,-128.14151151935
"313",313,0.00596457870466587,0.117417903199482,0.00408209817514102,-127.33566279833
"314",314,0.00592184903452127,0.0987395495975708,0.000751371160000598,-126.416860372424
"315",315,0.103365993194214,0.124013272433938,0.000725230280274652,-127.742756986048
"316",316,0.0459129286400865,0.0554384425167489,0.00027706829739384,-125.978336751387
"317",317,0.102138679579359,0.0746880690054764,0.00141146876764551,-128.105210962562
"318",318,0.0244342981904031,0.086617847160565,0.0018292280549366,-126.486793384242
"319",319,0.0294868488553952,0.0920756835924093,0.00171297778712786,-126.224331481528
"320",320,0.00173029329869647,0.15952626930335,0.00241933970320434,-126.611953259564
"321",321,0.00122195801617991,0.139989123185662,0.00246605567607139,-126.073967536836
"322",322,0.019004065757414,0.137866668709189,0.00571933791469479,-129.155906797622
"323",323,0.0124051053681729,0.169245187300079,0.00167495488264721,-127.117916733445
"324",324,0.0470636985856836,0.166042176824894,0.0015621168755776,-127.847214162166
"325",325,0.0322545409215213,0.192153879141019,0.00421268713816203,-129.340244075526
"326",326,0.0387177147432628,0.199679765167975,0.000901961349527652,-129.935398670925
"327",327,0.0461021005756812,0.148952365171944,0.00188227921782154,-127.363117332909
"328",328,0.0358035874778693,0.146276327840192,0.00339405143050983,-127.917816057025
"329",329,0.0135752816600775,0.122916750995645,0.00329647327833501,-126.796025056469
"330",330,0.00584067798828343,0.115028299867433,0.00065916250566525,-126.381021385215
"331",331,0.0532727954902089,0.0720329015456787,0.000410542431046798,-125.310822114112
"332",332,0.0659635619464052,0.102287071215807,0.000337795925558543,-126.277718034651
"333",333,0.0361721334238619,0.111014344573409,0.00150083297037042,-126.05871069026
"334",334,0.023709314940561,0.0993093261536335,0.000492533361697833,-126.169913340247
"335",335,0.108737846339423,0.0606218784844226,0.00119139558882861,-127.282322979525
"336",336,0.0257804524010387,0.0811709024011518,0.000751021420141032,-125.888594232946
"337",337,0.066075746247527,0.103023716998029,0.000456853737362423,-126.134618993604
"338",338,0.0919214199676483,0.0884445088362837,0.000617791284127765,-126.180271541534
"339",339,0.0917989867376328,0.0875125486577967,0.000607385119253383,-126.1390145266
"340",340,0.0930593867236055,0.0738111511580903,0.000744335631572134,-126.136220611105
"341",341,0.107301660701992,0.180233178276923,0.00347209269245507,-132.539498451109
"342",342,0.0597893907799589,0.150697316306474,0.000425536168606199,-128.207136441946
"343",343,0.01392485352155,0.12614813154101,0.00280842716934087,-126.428747154233
"344",344,0.00218550407975424,0.104560004293589,0.000683082670023195,-126.582430700208
"345",345,0.0643809211333791,0.112310986159202,0.000973135566319814,-126.508223698442
"346",346,0.00581945435395268,0.135501208315528,0.0012316430966013,-126.067587892183
"347",347,0.0170015747993637,0.0908305610300812,0.00158713838422572,-126.119285358356
"348",348,0.0508172431655286,0.129030817414063,0.00242439818193713,-127.658038586707
"349",349,0.0571203306013463,0.169699456879986,0.00103042021339389,-128.311768726832
"350",350,0.0758016934714942,0.0318405903390809,0.000277957615406163,-126.493878183305
"351",351,0.0609821901064969,0.101996221492216,0.000273013151745781,-126.471911051832
"352",352,0.0625956792862381,0.0894483540902681,0.000441685282271449,-125.637599993498
"353",353,0.0864617216245459,0.0636856246020039,0.000367997311464834,-125.529347697722
"354",354,0.108001407774672,0.0512192261623758,0.000179729398383643,-126.775910673173
"355",355,0.0578341766798994,0.0564310859245589,0.00030190033270323,-125.53221091768
"356",356,0.0454579651334914,0.0814388692743842,0.000728106201069283,-125.545644475529
"357",357,0.0357362951343399,0.117644506390952,0.0013188187695343,-126.058067673131
"358",358,0.0573128412268727,0.0950834805489881,0.00129312546919271,-126.556709295656
"359",359,0.0221011747588568,0.0900521022069443,0.000707295297923562,-125.897461432389
"360",360,0.0258024603205279,0.10546336479682,0.00137489983978204,-125.779051818417
"361",361,0.0125842220095059,0.0824150973395521,0.00315696854982607,-128.542176535654
"362",362,0.00588182622583648,0.169741964872393,0.00275739846285027,-127.957646232769
"363",363,0.0674038682266787,0.167993063095302,0.00389871844299475,-130.357740241844
"364",364,0.0641207726518757,0.160640468958997,0.00120118015765095,-128.107772350101
"365",365,0.0705284492548818,0.0552562709094881,0.000114163388385563,-126.540566065755
"366",366,0.116978042402025,0.214406250471555,0.000528331879107923,-131.444800567891
"367",367,0.0817628196019712,0.171968272983533,0.00088495420227564,-128.99422086109
"368",368,0.0723997179635824,0.235929497362958,0.00401385647965929,-132.295506033928
"369",369,0.0963669673990791,0.204088003704578,0.00368198082705387,-131.992145311569
"370",370,0.0995917675601709,0.23319992976932,0.00498184234435761,-133.378562805413
"371",371,0.083199793074241,0.232868903555708,0.00577649930868001,-132.832836056901
"372",372,0.0744222051056164,0.236570555935035,0.00265991876993076,-131.835153025693
"373",373,0.0887462211320582,0.174218425515131,0.00405661430336257,-132.001600898585
"374",374,0.00797618862714762,0.110184685454447,0.00376060693062923,-127.324831997036
"375",375,0.00903477366348051,0.144272608306038,0.00366993533734592,-126.905841704653
"376",376,0.00339818551538806,0.156977865523232,0.0012561173986867,-126.502450109038
"377",377,0.0328766898328822,0.165508614494911,0.00201779745725129,-127.460670879554
"378",378,0.0628829511941616,0.147063757130221,0.000588574867060672,-127.80535246969
"379",379,0.133529007435405,0.105412221933746,0.00079911811739023,-128.120567947332
"380",380,0.128505149156013,0.0839585471768327,0.000207346327924027,-127.252238281031
"381",381,0.0928548004337997,0.112094584141604,0.000958630296902046,-127.530035919329
"382",382,0.0131773153778961,0.109782678228058,0.00127482848909627,-125.775251234494
"383",383,0.0440848956701996,0.163981957881505,0.00131984086357937,-127.696650729404
"384",384,0.00241772522862511,0.160584775509947,0.00168666353307903,-126.74775868234
"385",385,0.0640052522030383,0.115043312148556,0.000456207234950869,-126.609882254287
"386",386,0.037943198962593,0.0890415360480339,0.00113288807775351,-125.79512532746
"387",387,0.0255398629078602,0.135628707534669,0.00061915039587351,-126.824411908116
"388",388,0.0705329057655897,0.0237754486992927,0.000381231294258606,-127.13205049748
"389",389,0.0720625692530558,0.0534915497528268,0.000626588096533075,-125.548041241232
"390",390,0.0911773055939632,0.142731860547237,0.000898486835179189,-128.132250842539
"391",391,0.118925848468829,0.122397339350885,0.000373743869082109,-127.666055643373
"392",392,0.0943676638363527,0.0800334426039084,0.00159320157543212,-128.695524878908
"393",393,0.135974126208794,0.0713172327462025,0.00152629084550376,-128.97320270281
"394",394,0.0576638026721427,0.125292692979603,0.00141308145998469,-126.907700463918
"395",395,0.00768838701936499,0.110766051608327,0.00107899080904175,-125.906237531678
"396",396,0.0133502474247347,0.150779458448072,0.00251096678032943,-126.571167463908
"397",397,0.0326274665151986,0.155231611496097,0.0012136589076264,-127.116719942956
"398",398,0.0168553371816888,0.141812696961222,0.00106964634042274,-126.429699831914
"399",399,0.0370989322613754,0.120959358996667,0.000671485782419999,-126.33475735336
"400",400,0.0170973047794276,0.0822457783587222,0.00259343275757546,-127.755466894989
"401",401,0.018551487844093,0.156532952533534,0.0014873364699713,-126.754312758317
"402",402,0.0145245423317818,0.0690852806509827,0.00107896110962367,-127.347435762553
"403",403,0.0968978998671215,0.104121397368803,0.00110314754364302,-127.825867513297
"404",404,0.110586814388907,0.103222872788335,0.000979865461510411,-127.859745314215
"405",405,0.108712462688332,0.125739551100893,0.00104156943615864,-128.591520905032
"406",406,0.0890074089108577,0.0569049329811199,0.00113387774395624,-126.773727525365
"407",407,0.0585788042304358,0.0687633458816793,0.00120507858481147,-126.739132569822
"408",408,0.0222856350997876,0.123505436803898,0.0010129226344883,-126.026602212082
"409",409,0.0152473696040003,0.0630341278491715,0.000788518617392123,-127.890256067536
"410",410,0.134824250914531,0.108797775915542,9.62504753476071e-05,-128.343905638191
"411",411,0.0776887973345447,0.0747972878745315,0.00107345971245463,-126.642130432185
"412",412,0.0878340121913757,0.0891897133679197,0.000585732886545858,-126.054201773009
"413",413,0.0594141520952092,0.0975132130414827,0.00115583263877433,-126.39460272637
"414",414,0.0464186001589521,0.122167811585025,0.000900979268018099,-126.342788283068
"415",415,0.0201791682175152,0.12614991078384,0.000619121870272068,-126.498445031331
"416",416,0.0272350245404551,0.062030470838921,0.000494268935248074,-126.748682691111
"417",417,0.110002325129635,0.0560559754777094,9.12301012667021e-05,-127.533789825034
"418",418,0.106175680757787,0.0526342405939583,0.00108491191484792,-126.85624472813
"419",419,0.0340248088498692,0.0878059316294358,0.00032115887713996,-126.234650003241
"420",420,0.0364588411762109,0.0541815983158188,0.000599615670895714,-126.457180068918
"421",421,0.0744257170060392,0.0494245029284917,0.000828377379358205,-125.968812272783
"422",422,0.111477583581243,0.0518420575818401,0.000422343263735159,-126.23448381337
"423",423,0.112425242645997,0.0567204030538309,0.00141313792054687,-127.69751964439
"424",424,0.094809995188947,0.107395264230923,0.00143983305489063,-128.800317645011
"425",425,0.0554706192306267,0.106043436937814,0.00193923841408867,-127.436457338084
"426",426,0.0547280368853121,0.110056372070509,0.00220013939257095,-127.74875291396
"427",427,0.0544373610943864,0.155417281869169,0.000594006319688716,-128.029563654387
"428",428,0.0889378652642333,0.0282051932322263,0.000736268856552305,-126.408475104302
"429",429,0.0869636943163983,0.122800631450408,0.000211510350584559,-127.676276863284
"430",430,0.0497137051843179,0.0601836874254549,0.000537487115074643,-125.496699304379
"431",431,0.0842038349678719,0.0491349222533758,0.000283743777598626,-125.74045715799
"432",432,0.0991269124543604,0.0775233565832935,0.000780956894677521,-126.427245440311
"433",433,0.0295613938450445,0.0770049751672205,0.000835534063408833,-125.880564766149
"434",434,0.0355773646118599,0.0775233993594968,0.000429557261324866,-125.834061271523
"435",435,0.0919696151716014,0.099434009726173,0.000636043648092086,-126.511750419909
"436",436,0.0633098468349836,0.105425198253733,0.000780598506041641,-126.177777156898
"437",437,0.0773302613804734,0.0699475815901561,0.000385918230242603,-125.384033043174
"438",438,0.083148752010553,0.0668074722680042,0.000393403070981857,-125.464015548295
"439",439,0.115581609427999,0.103003412292383,0.000499042242585519,-127.045722782953
"440",440,0.0599127242922666,0.0967048525559625,0.000706459168238192,-125.85814567183
"441",441,0.0992359333671859,0.0925625253268861,0.000288431535735872,-126.340365618114
"442",442,0.068760199679815,0.0882761340538776,0.000334853861335419,-125.69969381689
"443",443,0.131801832758227,0.0645507574791882,0.000961971344534374,-127.614033499587
"444",444,0.0716287620853531,0.0562960213075976,0.000307141912416208,-125.461439927423
"445",445,0.0452516829660956,0.096686542259838,0.000746557771693069,-125.684978243895
"446",446,0.0460430652410991,0.109260503526547,0.00137088432198332,-126.216824192969
"447",447,0.0111499847541734,0.0867051850116377,0.0011685212409877,-126.327691149077
"448",448,0.0304120635848021,0.0810108107327212,0.000823431379806737,-125.751746683042
"449",449,0.0448302601998084,0.0630001487842321,0.000602642484702173,-125.626370347333
"450",450,0.0663056070623266,0.041628870311346,0.000329189253796805,-125.967253255238
"451",451,0.061090356493477,0.0933226564761126,0.000483680192699119,-125.740372921233
"452",452,0.0700541261974149,0.0767688167197408,0.000347411831904536,-125.389824803456
"453",453,0.0966391584994352,0.111677058363118,0.000508784296526965,-126.885198220133
"454",454,0.0400316193133558,0.110115858649921,0.000838249656353263,-125.917386581665
"455",455,0.0531904374127639,0.122371666332562,0.00141144185316106,-126.688433598486
"456",456,0.0192144408354386,0.128671533301629,0.00264601185756147,-126.488408285604
"457",457,0.0175443400898855,0.138105676626903,0.00271971385389681,-126.572494616395
"458",458,0.0276914728464121,0.105219053036144,0.00145284146809147,-125.833746444272
"459",459,0.00695996999275886,0.141420613427289,0.00239048887096202,-126.188725954767
"460",460,0.0355235534243822,0.109598267955972,0.000353284919378478,-126.623888097372
"461",461,0.094111379542944,0.0910610101340017,0.00046794860107592,-126.131445108004
"462",462,0.0442148161787813,0.0870239786322886,0.00023027731690196,-126.339032502609
"463",463,0.053409379083828,0.0898115929359715,0.000547771875567753,-125.601617668052
"464",464,0.0636165370512739,0.0534689398744156,0.000820588096082238,-125.931386956666
"465",465,0.0854957940514373,0.0633086174203109,0.000737911299610098,-125.840567031214
"466",466,0.0440598080118711,0.0847470513114687,0.000663819982625837,-125.532773817033
"467",467,0.0453770978731572,0.105165055138886,0.00044478923900786,-126.170433862361
"468",468,0.0450506640294871,0.129250809370539,0.00108629923248679,-126.524316651452
"469",469,0.107341955479242,0.0731069172416413,0.00105161887634156,-127.168237154863
"470",470,0.0629214475003366,0.0740621590781917,0.000362443351061527,-125.29842587093
"471",471,0.0851045948652227,0.0360001518007742,0.0008145986076642,-126.178670725423
"472",472,0.0841071647917367,0.0405761888997086,0.001112473520348,-126.677704489232
"473",473,0.0931463712232835,0.0837110332017992,0.000823106800336125,-126.5005489863
"474",474,0.0769734950963153,0.0381327927515844,0.000272216610065916,-126.121871003423
"475",475,0.0767689085965201,0.118137857675531,0.000975627090495775,-127.056042164767
"476",476,0.0528770822602316,0.0463840610962209,0.00086800962316159,-126.565216642941
"477",477,0.108852065462161,0.0589686918879368,0.000828710141961347,-126.507475646197
"478",478,0.0765996521291057,0.0743824848673965,0.000452898090824089,-125.415117608627
"479",479,0.0660562666238387,0.0593210319155757,0.000768330330948585,-125.709830018352
"480",480,0.0686382610749198,0.042390637330155,0.000870105969047846,-126.293584151063
"481",481,0.108344994647165,0.056387537934351,0.000587876802958322,-126.16741243473
"482",482,0.0984042389391423,0.0648655443084371,0.000568156025161367,-125.877160213167
"483",483,0.0783677940602513,0.0888508014701065,0.000203165899683595,-126.121008873322
"484",484,0.0867088860231442,0.0429251953415531,0.000214916308882501,-126.188210716339
"485",485,0.0903820699096068,0.0983066893677756,0.000858604430393003,-126.870781934181
"486",486,0.0604523832965036,0.106572048173648,0.0017998695715238,-127.504731577873
"487",487,0.000246709714116284,0.0947849202533976,0.00278803548430189,-127.246058966795
"488",488,0.0229395657845343,0.18082576400339,0.00166831329794839,-127.908250030333
"489",489,0.0605788299441134,0.103008607360953,0.00164187218811402,-127.281260667057
"490",490,0.0222465597875919,0.133816682239405,0.0032924466288608,-127.106132074529
"491",491,0.0486890280804245,0.191584168207732,0.00414986031117914,-129.693366169684
"492",492,0.0289194069605261,0.126518420540808,0.00236456102491275,-126.602241652348
"493",493,0.0224987566758477,0.115082493756628,0.00127066911283032,-125.814818301502
"494",494,0.031300689778311,0.131632537602926,0.00381320623458245,-128.05639108426
"495",495,0.00642554292051778,0.161491253477148,0.00214703556016249,-126.55764633449
"496",496,0.00976040172497321,0.109024103394946,0.00456477240786051,-128.303429969532
"497",497,0.00775806431575093,0.156154310935487,0.00115149908505547,-126.564036794459
"498",498,0.01911120410479,0.148137839408006,0.00233483833272131,-126.628105778836
"499",499,0.0520300145981137,0.151822836245104,0.000832036249135125,-127.59135779863
"500",500,0.0290802705398323,0.114555053009753,0.00126775168374447,-125.875554646729
"501",501,0.0556547434635986,0.0483090029059316,0.000787803106054231,-126.190571134582
"502",502,0.0558470283880623,0.0674095544819571,0.0015027895538012,-127.681935810549
"503",503,0.0614808300127261,0.150898331304817,0.000720774330905732,-127.812866971121
"504",504,0.00379012578539689,0.105422679070383,0.00226716597393038,-126.248721243396
"505",505,0.013476772599478,0.114322302507714,0.00251895018782146,-126.269190995296
"506",506,0.005831126981453,0.10201738736127,0.000977768847926723,-126.129733535503
"507",507,0.0319171373011202,0.0557531344109995,0.000697415373301884,-126.81793445877
"508",508,0.0993370565858172,0.0436544305890411,0.000290391526746738,-126.20829636296
"509",509,0.050601513578617,0.0716456514558968,0.000877027207958738,-125.833774715081
"510",510,0.0545674234866364,0.0724095346928312,0.000918603731136576,-125.921557181125
"511",511,0.0714110815394199,0.0482457005956781,0.000162714718389887,-126.279870795062
"512",512,0.0765770489841244,0.0994335523544139,0.000987846132361463,-126.783092080573
"513",513,0.116544760110248,0.0464871762882361,0.000521592027917285,-126.818695698002
"514",514,0.109818781754518,0.0405235287106434,0.000164312445675658,-127.379234959394
"515",515,0.0667254485311981,0.0373619358001384,0.000374720413604769,-126.144937493196
"516",516,0.0836662232113446,0.0575279167879174,0.000501333774692397,-125.485343174642
"517",517,0.0549405391066051,0.0785365112410794,0.000728805933208647,-125.568217233429
"518",518,0.103637220223922,0.0758782019821878,0.000584186612951873,-126.181446788253
"519",519,0.0915505587654674,0.0280493644508741,0.000589391035064449,-126.395607187294
"520",520,0.0836611906410884,0.0232529969479995,0.000901632885808479,-126.882822515427
"521",521,0.0759083442931597,0.130126687273455,0.00135861302825312,-127.688850218024
"522",522,0.0545688590316172,0.121275840162254,0.000499591224473734,-126.725464180695
"523",523,0.0724038710297915,0.0749478120109318,0.0010310103822829,-126.427215330861
"524",524,0.121513222335452,0.0773725739006013,0.00181120730192886,-129.545972663696
"525",525,0.0509240852669572,0.0892409247425626,0.000584999301862116,-125.580789172617
"526",526,0.0790827594079873,0.0375478241426498,0.000834620817917984,-126.197888461194
"527",527,0.10271269568901,0.0382369236656601,0.000386082621519258,-126.290333521269
"528",528,0.0485571669720418,0.0978864829734695,0.000623637232671602,-125.752017019107
"529",529,0.0148887882771524,0.0618384401459255,0.000920721968967211,-128.108639013251
"530",530,0.0633843773596227,0.0859389825062057,0.000430668707615485,-125.532213971066
"531",531,0.0384364606268182,0.158559061611904,0.00276042164483341,-127.778236945115
"532",532,0.0419588974719491,0.133898384207192,0.00167405511158903,-126.735063267441
"533",533,0.00822488905701343,0.120796779896563,0.0011157931486529,-125.910042893401
"534",534,0.00265904309837358,0.11691467849833,0.00171213541585679,-125.857467048513
"535",535,0.0180398193389642,0.155855269953197,0.00323559238786391,-127.154702731397
"536",536,0.0232590012029246,0.132036636802065,0.00331322453452307,-127.163625532677
"537",537,0.0129088526418682,0.134577715440286,0.00436766253579828,-127.577997903128
"538",538,0.00486313352376207,0.122429545636178,0.00254828152629677,-126.100929822436
"539",539,0.0201517395495075,0.130594935749954,0.00178560551872457,-126.116535614899
"540",540,0.0367609811053172,0.121323345219761,0.000582597514304974,-126.466234330069
"541",541,0.0664877729107448,0.128934078289973,0.0013521358806819,-127.265390600513
"542",542,0.0466658199996523,0.146898914708918,0.00169706647571782,-127.245218182303
"543",543,0.00405351005205821,0.0851702674259879,0.00166373012931313,-127.026308231256
"544",544,0.0485608733450224,0.0898414688110343,0.000420644909828608,-125.731633911698
"545",545,0.0395680713197623,0.0791184696163854,0.000302760802638809,-126.00107953002
"546",546,0.123314579205109,0.106524644841003,0.000395613344734052,-127.287304683064
"547",547,0.0344909351839922,0.0728122244832202,0.000533299396069719,-125.813300797037
"548",548,0.0776587305028623,0.146574878834039,0.0021922738030983,-128.982438224195
"549",549,0.0214244037382616,0.0889390443237361,0.00196135906920287,-126.514243520904
"550",550,0.0227665151077261,0.110341779116914,0.00187315897083514,-126.013891094915
"551",551,0.000152292685503426,0.144721174946821,0.00238023985567281,-126.058464000683
"552",552,0.0595624086350265,0.123806410294587,0.000473620625511622,-126.91888591626
"553",553,0.038301296870228,0.079929165435677,0.000560583716206869,-125.610156954019
"554",554,0.0496682843870585,0.0502094813167641,0.000131424403510222,-126.965791789718
"555",555,0.0763671073230375,0.0803172162957957,0.000682664623955787,-125.766448217864
"556",556,0.0302829217923653,0.101928530218096,0.00121432871570974,-125.737584604449
"557",557,0.022905027289349,0.0902155567810068,0.000423246027010392,-126.327974756936
"558",558,0.0959713207361569,0.0926845536606427,0.000455077497075483,-126.211627051502
"559",559,0.0645623753975624,0.047622541284963,0.00034267142872652,-125.685859576371
"560",560,0.116225346515474,0.100279366419524,0.000435496634175541,-126.939526981538
"561",561,0.0304566896827837,0.123527363433701,0.00177591375030544,-126.235431644695
"562",562,0.0257548335128577,0.156530201973559,0.001481724668387,-126.934755019084
"563",563,0.0312796675417638,0.0730497087437293,0.00193451615008061,-127.75379106974
"564",564,0.0280801957868245,0.0658382293570233,0.00174253441902041,-128.044607891559
"565",565,0.0358311187032863,0.0717815371704748,0.00134475871890149,-126.703474782888
"566",566,0.110263998795269,0.143374461040103,0.000562317013595913,-128.430888573783
"567",567,0.0219989845036661,0.167777041852894,0.00318261938167095,-127.456463855527
"568",568,0.00678721273550698,0.100017754226377,0.000435231520277893,-126.996471085431
"569",569,0.027288900129072,0.122020232281414,0.00278361477498882,-126.873755536174
"570",570,0.0236889782414045,0.156747471658994,0.00412888875494723,-127.981324876336
"571",571,0.0342369975883106,0.115470933504378,0.00053803084097966,-126.338927012162
"572",572,0.0413239489783853,0.0957892773209128,0.000393167345618698,-126.025584529054
"573",573,0.118210086754827,0.0926940041308641,0.000143010647558142,-127.296455543538
"574",574,0.0179144481943952,0.13119348327611,0.00119306718641839,-126.093364568602
"575",575,0.0295689241841317,0.103941420386055,0.00104625370257461,-125.710561816886
"576",576,0.0486493685382561,0.0957170224415166,0.000816593132512719,-125.722257726311
"577",577,0.0635874811666082,0.0847565367275155,0.000686225640370807,-125.662544514724
"578",578,0.0898130557355534,0.0652512455459665,0.00104873158691095,-126.658021027429
"579",579,0.052345368065733,0.0936759416175377,0.000351475608495616,-125.95396431679
"580",580,0.0394738350102935,0.0931007960169173,0.00103982435248508,-125.714189463886
"581",581,0.0988281839995075,0.139402222926194,0.00108846559878272,-128.505221584755
"582",582,0.117597743717832,0.113210679689204,0.000138178679183761,-127.769188014743
"583",583,0.0276926428964286,0.108900766563701,0.000144243602453078,-128.070229336422
"584",584,0.0772834015559231,0.0850909503294115,0.00107248560605743,-126.778843509954
"585",585,0.149050005301087,0.0937389174338604,0.00173672514931398,-129.89446660636
"586",586,0.0764642683577328,0.152971065745054,0.00165252012222525,-128.460768457128
"587",587,0.110000257202721,0.108352117879125,0.000857172291943795,-127.69179858008
"588",588,0.0184401341662191,0.113002109555481,0.000656233189311653,-126.146293645826
"589",589,0.0513637983487871,0.0770760228751952,0.000495893830271187,-125.380401157384
"590",590,0.0675688269728324,0.0600100544784274,0.000552748214080513,-125.360004690461
"591",591,0.0868538986933001,0.0346812593207459,0.000805385147827482,-126.212350169078
"592",592,0.0713854916879049,0.0630324901810156,0.000308389046794399,-125.382639168245
"593",593,0.0874464461164494,0.0840571126195795,0.000951992174830214,-126.6831599489
"594",594,0.0257735656613208,0.075898478898194,0.00097905167473147,-126.11449497724
"595",595,0.00939688810668647,0.138380587251092,0.0036514864687116,-126.875652647872
"596",596,0.000948790698548298,0.12691966747748,0.000710654397723878,-126.466603680718
"597",597,0.0210053018449949,0.108704979141292,0.000731228473561653,-125.955997942584
"598",598,0.0965459010661628,0.155713262956655,0.000208482147572746,-129.361663672903
"599",599,0.160405946444298,0.142302863357467,0.000418439097009894,-129.307262353882
"600",600,0.145068994403274,0.072564623440022,0.000571292610334279,-128.085718742176
"601",601,0.100116854633894,0.042888338833232,0.00090713064847578,-126.380987581135
"602",602,0.0975763296760992,0.0449924086384349,0.000345340798933252,-125.996023295347
"603",603,0.0959605476025795,0.0477500397470321,0.000733829477722004,-126.008508779745
"604",604,0.0754832394382717,0.0643670688861762,0.000767741206860524,-125.756575725257
"605",605,0.0900079635604066,0.0665565434617267,0.000110247469311911,-126.660813999134
"606",606,0.0600878424164761,0.0679483529556509,0.000694462139197954,-125.487849281231
"607",607,0.0229643651007017,0.144601248334184,0.000889096068695757,-126.750232568756
"608",608,0.030347141398354,0.0668500522096339,0.000309799156734299,-126.600819215293
"609",609,0.0721917807399079,0.0533296456936192,0.000823066508322857,-125.904948988423
"610",610,0.0609522625420523,0.0427512213644463,6.81145947667355e-05,-128.085408592964
"611",611,0.0655524962849201,0.0682956666110821,0.000336696331508582,-125.291712283485
"612",612,0.0831109508092775,0.0904660634482151,0.000484951968616523,-125.885828348126
"613",613,0.0446571147891568,0.0777529813623688,0.00117601048664442,-126.230593072817
"614",614,0.0944252308693407,0.0425946647132533,0.00160223578133744,-127.853051809215
"615",615,0.101728393888082,0.0272825342802579,0.000635831408239561,-128.033969176396
"616",616,0.0571519431587454,0.133421044066628,0.00116736823529292,-126.968195190147
"617",617,0.00881215989272597,0.13829066318144,0.002914433762401,-126.413834504428
"618",618,0.00785464622585239,0.113744310735515,0.00256615463176649,-126.23048906684
"619",619,0.000825336599897996,0.108939140477255,0.00187833869038586,-126.047338508347
"620",620,0.0483802456750443,0.115651758174726,0.000808152647114804,-126.188493876508
"621",621,0.0425206008654578,0.057579803495594,0.000149704987809745,-126.756767263705
"622",622,0.0576128496050539,0.0646583898467763,0.000324122833233013,-125.337769938691
"623",623,0.0485955929628271,0.0613161325799458,0.00082904634253192,-125.939235416188
"624",624,0.0177271551781791,0.0944934553417757,0.000585945699816973,-126.169127056037
"625",625,0.139157209224435,0.132301778279284,0.000288653101907891,-128.459445708454
"626",626,0.0255504240660819,0.0944717731930346,0.00251664285670889,-127.063318020831
"627",627,0.0189501981351639,0.0988051290254667,0.000650587810763307,-126.016581663207
"628",628,0.0512202171605503,0.0748504778163763,0.000613956939753504,-125.418766303319
"629",629,0.0610230534851536,0.0695420002689211,0.000824668388281632,-125.745774844057
"630",630,0.070543627851174,0.18250016027765,0.00270290806666846,-129.660609384976
"631",631,0.0386239859759325,0.136456718966586,0.00140206729476532,-126.618948788031
"632",632,0.00635170448095692,0.0927164171801469,0.00203178431297833,-126.593553421854
"633",633,0.0187837654047593,0.155274384140381,0.00144276500424158,-126.731964323912
"634",634,0.00414736013205134,0.096409564266129,0.00131331777935841,-126.273148343412
"635",635,0.0496363941016671,0.0986445817276783,0.000660258708000703,-125.766200118538
"636",636,0.0307059558533094,0.0533067032239273,0.000953924984081918,-127.573607596786
"637",637,0.0564377039263546,0.0529011548229257,0.00119418372931229,-127.042160736639
"638",638,0.10311772393929,0.0568402851346714,0.000838077889987488,-126.352236961837
"639",639,0.0888105606335998,0.0424984510709847,0.00055089504779961,-125.761552288217
"640",640,0.0668831847881397,0.0750068977172192,0.000434325527914197,-125.297756085065
"641",641,0.0661698186476019,0.0883443869929975,0.000246846164193096,-125.922501147481
"642",642,0.0649900035175751,0.0447086150670003,0.000770569369166939,-126.081026503226
"643",643,0.0944422738682502,0.0794582297798661,0.000160974656927665,-126.402715512875
"644",644,0.0789262950354434,0.0786500266556824,0.00137891187455768,-127.652241939304
"645",645,0.0373141733201375,0.138154741846415,0.00155370070465832,-126.664520502284
"646",646,0.0440392510325996,0.0851351873966641,0.00162468023070114,-126.82139013675
"647",647,0.0236745268638897,0.123050514611443,0.0010934544572336,-125.995744874846
"648",648,0.0217547211563302,0.113139404329838,0.00191039180223717,-126.018845888032
"649",649,0.0184403759448098,0.115732058778336,0.00250929354222795,-126.36067601232
"650",650,0.0210014456739582,0.134712379449374,0.00372992955660502,-127.415114226357
"651",651,0.015385283545695,0.108996323399422,0.000548850603800626,-126.335615008123
"652",652,0.056620807275191,0.142810463867159,0.00164701491299375,-127.446137119492
"653",653,0.00365055151557113,0.146985070276429,0.00299698246013077,-126.382559727395
"654",654,0.0132798831991846,0.14807528827946,0.00336823720985481,-126.923166448059
"655",655,0.0067444408174078,0.122510464476206,0.00317430642303367,-126.514748700102
"656",656,0.0127270067158148,0.152739332598543,0.00400689341396232,-127.337596308813
"657",657,0.0199331885041331,0.146648074914497,0.00319142479099116,-127.054857454631
"658",658,0.0450598482495771,0.143698431092548,0.00331975736404256,-128.334686706923
"659",659,0.0156701822845203,0.0753245879835152,0.00344057282003373,-129.990174545363
"660",660,0.00794090905029689,0.13433781063866,0.000641762922082451,-126.66808909313
"661",661,0.018820532853602,0.155018901711572,0.00122665041970832,-126.80031814487
"662",662,0.0119483727684621,0.0815786920631865,0.00162150466704294,-126.783515147794
"663",663,0.0372766712825335,0.116219421158493,0.000739200915939073,-126.118308626969
"664",664,0.0379932828447394,0.123219334652718,0.00180510265216045,-126.47207667664
"665",665,0.0386852793590692,0.127209520997673,0.00244206249996586,-127.066089209926
"666",666,0.0285085290807573,0.116410148829851,0.00272983025590617,-126.901471276219
"667",667,0.000778709986764404,0.115006209701694,0.00056819870560945,-126.727263630589
"668",668,0.0656268162009992,0.0556298528319516,0.000545781555270774,-125.419586567525
"669",669,0.0871320075221925,0.0568464480773006,0.000332871001777056,-125.591313798071
"670",670,0.100886604656172,0.0716982633297677,0.000966221804458662,-126.778019285503
"671",671,0.103813727180835,0.0399850177298823,0.000823786743758376,-126.416239363942
"672",672,0.0508528704161506,0.0931951119553514,0.000634726867927397,-125.657168244003
"673",673,0.124779221649826,0.0617134517009188,0.000225269087922253,-126.947955986619
"674",674,0.116201490265706,0.0482269922297735,0.000656961994558481,-126.679944298861
"675",675,0.0795424514467111,0.0381252258564785,0.000314543351907258,-125.991041637125
"676",676,0.101630031331891,0.0541749561112385,0.000593152719935512,-125.959723228323
"677",677,0.0558548522032675,0.139652356222889,0.00156733511772923,-127.289460143767
"678",678,0.0409544244670018,0.112718775189721,0.00112628289100304,-126.001620559786
"679",679,0.0297357860328424,0.0929753337565135,0.00102753549977537,-125.669947273434
"680",680,0.0195465978794892,0.0963575328627276,0.00179456049621207,-126.092027403844
"681",681,0.0115117152684319,0.105392720344325,0.00249066067985423,-126.379014145652
"682",682,0.0326377895873109,0.13279834960739,0.00200917134526473,-126.585968118454
"683",683,0.00647265867950792,0.122435486265985,0.00167334178701043,-125.82937775353
"684",684,0.0700646513407208,0.140087601246063,0.00320700353068502,-129.929159681203
"685",685,0.000826425434114222,0.121587797379331,0.00257421822179852,-126.089591569279
"686",686,0.00595851830967643,0.134967044890414,0.000920272837998591,-126.283801475482
"687",687,0.00707835927752753,0.157293258584404,0.00281788508577701,-126.508404886918
"688",688,0.00832541547494871,0.13554484628415,0.00166548618964417,-125.993368825906
"689",689,0.00677703569104364,0.116683859316201,0.00148445316447467,-125.812283533981
"690",690,0.0348563051756901,0.106597386286318,0.00250521739622825,-127.072635848602
"691",691,0.0150110229705053,0.1224533715302,0.000439657783265056,-126.855061871624
"692",692,0.0401865364632257,0.128287595048877,0.00254826653202203,-127.243226891177
"693",693,0.0203634519016629,0.13542210293506,0.00360926299013463,-127.284149419281
"694",694,0.0231501431715631,0.118102128726999,0.000364679653580169,-126.937929789514
"695",695,0.132865898363403,0.115850209451421,0.000275326067462698,-127.8295663807
"696",696,0.12237273012779,0.0541963230182022,0.000752931802245995,-126.986669832875
"697",697,0.114954434922112,0.057930490643293,0.00231365322998082,-130.088315895517
"698",698,0.100481667927517,0.0346917597058604,4.90288290325803e-05,-128.986672688824
"699",699,0.101521281181616,0.0771651029271123,0.00153434304683784,-128.543326101542
"700",700,0.0839206914522117,0.101342408232339,0.000275414844477335,-126.399858117126
"701",701,0.0664311610769575,0.102061652077555,0.000908369543470757,-126.31700795664
"702",702,0.0755758228374842,0.117634628783535,0.000406694299892571,-126.890448759007
"703",703,0.123300492827825,0.0939741323824969,0.000274044340617405,-127.056793023442
"704",704,0.12355003259607,0.116095577219337,0.000268787373370526,-127.607455442979
"705",705,0.12824498174391,0.0662615552782748,0.00100578209723415,-127.310520111249
"706",706,0.0988103739848173,0.0664495655323805,0.000621284264889668,-125.966682228931
"707",707,0.0612077447032216,0.0811179100604164,0.000760637243525193,-125.692954785999
"708",708,0.0608941461814655,0.0794011843566677,0.000335736300541506,-125.438641099109
"709",709,0.0509085368771241,0.0372576638494152,0.000440203155671433,-126.911318167248
"710",710,0.103203525503234,0.100062644302603,0.000510138017823267,-126.642918146594
"711",711,0.0760785457053886,0.0892422931309064,0.000382419589970783,-125.732034350771
"712",712,0.0681713845964997,0.119493813636,0.00121274434327124,-127.017670385587
"713",713,0.0525891879925936,0.131941406498689,0.000220270714178861,-128.098204794377
"714",714,0.160843839696708,0.0893763123550195,0.000878072684143749,-129.181020721616
"715",715,0.0561282732458931,0.0843888867368413,0.000370500970903082,-125.573104254474
"716",716,0.107024849213917,0.0891006773999096,0.000307089044158881,-126.438169635575
"717",717,0.0725728347155495,0.100756124704218,0.00046292018411174,-126.094636348681
"718",718,0.095360056477449,0.0813502590323918,0.000491350917612685,-125.959606802666
"719",719,0.0259812688841363,0.10644040109735,0.00161014155134217,-125.902179378467
"720",720,0.0663817496454162,0.141273753770208,0.00183131769159406,-127.942912858183
"721",721,0.0284277808554305,0.134676919630756,0.00199405168406843,-126.48363477142
"722",722,0.0211240626832589,0.0790745307378574,0.000725844800677021,-126.17841489389
"723",723,0.0363917024441244,0.0983866568334587,0.0013899705216672,-125.935192039761
"724",724,0.0378788311704316,0.0985291949025966,0.000579264924025536,-125.80381354987
"725",725,0.0769680630666944,0.0659709606921403,0.000886584841449258,-126.051552298104
"726",726,0.0480306737181508,0.0495573571802216,0.000237383909786115,-126.360215445966
"727",727,0.0654486553506272,0.0593775058766299,0.00139791005584003,-127.474458949684
"728",728,0.0707479938882806,0.162829510037614,0.00300054339103493,-129.610390708771
"729",729,0.0775715708711806,0.186128317789143,0.0042023364261704,-131.320934176951
"730",730,0.0839714146151683,0.206155478809043,0.00306496468672661,-130.9709924614
"731",731,0.0597427163703229,0.138031863843291,0.00173353630293982,-127.510776325353
"732",732,0.038280615865478,0.0809838875262976,0.00176324391025604,-127.049138989388
"733",733,0.0407608229267899,0.0798774559288086,0.00170992966410681,-127.11753579378
"734",734,0.0288649130401287,0.0947806330385966,0.000511547272013482,-125.962501553843
"735",735,0.0715261661218681,0.10773120646157,0.000385249784925876,-126.446472801028
"736",736,0.043594257271355,0.0970688394819333,0.00210278884575642,-127.213622099266
"737",737,0.0145040213814859,0.089775317990805,0.00230838513349866,-126.844830967093
"738",738,0.0206711717442314,0.127785419730645,0.00138004987460831,-126.017424159163
"739",739,0.0859327350351354,0.044903199458231,0.000240719531770912,-126.002462213337
"740",740,0.0938554385861369,0.182740452417274,4.7851628096025e-05,-131.636809178537
"741",741,0.248625864368361,0.17896946523934,0.000621762038810528,-132.212714350202
"742",742,0.0423584803330933,0.0550153561061717,0.000644299960364565,-126.086123694187
"743",743,0.0891253092072492,0.13386562955756,0.000747347108101724,-127.694133369751
"744",744,0.0278386864314203,0.126230268137951,0.000814194576982357,-126.281466715314
"745",745,0.0405649206495049,0.123738083746877,8.97020431326697e-05,-129.109869149589
"746",746,0.149886569460991,0.0999605460052022,0.000553468284427394,-128.011593376534
"747",747,0.14215210174716,0.0823074977808626,0.000246074805275062,-127.47802298821
"748",748,0.136901655827064,0.10502390950394,0.000125631187664309,-128.133333877321
"749",749,0.0688066744907074,0.103694830273854,0.000371106722788214,-126.279001679664
"750",750,0.0958447448965152,0.10489658962511,0.000261024294406074,-126.699814138017
"751",751,0.0695522105864216,0.0674843574733061,0.000490254780040878,-125.288277002479
"752",752,0.0630548440104743,0.0345577524762699,0.00054348489437926,-126.438064838572
"753",753,0.0912048362861918,0.0573705145205309,0.000621151940213173,-125.731043413705
"754",754,0.0546051079123783,0.0961308829682095,0.00111339300634127,-126.150521605389
"755",755,0.0238238052518776,0.0981157879713947,0.00183923411420739,-126.124322939762
"756",756,0.0404059835816616,0.099923054869251,0.00168331738230127,-126.360090464324
"757",757,0.0432781318832913,0.119436689109984,0.00166833328287983,-126.494242741862
"758",758,0.00941470734000075,0.111957429123858,0.00384148907149102,-127.384572212698
"759",759,0.0105824747026313,0.131045716511647,0.00798217837121841,-131.178939731245
"760",760,0.0178378448156559,0.13244146432036,0.00233730850567125,-126.305495440437
"761",761,0.0126122570851616,0.101216686657191,0.00175442164357427,-125.982617328775
"762",762,0.00445907644880448,0.119165605647538,0.00209402808192263,-125.921442916036
"763",763,0.0151322711160794,0.143020352332457,0.00225334455907596,-126.375668613657
"764",764,0.00337287012388747,0.116766987246403,0.00119965151468126,-125.914919983661
"765",765,0.0210648081678362,0.0841226738132379,0.00141195983806936,-126.18117253566
"766",766,0.0177959442322017,0.0963862128531818,0.00160602326828842,-125.963966415434
"767",767,0.0135650041855245,0.154262013277234,0.000974991230576193,-126.834945349219
"768",768,0.0467118624638969,0.086256921994129,0.000921340254018424,-125.722311534154
"769",769,0.0387632948051657,0.0926528815658331,0.000493474563523663,-125.788646393613
"770",770,0.0451453191055439,0.123397837321707,0.00455952632761225,-130.30382298144
"771",771,0.0554161158121777,0.114458347002669,0.00337789486153224,-129.786726315077
"772",772,0.0163908791298761,0.100422852013293,0.00184176878403826,-126.032385901122
"773",773,0.028657643476427,0.135895088368219,0.0032770930034432,-127.393318998016
"774",774,0.00595121372605115,0.138350587029481,0.00269372293071122,-126.237548479994
"775",775,0.0229328692154495,0.111736719815008,0.00124695619811948,-125.775784080895
"776",776,0.0239407047345339,0.110551160607528,0.00224859794564891,-126.326783100906
"777",777,0.00456588961740604,0.105719531545261,0.00238330948457369,-126.298027436858
"778",778,0.0318691909658161,0.109387860608914,0.000686971818877493,-125.958319957842
"779",779,0.0256864160137994,0.0784956015438795,0.000622543019068136,-126.023591660542
"780",780,0.00953801825977826,0.0641603375528798,0.0017890753573376,-129.219958090953
"781",781,0.10955608044347,0.0666979742455589,0.00145797007970603,-128.126422184869
"782",782,0.0132975372075391,0.170602510971346,0.00743874596212976,-129.954840477377
"783",783,0.0116034867363963,0.129340563751692,0.00434735197993035,-127.55370210167
"784",784,0.0119346868367478,0.169578802145377,0.00168179833825761,-127.193700254987
"785",785,0.0281577010255234,0.123074598074891,0.00138555232766771,-126.039243702797
"786",786,0.0387423218975777,0.154646370610092,0.00220533189304494,-127.402400823713
"787",787,0.0424015439860926,0.0784126037992854,0.00198402877594963,-127.965911238069
"788",788,0.0021131652102652,0.158758437314616,0.00342513518446008,-126.775468304307
"789",789,0.0083036697599696,0.139078899446566,0.00660736443812701,-129.288490298625
"790",790,0.0331099803049152,0.156881292007668,0.0060097556402352,-130.165839151778
"791",791,0.0779581588483118,0.175590120431223,0.000460800982667991,-129.44220668817
"792",792,0.0224912628867839,0.134556599702199,0.00337702197671782,-127.187663429313
"793",793,0.0361911927659311,0.132363286024182,0.00121308349791927,-126.427582777466
"794",794,0.0374618194514529,0.120617976573935,0.00100480826728835,-126.129428429838
"795",795,0.0257795765687334,0.104609833472521,0.000632693133471471,-125.960638154569
"796",796,0.0200217299751345,0.10207694884549,0.00161950030381012,-125.876093905723
"797",797,0.0172761418853331,0.127558617591854,0.00124797870685098,-125.988875113673
"798",798,0.0522552421484673,0.0973650762312072,0.000276572134692808,-126.331039546451
"799",799,0.0563646628889645,0.0974313511815128,0.00164622074645707,-127.147130479095
"800",800,0.0358187366528907,0.109231976257903,0.00185309980587972,-126.331186132815
"801",801,0.0151825969371467,0.124112638508893,0.00148099076049144,-125.884336313113
"802",802,0.00146203059406123,0.121823207097196,0.00205841234829664,-125.898064728078
"803",803,0.0171652602441985,0.134696826494984,0.00229411011466979,-126.298512713197
"804",804,0.00758609960177609,0.127744962343704,0.00118829483043654,-125.960452016992
"805",805,0.00316179202872418,0.152735122310387,0.00249076001746493,-126.221996184887
"806",806,0.01040018202503,0.148294957910769,0.00479369784888141,-127.756445508366
"807",807,0.0189874978119198,0.120484249061432,0.00503688603468003,-128.89023147314
"808",808,0.00807468601296636,0.13209570341752,0.00452155222421283,-127.513361789888
"809",809,0.00323751434583801,0.117357515808297,0.00435258920134571,-127.503739571411
"810",810,0.00014452692044622,0.119091309561266,0.00168865420972767,-125.869565600257
"811",811,0.0598046823538182,0.118235322159831,0.000975438030263316,-126.521241941216
"812",812,0.0824010207199042,0.105001788614694,0.000822412907323184,-126.755442680958
"813",813,0.0896277988895472,0.115621720033915,0.00167623608717131,-129.202497338625
"814",814,0.0260648125372144,0.117161461513249,0.0020790047612524,-126.24053846485
"815",815,0.0101901282116174,0.108161416632251,0.00235407794072748,-126.205582047778
"816",816,0.0276209461433453,0.168211210899504,0.00214026068823658,-127.375743224546
"817",817,0.0268548476957699,0.128740371770908,0.00273037731261148,-126.823129981862
"818",818,0.0125777293338077,0.132489280779001,0.00209096369176707,-126.082020894294
"819",819,0.00958614318360774,0.122028753660753,0.0021016049913774,-125.951824654598
"820",820,0.0267795675288277,0.142571587038308,0.00311856616952014,-127.236800587826
"821",821,0.0663683026525173,0.153381173067551,0.0005838429550832,-128.137471228097
"822",822,0.0524635145532407,0.0835587931887608,0.000530202996674885,-125.473161025424
"823",823,0.058951328034488,0.051265032961251,0.000751043927226278,-125.913917537253
"824",824,0.0510971665462946,0.0659598065138574,0.000112465527687933,-126.611414631963
"825",825,0.101844199810049,0.052576735550388,0.000732974584650835,-126.136338790123
"826",826,0.0569078148237985,0.144374890977327,0.000654084628108708,-127.523779536741
"827",827,0.0323241092624854,0.146331019129063,0.00173619583829068,-126.799230171844
"828",828,0.0422860794246704,0.119513713733335,0.00160491760191568,-126.414714083484
"829",829,0.0126557046989367,0.121684920295553,0.0027466085908041,-126.360173686079
"830",830,0.0050135238863771,0.126128470700297,0.0025877038181587,-126.110514731732
"831",831,0.0166865390575935,0.131339713044759,0.000823168541543161,-126.338777950164
"832",832,0.0674647510794767,0.126032628069513,0.000760988719109711,-126.907792644745
"833",833,0.0639727844499856,0.0566877737866222,0.000275667118140999,-125.526863822481
"834",834,0.0674973689519614,0.0881444046909319,0.000762877034575776,-125.904228902893
"835",835,0.035927067042329,0.0973337595631495,0.000896583587726824,-125.653390119049
"836",836,0.0331258595435397,0.119441245652163,0.00194072005428808,-126.365378713669
"837",837,0.0650938008309571,0.118679947423633,0.00190508987422026,-127.824162165679
"838",838,0.029219985315988,0.0783171241131687,0.00175512562016783,-126.915905364724
"839",839,0.0353260100455036,0.0927117866056847,0.000870994558034512,-125.619317780573
"840",840,0.0391505484344792,0.110371093461897,0.000923186366207304,-125.898746213262
"841",841,0.0480128041748499,0.103487856186264,0.000620658682359109,-125.898904411115
"842",842,0.0283129579422965,0.0542077650272389,0.000313620951664582,-127.49471087639
"843",843,0.127093192341606,0.125224370433453,0.000222634677815966,-128.046807546126
"844",844,0.0724055550647869,0.0965586977402906,0.000916644485821621,-126.454881910627
"845",845,0.0638872567055715,0.102545700563189,0.00182022345517498,-127.896021618238
"846",846,0.0536231395764327,0.105108590272786,0.000456546789971363,-126.152210287978
"847",847,0.142348596357106,0.0823447021610881,0.000406542152440133,-127.269694862611
"848",848,0.0152263729640802,0.1540867987889,0.00771958559880133,-130.495028040532
"849",849,0.00308554042494944,0.15231526340598,0.00369994435916332,-126.691227690417
"850",850,0.00642563939131817,0.118215221750551,0.000276248664203076,-127.645180961518
"851",851,0.0164468783999493,0.0801828185279824,0.0014739678157253,-126.569461153147
"852",852,0.0328075655320148,0.138268365356512,0.00072660587881991,-126.83780170752
"853",853,0.0643277506425747,0.139123147350852,0.00038246865429114,-127.838209642628
"854",854,0.0448229022087094,0.104930596520092,0.00131593502765672,-126.094448804621
"855",855,0.0573221726586149,0.100003359910513,0.00217401941839123,-128.252512567539
"856",856,0.0506883662789348,0.15045287621933,0.000893070956443148,-127.471583592155
"857",857,0.0168528149509873,0.122723655818748,0.00115954963166729,-125.916372577793
"858",858,0.0403180529445132,0.113540022417165,0.00216694974671963,-126.833325446654
"859",859,0.0309120874360287,0.128697134777091,0.00179565454537778,-126.347478340086
"860",860,0.00407687022299097,0.145464389406939,0.00205276191696217,-126.115376074552
"861",861,0.00940882194909053,0.119482787985766,0.00232040896132946,-126.050712366071
"862",862,0.000207996735455162,0.118764627010212,0.00291673033379898,-126.30901128495
"863",863,0.0133437856419625,0.114790299616736,0.00127811998639476,-125.788515802695
"864",864,0.0442842351715955,0.0992510311064922,0.000161831041074221,-127.240640316869
"865",865,0.0656354642640753,0.0717357605702666,0.000230094621756832,-125.565692323914
"866",866,0.0983058743092207,0.121849089683104,0.000397059788466227,-127.310891372425
"867",867,0.121633114611806,0.111288289626585,0.000483742152814023,-127.43462448075
"868",868,0.0771681129096956,0.0224467887563507,0.00113068860186215,-127.420844694423
"869",869,0.0754008220765169,0.0366527705680888,0.00141852285347559,-127.673117683775
"870",870,0.109416817287012,0.0711736980610974,0.00081524576314189,-126.651358806832
"871",871,0.0581399775629134,0.0543273849699133,0.00146702961238677,-127.850707193439
"872",872,0.0760569227102061,0.151158270525341,0.00163845808432761,-128.390183593836
"873",873,0.0450845573946635,0.152340603520449,0.000924532274607299,-127.413177538395
"874",874,0.0345211064857887,0.180883846048401,0.00192145576333381,-127.868157203345
"875",875,0.03405413996103,0.130870246750819,0.00157441651104819,-126.392281670281
"876",876,0.0755859739008802,0.19396132568741,0.00199847874626958,-129.780022397407
"877",877,0.0645513278490963,0.145448202917422,0.00193265352589081,-128.031189135753
"878",878,0.0284150199248874,0.0833231057203075,0.00162280210163229,-126.41538745679
"879",879,0.0568700710270008,0.158334948515494,0.00142869759494451,-127.849644557342
"880",880,0.0367620361132595,0.170918579187849,0.00285355953994661,-128.055895744563
"881",881,0.0351221479854439,0.0976195172667063,0.00317516692369149,-128.486722869954
"882",882,0.00912079203022594,0.0976884101603569,0.00289149987821609,-127.023150856722
"883",883,0.00807292620004068,0.101387706233036,0.00122498169059308,-125.96309290954
"884",884,0.0573958731967392,0.100215545974127,0.00150536055502532,-126.883422934268
"885",885,0.00109533233623227,0.143203025150164,0.00190028065227455,-126.012553158799
"886",886,0.0132952337558707,0.153889098343395,0.00466261864380437,-127.814445098567
"887",887,0.0158866908934692,0.125455126155116,0.00370651883173305,-127.213720229059
"888",888,0.00722392714444717,0.15003642805464,0.00396538471012824,-127.044030297366
"889",889,0.00724627425264913,0.113764437784277,0.00182844059173181,-125.869655124478
"890",890,0.0424790078910336,0.107144109310328,0.00232456629907101,-127.222316280521
"891",891,0.0340766781645195,0.0948480241752754,0.00179856942039094,-126.376085125476
"892",892,0.000277963670305369,0.116670933269779,0.00162053675013186,-125.88879697646
"893",893,0.0298113247121764,0.0960204685896918,0.000394497518177986,-126.230524227267
"894",894,0.100436617296044,0.0610894987908283,0.000353638802248956,-125.878777727831
"895",895,0.0405458281479546,0.0912876688869216,0.000225122285910475,-126.583753675523
"896",896,0.0440516583096668,0.0496427032557354,0.000718483450034051,-126.457799335891
"897",897,0.0423166407086193,0.0467772010729174,0.00030804190108722,-126.72342881218
"898",898,0.0488400662013642,0.106089126469447,0.0004420355674895,-126.205826712043
"899",899,0.0197402507718083,0.176144224065591,0.00578617991288005,-129.106454293789
"900",900,0.0329071029896983,0.114841847932743,0.00192729066509486,-126.315290897105
"901",901,0.0866242996614208,0.0607971727410147,0.00113971433440508,-126.804828047771
"902",902,0.104867029096977,0.0355696063828425,0.000733454202206659,-126.84561441166
"903",903,0.0732027113169315,0.116151711751386,0.000444454788446903,-126.755819302239
"904",904,0.00274293679283502,0.130158938564233,0.00346664158151728,-126.557328016576
"905",905,0.00376181113270779,0.12261112134133,0.0019078380379986,-125.86049272611
"906",906,0.00197704602339573,0.137935980799801,0.00109891390415809,-126.178564895766
"907",907,0.0263024123562852,0.139225291586149,0.00312916609983251,-127.188897110381
"908",908,0.0313072988891173,0.139812187138362,0.0031439264843169,-127.432480842813
"909",909,0.0292084652677004,0.183230297268209,0.00602079670728548,-129.763038178559
"910",910,0.0295431304325645,0.184935938018294,0.00628066993544899,-130.021911430265
"911",911,0.0419324016637488,0.163987943310679,0.000999799464579036,-127.757669248558
"912",912,0.0171993349357629,0.138381207908096,0.00241070269308454,-126.409134934532
"913",913,0.0300729013380991,0.129031524375418,0.00122082249955532,-126.21128179727
"914",914,0.0625784482143261,0.128751644807805,0.000639186121197249,-126.971582878861
"915",915,0.0676901599331205,0.0811966046650078,0.000132288966614272,-126.346680913732
"916",916,0.093887469331402,0.116669257942657,0.000292022612254802,-127.134257370548
"917",917,0.0451789424789456,0.12797221839626,0.000886399997016578,-126.521112542318
"918",918,0.00387504893635959,0.150667570726154,0.000996662169300435,-126.501658599118
"919",919,0.0211292846325529,0.14873914896344,0.00323277436813544,-127.158886886457
"920",920,0.0128446784114996,0.146799330733303,0.00277913808526901,-126.585260534684
"921",921,0.00931806141491122,0.133436127247169,0.00145343753110277,-125.98466704226
"922",922,0.0297031590753834,0.118635300107951,0.00126586335055986,-125.958307501128
"923",923,0.0175117541644725,0.135296050173692,0.00195628837619713,-126.193026641578
"924",924,0.022733408197681,0.0866113414553529,0.00214129538891577,-126.870073582526
"925",925,0.015521469650204,0.121725010516217,0.00185811123323133,-125.93577861514
"926",926,0.0152464172951209,0.109598745642703,0.00025964942695123,-127.408931718311
"927",927,0.0479884648601846,0.122467195523685,0.000891084467952045,-126.382103155001
"928",928,0.084474667696157,0.0754667612189229,0.00226391384345199,-130.842859395873
"929",929,0.100908715308723,0.0560700787313799,0.00222286485559394,-129.890465749948
"930",930,0.103733599753947,0.20988854136465,0.000290409204084537,-131.458856103366
"931",931,0.0814494361981901,0.211828421124526,0.00148814205415507,-130.42236731168
"932",932,0.0594957870282416,0.148379368114285,0.000945155684586398,-127.554924693871
"933",933,0.0726797065965631,0.0932766856597822,0.000357815578075792,-125.868802989491
"934",934,0.089139248668127,0.106152397029685,0.00126095737176466,-128.036755893383
"935",935,0.0449707645734392,0.101440424681206,0.000560254014314662,-125.880302206538
"936",936,0.0350463878585377,0.0711536800190873,0.000775732256910817,-125.88009414896
"937",937,0.116199365171258,0.0654199590748275,0.000176904442771135,-126.90359251119
"938",938,0.0589447112801984,0.0586648332615483,0.000721626534923777,-125.648640761198
"939",939,0.0635911854724817,0.0738354192684423,0.000753782152965553,-125.629250209397
"940",940,0.115710365746616,0.0756019859006312,0.00166060541908089,-129.050424522668
"941",941,0.130054254437839,0.0960492928602379,0.00124428141997488,-128.82804418405
"942",942,0.0883801565571835,0.0199672176893581,0.00065504309488906,-127.322568544801
"943",943,0.0875252807391179,0.080013761197181,0.000148954178787216,-126.353153761551
"944",944,0.105910657337041,0.0545701346323958,0.000942903314276231,-126.600685372949
"945",945,0.0868716979009065,0.0747169899640091,0.00101582067060947,-126.662076764503
"946",946,0.065894408178195,0.0714764613792075,0.000699884887575748,-125.536247071378
"947",947,0.0634819065023371,0.10623297925022,0.000672418311781366,-126.159585144887
"948",948,0.00416446936056728,0.128344966397024,0.000790183982927744,-126.324679468386
"949",949,0.0595892196431173,0.0333107924768822,0.00268675668689498,-132.848073984047
"950",950,0.0724685405538158,0.049093670471668,0.00136194134194714,-127.416976140774
"951",951,0.0619522453970119,0.177258517351388,0.0018108784569979,-128.738975121342
"952",952,0.0142075589422406,0.0656191798021097,0.00200445205118242,-128.896844434212
"953",953,0.00543395762678046,0.140187850750569,0.00256391613477991,-126.195592964402
"954",954,0.0433553112405272,0.109489495507633,0.00176260565564551,-126.514415460267
"955",955,0.0185691708055842,0.124847339667021,0.000807038315091732,-126.197559207782
"956",956,0.0242160885223702,0.169019392722008,0.00256589395860472,-127.340784438293
"957",957,0.0602996779627569,0.127592686525898,0.0027638865529393,-128.718902414461
"958",958,0.0265181712435812,0.148654262236102,0.00259832243727392,-127.002936022309
"959",959,0.0311308782072339,0.129748682038954,0.00429740996956155,-128.6039977217
"960",960,0.0777889388581423,0.166393737129852,0.00356218108341894,-130.673820583612
"961",961,0.0710268672107188,0.163856040471752,0.0017149636210028,-128.589645285149
"962",962,0.0664106720551451,0.10819038673123,0.00115876270940854,-126.735080476847
"963",963,0.12218398198271,0.0847918987936241,0.000427283527393404,-126.792260529804
"964",964,0.0377713505448223,0.121339186697864,0.0025259465896101,-127.08967887616
"965",965,0.0113958571318413,0.101965332387334,0.00144951045831896,-125.875838852317
"966",966,0.0312956121440655,0.0719960802955653,0.00176919971289345,-127.496527805216
"967",967,0.029461805656685,0.108127484180744,0.00130734680878949,-125.807212840632
"968",968,0.0270422508256485,0.0900694824712542,0.00118477832766877,-125.781320600665
"969",969,0.0413543371131251,0.0831494677501129,0.000468429217090393,-125.638483657625
"970",970,0.112021962739953,0.107729032652463,0.000256294323091472,-127.106838669042
"971",971,0.0286616867823105,0.0945930207459753,0.00228273558896263,-126.848191975496
"972",972,0.0125712498126562,0.153728904477887,0.0014067571214488,-126.542896633665
"973",973,0.00662062231820555,0.0938594973676721,0.00189322600589987,-126.438585542266
"974",974,0.0105257339738057,0.153185392953942,0.000851544586781731,-126.870551032238
"975",975,0.0409033458632274,0.140185811834876,0.00154757419444027,-126.822454027305
"976",976,0.033512124574742,0.101974929398708,0.0010381587575904,-125.708459206894
"977",977,0.0882474951073595,0.0556915350932097,0.000534235585521291,-125.587994330927
"978",978,0.101022105811619,0.0599365158988642,0.00101946024948135,-126.711179345385
"979",979,0.0779824864746917,0.104928064401151,0.000407707539901046,-126.340466119111
"980",980,0.146971639889593,0.100552549742914,0.000292502357100252,-127.925081027328
"981",981,0.118252801105082,0.0905684535712599,0.00116083131851575,-128.169965351707
"982",982,0.0342275774406984,0.100901425881419,0.000607890625317532,-125.844584901428
"983",983,0.121680053758762,0.101532358307974,6.23892370923983e-05,-128.267794117444
"984",984,0.133983182770087,0.0628838451630726,0.000706959855628364,-127.661709076587
"985",985,0.00101647102284021,0.138367393614123,0.000790742617669597,-126.512847169719
"986",986,0.0330480932777971,0.152347785279731,0.00246606708448843,-127.26011124332
"987",987,0.0158578084764442,0.10952157920267,0.00518042562305243,-129.37942388784
"988",988,0.0157642945000082,0.167756130322724,0.00460856705465278,-127.919998907121
"989",989,0.0129131579052509,0.116214160951333,0.00214435533721763,-126.012735351736
"990",990,0.0123498718397647,0.12453599164925,0.000673626850155836,-126.37926586951
"991",991,0.0624927729282662,0.0678741670234142,0.000964848624884069,-126.097939507718
"992",992,0.0817043763803088,0.0471217217497612,0.000427595152959615,-125.571307400761
"993",993,0.0790123952088584,0.116792221094239,0.00125585422527205,-127.549625282178
"994",994,0.07719222742993,0.0706088449310025,0.000702345298259248,-125.688377525104
"995",995,0.0723026093145271,0.0683463733744472,0.00110718853641919,-126.595410061378
"996",996,0.0406267075693563,0.181113699026672,0.00295010356682014,-128.487236533957
"997",997,0.0327193245888569,0.170391708586671,0.00255720166637808,-127.752924350934
"998",998,0.0677787068274971,0.113390142061819,0.00194519978719578,-128.163650135258
"999",999,0.0905401995237482,0.103175355655824,0.000777281706529026,-126.83938411738
"1000",1000,0.00417399922465893,0.159083738669571,0.00156398472352922,-126.50013068667
