"","i","asc1","desc1","pol1","p"
"1",1,0.00464629220704138,9.0984292565977,2.38477732516327,-196.823329577339
"2",2,0.0377330412057263,20.6834813753454,2.45819579488564,-195.992030498806
"3",3,0.0611644522642656,20.6205028820898,2.35971108591658,-195.657992530026
"4",4,0.0619454404066392,11.1059546676757,1.52393318944046,-176.413842478407
"5",5,0.476438506461959,11.2112229352579,1.07749937338292,-175.936894709377
"6",6,0.355027506096352,10.1568606252503,1.20399569580349,-173.250171389726
"7",7,0.311973256948556,11.3121923943004,1.20998168928761,-175.349598926597
"8",8,0.393325411391097,7.81700948064702,1.1589049251281,-172.261948597897
"9",9,0.323957930648962,7.49385254042551,0.819430856839553,-166.893735505296
"10",10,0.183153987145367,5.32748251775521,0.815331758025554,-166.539823512786
"11",11,0.190591827667336,6.13653157328944,0.71913690121666,-163.82441182964
"12",12,0.0510680692896623,5.48053532968357,0.621068950439649,-161.889025923543
"13",13,0.111267836984686,5.82658725024143,0.711426778042442,-163.184247406264
"14",14,0.010692614969214,5.47682353629673,0.780166972455414,-164.124453424667
"15",15,0.109333999770386,5.4424054804161,0.843995795362056,-166.633274061556
"16",16,0.0919956595260507,6.17398668178532,0.756398566342689,-163.9187587775
"17",17,0.0452774218407936,7.14963181992032,0.885327137957846,-166.037090175338
"18",18,0.00661686961138273,6.86487204870394,0.699914324154619,-165.343791286078
"19",19,0.127729518101594,4.94599453027136,0.609946699255153,-161.392256655012
"20",20,0.096470109355675,4.33685286881256,0.585133929526813,-161.087954340091
"21",21,0.109726267679772,4.74985347628787,0.483576549603985,-160.698460792237
"22",22,0.329073326215466,4.5989300039511,0.457695324668064,-160.598482315039
"23",23,0.273946881718446,3.98268820990236,0.326195235989392,-161.912338872982
"24",24,0.407983590837974,3.17226539096428,0.306199994203737,-157.458276821893
"25",25,0.134728440559388,2.43992086987677,0.282999049877254,-155.551520798907
"26",26,0.170586523339238,2.56065619178522,0.272400560126503,-155.644308699892
"27",27,0.317551409359716,2.98240366764456,0.301762344440867,-156.857084732105
"28",28,0.696595952299013,3.38565751825185,0.313697595153889,-158.424748352305
"29",29,0.142419542384389,3.06887637035879,0.358534563486837,-156.955225084321
"30",30,0.17003695115412,3.31300756722665,0.412149326301351,-158.193552283585
"31",31,0.0867930470706908,3.65540633850471,0.404870399913596,-157.899278304147
"32",32,0.204818259413715,3.16085766909459,0.307941045789778,-157.376095426658
"33",33,0.451630927741975,3.08946292108112,0.310227810330202,-157.391591188053
"34",34,0.145233041328487,2.7258589363536,0.280240140030652,-156.055646554731
"35",35,0.522114693026925,2.7534380131791,0.300886026558445,-157.96228016562
"36",36,0.528624786972109,2.71599649106888,0.215767115049835,-157.331728690932
"37",37,0.31687213096334,2.49483664301193,0.210303421722797,-156.892494831951
"38",38,0.155902775202531,2.22317781677575,0.258304537848455,-155.242198716554
"39",39,0.0400223006527815,2.30917694816846,0.210539181895656,-156.767455299981
"40",40,0.323545194072065,2.33759203054882,0.231750781025863,-155.437589635773
"41",41,0.0569992998155292,1.84225104085255,0.186115960498885,-154.184025616909
"42",42,0.359140080219708,1.88994139564798,0.172407162810456,-154.458045788203
"43",43,0.284851115309392,1.99407866153663,0.229938842122875,-155.794127281686
"44",44,0.290459647172941,2.15807372710601,0.191474323050132,-155.408363518818
"45",45,0.283560279711573,1.7120112880065,0.187256436642465,-154.825272163395
"46",46,0.261089878915741,1.66210827031665,0.186358364251283,-154.852226908673
"47",47,0.0171653335562411,1.73972313106683,0.227523778504905,-154.40683958946
"48",48,0.136781988884801,2.79802026176174,0.239671668265181,-158.588567425947
"49",49,0.216592668736082,2.32377634173437,0.254328800900353,-155.363944838831
"50",50,0.0924925686812982,2.26877689334539,0.247519443881532,-154.836921362783
"51",51,0.0818673683805979,2.34845395259227,0.254801568122801,-154.998508394745
"52",52,0.214562068790989,2.18810398922956,0.239757806993048,-155.093797587713
"53",53,0.331195178234831,2.29329698454122,0.248597294821744,-155.861934611457
"54",54,0.0169344122746716,2.35707898866848,0.276746901076783,-154.922016115498
"55",55,0.11689510879527,2.57372452105296,0.291223273681118,-155.634475059764
"56",56,0.156513818690003,2.49056307772838,0.258468223346676,-155.493705041445
"57",57,0.127918669990963,2.03616506531229,0.238403841071203,-154.76510794359
"58",58,0.0397568822900852,2.03122492314044,0.240530706841172,-154.334894044945
"59",59,0.230932558017789,2.15668860176734,0.233895738583337,-155.05469598393
"60",60,0.2973321402082,1.98722594852677,0.17830668707923,-154.812236754468
"61",61,0.449119367480272,1.76052915314284,0.119806777051137,-155.9143938543
"62",62,0.463025263334154,1.56184969750984,0.111310854296314,-154.061054997535
"63",63,0.534743040496654,1.46553740703229,0.108517126517904,-153.526581156948
"64",64,0.46877889987799,1.42073805886467,0.0942925024473134,-153.774821736884
"65",65,0.45972760023301,1.43974001641049,0.0996012892881433,-153.658801339868
"66",66,0.406637969255789,1.25571061184323,0.100407085395403,-153.002393440617
"67",67,0.294610436700919,1.09086691587777,0.0882606770149481,-152.423883433439
"68",68,0.366993324130461,1.25871338997045,0.104204919818746,-152.961091625977
"69",69,0.247036629844776,1.2704718209303,0.123812420884423,-153.062972720244
"70",70,0.232019664744515,1.25737186386408,0.11097559783938,-152.906374026316
"71",71,0.165446644883632,1.21987744773533,0.142437058183547,-153.885055067676
"72",72,0.104147135294994,1.12533082416004,0.132752772700681,-153.066575908888
"73",73,0.0299788362625165,1.18491697063718,0.126794477598334,-152.367156395195
"74",74,0.0586513791027931,1.17902462064188,0.131288949701255,-152.382688952509
"75",75,0.0334338495139039,1.20520321663208,0.153110062506114,-153.119836846754
"76",76,0.0210375005629133,1.2053661694576,0.121571774647543,-152.842708069785
"77",77,0.213982884540252,1.51000236112399,0.182503837121414,-155.274282280677
"78",78,0.180123975244061,1.96869839143145,0.226999574718853,-154.861271041814
"79",79,0.106454968723682,2.06318271832864,0.229099892046532,-154.444004161153
"80",80,0.145332043542338,1.95031723736872,0.190014565655492,-154.517254518267
"81",81,0.128565133382377,1.62452904365725,0.196164186356725,-154.326574611223
"82",82,0.31881207982645,2.28363031629144,0.246187522144379,-155.720441281587
"83",83,0.401290275322575,2.53800222136305,0.238364348277366,-156.009864802846
"84",84,0.381343866398939,2.08711302891837,0.20243214161262,-155.045094828513
"85",85,0.180949275860337,1.58144224788269,0.178878568497891,-154.061885119849
"86",86,0.00730866511780601,1.64706230103645,0.214395747694126,-154.050903911394
"87",87,0.0246041469541446,1.93926373435354,0.217165706141522,-153.955266416818
"88",88,0.0316657900777332,1.73008094283764,0.203595797712864,-153.60943883251
"89",89,0.00412178224718675,1.62726888054291,0.164595069109139,-153.864078736665
"90",90,0.0499826908380613,1.46159184412202,0.164567944199781,-152.97472916306
"91",91,0.0765962284370863,1.43878918094011,0.158613802107304,-152.986168093493
"92",92,0.0465542636025328,1.36815344857535,0.145253363721931,-152.808288329944
"93",93,0.173447684800188,1.25835177037826,0.112744704252082,-153.093131433925
"94",94,0.260824849452923,1.20681165684552,0.100506654618081,-152.866699052443
"95",95,0.317132310986714,1.05944699657645,0.0698149271174847,-153.405627518084
"96",96,0.475954692458893,1.08176991192213,0.0729715157696536,-152.507911849715
"97",97,0.52594045275487,1.27081198700908,0.0822716786026883,-152.746351317555
"98",98,0.577487596216635,1.27446075479935,0.0700327008478352,-152.778302404473
"99",99,0.642509863689221,1.22405901310007,0.0650351807485917,-152.361148716755
"100",100,0.59054862826371,1.11889833406425,0.058491620254327,-151.969817342838
"101",101,0.577007959437369,1.00323668989176,0.0469395037598192,-151.405728981452
"102",102,0.581610409247269,1.03408092200922,0.0392099551550377,-152.07271229616
"103",103,0.727207486214486,1.04048165911503,0.0410376826572172,-153.153927458224
"104",104,0.708830296035387,1.22838189636868,0.0431731936161212,-153.070609304271
"105",105,0.848701136377212,1.23372750502388,0.0330657594425282,-151.557693995737
"106",106,0.888339789151251,1.28135745268586,0.0424464886331944,-152.029909021043
"107",107,0.921551866383259,1.40055280632114,0.0513183012298954,-152.447418924262
"108",108,0.844655160769109,1.32515168272605,0.0417591712634484,-152.364346893083
"109",109,0.890570139796064,1.31909118146275,0.0446819186674533,-152.007683845675
"110",110,0.891071156438581,1.21927497686031,0.0186462733397702,-153.615861872024
"111",111,0.865364996751729,1.07962051469287,0.0166314822071406,-150.024957754241
"112",112,0.867704943978779,1.13585871218822,0.0236459994484164,-150.614261567466
"113",113,0.863561763371932,1.11493957165969,0.0229712980449311,-150.602348797638
"114",114,0.837110747106242,1.10951771260758,0.0157863463984774,-151.521540545611
"115",115,0.894676818602618,1.12108968127392,0.0158735862895642,-150.15955644444
"116",116,0.862289735496422,1.1242860740822,0.0174786430363317,-150.720709712714
"117",117,0.87626777135638,1.12931118072872,0.0257418166543448,-151.159082873171
"118",118,0.810298657987181,1.05789649832649,0.0218508413376635,-150.285839397661
"119",119,0.769575105964248,1.00482253092607,0.0150861765118442,-149.913232126179
"120",120,0.820920469402882,1.01696689293477,0.0117446007630335,-149.32412540562
"121",121,0.879382998856932,1.08132003402619,0.0187294395176721,-150.576272849826
"122",122,0.86458267361621,1.07523764621932,0.011792081581527,-149.795403059024
"123",123,0.880132395795803,1.03973701109333,0.00092596100105662,-148.773864382848
"124",124,1.02451423622913,1.00258852326668,0.000962794168804494,-146.300419952464
"125",125,0.951519748640579,1.00693865617231,0.00553994545890456,-148.190298640473
"126",126,0.868812094328908,0.891203546355356,0.00551734437526552,-148.601155000471
"127",127,0.710398125131994,0.792277122259453,0.00552299292095564,-147.758223315941
"128",128,0.624689037379024,0.80007338744762,0.00686884277234661,-147.035415786554
"129",129,0.617672899700434,0.671126670418264,0.000228343219784927,-144.094247053294
"130",130,0.729122608135431,0.698099638063109,0.000126152847271132,-141.342629940113
"131",131,0.714786782656118,0.676313321749536,0.000478538383740588,-142.077634810193
"132",132,0.718600263417102,0.732599672667645,0.000770832989997291,-142.89603981089
"133",133,0.744960825918494,0.734084485489536,0.000520567478496907,-141.890759649235
"134",134,0.738238888839673,0.73786956479781,0.000232750704498407,-141.896201265295
"135",135,0.743014158507729,0.760270740168632,0.00193516788223302,-143.878542187187
"136",136,0.746886967829242,0.746596483735194,0.000375324769174402,-142.065586414269
"137",137,0.772230248520268,0.768040662673195,5.54072400760939e-05,-141.886165013297
"138",138,0.751903011965031,0.770361141612725,0.000145977704485107,-143.180808908513
"139",139,0.792608514107612,0.810763257707153,0.000121177612182793,-143.32351343094
"140",140,0.791958656979504,0.769854645552785,0.000154579739990281,-142.030418863312
"141",141,0.766340976875865,0.73522108515794,0.000997880356083676,-143.394632499492
"142",142,0.721970753703181,0.713504349284833,0.0010439161329346,-142.258600515751
"143",143,0.719549970038178,0.697275936875405,0.00114372210697348,-142.539107962769
"144",144,0.700950462732538,0.68729501473682,0.00128456979128201,-142.321600371615
"145",145,0.682950088026262,0.668344343253524,0.000612165273367318,-141.25161346905
"146",146,0.692997420193001,0.715971951242648,0.000818593473724432,-143.4534856323
"147",147,0.688691697572177,0.706028178440166,0.000952150625864838,-143.055519190687
"148",148,0.725044200121314,0.743034452700587,0.00122717675557061,-143.390881405565
"149",149,0.762811058966835,0.750190771136612,0.00106415854797065,-142.766801768838
"150",150,0.729660477406504,0.692735071058902,0.000319832854849564,-141.932940603412
"151",151,0.688490101277912,0.69819487562077,5.28837071500545e-05,-142.179361544461
"152",152,0.689006574217054,0.694017347063692,0.000887954009174841,-142.233660893347
"153",153,0.694329914222732,0.676136118116893,7.79474569395831e-05,-140.738170972102
"154",154,0.684387480252204,0.647141188648565,0.000292936505380997,-141.177938349726
"155",155,0.659497907283986,0.633479573085403,0.000102915886219009,-140.259725783902
"156",156,0.649187606152032,0.656861229726702,0.000217578053553946,-141.853156692158
"157",157,0.689085109610668,0.653056936993737,9.51955108611297e-05,-140.862932082955
"158",158,0.69495332159153,0.682277800944836,0.00121600285926628,-142.150795822354
"159",159,0.68792138501693,0.663614271919959,0.00014572695969157,-140.687945363518
"160",160,0.690814438154316,0.633527051317351,0.000100577568226647,-142.510690932634
"161",161,0.704454492371183,0.643288032853347,0.000185336705401873,-143.44265446887
"162",162,0.619659983840967,0.568845745548841,2.61524995720428e-05,-140.396599568924
"163",163,0.617211363995532,0.597859427952911,0.000106716256705264,-139.867718701127
"164",164,0.638714105106503,0.616724550411793,0.00114292669231582,-141.397295544525
"165",165,0.630959091905667,0.579538288197258,0.00108407917917835,-142.999226641826
"166",166,0.556599284354569,0.500213104636507,0.00101525491022031,-141.928899705095
"167",167,0.378485892592808,0.372954288282958,4.80733266692798e-05,-137.811076662079
"168",168,0.312445879814256,0.412999063461188,0.0012249209610389,-140.05868312286
"169",169,0.264298851912679,0.368396818218783,0.00184739715060443,-139.219089016805
"170",170,0.204437326399047,0.226686433926362,0.0019439712765688,-137.397208414099
"171",171,0.116235458861917,0.0554117434387371,0.000131609805925294,-131.221531752691
"172",172,0.0890236129988857,0.0600531631533424,0.000317705380256196,-129.928666626665
"173",173,0.0616030150048494,0.0968387140659882,0.00116058696516411,-131.071509453502
"174",174,0.097970650451084,0.0450243272408559,4.00389428747947e-05,-132.99055293836
"175",175,0.0893265883377782,0.0806240944577871,0.00119419280609715,-131.10341233583
"176",176,0.0887380137039524,0.105971853064644,6.22622294314636e-05,-131.610118184734
"177",177,0.130357018670024,0.089911448752273,0.000874046012395488,-130.692163322262
"178",178,0.114626744642649,0.0841353359346635,0.000384703773346951,-129.896070174071
"179",179,0.0950058353757906,0.0620284067917659,0.00103749605780351,-130.392477258322
"180",180,0.0981525079435957,0.0549583165383656,0.000837827402169283,-129.978318441614
"181",181,0.108006633341657,0.0631754522057525,0.000998334303516249,-130.309949860102
"182",182,0.0931430718984771,0.0734609194395076,0.000643826081313641,-129.852196836881
"183",183,0.088074234313726,0.0405561542267348,0.0014228375669271,-131.127893290153
"184",184,0.0968378242646453,0.0457644630691183,0.000878528905849645,-130.091412878293
"185",185,0.0504914272468123,0.123838327455175,0.000606502173940319,-131.066392867434
"186",186,0.0452536958783394,0.128234008870067,0.0026371544161014,-131.981922118809
"187",187,0.0197920174898807,0.115429423745532,0.00141032234868625,-130.919126214957
"188",188,0.0987017326195715,0.0483789522190218,0.000748544766610487,-129.932579248121
"189",189,0.0869972223009984,0.0602216271592772,0.000209075364755765,-130.340995822026
"190",190,0.110635158092777,0.130617145500597,0.000688124549260251,-131.207418515972
"191",191,0.0513204701703713,0.0331471433765923,0.000870003442842667,-133.01035904963
"192",192,0.0557105223332353,0.0222771150995846,0.00182808458256028,-132.689232404223
"193",193,0.0546743716408451,0.0284845370128203,0.00161328546544687,-132.807893695645
"194",194,0.0637825526248461,0.0277201762995884,0.00197091031558978,-132.825354791307
"195",195,0.0401604272414411,0.13034513931901,0.0015033770136254,-130.944294220448
"196",196,0.0541584913771374,0.137682436624637,0.00110983417610757,-131.091056294559
"197",197,0.044021344146772,0.182522485497968,0.00311252729458332,-132.312960819912
"198",198,0.0229355636165901,0.159776544392965,0.00177367962977283,-131.154704587852
"199",199,0.0297860131474409,0.103556051061881,0.00209191407929476,-131.485731711412
"200",200,0.0353298186386321,0.165240132737487,0.00225147403401484,-131.488249617986
"201",201,0.00166671146586988,0.160138072815233,0.00257026139474488,-130.967413365862
"202",202,0.0160735209449312,0.176696591634409,0.0035383509535353,-131.721920568681
"203",203,0.020090206588212,0.160516747099564,0.00365393251279389,-131.708957626994
"204",204,0.0365634795772137,0.135164721432017,0.000929404848210692,-131.064415749015
"205",205,0.0404608015086386,0.15283182004794,0.00213679605923961,-131.395612257049
"206",206,0.0192189532455888,0.123683584124974,0.0012367932351457,-130.942266783012
"207",207,0.0301693197805208,0.0946726331808899,0.000834388017928595,-131.104198032616
"208",208,0.0924196473583923,0.0497017680020625,0.000827651151476489,-129.994346348841
"209",209,0.0888383271728861,0.0744533501859845,0.000474967740329656,-129.767672109882
"210",210,0.143183054540572,0.122193349180627,0.000962028206659747,-131.753027133646
"211",211,0.151919165863908,0.117227826471048,0.00145791639265163,-132.80619165179
"212",212,0.180727260308856,0.155330539159965,0.0016956705495047,-134.663969494732
"213",213,0.109772381583406,0.224100630125893,0.000396877763345614,-134.15273708208
"214",214,0.0685871431122411,0.0934463271133144,0.00046457228269709,-130.306111969905
"215",215,0.113295261232852,0.060270033420309,0.000742608525172389,-130.017564541886
"216",216,0.0735465265941382,0.0359275225579434,0.000951633799151936,-130.927992978558
"217",217,0.0926057687122917,0.0848664002753147,6.48664404742004e-05,-131.281001779623
"218",218,0.10070602998702,0.106970073654839,0.00167119971333322,-133.089486400361
"219",219,0.143219640528197,0.119174062681341,0.0011479866114626,-132.113622390243
"220",220,0.0395761069622966,0.125634061696009,0.000864520428206313,-130.955557056507
"221",221,0.152923546177833,0.199566543988061,0.000130989232348689,-133.688681665419
"222",222,0.176582677464919,0.196540214169503,0.000625660966311605,-133.514910023119
"223",223,0.15569206212687,0.161960774607157,0.000465127282056233,-132.044729761581
"224",224,0.0672347491094061,0.0169730951156516,0.00080530212810271,-132.401675662683
"225",225,0.0818606756148811,0.119946133759113,0.000956316547714058,-131.11969074831
"226",226,0.0773822508060604,0.0480306762556118,0.00116959331665685,-130.985040325197
"227",227,0.0397014292328031,0.0950760256154936,0.000679165889658839,-130.908289732735
"228",228,0.0717080491248963,0.0484622627629703,0.000225781410368399,-130.984455160525
"229",229,0.094726818764365,0.109736682131247,0.000356756710010684,-130.350992314357
"230",230,0.125542044880374,0.0694109477144903,0.00074442944998153,-130.246032742987
"231",231,0.0885882554779076,0.101437416071967,0.000214861627623137,-130.428999980043
"232",232,0.142033501017837,0.121533624023184,0.00133112149697895,-132.652741729689
"233",233,0.16978302080513,0.139954409342592,0.00051369694498867,-131.628907060446
"234",234,0.112034352515745,0.118133481466565,0.000389713886296782,-130.501727692485
"235",235,0.0483141794865006,0.0652316849568935,0.000438586255188945,-130.941660550461
"236",236,0.138642687173131,0.138983254606161,0.000922659618471172,-132.102419429346
"237",237,0.118304200603182,0.0844287894563154,9.66648006607918e-05,-130.78316776543
"238",238,0.119937746108554,0.0804781530149542,0.00118862341239533,-131.050805945926
"239",239,0.0213761981016187,0.125941255029718,0.00147004449134345,-130.860238743926
"240",240,0.0215034715875875,0.116074072781015,0.00132024721612838,-130.903942925174
"241",241,0.024601727914636,0.0965587405247261,0.00100211454772339,-131.175035010975
"242",242,0.0477739450003556,0.110852915118908,0.00029886567294662,-131.620313691668
"243",243,0.0876595842542614,0.0985443829005258,0.000503063578452062,-130.140147100859
"244",244,0.0810705993963761,0.0695960928752619,0.000879552841509116,-130.267042518083
"245",245,0.0873000695231174,0.0620551749363006,0.000546690496688872,-129.756229103833
"246",246,0.0878800538613849,0.135009790015593,0.00174155016354265,-132.598260698442
"247",247,0.155119295095969,0.0875458518531594,0.000763596247813606,-131.924026808349
"248",248,0.0200693379158768,0.159344051066943,0.00265375293825589,-131.244457028662
"249",249,0.0125542423427853,0.13871407740284,0.00127922812817265,-131.057406547883
"250",250,0.0173624842934448,0.153370546521491,0.0028581025710749,-131.226255407072
"251",251,0.0171564150828206,0.131897282873194,0.0026183793624357,-131.130296742991
"252",252,0.0222657461317359,0.14201911547087,0.00317308140520759,-131.504013250743
"253",253,0.0556261975155404,0.187214660163287,0.00118116766900289,-132.184361426497
"254",254,0.0883747903290894,0.0763796553679593,0.000182059936937664,-130.315636228266
"255",255,0.0718649607520905,0.116169066694908,0.00121349669929147,-131.250721765729
"256",256,0.0929001846170446,0.155911481659448,0.00202300158500489,-133.06846927907
"257",257,0.00714712053016547,0.119122220451206,0.00232663830448509,-131.131169766082
"258",258,0.00307603067511419,0.166800982497014,0.00402253156384938,-131.802938964529
"259",259,0.00332783086359784,0.15963614990329,0.00244159600994386,-130.898745274413
"260",260,0.00516131139231688,0.136235390928529,0.00293352373637936,-131.105849595476
"261",261,0.0330435095850321,0.154245315757247,0.00161768905776565,-131.169235505835
"262",262,0.000430750953799039,0.146600031763111,0.0018575162685317,-130.947983369156
"263",263,0.0173658927155868,0.115725604683455,0.00123001801320972,-131.007250026431
"264",264,0.133688503811325,0.0700349134081436,0.00126002927913067,-131.92891808213
"265",265,0.0508202067223729,0.154199976407809,0.00129438523162505,-131.360177226934
"266",266,0.0578700409123343,0.174734454328682,0.00156738077783178,-131.908757505638
"267",267,0.0168225594430476,0.0785337827193562,0.00117616019350053,-132.281588521452
"268",268,0.0418179814540144,0.103613832228916,0.000566892017694491,-131.002270084066
"269",269,0.0529935618596155,0.135978717330228,0.000912192735494878,-131.074580576494
"270",270,0.0300489123197601,0.0747508231439313,0.00147812935228111,-132.238189114689
"271",271,0.0487118084383099,0.209502568246,0.00734788123002753,-135.449910455865
"272",272,0.0428617946494479,0.173099736126019,4.11088892602468e-05,-135.016854087496
"273",273,0.0894414004584073,0.0390926827884454,0.00211313118338112,-132.783314567212
"274",274,0.0943176379450903,0.196447055507541,0.00177695082082393,-133.181258920402
"275",275,0.0855389976039593,0.231964252496576,0.00254287294973653,-133.804872429214
"276",276,0.0729937065180336,0.131665674473317,0.000848231127074885,-131.095486340955
"277",277,0.0462726175178016,0.0739125892208394,0.000668583536702741,-130.868676262711
"278",278,0.062620635147683,0.081658956526358,0.000971466954367173,-130.765270617573
"279",279,0.0745117956604039,0.0305030725799115,0.00028677212419547,-131.512900768241
"280",280,0.0907108984300029,0.053575321466818,0.000301657403956174,-130.043976338877
"281",281,0.108588701925764,0.0555932520983375,0.000595198780978017,-129.887813626825
"282",282,0.0983083318244132,0.0670333621904998,0.000586890432046929,-129.739064318904
"283",283,0.0622054831925033,0.152659210896795,0.00299419064887897,-132.846397005483
"284",284,0.0513926711660434,0.151891423746412,0.000570753124049664,-131.716441668935
"285",285,0.121377248112637,0.0861469516692715,0.000743229925028195,-130.298766433345
"286",286,0.073445497534013,0.109654495706808,0.000608090997385926,-130.598082008205
"287",287,0.128945203488342,0.0814646808459418,0.000377488767618595,-130.137337509635
"288",288,0.0544394975591174,0.0776750847045769,0.00096687271169479,-130.90229490137
"289",289,0.052731843196029,0.14122030076436,0.00339140062748112,-133.004488058617
"290",290,0.00247642945299329,0.129174841372471,0.00255976305073711,-131.054061131207
"291",291,0.0188643724453639,0.148127030000806,0.0033827980767958,-131.520016334268
"292",292,0.0167696699512721,0.136567402658095,0.00195052273888672,-130.893277142678
"293",293,0.0425267162405845,0.108480047408819,0.000793667020095881,-130.800823578232
"294",294,0.128789722303809,0.0716412082200433,0.000239683825473087,-130.437488523783
"295",295,0.0879765880332449,0.0313933539954042,0.000141366439009426,-132.20762391792
"296",296,0.0816132807473179,0.102150885624032,0.00103562509556025,-131.079069716873
"297",297,0.0356947620334398,0.140185970171596,0.00224767408840886,-131.262029830129
"298",298,0.0315174040942791,0.137729051745099,0.00366702847948296,-132.287568967658
"299",299,0.0349568127607103,0.189910952312714,0.00403010981409703,-132.419202844618
"300",300,0.0518241069171369,0.222506779219402,0.00222590418034006,-134.518881649939
"301",301,0.0845559779784783,0.128026655011041,0.000657894890043167,-131.010446523951
"302",302,0.0512984218700688,0.118736759816008,0.00118594699124853,-130.871301044124
"303",303,0.0763219539421873,0.0531970618364111,0.000486331653465157,-130.022485938647
"304",304,0.0610182859074127,0.113606905606262,0.000792025820985199,-130.734638802607
"305",305,0.0688799568909663,0.0585108782845933,0.000189234337057152,-130.987043952291
"306",306,0.122132051778676,0.0837246092015614,4.77540761125342e-05,-131.47689755356
"307",307,0.110162377788054,0.104466723253632,0.000191280844057185,-130.378510394366
"308",308,0.122517376592764,0.0950284662750029,0.000667767295926039,-130.34441323392
"309",309,0.109244727550346,0.0568180235556734,0.000554521076022516,-129.875028269384
"310",310,0.0844511758041188,0.152572329461071,0.00110867287852261,-131.762256240168
"311",311,0.0841403026937042,0.106752415105825,0.000538336802146757,-130.408604727256
"312",312,0.0848878024391512,0.0327434302143235,0.000824716249010817,-130.434868404476
"313",313,0.0728855358752785,0.0666869341882314,0.000432518384107721,-129.978067779299
"314",314,0.0828037683276752,0.0936227239906661,0.00127258720378381,-131.547773146729
"315",315,0.054194244782974,0.103697588063205,0.00058746556114403,-130.706431836619
"316",316,0.0998332903631405,0.0770309885325715,0.00123461448678581,-131.099367197922
"317",317,0.113169050437905,0.076932157389066,0.00112198514742983,-130.804462915731
"318",318,0.0657620125459172,0.0526554229786665,0.00046261444676434,-130.402152733253
"319",319,0.0951855673532672,0.0860878561680809,0.000601247567523541,-129.968711989242
"320",320,0.0747892084490704,0.0895171514670605,0.000524831431802789,-130.100394129889
"321",321,0.0985368449612097,0.123295916289413,0.000554297242417948,-130.818136808676
"322",322,0.0391216899583705,0.11205161907957,0.0017090630929598,-131.088550926964
"323",323,0.154270547275784,0.109223469552681,0.000538188573633361,-130.853567684287
"324",324,0.108765652838098,0.0984968755215178,0.000626638772753058,-130.262589210354
"325",325,0.115467164791031,0.101803078534923,0.000758937966762328,-130.596130041397
"326",326,0.0796342713031402,0.123641097599202,0.00148573326879411,-131.90540696141
"327",327,0.0356835661750145,0.080878811838913,0.000709938001516447,-131.211308161093
"328",328,0.12322353824503,0.062823919169938,0.00026880362637268,-130.467076146961
"329",329,0.0746831254407064,0.104560252247342,0.000241702979678391,-130.803636764268
"330",330,0.075356209280612,0.116608738025127,0.000562791438228955,-130.737107658388
"331",331,0.120393715771171,0.0801364297880881,0.000783286237130031,-130.267384320343
"332",332,0.0897037110411097,0.0941735968295288,0.000423283592239253,-130.00745319318
"333",333,0.083159971605116,0.0546923361616747,0.00070823966154026,-129.94916127222
"334",334,0.0958254433309156,0.0960771511208462,0.00114796552327542,-131.292324314312
"335",335,0.0210521808495779,0.0932985292451107,0.00098325141640834,-131.403366100807
"336",336,0.124656579571073,0.0803825033799733,0.000346596692688024,-130.063515969768
"337",337,0.12878233603979,0.162456415803616,0.000251581249859719,-132.096835306891
"338",338,0.129929802966148,0.114368263108687,0.000498645792350652,-130.580566935914
"339",339,0.157405750244256,0.113413842546107,8.76446905388011e-05,-131.514167760395
"340",340,0.088239249259018,0.0476910425622802,0.000389174887751641,-129.994755348065
"341",341,0.0658099722072081,0.117519605621947,0.000617852700355331,-130.801694960777
"342",342,0.107090080088173,0.0557992773161341,0.000530103654798325,-129.850015905466
"343",343,0.0820444853439776,0.159044232106081,0.00059295388904602,-131.851700477162
"344",344,0.206537748572546,0.157808260182936,0.000757509136574112,-132.423758585936
"345",345,0.00965510817592205,0.158343439550778,0.00164732329356294,-131.02074570151
"346",346,0.0216371502973394,0.142143363226085,0.00177668483130016,-130.929524752533
"347",347,0.0701940649510193,0.151291981376444,0.000723909232311026,-131.53975853903
"348",348,0.0145892240577517,0.130972835094896,0.00488889945396597,-132.89709807352
"349",349,0.0371743645308498,0.169519327718166,0.00732638542458192,-135.578683343087
"350",350,0.00856892965994533,0.124413463032033,0.00628935531519161,-134.398348465603
"351",351,0.025793074000152,0.17137969311099,0.00332511200026333,-131.72603311796
"352",352,0.0882557106875714,0.153020258414195,0.00380771494617124,-135.911188762131
"353",353,0.0738846012703404,0.178048163607198,0.000361946044103597,-132.725687728513
"354",354,0.225163193827738,0.187296036343028,0.000931975787905909,-133.689728703964
"355",355,0.214387662241061,0.145807905149837,0.000571224729384105,-133.439275736101
"356",356,0.151268566961974,0.125463514843768,0.000734535613340675,-131.427716274236
"357",357,0.0210044874712218,0.171292950924561,0.00144921203448086,-131.288326935607
"358",358,0.0502544654679221,0.0568325115704688,0.000862812021009898,-131.258289012227
"359",359,0.0643958973276589,0.0443747241775314,0.000727448261666657,-130.810377716353
"360",360,0.0571616538839003,0.0903129258777094,0.000440391755035814,-130.590472852623
"361",361,0.103815878089489,0.0567076215178801,0.000245511855422059,-130.199515583087
"362",362,0.0904262727002006,0.0820052198737505,0.000641536723586982,-129.963489530802
"363",363,0.0849112939323692,0.140235456217283,0.00115922069066894,-131.627785323038
"364",364,0.0688967181090701,0.183209436095703,0.000964539000603677,-132.276750462387
"365",365,0.0631959621859619,0.153910240039718,0.000922452749479828,-131.501550619585
"366",366,0.0789975102085475,0.0194037833340218,0.000525178476217779,-131.838711478771
"367",367,0.0667205441346279,0.14186346657404,0.00135416339766223,-131.421822045403
"368",368,0.0687556243428319,0.067256273748754,0.00128428500341495,-131.422832380604
"369",369,0.121462094391829,0.0697461337611403,0.000683133131082805,-130.081725495297
"370",370,0.0961784726542361,0.107527647799423,0.000383013797091895,-130.270002581108
"371",371,0.0832577702836912,0.0625861940357747,0.000559084503496537,-129.805882394728
"372",372,0.117568618771501,0.127630318147371,0.000644981313557865,-131.06854854225
"373",373,0.100743842713382,0.112545251701744,0.000281644452293094,-130.42916500637
"374",374,0.0908757982145665,0.0558406942138385,0.000487251909082738,-129.749992652382
"375",375,0.0759385408709339,0.0704966891440602,0.00045219772411336,-129.898651518514
"376",376,0.0792916575396471,0.0562455648929843,0.00152974869268592,-131.908652425058
"377",377,0.0980068823824515,0.0648778939677506,0.000771278103154444,-129.927761714086
"378",378,0.0931765791455887,0.0340520333947866,0.00116256204021616,-131.04458950547
"379",379,0.0925071765912481,0.110404420163512,0.000340284137253654,-130.406453805092
"380",380,0.111420307117843,0.103440704137621,0.000538363715627529,-130.263431683765
"381",381,0.0216548236500754,0.156992875084368,0.00169674944593418,-131.109187370152
"382",382,0.0255610099665286,0.155178455695884,0.00322590350910005,-131.611961460826
"383",383,0.028112603920383,0.180340329821401,0.00147209137074369,-131.479072451631
"384",384,0.0496878891865787,0.167647211001263,0.00128965812743323,-131.628271434509
"385",385,0.0158973803539836,0.0989112745821639,0.00139092044224614,-131.321204499738
"386",386,0.147891160548622,0.0862128456317471,0.00123499945267779,-131.99121348771
"387",387,0.0449717514349039,0.16696119534055,0.0018698184618502,-131.594161351013
"388",388,0.0120371735360121,0.110791449350561,0.00250568253416406,-131.418174634739
"389",389,0.0074919932657457,0.107903036924294,0.00288364205504408,-131.775089088171
"390",390,0.0351301252668731,0.158555824210307,0.00190138828131984,-131.294247852966
"391",391,0.0204494434124244,0.156891005220488,0.00227743704445064,-131.127353111925
"392",392,0.0207866697652612,0.147966915744416,0.00302671003372926,-131.363634864855
"393",393,0.0281761233729122,0.0994144511330839,0.0027443168635138,-132.449132338238
"394",394,0.0257548807910199,0.103166788636205,0.00244962125403006,-131.809829815034
"395",395,0.00549098792048236,0.110788460716512,0.00174730996751881,-131.266741390097
"396",396,0.0118911314755596,0.154958585516488,0.00481780546489628,-132.198870920913
"397",397,0.000982640199767978,0.154690881633757,0.0095642107763729,-135.573831897296
"398",398,0.000220387754896138,0.171480932479548,0.00784737094297457,-135.08422833696
"399",399,0.00496385501431516,0.167698225526119,0.00486866162565377,-132.140155041784
"400",400,0.0327136004663479,0.143463233417528,0.00269450610159959,-131.469748396543
"401",401,0.0244865837013394,0.18643736226178,0.00213040480799192,-131.887546399791
"402",402,0.0318841984414351,0.149751030412629,0.000852217584652118,-131.405764976464
"403",403,0.17906045056202,0.165946519013702,0.000528186741285247,-132.412519076351
"404",404,0.221408686595261,0.160349592684548,0.00164471095674851,-135.350360140174
"405",405,0.0572879216304527,0.149452031194155,0.000820693294565772,-131.407671900949
"406",406,0.0132823501651819,0.139835403414625,0.00384200051988056,-131.733032520102
"407",407,0.00963046725099979,0.137758637924777,0.00154299095627781,-130.961316396634
"408",408,0.0296015783160323,0.10981441087052,0.00141274270548618,-130.882897288177
"409",409,0.03769323628436,0.148814949439319,0.000926084114203286,-131.304790696036
"410",410,0.0585721585013643,0.140687537147892,0.00065471240841955,-131.320922173731
"411",411,0.068657008839887,0.097532560244237,0.000593444883606346,-130.399363345149
"412",412,0.0697852026350036,0.0887606779556985,0.000744520491682826,-130.363534227355
"413",413,0.0827479790728337,0.0690632532823118,0.000680483684721798,-129.926056763233
"414",414,0.0904078106070757,0.10937203801863,0.000999250522460463,-131.179053222401
"415",415,0.0592956966951697,0.147671904571618,0.00142276589221437,-131.396055042475
"416",416,0.060081537130232,0.152669593716004,0.00109016904898612,-131.427960275566
"417",417,0.0987184029893159,0.120444133481089,0.000157396603058099,-131.029810761896
"418",418,0.107783501825666,0.0887942973830622,0.000893113035423722,-130.539413836956
"419",419,0.0991464235826134,0.113095661487274,0.000529906218686408,-130.482456323327
"420",420,0.131939771817008,0.109538813838953,0.000376911147234669,-130.410893865297
"421",421,0.0732982930443481,0.128581000808677,0.000143055716743444,-132.097436001759
"422",422,0.142806817482572,0.100733812361467,0.000334986066342342,-130.485648895409
"423",423,0.107847192607452,0.0563135121502765,0.000771696655998264,-129.979005504593
"424",424,0.096156689586003,0.0433780930686349,0.000861835564671724,-130.119775038877
"425",425,0.0715865997753079,0.143838263199927,0.000970654262965497,-131.353311464838
"426",426,0.0985251870229455,0.190289646530892,0.00154801038067432,-133.025891919298
"427",427,0.0249231407417749,0.179915634306681,0.00141276036388256,-131.482152864952
"428",428,0.0446354031510703,0.113489207860939,0.00142993793281184,-130.939989401083
"429",429,0.0280467367955271,0.115925136510846,0.00135285347004872,-130.840000801218
"430",430,0.0455094430459841,0.183721488744766,0.00243369698117253,-132.067803494127
"431",431,0.0238063507985382,0.121079141324318,0.000732925680200186,-131.305075257038
"432",432,0.0223297359225334,0.093967598491135,0.000883529558969525,-131.396661307837
"433",433,0.134474970822525,0.100761066881129,0.000318222398065158,-130.325539805713
"434",434,0.141039148082225,0.123407824079913,0.000695142971022091,-131.201730476916
"435",435,0.0606087073319587,0.0443153302283281,0.000274611472486751,-131.538998106726
"436",436,0.0983698094250637,0.0968616704031298,0.000223874677807222,-130.207459707401
"437",437,0.0892622622794638,0.0517752452793385,0.000354351683960976,-129.96254375628
"438",438,0.0682897803010504,0.102355745499611,0.000717335032513138,-130.552056499459
"439",439,0.0618666527429826,0.0616074699103897,0.000998984735949646,-130.904495682912
"440",440,0.0823850346787417,0.0561952716415814,0.00148985549077093,-131.695502805272
"441",441,0.0863127079606273,0.0420051142060353,0.000603557147728896,-130.006940709917
"442",442,0.0879963054923891,0.0397326616384189,0.000401423644486721,-130.235464868047
"443",443,0.0842820980802297,0.0781559358208942,0.000723065538634294,-130.053310941006
"444",444,0.136928308977584,0.0918665299775582,0.000490105324084832,-130.33490318891
"445",445,0.134053938146969,0.078401911343913,0.00109080409138394,-130.961778258678
"446",446,0.0428287759051733,0.162733510313002,0.00171478068563148,-131.451058754852
"447",447,0.0598002311690504,0.160185941516892,0.00216671306049491,-131.986951335989
"448",448,0.0818741883696911,0.0367440687437017,0.000632364529249136,-130.256939301064
"449",449,0.0808577321971536,0.131274242986548,0.000648336688587833,-131.079830825381
"450",450,0.0523904794442336,0.0459945129518679,0.00105190632782545,-132.066777624062
"451",451,0.0706170340009066,0.137694468648146,0.000404087935595054,-131.489517864887
"452",452,0.158132137267353,0.145599119038826,0.000555489325287357,-131.702131172083
"453",453,0.082422300510175,0.0791592191134158,0.000515211543181676,-129.864983996516
"454",454,0.0652220759639925,0.120849883298028,0.000784763246023598,-130.848118330906
"455",455,0.049478552160489,0.0807019653058838,0.000432217918162329,-130.816892388631
"456",456,0.0386696910969787,0.0830530934410893,0.000382186121868925,-131.540183341353
"457",457,0.0937331625439835,0.0707595579192413,0.000200558163615285,-130.192464855675
"458",458,0.0693573365290098,0.0747962278315179,0.000518168197283968,-130.020628380457
"459",459,0.0854599856305695,0.048726333548035,0.000810549095832065,-130.070461387062
"460",460,0.110653304068101,0.0993224678113335,0.000873915125787286,-130.749200524864
"461",461,0.0834338093568772,0.0582286044939534,0.001547938159598,-131.860244882321
"462",462,0.117896192051224,0.103073822062483,0.00159607877936764,-132.801046028601
"463",463,0.0798173614251947,0.0950953658046414,0.000966704122219028,-130.806712084751
"464",464,0.113498762574326,0.0975690771291491,0.000218008338562217,-130.214662141181
"465",465,0.157594240167232,0.0985643123480138,0.000790505526747432,-131.142757368621
"466",466,0.118549577918462,0.110624782941019,0.00027978524312976,-130.351345767091
"467",467,0.0981041018981859,0.0603620058861761,0.000236134242665751,-130.11956798843
"468",468,0.101038653969016,0.0836925088952811,0.000966413764852359,-130.579088202419
"469",469,0.0554474088666494,0.105353365685863,0.000446852255541445,-130.877923385843
"470",470,0.0336585420686804,0.125787007083217,0.00113495346810826,-130.865572145
"471",471,0.0610384657119966,0.04365553173519,0.000304660895775464,-131.41533844794
"472",472,0.0799896787661873,0.0901784168163583,0.00109409696851158,-131.022944501091
"473",473,0.0652729896976747,0.151760008270565,0.00114408301196203,-131.47267958335
"474",474,0.0714762769691198,0.158090419791997,0.000825189425230347,-131.682414048172
"475",475,0.0213818857814448,0.142723666699873,0.00116819563587337,-131.087697479695
"476",476,0.140277000574475,0.142865612770186,0.000952054023024773,-132.29540070703
"477",477,0.147186409903421,0.123208697888254,0.000811676425419177,-131.483368212674
"478",478,0.0744473473469162,0.217562131356404,0.00283279719490464,-133.497306877952
"479",479,0.0578699156393261,0.199850185667981,0.00191705910039692,-132.473180184267
"480",480,0.0875407768642667,0.215715099467244,0.00523842888064382,-135.827903037104
"481",481,0.0425718770855632,0.183130930674409,0.00237230522418256,-131.959432819069
"482",482,0.0205535026397463,0.130646030758406,0.00351962946844515,-131.859207598656
"483",483,0.00181133129613825,0.130789823820551,0.00229275387172277,-130.989774630564
"484",484,0.010086581150941,0.133904405628769,0.00187583323282552,-130.894836653286
"485",485,0.0254030652147222,0.132539927750745,0.00317397661500434,-131.690701756202
"486",486,0.0229983551044211,0.131830927374366,0.00146236662525349,-130.873084790401
"487",487,0.0225014492216179,0.106272523973456,0.00250610047058165,-131.677433978068
"488",488,0.00162796588648715,0.127038790631324,0.00396898792073119,-131.803586779529
"489",489,0.00622872676370533,0.126292057785376,0.00274724862480082,-131.160727336681
"490",490,0.0548308676948246,0.178608946090419,0.00319454414063207,-132.688511668597
"491",491,0.0461434970526233,0.173817002318045,0.00202914483115855,-131.781597228705
"492",492,0.0234820653385192,0.16108351537416,0.00234396319413029,-131.237405695822
"493",493,0.0390095327722982,0.146877777737824,0.00183744268377382,-131.184873370137
"494",494,0.0524109178335145,0.106840387550763,0.00223826320209462,-132.389305676859
"495",495,0.00323222160417767,0.0960346757032001,0.00251883248171317,-132.194994541226
"496",496,0.0193798137063092,0.15300477005317,0.00308452021919466,-131.369410664626
"497",497,0.0141733855019594,0.152936014531262,0.0050286060308121,-132.477599520808
"498",498,0.0191332533961553,0.147349761765587,0.0038006509618825,-131.806682952422
"499",499,0.0205582944904075,0.154622030458891,0.00305342025018419,-131.387381398718
"500",500,0.0057521921089346,0.14996216215652,0.00334841577166969,-131.199324067877
"501",501,0.0199091917795972,0.168776508504311,0.00406789383169021,-131.888081279531
"502",502,0.00130707397276328,0.147199467146717,0.00331457057108801,-131.120855738063
"503",503,0.00119767635482945,0.148823509537035,0.00574302709143316,-132.534274909575
"504",504,0.000361821542912792,0.174399147840586,0.0028191245584389,-133.906611845846
"505",505,0.012878837211158,0.124878198132082,0.00419209523347532,-132.360128724918
"506",506,0.0337209331158721,0.154306306703664,0.00374906608694439,-132.260485683963
"507",507,0.0348926504737733,0.17926378787047,0.000631776251709838,-132.248568806397
"508",508,0.0251955392815285,0.132467013501482,0.00256061711432711,-131.234112630547
"509",509,0.00569369528402916,0.171831817446335,0.00342504361604039,-132.05069236368
"510",510,0.0409407994461184,0.185590072888479,0.00179936336745415,-131.824068662848
"511",511,0.0890354527184493,0.0312814440724088,0.000612681281073086,-130.524486627585
"512",512,0.0729673639839934,0.119181464990425,0.00225319548378881,-133.194459217227
"513",513,0.0745338956859074,0.0267856191503156,0.00147749805028886,-131.904868269175
"514",514,0.0551293283535326,0.198776755244209,0.00172943154678102,-132.347253454817
"515",515,0.0356516969945712,0.109609446658726,0.00104433302522589,-130.80740031708
"516",516,0.0577503889575676,0.0558721430715777,0.0010866144945647,-131.379700861731
"517",517,0.0827870005190182,0.053068023933245,0.00116943305094226,-130.810130098447
"518",518,0.105758989139791,0.0535430596661844,0.00132384589184199,-130.861958936144
"519",519,0.0817092391452428,0.0704477208101485,0.000443709727280957,-129.818956958149
"520",520,0.100782001216926,0.06970047260177,0.000233539584909151,-130.035067826932
"521",521,0.0796405360667412,0.0650742427671393,0.00101647209054388,-130.546594115481
"522",522,0.0667656356382665,0.073199870994144,0.000492192027875411,-130.074140215658
"523",523,0.0787007196689613,0.0558839652783556,0.00021052279536221,-130.596654031945
"524",524,0.0891537007714887,0.100085035769169,0.000407554340723077,-130.137261749965
"525",525,0.147004858003336,0.121165679589913,0.000860288807246069,-131.530779289737
"526",526,0.150559696933206,0.105683439697072,0.000978553831184857,-131.372807694961
"527",527,0.132747160308759,0.109948157488687,0.000681141240439103,-130.774238982853
"528",528,0.151209881519087,0.114000109180552,0.00121370920467879,-132.129815360343
"529",529,0.0525150843650523,0.138575398899562,0.00212414895702818,-131.633271336316
"530",530,0.0663884326551306,0.156935239756201,0.00282918584196524,-132.827088009258
"531",531,0.0397253375032249,0.148521041441361,0.00155925096292809,-131.151888617306
"532",532,0.0159851392649168,0.103613602502682,0.00109572114975507,-131.287868159064
"533",533,0.0536915993171456,0.108939330622853,0.000496162253191672,-130.900067855441
"534",534,0.0926315148958182,0.0420297559809963,0.000834447743259616,-130.098282119357
"535",535,0.053691438454267,0.0762056052860613,0.00015299350978313,-131.727899227571
"536",536,0.134636844207371,0.0675276436291053,0.00110366542059698,-132.139148664093
"537",537,0.0748712980118437,0.0365678161625339,0.000690646589198778,-130.551855055879
"538",538,0.0870379816947959,0.0700666061244134,0.000745231893780791,-129.984394215523
"539",539,0.0944870688546085,0.10284368754825,0.00102836966527343,-131.13086353257
"540",540,0.0351383697074978,0.0256835552385759,0.00192140380616676,-133.356437373997
"541",541,0.0843041632808668,0.213423113948079,0.000763220324710197,-133.363748331692
"542",542,0.0720490718048613,0.0796537121278932,0.000363336934491651,-130.069336165144
"543",543,0.100388361206915,0.0754356764080206,0.00029954170671389,-129.861516470392
"544",544,0.108932266173489,0.085277156785762,0.000508277887776726,-129.898463597421
"545",545,0.100375486591939,0.0651571416977662,0.000422945444574196,-129.718615433724
"546",546,0.0688407403869307,0.0777489440276353,0.000119028668129335,-131.261226690596
"547",547,0.0743212948924179,0.0991597993585183,0.00116209931109875,-131.271817502934
"548",548,0.139198737118098,0.0770597546289752,0.000386457973511635,-130.552880652819
"549",549,0.0773721217508816,0.0750407781954077,0.00105194724476186,-130.732060678195
"550",550,0.13518491385889,0.214738847238701,0.0015220348541246,-134.2719568326
"551",551,0.0650795689102464,0.182612757869266,0.00170966940582262,-132.240385939703
"552",552,0.0484404049927708,0.0844519819077988,0.00100332606983142,-130.940730952894
"553",553,0.0950765195176201,0.0549638111767923,0.000987094251106508,-130.22565596295
"554",554,0.0762893853066911,0.0918030939490585,0.00113170846461225,-131.139363609575
"555",555,0.0145704245984375,0.115090196748142,0.00240839099377167,-131.246589021199
"556",556,0.0118072808572326,0.149918794786505,0.00222957212001236,-130.962611535924
"557",557,0.0299491964731895,0.134798575968474,0.0033638568771294,-131.984256232483
"558",558,0.0651262020166187,0.185336209963454,0.000243093470799524,-133.294654779341
"559",559,0.235729607223814,0.196003295228928,0.000250044415721479,-133.249214828134
"560",560,0.13100771413409,0.110356982926263,0.00134263867832364,-132.309137752352
"561",561,0.11241714544018,0.159644097335873,0.000303691158709552,-132.055314306032
"562",562,0.140997801030384,0.0952374306567356,0.000384138642798726,-130.410197512654
"563",563,0.11250890796904,0.0686948236424395,0.000403504659420002,-129.842269501385
"564",564,0.0722594205230958,0.0644357978287149,0.000524392205686916,-129.978962053458
"565",565,0.0762923131035553,0.117596786723093,0.00148698990052359,-131.847380445007
"566",566,0.0333595484836132,0.159911600009764,0.00228098632547592,-131.385778661139
"567",567,0.0466428204805847,0.189987963418704,0.00250941150727444,-132.189316721284
"568",568,0.0566977517511151,0.202470921897785,0.00337460256944601,-133.001186083059
"569",569,0.0543082057575759,0.169409478405369,0.000540899977280537,-132.188927691651
"570",570,0.151121057622805,0.10534097858874,0.000675949294946101,-130.894691587402
"571",571,0.0987039713148985,0.0582094284388691,0.000542082036394978,-129.718786861056
"572",572,0.108099243803538,0.077597151285197,0.000784972496209179,-130.123888556923
"573",573,0.108356215778185,0.0709563210877569,0.000447085779564735,-129.760552401787
"574",574,0.0656478487001076,0.148994434626301,0.000673002259434951,-131.50223543471
"575",575,0.135046688767934,0.156967655857396,0.000568506348913129,-131.942557764677
"576",576,0.076343606337381,0.0787677838333931,0.000548573801750498,-129.943031818009
"577",577,0.073394380019092,0.0678100134632618,0.000201017104444332,-130.567602942209
"578",578,0.124815852258016,0.0832889504011779,0.00122503360049479,-131.209800337254
"579",579,0.122426465906043,0.117066900953454,0.00153796279847026,-133.052802954519
"580",580,0.076390999511396,0.0769158807813033,0.000785734096917522,-130.205432195068
"581",581,0.121873983894111,0.100946754979275,0.000825117059559323,-130.747702040136
"582",582,0.0387820718869788,0.0902233610349279,0.001002608463475,-130.933732738652
"583",583,0.0333154976042607,0.202706227953348,0.00284401312745955,-133.552892156112
"584",584,0.0663002737476033,0.140868131446973,0.00125814648819993,-131.34419409548
"585",585,0.0262774592853858,0.167831167538324,0.00306372394289388,-131.617595759296
"586",586,0.0278839554553145,0.129890374610397,0.00130530319270622,-130.87489009263
"587",587,0.0884137184680124,0.146612294020077,0.00139993596809477,-132.05035518685
"588",588,0.0682176994119326,0.105821450735696,0.00148370900737618,-131.72730712633
"589",589,0.0769865994720596,0.150228420998945,0.000724969006331071,-131.537577678141
"590",590,0.0107006413090041,0.138339522972445,0.00224172251130881,-130.920558292851
"591",591,0.013088168863834,0.0922528990874912,0.00230738668957801,-132.148680639939
"592",592,0.0129505665382726,0.104717971819008,0.00188055565619514,-131.292662624676
"593",593,0.0693307081460988,0.160124169852515,0.000676628724009896,-131.796965600261
"594",594,0.0132565301965068,0.116868313893834,0.00148445967081939,-131.001700748735
"595",595,0.00805539953255563,0.166649090584245,0.00570501969945417,-132.503024820331
"596",596,0.00503259962223883,0.129988200078065,0.00178616269675702,-130.969669509354
"597",597,0.0325118333507331,0.135826922489454,0.00189098420924899,-131.01385709288
"598",598,0.0217747640620429,0.128379612090872,0.00164268092004475,-130.857695117163
"599",599,0.0202542747373659,0.170771011768329,0.00386877464847637,-131.768752884117
"600",600,0.0149555042715361,0.129791761406991,0.00271499795842904,-131.170627799443
"601",601,0.0385438089016682,0.178996668530474,0.00159622135025936,-131.700271998243
"602",602,0.0174584625670047,0.154708099939735,0.00266811910121168,-131.165934669546
"603",603,0.0027994516535831,0.131383192732282,0.0018442006239852,-130.98452491141
"604",604,0.0260719696855547,0.121502303544348,0.00110085639884696,-130.910674894956
"605",605,0.0415933599159145,0.0982626894167125,0.00100761745753779,-130.795568098062
"606",606,0.0472413732539226,0.111479821936029,0.000848111530423118,-130.755152814843
"607",607,0.154301279531958,0.116392029388031,0.000399987038284489,-130.864514896176
"608",608,0.175534107338138,0.115020610158431,0.00167838582366888,-133.887843091217
"609",609,0.173170341652311,0.223435949696888,5.50368717357807e-05,-134.580175974353
"610",610,0.241896332827073,0.185377647339743,0.000549209056332966,-133.110224573043
"611",611,0.0717795045965778,0.0621511966902879,0.00122981960930413,-131.220950364709
"612",612,0.0842651055341592,0.129487431695202,0.00023093074060135,-131.441740130443
"613",613,0.148061717799517,0.0855151397282716,0.00111291608162226,-131.797369259201
"614",614,0.0617304119858137,0.0964446468985715,0.00110866739341706,-130.990321891932
"615",615,0.136826702690195,0.0949411553968158,0.000354690058462354,-130.324688270089
"616",616,0.163479360466417,0.100644407531702,0.00138332525547375,-132.964638836091
"617",617,0.10847937282491,0.162397533439797,0.000292566833744481,-132.207508435807
"618",618,0.150370211674185,0.125741039651007,0.000471786200814222,-131.017547971594
"619",619,0.0564266446890302,0.0892756556317054,0.000899786798234873,-130.709691292195
"620",620,0.107568256973051,0.154698301954033,0.000609383970543818,-131.797069336013
"621",621,0.1088790438035,0.153679584501045,0.000879742506298971,-131.995985020419
"622",622,0.205715918358674,0.142396700650962,0.000394816138222247,-132.269102153064
"623",623,0.0748016248040874,0.0878169443509412,0.000421580079659034,-130.068247301242
"624",624,0.0680745912075061,0.0650147573274559,0.000805483499981202,-130.336032968372
"625",625,0.0891856680907364,0.0591431451396251,0.000958548616332613,-130.261041683278
"626",626,0.0987847176738052,0.0678162677217463,0.000262839653338958,-129.955643222564
"627",627,0.0799550670879116,0.0875823763195433,0.000580506098854402,-130.040740521151
"628",628,0.103567342504948,0.0966253713177542,0.000219422614041479,-130.19413043544
"629",629,0.0872429398460558,0.10694034644256,0.00124024936112981,-131.686143267779
"630",630,0.102351079520289,0.0468508942272248,0.000433422943518979,-130.057851580182
"631",631,0.0780562663673436,0.0849767695392067,0.000459933331836118,-129.966092458449
"632",632,0.128590835994353,0.10912456256374,0.000404449641614209,-130.380874100448
"633",633,0.0797314272919005,0.129988971129758,0.000303611876408415,-131.34326638425
"634",634,0.0393713927923561,0.106056466867466,0.00182856667554689,-131.319155013304
"635",635,0.0523807676074539,0.13585505160214,0.00190521836864275,-131.44182030984
"636",636,0.0373746133740396,0.124716135676451,0.000634756769910649,-131.217353649796
"637",637,0.0266196557533443,0.0871905342674361,0.000778275643090906,-131.45375699165
"638",638,0.0153759729696669,0.163681393979439,0.00412334076703468,-131.781042198726
"639",639,0.0104644041926573,0.1711094699339,0.0051742048563086,-132.335104244156
"640",640,0.0133133303036051,0.147871398635414,0.00295566615932168,-131.176401569324
"641",641,0.00398140770062714,0.152286793026159,0.00314240599478181,-131.0580465334
"642",642,0.0267306732334711,0.133256158248812,0.00409496636588877,-132.600109028486
"643",643,0.0077487438067094,0.169704056870722,0.00296047419465714,-131.425169329545
"644",644,0.0596717202519364,0.153639003279636,0.00295198279555553,-132.668493250934
"645",645,0.0563236176822425,0.125262113967714,0.00206924496213156,-131.809428316335
"646",646,0.0100569388735611,0.165292024521512,0.0039616700545149,-131.481229023291
"647",647,0.00571803420412407,0.136568153030669,0.00607551201616699,-133.407297263768
"648",648,0.00436740457126416,0.137781491508187,0.00932888860653723,-136.709261072113
"649",649,0.0125523932247086,0.173699440580296,0.00325374041799514,-131.555933156826
"650",650,0.0196136727585059,0.150022054750524,0.00411537671719454,-132.02947265892
"651",651,0.0586836642841429,0.148632806313124,0.000469003247903636,-131.76163191905
"652",652,0.100464074465171,0.0950974780360342,0.000223347411513539,-130.173823585597
"653",653,0.154404501289436,0.127508704428325,0.000856205630746327,-131.754050823386
"654",654,0.0989268991062026,0.0522689842709812,0.000764336937577888,-129.903370866934
"655",655,0.114605429503065,0.0795301597398795,0.00040524424718894,-129.860565665273
"656",656,0.098703570033468,0.0605558418619745,0.000382278711694442,-129.772452836265
"657",657,0.0841400935393168,0.0361949639454087,0.000405000198222864,-130.433037991584
"658",658,0.0976228706500675,0.152922941609544,0.000577337542538067,-131.70688007963
"659",659,0.119572090282228,0.091282814088316,0.000544473375203744,-130.095872712858
"660",660,0.0764949107850446,0.0744851480764775,0.000520910406517179,-129.899057673978
"661",661,0.093334928502623,0.0739360950632857,0.000801341024641523,-130.086952092062
"662",662,0.124873957288345,0.0680498667122748,0.00125853102258812,-131.130102220946
"663",663,0.130933386661567,0.110844605172577,0.0011053442038696,-131.704329775265
"664",664,0.0705163929953188,0.102128077201244,0.00055365716865091,-130.457476443801
"665",665,0.0958139934251384,0.0726246123142898,0.000519804755939104,-129.73930968444
"666",666,0.118357601081095,0.0629513578381339,0.00128171543549851,-131.003219708761
"667",667,0.0682795432542631,0.157689136854264,0.00163536630032787,-131.835714305025
"668",668,0.00807646096906361,0.163575489924541,0.00205264998254615,-130.959436430451
"669",669,0.0277521576059154,0.133458170159305,0.00106201120350901,-131.004654131005
"670",670,0.0657174430478646,0.219071841802722,0.00183024063822798,-132.840682385316
"671",671,0.0641519923748868,0.18349662684098,0.00281257252157188,-132.792041856877
"672",672,0.0152460566636509,0.164223007293893,0.00201812767433187,-131.055011015671
"673",673,0.0122287141344572,0.152803352065564,0.00067616798806437,-131.926526108938
"674",674,0.0550023217200603,0.176644008235294,0.00231358675100237,-132.142736655882
"675",675,0.0202847171835113,0.107847577641776,0.00110032167607363,-131.07557638528
"676",676,0.0594159831079814,0.113077323727869,0.00109229856909595,-130.874994152366
"677",677,0.0539771936430516,0.0986212584225628,0.00190311897637984,-132.185593169263
"678",678,0.0483939299113079,0.139753976319087,0.00100068732963655,-131.104145444995
"679",679,0.0665493026043373,0.107452052784002,0.000933561301993204,-130.78614660695
"680",680,0.0391649190952727,0.109317752958282,0.000803115114773318,-130.849391821458
"681",681,0.140531812432205,0.103904192281323,0.000427476150021189,-130.471750196127
"682",682,0.136828610703234,0.110574625774342,0.000910198079426551,-131.278751028676
"683",683,0.069253189047345,0.0563257072774508,0.000727601370726363,-130.280263568557
"684",684,0.114423883407147,0.0508062412228047,0.000467094300658996,-130.504716490612
"685",685,0.0786499555878941,0.077597580286611,0.000406774087171212,-129.901607846603
"686",686,0.106814566474436,0.0644942313148471,0.000720279878980919,-129.896328949205
"687",687,0.104648324217713,0.0613102350290521,0.000501255126318806,-129.745255703614
"688",688,0.073946204984903,0.0824492485130779,0.000613543215654138,-130.062278283296
"689",689,0.123963540957173,0.0989527175528979,0.000463319125357871,-130.1915058768
"690",690,0.036942907239557,0.140893888824881,0.00248250623983825,-131.444202984259
"691",691,0.0086420617477116,0.11075498326614,0.00117547540306561,-131.375980725836
"692",692,0.0632780336745618,0.173240623017932,0.00192533654961852,-132.108351276456
"693",693,0.0210814061603701,0.184609456822046,0.00412458670867051,-132.441866997145
"694",694,0.0202779944398231,0.108219545596212,0.00151262217587428,-131.005999274019
"695",695,0.0517508051747504,0.117707186099098,0.000877021501834481,-130.796856116137
"696",696,0.173577858550837,0.116744562818524,3.26090842561379e-05,-132.43948960837
"697",697,0.105783192116979,0.122698733639643,0.000344956070986306,-130.66394730521
"698",698,0.130610845617962,0.113741530353068,0.000614491274222448,-130.731461827086
"699",699,0.0465565953497795,0.145680437669398,0.00286828452763451,-132.069249411453
"700",700,0.0279428580977037,0.145620153604112,0.00297598065959689,-131.519579349369
"701",701,0.00465299294625854,0.114591210811222,0.00424353320699867,-132.581481317845
"702",702,0.0199888683910076,0.161086580122153,0.000636718142400028,-132.015590082793
"703",703,0.0708098858874034,0.0178806756672483,0.000776614536243002,-132.045180552761
"704",704,0.0729761186639165,0.148071739479574,0.00131856682969274,-131.607402514351
"705",705,0.0475840168216599,0.16084708381901,0.00216325620302512,-131.664251038445
"706",706,0.00966891817540547,0.148413730108797,0.00202736314044108,-130.932305579439
"707",707,0.0601692360038083,0.140111639561691,0.0011715803574112,-131.205111249178
"708",708,0.0423316688747248,0.141001256053735,0.00122919214265821,-131.053266996918
"709",709,0.0523507461603998,0.0698564963963264,0.000440646968047302,-130.642803830839
"710",710,0.0736567119718999,0.0606311922676472,0.000310238460295656,-130.226020951276
"711",711,0.101945641600532,0.0841991111489492,0.000446769387079982,-129.833032704829
"712",712,0.0936392443163336,0.0723622284053016,0.00052155262599256,-129.74334368603
"713",713,0.0799881855407972,0.0438269681149984,0.00121970735450992,-131.005542951037
"714",714,0.105757578083898,0.0956757914227996,0.000636877501858416,-130.207635539839
"715",715,0.146667346561123,0.0843382837143975,0.000569086745962347,-130.778223786598
"716",716,0.126711710931989,0.117450279543805,0.000299284887898192,-130.524184534431
"717",717,0.099333999417458,0.064424563884972,0.00108287570723691,-130.494502169403
"718",718,0.0686250140913317,0.149174142963747,0.00201551450067626,-132.084281758615
"719",719,0.0209068388341756,0.174605348077852,0.00297270162121973,-131.39141106602
"720",720,0.0129900302010739,0.160824510791296,0.00258623748883558,-131.068533511677
"721",721,0.00793322380937055,0.14191071171368,0.00223854078474658,-130.914616155025
"722",722,0.00383810940016511,0.0748694005708142,0.00128027372199186,-133.631710108351
"723",723,0.105747137918968,0.089171159347876,0.00141946675310173,-131.893246324761
"724",724,0.0268963586788498,0.175307686087234,0.00234296447655922,-131.410416123023
"725",725,0.0128680874564469,0.173480575263565,0.00232770858299041,-131.367387546457
"726",726,0.0415179897506866,0.056081270654904,0.00226074927610438,-135.689676096848
"727",727,0.0896336394955982,0.232815073722518,0.00104397525589238,-133.706940224692
"728",728,0.0793083853609295,0.169740158414802,0.00189034419573076,-132.458798599241
"729",729,0.0876685467577025,0.145300233685603,0.00139758656381479,-132.017191029677
"730",730,0.0926917892453918,0.150291563160219,0.00263712739269541,-134.196740341197
"731",731,0.0380652377206161,0.118268913763986,0.00260982535423907,-131.87303686839
"732",732,0.0540447708902085,0.146975183123487,0.000826940841406721,-131.340685842745
"733",733,0.0946389397440649,0.0712420793230352,0.000682893279485294,-129.87224015624
"734",734,0.089096862909875,0.144480296211624,0.00067065028260249,-131.443658227937
"735",735,0.0372341759105775,0.075313172743642,0.000836490708038783,-131.304129994051
"736",736,0.0679527389995046,0.0811450321478808,0.000227056151891913,-130.549372228548
"737",737,0.0677290260217178,0.0723257457113983,0.00128475197605455,-131.439923563992
"738",738,0.077434335448972,0.0922583102905482,0.00116064047533533,-131.218634014569
"739",739,0.0590522892389796,0.131868553177093,0.00229006037899536,-132.114110265692
"740",740,0.0705131418232964,0.167889188531995,0.000521279698668303,-132.165855209451
"741",741,0.114992104574517,0.0520382492244828,0.000560438717908898,-130.423158667271
"742",742,0.088223230893382,0.0857335901258434,0.00158949846686535,-132.372147664053
"743",743,0.129303341263363,0.111091951868253,0.00105119811346957,-131.568338851993
"744",744,0.0704450421351958,0.0899153510843871,0.000259601059501619,-130.477209176361
"745",745,0.0713202302728716,0.0663879382817767,0.000961553728497628,-130.562219538032
"746",746,0.115242104798339,0.087270975912985,0.000635628490582824,-130.099781419805
"747",747,0.110058118163035,0.0825747268424146,0.000320464377256948,-129.892160966827
"748",748,0.0623605401388844,0.0838422723897259,0.000700810187478139,-130.369726139887
"749",749,0.0460423273638157,0.17603884883098,0.00154637968868934,-131.753362013558
"750",750,0.0468991592129001,0.165316592186045,0.0026164115885958,-131.941112731736
"751",751,0.0419842687198842,0.135468403618636,0.00167605576823665,-131.068494305717
"752",752,0.0475504915487142,0.165057086119997,0.00131034726146753,-131.545864544467
"753",753,0.154583505249059,0.209012410784176,0.0021931212973355,-135.805696045496
"754",754,0.168292421745362,0.219168970653695,0.00195210198819041,-135.925722306842
"755",755,0.157871133067758,0.121074365935087,0.00184483540756464,-133.763623628741
"756",756,0.109163227444847,0.0513921865332908,0.00133410789149616,-131.110209549114
"757",757,0.0870174427742021,0.0398478930329134,0.000562209812318601,-130.067241020539
"758",758,0.0785854223659099,0.138818352912716,0.00174578079069141,-132.156258850283
"759",759,0.0146515802156414,0.135512501132837,0.00612359170465948,-134.006316203427
"760",760,0.00581542712083645,0.148505923883483,0.003093690476286,-131.107792724106
"761",761,0.00317299310215535,0.113020777997068,0.00298011282805979,-131.626094233045
"762",762,0.00267812114009665,0.159313228559607,0.00197902107883197,-130.934450608021
"763",763,0.0167762640180827,0.127616766508127,0.0020984271621605,-130.938804084846
"764",764,0.0174396415571522,0.159365382844955,0.00177227228183834,-131.096804885548
"765",765,0.000427556670357848,0.124522621956761,0.00137692830124063,-131.309700008343
"766",766,0.0665212858578493,0.066528671543674,0.000994688754465733,-130.730413847809
"767",767,0.0236092382585118,0.157516761269597,0.00266352597007638,-131.30245216009
"768",768,0.0304887143572611,0.104656009261713,0.00161856064299279,-131.055550330229
"769",769,0.0239509601640917,0.174890375216219,0.00302251244765203,-131.50274085248
"770",770,0.0601076900564152,0.190813800009011,0.000552659166187386,-132.750860589006
"771",771,0.110239840594668,0.194056309426562,0.000310286954202675,-133.300763428407
"772",772,0.246530269698997,0.239598715881061,0.000233958393178821,-134.659286333732
"773",773,0.107186841908849,0.103954738895435,0.00049385183508558,-130.214828257875
"774",774,0.068460992258932,0.125209046933519,0.00122768582242144,-131.207193729761
"775",775,0.0324415477207947,0.118258324768937,0.000745357528036343,-131.079196121178
"776",776,0.136851017469688,0.10643771813591,0.000866596494509301,-131.087423181452
"777",777,0.0457119295964415,0.100630941431705,0.00042471292337013,-131.135103197637
"778",778,0.0425003540889923,0.0577787200986325,0.000901473223703572,-131.773119205059
"779",779,0.0569572919335501,0.0963240495199885,0.00037734729820801,-130.806435109781
"780",780,0.158870335725575,0.0967536539626858,0.000982298359869701,-131.762961658165
"781",781,0.130455929979149,0.145441854444006,0.000627867014107913,-131.634783580817
"782",782,0.0652287042337497,0.110140097613176,0.000327583482216384,-130.996515856957
"783",783,0.147622263566548,0.121305745641517,0.000433383762594144,-130.854731618588
"784",784,0.0908683271610477,0.0440352740654484,0.000576444998847045,-129.91899095664
"785",785,0.0976812152522075,0.0715140021849907,0.00122909996702243,-130.980278643728
"786",786,0.118622149626651,0.258336753975402,0.00150403459830098,-134.817404005761
"787",787,0.10868870693687,0.241085949033645,0.00126298445846514,-134.319712826301
"788",788,0.0888058013482629,0.101226012103133,0.000832228448141386,-130.649905762599
"789",789,0.136559285748338,0.151604740285664,0.000853985246720858,-132.286859719132
"790",790,0.0558180451209879,0.139168887424181,0.00107290707499636,-131.128096307144
"791",791,0.0562380392537147,0.138689086564071,0.00111473385538114,-131.126944856761
"792",792,0.0108915624362483,0.0955615236980412,0.00174125716556132,-131.659045317202
"793",793,0.0265056268444712,0.17785444778992,0.00111687470666204,-131.592528209425
"794",794,0.0273508124785452,0.136610304947828,0.000853486236698861,-131.225123225536
"795",795,0.0604289354106588,0.0827974252217396,0.000744295230712213,-130.448564475506
"796",796,0.113655376787303,0.0598943351794676,0.000257251466405972,-130.275365934237
"797",797,0.0990849087252993,0.116045185412672,0.000426708424991711,-130.503204381096
"798",798,0.153959263632335,0.142929612141424,0.000301893967613641,-131.352387192006
"799",799,0.180498288616445,0.155390237592872,0.000340032036008247,-131.953389775706
"800",800,0.0609364371113493,0.0473098682521227,0.00105274030076623,-131.449801206519
"801",801,0.0570799007831533,0.166539671733185,0.00193222388030309,-131.859395546773
"802",802,0.0637271552890332,0.145076309798386,0.00179069411049716,-131.704237591131
"803",803,0.041986954075976,0.150189106441418,0.00241155483106032,-131.561173440291
"804",804,0.0150988787589257,0.134539688046545,0.00228069631660096,-130.956709581692
"805",805,0.00233512361405301,0.149345682343039,0.00424845000312719,-131.567035192181
"806",806,0.019994536686315,0.179970151922268,0.00107378790442869,-131.933381044656
"807",807,0.0422339017529246,0.200054157610958,0.00182848214388151,-132.138523971074
"808",808,0.0542816968100802,0.129225308498212,0.000376041042147779,-131.555686774163
"809",809,0.0357963781518932,0.0693657917442707,0.000926882306656369,-131.696559108767
"810",810,0.112991570332922,0.0846393760989013,0.000672098351939383,-130.090140605224
"811",811,0.0408851952784914,0.0941057606590606,0.000617414199280979,-130.931539697967
"812",812,0.0975040354588783,0.134099860369862,0.000393616931602742,-131.140726979515
"813",813,0.188823448219959,0.122885756438035,0.000961523196640503,-133.092766992758
"814",814,0.0835349402199354,0.0637363185344557,0.0011639616468457,-130.841015512692
"815",815,0.111259077213857,0.0716362780209644,0.000511818248236401,-129.802259349283
"816",816,0.102867884061651,0.0515111559408591,0.000362621779506043,-130.017053035254
"817",817,0.0987210625597559,0.106459426566687,0.000257976492269045,-130.319640746728
"818",818,0.123754002382136,0.218903117496748,0.00148621144587705,-134.085442187256
"819",819,0.0517381382517461,0.0802230340998484,0.000699429977293988,-130.630863547983
"820",820,0.134536521248533,0.115231727172638,0.000115069438345596,-130.963198695155
"821",821,0.0803101703967427,0.114904359219287,0.00309728734169962,-136.438175712384
"822",822,0.0507346845856459,0.132988067567634,0.000980001633445701,-130.999561028589
"823",823,0.0609071806112911,0.09120668730236,0.000852325368157975,-130.626936729779
"824",824,0.0138031548428006,0.108374594897875,0.00122126650492528,-131.201341816192
"825",825,0.0153131339029871,0.164325129032813,0.00286512981319045,-131.193350432924
"826",826,0.0347227023440448,0.187224673997955,0.0010167693586771,-131.886019947844
"827",827,0.0409622144404874,0.182955787625188,0.00382294204848421,-132.609464939766
"828",828,0.0411356685006813,0.191121534434722,0.00388205814561309,-132.587379139246
"829",829,0.0403477247239275,0.171164205013051,0.00267524143331427,-131.854734505437
"830",830,0.0175414960591963,0.155171017698629,0.00347726634175265,-131.532786660066
"831",831,0.0161514144518393,0.108647679847449,0.000827279311803761,-131.466164964611
"832",832,0.103922946815771,0.0771269529862082,0.000638951570243377,-129.891050801519
"833",833,0.0921804170257046,0.0558280828213894,0.000161246689009464,-130.657365414567
"834",834,0.0661473298350937,0.0867777563684106,0.000141168699335606,-131.222549081723
"835",835,0.11100698025512,0.115469433684555,0.000600170059931033,-130.635713951183
"836",836,0.0980929587798807,0.113736478204973,0.000438964572334504,-130.443372691564
"837",837,0.083480485531954,0.062001316484573,0.0019448034610053,-133.152721755528
"838",838,0.124031800162882,0.0868832457365153,0.000357172617898103,-130.042058268542
"839",839,0.142574945337103,0.182580566477304,0.000463803196936353,-132.759054979923
"840",840,0.147732224623135,0.162536924823611,0.000759010418858144,-132.500583849431
"841",841,0.121841599635578,0.134879428018869,0.000329470305812971,-130.994030547143
"842",842,0.127544949125845,0.074328730598648,0.000990998587337696,-130.609016449119
"843",843,0.123912342773423,0.114681080864647,0.000961117012172927,-131.415273292781
"844",844,0.0383097699768343,0.065514104124847,0.000385078285280094,-131.851497996042
"845",845,0.127743262312098,0.0831541623261218,0.00019944626838765,-130.382121679987
"846",846,0.0592080374641346,0.0915062046326841,0.00178638583410758,-132.539952108952
"847",847,0.027888761199008,0.137580374738918,0.00117367821528612,-130.992799310375
"848",848,0.0205756523596942,0.0648177932850589,0.000391663644567427,-134.025071532762
"849",849,0.0122680967676431,0.160956197009053,0.00565604555097696,-132.713594188613
"850",850,0.00920916799094164,0.142392137600431,0.00593625673775132,-133.251640262779
"851",851,0.00992767511170609,0.137287001470299,0.00661277909461096,-134.148837912051
"852",852,0.0129288367431896,0.176761056592282,0.00464415817472983,-132.413285806527
"853",853,0.0141365881510035,0.167949109965863,0.00350390548738893,-131.381056479124
"854",854,0.023531444681055,0.149986455008666,0.00260873335805291,-131.225049790664
"855",855,0.0340723703051041,0.140565903461662,0.00175863799266706,-131.02472918449
"856",856,0.0107418554664222,0.105507967334945,0.00158038707034842,-131.271003303554
"857",857,0.0549815942266763,0.141984292962193,0.00224646945245166,-131.823239573831
"858",858,0.030939165654303,0.127474551696181,0.00293082159708527,-131.742338955769
"859",859,0.00970548143679371,0.123783230483966,0.00163279788601168,-130.969202985107
"860",860,0.0131879452406589,0.153877577661766,0.00385140334133082,-131.624435714513
"861",861,0.0221613335127132,0.10432886694438,0.00104218690300621,-131.098752967888
"862",862,0.0567500398818242,0.130536705821129,0.00259075107216126,-132.426077327534
"863",863,0.171953760936912,0.124516064782766,0.00017410609035937,-131.418968179236
"864",864,0.101633416723205,0.122366603757254,0.000431728733757983,-130.692458166943
"865",865,0.0570511109639772,0.156546440769674,0.000465383332772831,-131.979564420788
"866",866,0.16988223070348,0.127705424664526,0.000370048483020294,-131.277299486483
"867",867,0.0651472705568367,0.103600381507165,0.000539469043958333,-130.561563009193
"868",868,0.0291178954828117,0.184894187924558,0.00500759374375137,-132.778988435423
"869",869,0.0278585569099819,0.180089559672989,0.00591890049442047,-133.392474851361
"870",870,0.00408107830833465,0.0984815562634978,0.000950115895893947,-132.258661750272
"871",871,0.130842681679884,0.072167761257508,0.000333557473449425,-130.31112259039
"872",872,0.0977707430741989,0.0827576181734512,0.00150281344153664,-132.002358834035
"873",873,0.130124719120402,0.113833167084012,0.00114624394762,-131.889898200512
"874",874,0.165644589449647,0.121188571681506,0.000919704757336885,-131.725645874084
"875",875,0.12257833934159,0.073327511421284,0.000561162053871832,-130.022614958623
"876",876,0.119813664022022,0.0601299831664534,0.000761431620095048,-130.322048016022
"877",877,0.071886703805516,0.0776708376792899,0.000434621819763338,-129.996737091226
"878",878,0.10952890694614,0.0673005591721793,0.000253961456852323,-130.043004996687
"879",879,0.120956109270044,0.112322474467656,0.000552478835834179,-130.533978666229
"880",880,0.020468764995166,0.0732263013288755,0.00205760163427812,-133.462551977569
"881",881,0.102837049087651,0.115005525549346,0.000354919229749536,-130.439101869043
"882",882,0.140579326478511,0.0807513555367932,0.000758857745058709,-130.705535120399
"883",883,0.140463813740489,0.117624698198837,0.000236839222784474,-130.697620087433
"884",884,0.0915013703576269,0.0782107645035704,0.000802132626262397,-130.153873517494
"885",885,0.110996901939548,0.122860589944877,0.00084415177366625,-131.284715157868
"886",886,0.158600173019086,0.120234803326624,0.000330045325153057,-130.978610111112
"887",887,0.163066787975782,0.118264455504796,0.000855844771638856,-131.532897212906
"888",888,0.0207341667613106,0.112118575920577,0.00287785900936496,-131.786893412537
"889",889,0.044006675141006,0.174356903349713,0.00157723325867317,-131.688344357616
"890",890,0.0295013159508395,0.101338734877437,0.00145330416430063,-131.029267026883
"891",891,0.00902030040011851,0.128474398358261,0.00255885742817778,-131.062475956488
"892",892,0.0290808896262493,0.18670907353071,0.00325815136545229,-131.90611097605
"893",893,0.0303165264069138,0.182902691269727,0.00228093656557204,-131.525370111382
"894",894,0.0636401794821807,0.171496753604551,0.00328302105906507,-133.091406269964
"895",895,0.0621146025947984,0.151301598054531,0.00316806574884085,-133.062337435133
"896",896,0.0348078303571835,0.180426764412365,0.00187934851012956,-131.616576557517
"897",897,0.0451768738088477,0.169237535179065,0.00116366458077557,-131.649552450145
"898",898,0.112527065515495,0.0832787957531502,0.00192168841132039,-133.099518709227
"899",899,0.126977230566823,0.106444906944643,0.0010068152757539,-131.321384702999
"900",900,0.0127113485435476,0.0998858813016047,0.00244865633553545,-131.825794849821
"901",901,0.0189605076949918,0.148794736087957,0.00135785163292476,-131.074751745023
"902",902,0.0629676769955523,0.131023935228423,0.00149519489640514,-131.359907272427
"903",903,0.00385395644700157,0.112566117096588,0.00228750762993758,-131.319508444582
"904",904,0.0145746874014864,0.169223341613734,0.00100109227353785,-131.542114627879
"905",905,0.116595875085341,0.0969712917034108,0.000126519922356028,-130.572569204786
"906",906,0.119161085689097,0.0556284953699594,5.79737716739781e-05,-132.285160354189
"907",907,0.108517076980863,0.0505909790288878,0.000197904708093764,-130.755397381337
"908",908,0.0910965347262539,0.0755499370095127,0.000250275226889135,-130.016533531104
"909",909,0.115763908424985,0.0689400868816403,0.000572711981489043,-129.905675287354
"910",910,0.0511910681101176,0.051441276241617,0.00110024587920518,-131.936675238529
"911",911,0.0720005064554466,0.0814470117516602,0.000205508544931127,-130.524213353186
"912",912,0.114509223829511,0.0773256303657576,0.000928709155785809,-130.417960350615
"913",913,0.0480267272415452,0.057187843727105,0.000755346600610174,-131.228677299897
"914",914,0.0674721722279748,0.109809808764197,0.000953331112282087,-130.828848847594
"915",915,0.0878710225359221,0.220992890593693,0.00381873755618162,-134.664958647733
"916",916,0.0893674893621343,0.254680464665038,0.00168809265655865,-134.934287376278
"917",917,0.0940639845311803,0.109726443713059,0.000481675550170957,-130.373671763135
"918",918,0.0255554750908927,0.113020135214225,0.0011282737996997,-130.908741399617
"919",919,0.0378348261621574,0.0914012563219757,0.00153659897633708,-131.388461657191
"920",920,0.122945157664553,0.0652589592057791,0.000182595626919028,-130.659373528985
"921",921,0.0861534121790753,0.0863985431274683,0.000694901209786165,-130.120076803029
"922",922,0.102871777614308,0.101699869485303,0.000792100779802906,-130.603940990208
"923",923,0.109112116203027,0.0650223035963667,0.000592836998600884,-129.81383076145
"924",924,0.101228655698318,0.0758877251248572,0.000561010692917962,-129.79406094405
"925",925,0.0655884116639835,0.070830329230555,0.000347785302420006,-130.24637042339
"926",926,0.0998997009307753,0.043967784763441,0.00138156757422875,-131.093347960955
"927",927,0.0939317560607729,0.0754594932540087,0.00108314696475392,-130.706795584981
"928",928,0.124228305268988,0.0743378338237055,0.000464234935731511,-130.031676290248
"929",929,0.0666878253920885,0.0626793376656912,0.000512180681110935,-130.136915161978
"930",930,0.0616963854132716,0.042808157472344,0.000686634038973696,-131.005912069524
"931",931,0.0595966129228425,0.0494635093601887,0.000804452007399541,-130.95160820727
"932",932,0.0694257689417536,0.151753223055256,0.00293149391267868,-133.16284279493
"933",933,0.0323951913610704,0.15495780035351,0.00482819610373691,-133.141943795175
"934",934,0.00601928436587862,0.12358310216172,0.00544566014828287,-133.376983827414
"935",935,0.0329980291484207,0.181089223028251,0.00567818651370083,-133.514058606088
"936",936,0.0350264635652268,0.18302977476737,0.00565520421843115,-133.582545808553
"937",937,0.0350483657726335,0.177493429114706,0.00345927749989995,-132.151191252765
"938",938,0.0303959365118949,0.182219897733897,0.00278926894274532,-131.649385725829
"939",939,0.0617642492602545,0.125569116909309,0.00342489241959499,-134.339331496418
"940",940,0.0293986801978216,0.176783458630333,0.00552844452258265,-133.267997779163
"941",941,0.0179931968754103,0.172706804532162,0.00449355793108913,-132.021050767769
"942",942,0.0173179937244257,0.129771025125269,0.00236716411383407,-131.028073924371
"943",943,0.022996693971524,0.187593813871242,0.00372914831623212,-132.49631630858
"944",944,0.0291983068728025,0.180196114398813,0.00211704469945767,-131.452886852517
"945",945,0.039027242130535,0.104666993669812,0.0013068026760547,-130.883217616835
"946",946,0.153609416856843,0.110899903037736,0.00111867511735151,-131.802619446053
"947",947,0.137480137047838,0.0753627411832775,0.00139546018100911,-132.165749672566
"948",948,0.133801787804956,0.0799495079886983,0.0010260040572415,-130.816243579168
"949",949,0.138873690081242,0.0917081304906246,0.000769642028884403,-130.642275581511
"950",950,0.125787282098364,0.14299973887965,0.000371878147393403,-131.27634761216
"951",951,0.165913400140834,0.106792727288362,0.000411556587580156,-130.946337949105
"952",952,0.136070134105072,0.0785246731881462,0.000784693305147527,-130.543472814606
"953",953,0.0937734978515937,0.119161043965707,0.000504090278821446,-130.67855129059
"954",954,0.113077696713262,0.115247613782631,0.000282455224560457,-130.443156538554
"955",955,0.135765975788666,0.100701228457758,0.000593347195924298,-130.501436946876
"956",956,0.0500531243651258,0.0886331097238446,0.000495164260067841,-130.747677589952
"957",957,0.143062908389798,0.103476460431149,0.000151359412203411,-130.81455538154
"958",958,0.10842468813264,0.10769408495425,0.000610688788407798,-130.446155237405
"959",959,0.0949347314441577,0.151981459318635,0.000805258490097752,-131.72000176486
"960",960,0.14410637896537,0.121479646273477,0.000170641452796983,-130.932954728189
"961",961,0.138145081863294,0.079945062602645,0.000171462232711963,-130.767303919705
"962",962,0.112242026185742,0.0532446689059868,0.000303943701652478,-130.345683552396
"963",963,0.0900851062166581,0.104766563444179,0.000343746649826637,-130.27042915208
"964",964,0.0720613820870198,0.0443537308722624,0.000951459840623935,-130.78263331216
"965",965,0.100106175051475,0.0457737768999778,0.000510703291181576,-129.977444700479
"966",966,0.0757813474882783,0.0680321067852986,0.000416559014609957,-129.926701436585
"967",967,0.125943259367823,0.0732423284709918,0.000257568438884707,-130.29511100317
"968",968,0.0622528141740725,0.0937643218717802,0.00151662929265792,-131.898558932322
"969",969,0.11070932908173,0.0482453439697859,0.000248260806202298,-130.810336147104
"970",970,0.0794869669671015,0.116383239536596,0.000814016210010173,-130.873125370374
"971",971,0.160226541165229,0.152212667139509,0.000521808388583058,-131.854075314048
"972",972,0.112580971277733,0.125029348577484,0.0021438141005412,-135.050821580888
"973",973,0.0826714105468151,0.0377522088279356,0.00227028439984705,-133.219260529632
"974",974,0.0470939922518884,0.156137444865316,0.00141060880312543,-131.357126443749
"975",975,0.0274081213603283,0.150754730519699,0.00247679106557424,-131.250764541838
"976",976,0.0238187281109346,0.144559620569127,0.00111271771879987,-131.135275548675
"977",977,0.190601767118244,0.134218800142028,0.00110381348598925,-132.607181260545
"978",978,0.0252530611675726,0.175280775749304,0.00217127042057597,-131.329874387122
"979",979,0.0186692325953472,0.118034369238973,0.00271635803136582,-131.428494844777
"980",980,0.0360389086539697,0.0841970062457979,0.00290523973973455,-134.46799560568
"981",981,0.0429607769276766,0.131436428409897,0.00294778081462454,-132.172702367338
"982",982,0.02510232384943,0.149879341854787,0.00103697353739954,-131.266996509961
"983",983,0.0313241936066403,0.0884323871351518,0.00117765423971365,-131.203599185384
"984",984,0.132228036651154,0.0873134443594646,0.000428905951236537,-130.198686559006
"985",985,0.150506810505395,0.105575149747951,0.000653217613575604,-130.868611396294
"986",986,0.026554495499579,0.0849675620173344,0.000953424990377266,-131.43509660118
"987",987,0.0658028719911542,0.0698908663937903,0.000784783571411725,-130.337593908434
"988",988,0.0913905695277785,0.129120340667591,0.00079062967753659,-131.179100087457
"989",989,0.121275990494632,0.217475268468837,0.00304498527216302,-135.330023924005
"990",990,0.0970912682107262,0.216118801177689,0.000654195557535679,-133.609996104235
"991",991,0.246316582020528,0.231369372308813,0.000747938544094275,-135.036931272637
"992",992,0.227910452009699,0.200098729818763,0.000803097090178773,-134.094131462483
"993",993,0.186482251048401,0.116059550044884,0.000125881082992406,-132.819616205928
"994",994,0.0485772619542198,0.119917276347439,0.00185890860688983,-131.35941923244
"995",995,0.0244221239196545,0.126156225789191,0.0012035308493866,-130.901709988953
"996",996,0.0702198966200297,0.141495841003765,0.000808336964143234,-131.279790001896
"997",997,0.161346784392511,0.143363207708146,0.00147294218417696,-133.771018229093
"998",998,0.195351390181969,0.133565890854378,0.000388815393043189,-131.846683717878
"999",999,0.198753594325216,0.13882467102939,0.000309946512830271,-131.815863844202
"1000",1000,0.168127891641748,0.165010074121541,0.000728182138595785,-132.659873467852
