"","i","asc1","desc1","pol1","p"
"1",1,0.134435906321569,21.1555659480144,5.74016177185582,-229.210550328624
"2",2,0.255726805645913,21.2860769297897,5.59218336170553,-228.013713907671
"3",3,0.0640143836375442,25.7156534844857,1.75717483502887,-217.822234216614
"4",4,2.9689030244129,23.3302138295155,2.73656514405208,-208.81341584806
"5",5,0.30245825996762,16.5015709412547,1.68288235489386,-187.405434635092
"6",6,0.323705400496727,7.14585661627301,1.32648307450954,-177.492154586157
"7",7,0.389465620686258,11.7551488384141,1.17352622649609,-177.129164268322
"8",8,0.351468749262668,11.203777495795,1.29964474734875,-175.596158920028
"9",9,0.13031480257318,7.83016919220668,1.22248392153021,-172.131241327153
"10",10,0.0888982454546035,8.85016228054381,1.0721272818587,-169.969080668363
"11",11,0.60347507657885,8.9408546221217,1.07681786290986,-171.572359517189
"12",12,0.104809678716142,8.80068408518214,1.00204754552047,-169.661719019169
"13",13,0.580808489385099,7.8387448870134,0.756951016214042,-168.715973617622
"14",14,0.450229894774898,7.27755888284291,0.780756839878539,-166.884447255868
"15",15,0.780304185599419,5.71275516092241,0.751748691699243,-167.312092711422
"16",16,0.223320932353389,5.44228514080676,0.592346855018995,-162.396503815174
"17",17,0.321660333242663,4.7056537097719,0.533372341095711,-161.068406385611
"18",18,0.0204670908843301,3.73243701771884,0.453512749923681,-158.34932395528
"19",19,0.466939435399799,3.63277586760381,0.355196939012417,-158.774372632267
"20",20,0.465674529469062,2.94531846199922,0.213373514761039,-160.724691272004
"21",21,1.23917351440087,3.02109308515563,0.189608328632786,-157.938362310137
"22",22,1.39022747779227,2.98491981465155,0.16172745839754,-157.926268898978
"23",23,1.47305346938187,2.87695783433122,0.150210435019675,-157.41137701851
"24",24,1.40198075194021,2.71904620987865,0.150435025512994,-157.059549945688
"25",25,1.30879142294353,2.76709204202944,0.168002807392095,-157.243205432821
"26",26,1.2756407331687,2.75619403997527,0.122075286500777,-159.570976672425
"27",27,1.59625493982589,2.75587718355719,0.125161186479001,-156.968745880673
"28",28,1.43727308700045,2.4572543828745,0.126555097835235,-156.842393770569
"29",29,1.27177409282535,2.35934141999871,0.111971970109529,-155.742126836301
"30",30,1.20338962149113,2.01311377765673,0.116358959691969,-157.402176372722
"31",31,0.844267329099362,1.7972516729595,0.110921182471858,-154.301403725038
"32",32,0.860092016656378,1.76978649652477,0.125267736348484,-155.880985112278
"33",33,0.408637370266204,1.42275697335588,0.111398895888333,-153.398972349288
"34",34,0.353843293775935,1.23089025541418,0.0938049310032975,-152.950718356636
"35",35,0.488628390297425,1.39355204500506,0.103143714823381,-153.216410314769
"36",36,0.582440872908934,1.39564369959408,0.0789319355333994,-153.565359943921
"37",37,0.602678919763307,1.42432792178467,0.088832254093818,-153.122292057563
"38",38,0.570204158887019,1.38877105501042,0.0835363355778519,-153.236571023005
"39",39,0.666388773504024,1.39921851552821,0.0833791202345293,-152.955742445243
"40",40,0.608516554738904,1.3136973547036,0.0809963469232328,-152.755942048164
"41",41,0.48308555058485,1.3335974062609,0.102876300434915,-153.251059521222
"42",42,0.417273997222924,1.28520656377294,0.0976270379125679,-152.936787767341
"43",43,0.456363071591902,1.29416431128499,0.104630974966223,-153.369304229295
"44",44,0.288267941451431,1.22428838846185,0.110891957098694,-152.928805740405
"45",45,0.298975797604674,1.13546148726413,0.100600160408688,-152.744215861954
"46",46,0.341279063203464,1.17584237105934,0.0986639605233605,-152.767300080533
"47",47,0.288381888095754,1.03843371397518,0.0947337242995082,-152.793322301895
"48",48,0.378845479231659,1.33776821497204,0.121069401135218,-153.602667175493
"49",49,0.232696640656444,1.31079003557276,0.121148064322756,-153.101392403904
"50",50,0.261428505828727,1.37374288668307,0.136186558781552,-153.436379426755
"51",51,0.366833249394763,1.68168458174252,0.138981485615224,-154.312431073108
"52",52,0.481071513137534,1.77880992422188,0.156642505818285,-154.509493475449
"53",53,0.261060545751415,1.74851531727659,0.180133061579434,-154.272001024968
"54",54,0.064302010617798,1.43008011953452,0.166640604827,-153.275047277409
"55",55,0.130853959922409,1.62609600905374,0.170164147955119,-153.71933203496
"56",56,0.259989906420589,1.70167571961534,0.142505319922264,-155.014918307774
"57",57,0.256696067864082,1.72142171227977,0.173556320720584,-154.129274059354
"58",58,0.0247420048655722,1.62366183993466,0.177844671363124,-153.585474728069
"59",59,0.0413872996851497,1.76240296417014,0.212096783700183,-154.019210257141
"60",60,0.0468817093042302,2.08316976446986,0.256007331185315,-154.874282335043
"61",61,0.0237044556674811,1.93873542227712,0.272400987317033,-155.996202099645
"62",62,0.0212201930928072,2.40860516898914,0.304741273515332,-155.671395790317
"63",63,0.152052184446086,2.88556793884174,0.307575499644909,-156.592952651034
"64",64,0.121943469754385,3.05803485239479,0.307120127234595,-157.331851462477
"65",65,0.4683823473101,2.62070629087384,0.27271274195219,-156.852510813946
"66",66,0.0840149944568494,2.36238872643296,0.27287186132412,-155.326397099166
"67",67,0.0648335716197448,2.18189908150357,0.264730166044423,-155.095016074457
"68",68,0.239781420618698,2.74762870181656,0.314572502929169,-156.711043285218
"69",69,0.0923201412223037,2.49720565052372,0.329693353052774,-156.825678971276
"70",70,0.0415328180220128,2.47791050036433,0.258787674825725,-155.779820559898
"71",71,0.111975684049499,2.38636097028884,0.299800210903998,-156.11641706523
"72",72,0.00828886527471035,2.65236684923549,0.315960498425638,-155.817002125709
"73",73,0.00195374349687844,2.82852668174222,0.362208513601257,-156.612239538178
"74",74,0.168331146842837,3.05816416937444,0.354021712845278,-157.134818853474
"75",75,0.0158088268779867,2.92219677792113,0.324728233673952,-156.440983322313
"76",76,0.0579701791883704,2.45202135256525,0.278635620585752,-155.424410079765
"77",77,0.0848712662410186,2.07108227404557,0.219803146560972,-154.713432137652
"78",78,0.22926230452196,2.02575619918737,0.19091984021309,-155.043523204225
"79",79,0.323614581385298,1.96787146805757,0.180403705479802,-154.824362416519
"80",80,0.618280864696088,2.03729831124069,0.129167967681743,-156.830468418535
"81",81,0.991915062865997,2.08262319466079,0.132652191078633,-155.447784911209
"82",82,1.06859774651645,2.13637005592769,0.11788884670235,-155.137233679692
"83",83,1.27139198684251,2.36866967939141,0.116041341140761,-155.75893588705
"84",84,1.08740445161139,2.23090879268825,0.12954941998352,-155.517283026626
"85",85,0.972096075699342,1.9723043340205,0.121713930867321,-155.101501309021
"86",86,0.744794967797169,1.8578898852281,0.124941730012642,-154.478240165771
"87",87,0.81655873265217,1.97688998482819,0.133566109394175,-154.871864673623
"88",88,0.864211476818451,2.11519348572313,0.111832424836727,-156.753450141099
"89",89,0.990861505798346,1.95314264770433,0.0963302999270585,-154.642986425225
"90",90,0.997706849060047,1.84245043243758,0.0784099718739067,-154.523249923586
"91",91,1.02717177685017,1.95940666246742,0.11121551414754,-154.893805463249
"92",92,0.882723639167753,1.844134873914,0.0997555769317904,-154.299040903457
"93",93,0.993684362189648,1.7456182161678,0.093446508345346,-154.51829159943
"94",94,0.90300150343499,1.6783947754863,0.0761863879579241,-153.67785563392
"95",95,1.01234637457541,1.66488489138259,0.0603724811385317,-153.455841430745
"96",96,1.0270214642929,1.64624029488349,0.0509302383254679,-154.123755565697
"97",97,1.11243709098332,1.59227751732977,0.0413105812452386,-152.818150257648
"98",98,1.13775216974552,1.55232133861264,0.0366290874945572,-152.360068837238
"99",99,1.14342895765313,1.55528924956301,0.0309156094349031,-153.010067952153
"100",100,1.20500312613961,1.57088076324351,0.0379019495227332,-152.705138684675
"101",101,1.20588447494206,1.62510863009255,0.0265532710903895,-154.654812526839
"102",102,1.40257483840028,1.64322893027156,0.0172238654274614,-152.108395035759
"103",103,1.38970928772979,1.58050638733095,0.00729489304552054,-151.818854517111
"104",104,1.44931402223748,1.57276774726117,0.000147290895453813,-150.888302825766
"105",105,1.42910090318273,1.4764710139185,0.000276047158440669,-148.46887816905
"106",106,1.40390849901119,1.48010902772333,0.00447393917667315,-150.182750189544
"107",107,1.37127940063906,1.41787624297329,0.00413793237786158,-150.354274044415
"108",108,1.29965146371829,1.40100412836994,0.00423229360437618,-149.937515316969
"109",109,1.30540480624807,1.37244404442033,0.00252752764404904,-148.952397174121
"110",110,1.30304561465483,1.37209969670309,0.000920522281166412,-148.789759101185
"111",111,1.2396157405455,1.27527293383612,0.000377858816898813,-147.283380060354
"112",112,1.22323409351766,1.22393578678382,0.000357381841090227,-147.178951172315
"113",113,1.21305022832591,1.24371021166699,0.000977319322509988,-147.329727701453
"114",114,1.25068202761351,1.28424169461556,0.000990429982253938,-147.596207213619
"115",115,1.24289446024797,1.25701071920203,0.00229469504811023,-148.915657421051
"116",116,1.17242765996036,1.16992357077851,0.00024226448005098,-146.668312239936
"117",117,1.15610590284311,1.16693661715305,0.000813557987909123,-146.824022888365
"118",118,1.13835094911748,1.16703018735298,0.00233910562324991,-147.732902665621
"119",119,1.07994107453136,1.1972378248284,0.00302392393237189,-149.552478635455
"120",120,1.08958491199306,1.09198951457851,0.00102019374018652,-146.589276566965
"121",121,1.03982789379195,1.10467157630115,0.00292370310273696,-147.998572887255
"122",122,1.04976464901062,1.08458566790622,0.0037126134127729,-148.075134882618
"123",123,0.934062049973256,0.972369821621805,0.0101075421568068,-153.6729531481
"124",124,0.851433413330371,0.969907369588364,0.0108526093361827,-149.713162545874
"125",125,0.776053067754042,0.968368180351301,0.0121952140484691,-149.244507974586
"126",126,0.84226853829701,0.945733270592212,0.0051578946764995,-148.668664079308
"127",127,0.792541130902381,0.950348540631245,0.00763948865583119,-148.569721026388
"128",128,0.778510414433023,0.9329963509152,0.0041107258124497,-147.959837759326
"129",129,0.890278009445183,0.974457803186627,0.000299432028082897,-147.885042492432
"130",130,0.907947750372918,0.886690053853779,0.000354725664827506,-144.55294578657
"131",131,0.877656926177691,0.850749642689639,4.23627619124546e-05,-143.948820902303
"132",132,0.873945034496372,0.865283715606822,0.000108023479623794,-143.730789063979
"133",133,0.887193135472368,0.887363620604609,3.15124060170098e-05,-143.94378075356
"134",134,0.913544793294901,0.89788686220823,3.2862799998218e-06,-144.04217062977
"135",135,0.897630193710674,0.883380024410339,0.000246309126052676,-144.12933815422
"136",136,0.917078002608285,0.853762146462258,0.000175552050903938,-148.0334367422
"137",137,0.786892060287593,0.748665807010648,0.000192981196528022,-143.49208577008
"138",138,0.76727816707342,0.769651197937841,0.000509710660606921,-143.438969613047
"139",139,0.777172532420266,0.765582957439651,0.000777517634955154,-143.424995906776
"140",140,0.809051693859471,0.778865888386901,0.00101864104239498,-144.716877294023
"141",141,0.764210473420203,0.751035460223015,0.00128276776604766,-143.882463445861
"142",142,0.767061645747989,0.775844450185662,0.00153243018659827,-144.306660419155
"143",143,0.787217943441856,0.905036629886443,0.00103352649447514,-147.347964423036
"144",144,0.934828879393797,1.05782468744982,0.000689423812708471,-148.360242856484
"145",145,0.945490836372992,1.05671637587905,0.00663193140650116,-149.270277082681
"146",146,0.909722706090517,1.10622929006736,0.0210119520802539,-151.33885406838
"147",147,0.833933207465006,1.10047979726276,0.0214084347810183,-150.473309417632
"148",148,0.914534230221781,1.21971296502497,0.0283707151089886,-151.038167442475
"149",149,0.864055393839456,1.19897869189015,0.0343834451792895,-151.288384574677
"150",150,0.87566104458272,1.138187501221,0.0138107259858051,-152.067605998608
"151",151,0.882378261905531,1.1052324829806,0.0147235007567747,-150.209571759854
"152",152,0.916396786383977,1.13455729569537,0.0152351869326009,-150.236975983286
"153",153,0.896412007325605,1.15462381739016,0.017096270044719,-150.933658380216
"154",154,0.900962904766782,1.07088525786062,0.0117988135010569,-149.766553500902
"155",155,0.896464244426939,1.07398062424597,0.0117319635052031,-149.722359284487
"156",156,0.895989791757953,1.04449181295403,0.00639158585407241,-149.026498630953
"157",157,0.877809346864288,0.981305913819056,0.00770698606354706,-149.094842823227
"158",158,0.893804829550636,1.04488964101915,0.00843998799236763,-149.35938810516
"159",159,0.869628568030638,1.01628404990263,0.00298752092529704,-148.399792205805
"160",160,1.00846543697963,1.05797219585054,0.00064924568936194,-147.080140317841
"161",161,1.07743429399123,1.05327743315803,0.000794071795027733,-147.39345043802
"162",162,0.993374117976623,0.976496314980504,0.000682955818377902,-145.829011518667
"163",163,0.973868235135478,0.959640130800303,0.000607908421006384,-145.40633549117
"164",164,0.950530167854164,0.946525332893071,0.000399840896116485,-144.741419256776
"165",165,0.980278532933675,0.999580430510222,0.00121403445105001,-145.810059226987
"166",166,1.00771825410352,1.00130849105783,0.00133836486545803,-146.414662832083
"167",167,0.982936820807267,1.00228213956097,0.00074591394159444,-145.562951829647
"168",168,0.989652381673146,0.976454895821938,0.00057987931658425,-145.510431231598
"169",169,0.950527076744042,0.923134089848192,0.000599725380706751,-145.737419076072
"170",170,0.781100383703137,0.77534798613597,0.00346264027961278,-146.770047599555
"171",171,0.682497520201994,0.676598349762498,0.00267109708371296,-144.589338599739
"172",172,0.663944404821904,0.664602898461993,0.0020535554175941,-143.72616340235
"173",173,0.553618658044832,0.530762226020129,0.00197186390210059,-142.419204927871
"174",174,0.39139651988708,0.545080875988701,0.00156511406800927,-143.430999318204
"175",175,0.576985520894069,0.573548435787628,0.00228342849014665,-143.104296410954
"176",176,0.575366693753013,0.557609903718459,0.0010331035482287,-141.500061366256
"177",177,0.572152618314985,0.564147974877741,3.02597874692299e-05,-141.333894508935
"178",178,0.590262844760211,0.585746729643228,0.00102805759656171,-142.165139483669
"179",179,0.587978309142112,0.585048770051807,0.000923944367451313,-142.181172676823
"180",180,0.599436099049421,0.602956193050506,0.00113687551075048,-142.767193650761
"181",181,0.637986495270855,0.630479345444263,0.00216033945608748,-143.516498515156
"182",182,0.642513403034903,0.641174907672051,0.000378735386303167,-142.374781670929
"183",183,0.657601090223209,0.647925158350103,0.000883154347296031,-142.384601333885
"184",184,0.648649977313911,0.655655961452834,0.000565247206474863,-143.040503809249
"185",185,0.669992079284425,0.638806297890378,0.000918130024060026,-142.653336105444
"186",186,0.677515448136079,0.641022282010398,0.000994600213044287,-143.157068463673
"187",187,0.629642099595853,0.645636213016033,0.000474224802351104,-143.486924802769
"188",188,0.665304021518773,0.663790917805045,0.000848339100255056,-142.746055661978
"189",189,0.683929524154048,0.657572378878967,0.000174949166687531,-141.702794788695
"190",190,0.680557399430621,0.645431530792466,0.000242446352025021,-141.896512935235
"191",191,0.681020802404521,0.659981041941834,0.000964435724220849,-142.612872206671
"192",192,0.667007296980231,0.633435339241379,0.000492323945547605,-142.032403595583
"193",193,0.663925127601186,0.680952130772045,0.00243072050341986,-144.502893926887
"194",194,0.68399193145805,0.690041569318106,0.00161450238567238,-143.691313345737
"195",195,0.704853468403867,0.666857665084366,0.00191245327508081,-145.439673475477
"196",196,0.705711873875949,0.735235673904205,0.00328841477977518,-145.622327632929
"197",197,0.727001327128506,0.74583998538227,0.003508150557278,-145.6835729584
"198",198,0.734165351198085,0.746492879208393,0.000607917586784693,-143.836719296018
"199",199,0.777564931590396,0.756733252396444,0.000813882277055655,-143.587900891316
"200",200,0.759050642526821,0.705442203332739,6.19300777074755e-05,-144.037189909305
"201",201,0.678598662518275,0.709849748397008,0.00213601894265853,-145.218746811562
"202",202,0.711760678612079,0.71091698854914,0.00235388950404243,-144.453151573329
"203",203,0.713567347011876,0.790763622743233,0.00476535953808207,-147.751418382437
"204",204,0.764632739697996,0.770039339074125,0.000515970617530484,-143.56796531775
"205",205,0.792896958400442,0.783284732712865,0.000668111647502721,-143.476853392029
"206",206,0.644077220463304,0.640507916551986,0.000797551297673937,-142.461430990472
"207",207,0.645969821494058,0.615003486798967,0.00131723903185072,-142.948772083967
"208",208,0.646600307225768,0.628808553493392,0.000985177350795375,-142.226576494242
"209",209,0.646228411283775,0.617022481223233,0.00124642996272925,-142.762373436855
"210",210,0.652322816862626,0.656752411571132,0.00160163383041542,-143.40190937759
"211",211,0.555505723864478,0.637023597073637,0.00339452809082791,-146.0910426392
"212",212,0.514982899210094,0.482413787990052,0.000213455805797694,-139.634728279694
"213",213,0.521737625103529,0.505572189102444,0.00144205596897737,-141.403034042686
"214",214,0.521653604936144,0.48987254732386,0.00128150350702397,-141.095183964562
"215",215,0.504463560053935,0.460026530133375,0.00101415113390486,-140.838812322949
"216",216,0.416517292724076,0.562505875100203,0.00394691912557156,-143.971036577204
"217",217,0.42998296570822,0.395218822575275,0.0016995150979577,-140.432935653052
"218",218,0.419223647588648,0.397397594363744,0.00202749917789276,-140.799139304886
"219",219,0.309102441566058,0.404038484782029,0.0020545653223077,-141.663982007321
"220",220,0.403815464945724,0.361073436267124,0.00192457126260621,-140.720445935079
"221",221,0.385141215941659,0.365975746139969,0.00160803987294049,-140.091387188536
"222",222,0.402429965680282,0.366365158938051,0.00255007093181792,-141.583980122304
"223",223,0.304103090512184,0.383701962636188,0.00111934807518641,-140.762112409862
"224",224,0.283372360448642,0.22851351833932,0.00135748526356039,-137.926818858102
"225",225,0.279791877642433,0.229289523302539,0.000355867318934861,-136.183680239897
"226",226,0.284535057631397,0.232037601158218,0.000730451755502255,-136.656470293462
"227",227,0.267382832327135,0.241395646094976,0.00100013118650318,-137.662377244315
"228",228,0.0894815815022177,0.182725821303354,0.000605052318001562,-136.776950737847
"229",229,0.248979449317647,0.215570854058092,0.000840952723905631,-136.82810143699
"230",230,0.235964033721107,0.299855478089654,0.000952114692263805,-138.889793148233
"231",231,0.260226430655548,0.228677015776133,0.000679619311407559,-136.891642770901
"232",232,0.27640115018692,0.232630582001367,0.000901766602286959,-136.79081137481
"233",233,0.268691860548925,0.226958363741953,0.0011364413021413,-137.052788378132
"234",234,0.276645919025779,0.241212812850238,0.00133358674119898,-137.682849397141
"235",235,0.236858122723266,0.194018092093439,0.000990461774111766,-136.400548917859
"236",236,0.144758820211534,0.232165817751074,0.000564090895170381,-137.327626430111
"237",237,0.142160245700265,0.180081407881381,0.000754079695924094,-136.311592663421
"238",238,0.208960717707167,0.188730175692823,0.00106227949807398,-136.920251280522
"239",239,0.0533304048100177,0.158365192766561,0.00200284731795621,-137.034162511947
"240",240,0.0895030065051594,0.223959057253005,0.000620920763055044,-137.379376801112
"241",241,0.248440233236921,0.221386002777536,0.000132439863715566,-136.488679164494
"242",242,0.204503262806955,0.156150255168583,0.000196127054893407,-135.450765539569
"243",243,0.205057981630602,0.140730830071691,0.000814316465356071,-136.22880436287
"244",244,0.191028564051117,0.180906995792061,0.000727625953742715,-136.190840669555
"245",245,0.0963746810981497,0.0484972720261612,0.000579653901877883,-137.124233639122
"246",246,0.083312563090111,0.0383266083748482,0.000745715747374434,-137.630879221591
"247",247,0.0836209848535625,0.181853604047961,0.00291393169656628,-137.581302177154
"248",248,0.0184385176853868,0.152393786767665,0.00682647883943818,-139.511760538225
"249",249,0.0053980135856038,0.149892940846541,0.00334750066289052,-138.083015078723
"250",250,0.0672776921862477,0.175876519391861,0.00245121950595259,-137.109600437186
"251",251,0.0440263582798475,0.113809573078113,0.00295156045188449,-138.781946494621
"252",252,0.166851442099861,0.280433398424865,0.00355339813379521,-139.68969885183
"253",253,0.199444764218929,0.357957415495251,0.00229795720444973,-140.303649552173
"254",254,0.226734806981627,0.239855230567695,0.00211673529871966,-140.25142662297
"255",255,0.290642985678269,0.245470207532068,0.00306616763209741,-141.276625799784
"256",256,0.0958746559181001,0.194135567499134,0.00311080229188563,-137.90221765316
"257",257,0.0675610322649021,0.173349551839995,0.00143395592119177,-136.793878729384
"258",258,0.0505156432455847,0.175856886760942,0.00128186697928339,-137.007589434841
"259",259,0.23019077142775,0.199875033600654,0.00104989533244328,-136.965096057272
"260",260,0.126228934910736,0.076151405884324,0.000861572688918967,-135.777513525168
"261",261,0.135630895099039,0.087092188189813,0.000573223960970957,-135.465934419325
"262",262,0.125145791337817,0.0909402675467697,0.000395412782516467,-135.401902518221
"263",263,0.150621948730753,0.11541584198914,0.000276417315079747,-135.069848054915
"264",264,0.13966128635418,0.280748946636861,0.00246143516211568,-138.388931611653
"265",265,0.139208812424691,0.253149147067611,0.00228960117298705,-138.251447033958
"266",266,0.183685844981785,0.144356299197359,0.00129625714845485,-136.399200875448
"267",267,0.1868754433819,0.124563468951765,0.00154918929185257,-137.38907633774
"268",268,0.13375421681832,0.118710092828566,7.03632120064506e-05,-135.835090728848
"269",269,0.175751369028916,0.172617487835952,0.000103472444483107,-135.83946112485
"270",270,0.144454334786423,0.108619166525782,0.00171189348517409,-136.927251827548
"271",271,0.163986784964578,0.208765939663221,0.00116677412985851,-137.261997485425
"272",272,0.0765944476931957,0.191198417723313,0.00312992221728575,-137.531008277875
"273",273,0.0464727199989337,0.189230910700495,0.00301021027346745,-137.100451000286
"274",274,0.0861114958385159,0.182639005073113,0.00106530712542766,-136.698588130275
"275",275,0.072706650878483,0.166855917601323,0.00142667906554792,-136.743235622872
"276",276,0.120263882563048,0.0827218570940308,0.00117047168570464,-136.112751179636
"277",277,0.124003965284045,0.12301866703499,0.00112046946321034,-136.406555724974
"278",278,0.066850217679282,0.139193697333406,0.000262905952595691,-137.559268480516
"279",279,0.104280879887826,0.134069153507024,0.000270079075511274,-135.960086925065
"280",280,0.161192539100107,0.168974883912909,0.000223637200438975,-135.598982155737
"281",281,0.155798493906214,0.13903962503432,0.000817751881315085,-135.712866990176
"282",282,0.182571599655639,0.159178513487849,0.000251441782484628,-135.334107514061
"283",283,0.201593588054155,0.219402072505675,4.50748512084586e-05,-136.884291661854
"284",284,0.264825337849045,0.203751818312464,0.000272062457895103,-136.160751450732
"285",285,0.196384441222274,0.196972499822505,0.000392959965717705,-136.079673356264
"286",286,0.191040591568989,0.287146134366204,0.00134678056512632,-138.695602911227
"287",287,0.14629335817616,0.0804505156541688,0.00131008778415564,-137.251134752939
"288",288,0.0706187491681773,0.126045199560875,0.00184129521391763,-137.460031532519
"289",289,0.049679902298318,0.182277032303778,0.00349235979815922,-137.391980477101
"290",290,0.0258355594804098,0.152455389217086,0.00490508336660585,-138.358171848742
"291",291,0.0731627071449206,0.178450904287009,0.00276453245056243,-137.327316997291
"292",292,0.0213956251014949,0.176255844833017,0.00534942049295531,-137.837176588328
"293",293,0.0267756902927913,0.151047982011606,0.00388003170186264,-137.871338237038
"294",294,0.0610415770072864,0.166461546799393,0.00153030583361729,-136.854241209478
"295",295,0.174593225404859,0.255184889400404,0.00144988068297549,-138.139132015307
"296",296,0.211240347989655,0.186771863825512,0.000296693347706664,-135.796595793364
"297",297,0.134010307115985,0.115995462792831,0.000362476141098311,-135.105511148635
"298",298,0.178575997033594,0.153787217071906,0.00020825551467221,-135.301240986606
"299",299,0.176710436968837,0.0991014414732939,0.000134931091732494,-138.211570239179
"300",300,0.0908337779439012,0.116253302541022,0.000630127073222209,-136.222805751314
"301",301,0.165328049437269,0.112634558836965,0.00155213578237353,-136.415238421358
"302",302,0.168968718374865,0.1257722599168,0.00143583925373043,-136.355392554137
"303",303,0.172746632713584,0.152063933179835,0.00035845089886738,-135.2365640519
"304",304,0.136678723173995,0.0884404892277944,0.00119486035835044,-135.90348457087
"305",305,0.145016045742093,0.0968337517792893,0.00139838959999085,-136.115398190639
"306",306,0.0900377893516463,0.0929677655535774,0.0013795821424697,-137.401075133369
"307",307,0.156763204029293,0.0907380720912571,0.000212695227188466,-136.042964477944
"308",308,0.106799534984985,0.140047606218909,0.0004677490040369,-135.88410338048
"309",309,0.10043103965595,0.190626717299457,0.00346092428781409,-138.406705268681
"310",310,0.0194905323289669,0.15957895760933,0.0037042405050153,-137.654115132352
"311",311,0.0174077141552405,0.169410343316082,0.00203678096444518,-137.452658758359
"312",312,0.121504739749291,0.115448075067532,0.00193037419131002,-138.208274894017
"313",313,0.156576393503825,0.0997273959068852,0.00198677670862358,-137.456891791302
"314",314,0.150648955571685,0.12946261604304,0.0011212284717768,-136.193110003344
"315",315,0.168228117553347,0.105948536882822,0.00185097643006391,-137.93485392942
"316",316,0.0532553930185037,0.13801114752808,0.00308682702288563,-137.986679352797
"317",317,0.0262139625096275,0.14216684740435,0.00516804971117639,-138.931763721492
"318",318,0.00414969919913902,0.129954304516614,0.00557125221916812,-139.680501666955
"319",319,0.0117429951439866,0.154118023876826,0.00342971918748615,-137.823707774525
"320",320,0.0197713952681224,0.15663227480843,0.00369477341026814,-137.712509967573
"321",321,0.0349405048073632,0.151087653073374,0.00600179815103259,-139.467745317149
"322",322,0.00694234812856721,0.141041985450751,0.00530687911409602,-138.912115207108
"323",323,0.00932156632245043,0.14971263086916,0.00375135986911623,-138.03332947038
"324",324,0.0600566726532768,0.190260957660446,0.00264073154126808,-137.11712909268
"325",325,0.057456841518186,0.167421192271598,0.00205083458388632,-136.972658539165
"326",326,0.0789413667823456,0.168938811476035,0.0025498872635854,-137.349616370717
"327",327,0.0184855348193429,0.161634614810536,0.00219606712920628,-137.569699289017
"328",328,0.0992206641417728,0.223905846227283,0.00198624236771349,-137.378907866355
"329",329,0.264916814012385,0.219576403810511,0.00188236906227576,-138.219825076886
"330",330,0.219929745299005,0.270790105062373,0.00040470028199698,-137.893013136183
"331",331,0.257541051649253,0.305333246933421,0.000986661459815661,-139.154156679506
"332",332,0.291472088367728,0.341787200755142,0.000876191661424727,-139.817055546343
"333",333,0.295638590956646,0.424874666071563,0.000629683843488772,-140.919744835469
"334",334,0.306883958489987,0.345345695014043,0.00119100554852459,-140.354183471906
"335",335,0.401562482690349,0.38201061483153,0.00223119223393007,-140.915600290513
"336",336,0.410389325870045,0.47133917839791,0.000234154207499736,-141.883973087589
"337",337,0.408343474376627,0.435567273906781,9.86913583817235e-05,-140.795883410383
"338",338,0.413643501912165,0.347388605184326,0.000146063015632309,-139.25894844737
"339",339,0.37838949515484,0.327670980916153,0.000159261675041507,-137.583225658767
"340",340,0.368152129119619,0.355213127959726,0.000420613131944874,-139.133235643598
"341",341,0.204204348702894,0.174578573818486,0.000461524061960534,-135.690386964754
"342",342,0.147205946184386,0.0877635805154245,0.000563804855848324,-135.520489842853
"343",343,0.151974441160961,0.133624039857297,0.000258608923091173,-135.078950813587
"344",344,0.148824782075197,0.0971656850944299,0.000383728951983973,-135.302128345794
"345",345,0.105567689467871,0.077215921273871,0.000774439762028089,-136.062478047753
"346",346,0.0928155719418238,0.106673922552598,0.000360247565776078,-136.084174304498
"347",347,0.129705513951612,0.102267544451495,0.000634403632406846,-135.366381633961
"348",348,0.132241951558382,0.116173239362635,0.00049678787192364,-135.203716369259
"349",349,0.144762457715504,0.171029159853236,0.000991865200161813,-136.544080071789
"350",350,0.090162646198051,0.151407773448773,0.000500245988785307,-136.440142621848
"351",351,0.214814282614561,0.24360296651714,2.78576817838628e-05,-137.316115345527
"352",352,0.160726938267639,0.2497514032602,0.00262817193364854,-138.833471226931
"353",353,0.0958871618578472,0.24743616408976,0.000856528035938502,-137.510591340982
"354",354,0.299766465297552,0.257690631567698,0.000802585282310998,-137.06234877219
"355",355,0.288116162688208,0.263702296024023,0.000175961069780617,-137.213841595259
"356",356,0.212726025774416,0.147412975383916,0.000270628407830206,-135.764760658799
"357",357,0.178365271832667,0.144210456808067,0.00032930527296502,-135.181453609739
"358",358,0.198065075909699,0.130122570322875,0.000505005277180964,-136.117623055537
"359",359,0.155920664930035,0.100048126406125,0.000111015319797471,-135.886945018167
"360",360,0.107513824400839,0.0939780429380361,0.000567435085132712,-135.751390684079
"361",361,0.136017491176401,0.118715287500996,0.000354891169966984,-135.088362671748
"362",362,0.175716021475664,0.137780346605962,0.00182859314173005,-137.204462830529
"363",363,0.0816844217341932,0.172469280909446,0.000518508898569615,-136.835549169375
"364",364,0.0284209380915411,0.18251535343906,0.000868672965999564,-137.744925816256
"365",365,0.216907662269713,0.181640496909738,0.000989770928033979,-136.484767220324
"366",366,0.0243794837487562,0.171599042854684,0.000602044232162348,-138.184574654228
"367",367,0.0387776008117347,0.193411399225177,0.00504231424232173,-137.711522331128
"368",368,0.0411780161165403,0.190004123263393,0.00472791164150124,-137.642947980311
"369",369,0.0390613258426792,0.189267572067605,0.00442455369491161,-137.466155706083
"370",370,0.0549861154691201,0.18140407221467,0.00481959769416699,-138.251783961723
"371",371,0.0494272420723514,0.195817269077136,0.00425323529389121,-137.523304276266
"372",372,0.0405185745828573,0.177384373754701,0.00268655472093903,-137.121545317371
"373",373,0.0465938459958304,0.170285212267504,0.00077988983729067,-137.3522769185
"374",374,0.216763197434426,0.172253747593383,0.000282817147387261,-135.565392146365
"375",375,0.193958898625022,0.1280614891785,0.00020104481890337,-135.751137632717
"376",376,0.111685336785817,0.125562212872602,0.000804732169329808,-135.981040847266
"377",377,0.138512194365999,0.125625783778827,0.000500366681149699,-135.194600770358
"378",378,0.0272327446005534,0.171102162858192,0.00379543344542554,-137.439601452931
"379",379,0.0586168503974339,0.170214524877153,0.0038163148217878,-137.854871533036
"380",380,0.0685298888808685,0.198180962688201,0.005419716704435,-138.798221541047
"381",381,0.0684282324432708,0.202651099081818,0.00633829168547328,-139.38597103891
"382",382,0.0513417150210948,0.200425534782566,0.0043410901902593,-137.522445206528
"383",383,0.0777980309649426,0.149448872521567,0.00179447839213948,-136.984801281952
"384",384,0.207646113087853,0.150415681228996,0.000648310749234542,-135.474452931402
"385",385,0.130211284738716,0.0915564343524541,0.00142092562520167,-136.373702192196
"386",386,0.0907184531562523,0.0730506898358195,0.00130330234226922,-137.062386946062
"387",387,0.13004791645851,0.109513580257391,0.00186410095616202,-137.661981629306
"388",388,0.0363149639221662,0.180239770323888,0.00241109414602873,-137.027612095035
"389",389,0.108160894785887,0.165458674550058,0.00210996507230194,-137.614749702746
"390",390,0.00913810568563469,0.163709852441483,0.000767275644323704,-139.204450406675
"391",391,0.241242005799173,0.276581121304443,0.00164235078720804,-139.635353446906
"392",392,0.197679472412314,0.193153443991296,0.0017897783130353,-138.671020263913
"393",393,0.244658052965289,0.20997585487145,0.00222775380687789,-138.611514842942
"394",394,0.159364476368923,0.298176604716654,6.28529864372732e-06,-138.860944975888
"395",395,0.328218558562926,0.278537243838574,0.000570201534417394,-137.157658530643
"396",396,0.146821002377041,0.119036802478618,0.00122478312621838,-136.262629601369
"397",397,0.179607072194695,0.153324995598769,0.000998945205188272,-136.178487892266
"398",398,0.208824724712498,0.148101910740433,0.000416987015814151,-135.417953312191
"399",399,0.149722110512869,0.115938537306553,0.000433460770982514,-135.065943282383
"400",400,0.129940586485609,0.125373551291919,0.000301692591141604,-135.176849426806
"401",401,0.181767545719533,0.142586661740666,0.000401518568699483,-135.225086916674
"402",402,0.187664922431027,0.168261767956892,0.000862729840971598,-136.182355919707
"403",403,0.217097070673419,0.171245688009659,0.000383463303548685,-135.518467231779
"404",404,0.208832056101713,0.147744559918031,0.0002861900800426,-135.412682499608
"405",405,0.082391668446065,0.0814702897411369,0.000582440036038227,-136.864877989456
"406",406,0.121099402549938,0.0856502613683641,0.00112695368882348,-136.065928205305
"407",407,0.121203101597514,0.119704977348193,0.00124617912401077,-136.681732199678
"408",408,0.138383243475181,0.0760335525594289,0.000859044536959749,-136.112794850178
"409",409,0.0960581856269397,0.0914363323957318,0.00072324173734999,-136.230473321915
"410",410,0.161240479355178,0.190144881944503,0.000346144668829127,-136.147982859914
"411",411,0.127741434064822,0.179342268997693,0.00132314676550182,-136.869093890606
"412",412,0.235411035482733,0.1793005240218,0.000566086729251408,-135.709898562425
"413",413,0.062553023137771,0.201930666168482,0.00251334558751082,-137.064413181652
"414",414,0.0700830232342331,0.160952177635439,0.00224353637825067,-137.1148965572
"415",415,0.0215967154542245,0.173927854670281,0.00198344701614178,-137.303733025485
"416",416,0.216340004050808,0.183845188697073,0.0014479938033646,-137.28779106114
"417",417,0.0275845356986612,0.13574787535672,0.00203492207475784,-137.847089248354
"418",418,0.0240034457344432,0.136122767935293,0.00260884062503487,-137.922194491731
"419",419,0.0339595089130471,0.195650983688372,0.00367130975893119,-137.649988066585
"420",420,0.0284655517732315,0.141988353806834,0.00220416470322263,-137.66618133786
"421",421,0.0493306183767675,0.174340079690143,0.0039498770345598,-137.695434585582
"422",422,0.026122315301476,0.182455092971388,0.0031266744568587,-137.212083634193
"423",423,0.0242267383072556,0.159866854665126,0.000287554978026217,-139.356298272922
"424",424,0.120318085263395,0.135300323360211,0.000476524735987649,-135.50748439437
"425",425,0.100531101385226,0.170261710873634,0.0012660452370813,-136.615042900701
"426",426,0.0688023754188886,0.197919268491967,0.00249971294207057,-137.135657391382
"427",427,0.0388261600115295,0.130088486783126,0.00158582375208921,-137.674929976983
"428",428,0.144039181400758,0.178579853434961,0.000480488281745404,-136.065184914082
"429",429,0.187897559139971,0.155220487783896,0.000254946178012614,-135.319975859543
"430",430,0.190004752078349,0.185550541569731,0.00088505367130344,-136.585976930063
"431",431,0.240876197772784,0.186334883503099,0.000221831499131131,-135.649004735699
"432",432,0.242135479619077,0.194778197522223,0.000181288319217187,-135.860572961095
"433",433,0.038246923750901,0.137524353994041,0.00461287248307393,-138.993348795181
"434",434,0.0382215625330949,0.169859912242812,0.000736107844592152,-137.64440229494
"435",435,0.157411159476705,0.132496564084388,0.000299805773919425,-135.049497056468
"436",436,0.10341176713147,0.188926676864657,0.00390183783038779,-139.044146306794
"437",437,0.0546068661121519,0.18204279438377,0.00373568770029228,-137.574935410406
"438",438,0.0757009164191333,0.182469824357448,0.00305090083686133,-137.521145790593
"439",439,0.108734455555353,0.239182140918136,0.000867214675881096,-137.511107982057
"440",440,0.097166506780539,0.0542391081316486,0.000687098509789894,-136.70447467591
"441",441,0.10428748101049,0.077852853086281,0.00346986927773305,-140.123376116903
"442",442,0.117807570389836,0.250220988572173,0.00214147429161056,-137.875866210389
"443",443,0.0973929546136158,0.180258969656943,0.000446373889253998,-136.754259709388
"444",444,0.114023852570622,0.0596422560345618,0.00023267403969563,-137.168370572159
"445",445,0.0873814963987749,0.133347884213498,0.000424625548485672,-136.409326229415
"446",446,0.160600470495433,0.0901062981468578,0.00151390872516813,-138.766643977024
"447",447,0.0141183615465192,0.172724993077285,0.001514371044476,-138.194489088803
"448",448,0.227866351246728,0.190285028155252,0.000804447553573538,-136.296340551531
"449",449,0.246336295025568,0.214253603628912,0.000100792758957051,-136.413129444231
"450",450,0.165309271449761,0.300305313346855,0.0036908848718818,-139.657834182818
"451",451,0.141499376973222,0.223981188262126,8.10369974617883e-05,-137.655229487285
"452",452,0.2502832543113,0.300697231942214,0.000450425549475993,-138.550477515266
"453",453,0.178035800109312,0.179945812410653,0.000339027279502424,-135.715251748252
"454",454,0.187256724182359,0.197879095667093,6.00586110076479e-05,-136.493907784586
"455",455,0.22987146517259,0.191815694127001,0.000305418595145931,-135.897184510683
"456",456,0.123942112927086,0.126868811369443,7.75065997024672e-05,-135.939760575521
"457",457,0.156154472673732,0.177516905944574,0.000222425721295458,-135.905823567586
"458",458,0.127767556699345,0.125481012142814,0.000597460929075321,-135.424293988046
"459",459,0.0630456364603997,0.13176211076898,0.000917692273305621,-137.015040819393
"460",460,0.0553318764106618,0.201489610057014,0.00640300864501629,-138.853911070708
"461",461,0.0350282465180281,0.182459410656629,0.00942445368161324,-140.847927815347
"462",462,0.0249510249112942,0.177204736253717,0.00609413561780889,-138.241153782797
"463",463,0.039311870046732,0.206028575599644,0.00712394459370392,-139.383333794121
"464",464,0.0615289173483215,0.206340963542819,0.00323786907899089,-137.218147893212
"465",465,0.146365111208904,0.28623979498183,0.00233615231383982,-138.50166533599
"466",466,0.157286540573078,0.126600470060621,0.00225631029138501,-138.126635917278
"467",467,0.0807625292975114,0.233887484396341,0.0047326577812753,-138.15607099382
"468",468,0.0911032089143738,0.253050413601834,0.00240288577553971,-138.30661115308
"469",469,0.133222760120633,0.203491080647814,0.00300242855380904,-138.877211377433
"470",470,0.0492245879466733,0.189845835055168,0.00258527057689535,-137.020708919934
"471",471,0.10346223016979,0.193770962370224,0.00214029682405907,-137.296997770815
"472",472,0.0483746358156349,0.202349079760677,0.00218865734097802,-136.937746914644
"473",473,0.0594059588533215,0.178034629283246,0.00222369072123797,-136.99014192654
"474",474,0.0564558483909706,0.199461822629662,0.00132437115135315,-136.877726865971
"475",475,0.127226632536487,0.152308572546635,0.000640937009211469,-135.836575961368
"476",476,0.113021431635379,0.0908877637327598,0.000777721150093411,-135.818463840494
"477",477,0.128119576314027,0.0778646013687805,0.000491850128285743,-135.708581990759
"478",478,0.127964046489425,0.164469684610326,0.000342961850520724,-135.958037395592
"479",479,0.169909729062884,0.098334192208497,0.000272190583064475,-136.617361364615
"480",480,0.138599253984279,0.131814463631671,0.000679441000935017,-135.495427779508
"481",481,0.0780632917569094,0.0527406041290886,0.000470297837451383,-138.185803557066
"482",482,0.116447356138292,0.102808750850207,0.000535116588242679,-135.473682390755
"483",483,0.103731573073816,0.14665857370339,0.000676007329299238,-136.097116269679
"484",484,0.11383030653426,0.132893007121164,0.000649160302242588,-135.778233730281
"485",485,0.0602178029534729,0.197960855608657,0.00417313654104704,-137.763360633872
"486",486,0.0817966745518624,0.201243386222575,0.00388092458774898,-138.062156778029
"487",487,0.0622479119386482,0.202504835527741,0.00620393878466637,-139.019495744739
"488",488,0.0580154030072644,0.201365330743189,0.00535449693164524,-138.302974887357
"489",489,0.0459245423452111,0.200082928745753,0.00110238243214405,-137.17365539192
"490",490,0.142344833350422,0.0855872481807557,0.000710974842381173,-135.545898045768
"491",491,0.122192557027701,0.0832867436160339,0.000618980856364477,-135.597549417009
"492",492,0.0904864488985654,0.0470245153679555,0.00113724393583818,-136.765020972067
"493",493,0.0985256837663276,0.0510701186645619,0.00138062921800742,-136.548648999133
"494",494,0.11100649966557,0.0508014391363352,0.00129482623644343,-136.866242510221
"495",495,0.105141276338508,0.258797954021871,0.0017582297192921,-137.683905769179
"496",496,0.102843767204389,0.0612778018967156,0.000405665840445423,-136.735879107833
"497",497,0.0773799107350645,0.148065681615522,0.000604501784621413,-136.674155998722
"498",498,0.17872395166959,0.136236941421334,0.00129010658546503,-136.231574357215
"499",499,0.0561344776546718,0.12215511294152,0.000423791456557151,-137.918747583848
"500",500,0.176845980453234,0.133995873504643,0.000525902718923477,-135.246034805194
"501",501,0.109397805282299,0.14063989763843,0.000465800345428735,-135.828927932414
"502",502,0.164824968933641,0.0937136995642172,0.000182774449618557,-136.715069117284
"503",503,0.148690312876915,0.0939962759947553,7.10240566538225e-05,-136.352166533014
"504",504,0.149880577952446,0.174089690878763,0.000515360192903319,-135.919138079321
"505",505,0.202470441652411,0.159746664816566,0.000317059625752965,-135.419912817444
"506",506,0.162886612407575,0.110075652710482,0.00148074518567767,-136.283222649863
"507",507,0.146967156923321,0.240833022251607,0.000536965025386778,-137.519662434058
"508",508,0.2571792660988,0.225696960633527,0.000768632752788282,-136.95089237163
"509",509,0.212499475621857,0.177337181057942,0.000406929124136993,-135.70588945236
"510",510,0.226544294587455,0.173476985635594,0.000888074137715062,-135.951836991016
"511",511,0.0510523134757692,0.140922129980148,0.00220300479371763,-137.328420321315
"512",512,0.0591975664835176,0.139068978197444,0.00151276370117821,-137.0434148497
"513",513,0.182529596676393,0.134858217856749,0.00112618051147606,-135.871245688468
"514",514,0.194791432173291,0.161711072067975,0.00155194109330246,-137.177212125984
"515",515,0.0286534675053339,0.163096771322622,0.000336205339155395,-138.859890951809
"516",516,0.114782036731479,0.117074046329345,0.00138178593492949,-137.054081868714
"517",517,0.0977910513663515,0.165592813535572,0.000740784330257632,-136.399781007553
"518",518,0.182305984872477,0.207114315812037,0.00029435901336627,-136.413737636986
"519",519,0.133294698040284,0.0682177396286856,0.000404115006096605,-136.497648136576
"520",520,0.139467890181659,0.179509322344916,0.000721445993880893,-136.278780163724
"521",521,0.0989309734509381,0.0391512048105485,0.00111053861867982,-137.172469731243
"522",522,0.0886377568067394,0.224547346223825,0.000760394155619118,-137.28437040212
"523",523,0.14138394215886,0.161878584166179,0.000421185334730454,-135.656912252379
"524",524,0.14990816338648,0.140043113374361,0.00034024981399954,-135.13379225269
"525",525,0.141108627772254,0.138354056567468,0.000305810479512603,-135.173401147132
"526",526,0.173068607023001,0.141612544001079,0.000825956834699583,-135.702859939037
"527",527,0.153886180697544,0.168149782406096,0.00175732439450047,-138.283889414881
"528",528,0.226189543682791,0.22705188634817,7.38647003114676e-05,-136.775571250843
"529",529,0.212649193712112,0.14495126503031,0.000626173930022654,-136.428756956112
"530",530,0.149255478891094,0.156693078210372,0.000762553596851372,-135.920992628183
"531",531,0.203423145785416,0.169266827178875,0.00140885996354858,-136.99647524384
"532",532,0.194849274115085,0.148753643243309,0.000525795713043593,-135.344998895421
"533",533,0.158164813634289,0.14194670845215,0.000300478559386048,-135.118927963835
"534",534,0.177569658446384,0.145169777435345,0.00149350551625986,-136.922219396884
"535",535,0.111880704282578,0.191153432887312,0.000872099225264898,-136.655483414147
"536",536,0.150511850795626,0.115124250987086,0.000312023882399746,-135.053772730976
"537",537,0.148557662761235,0.141681844742,0.00132988329951831,-136.889924664935
"538",538,0.175764883005893,0.124300119768708,0.000392385398317936,-135.125148747156
"539",539,0.143104913821292,0.192440917986997,0.000746394609752131,-136.518420276928
"540",540,0.226605484968355,0.187525015679969,0.00122014381617589,-136.747398521033
"541",541,0.226806778217065,0.238665631098988,0.00159732786188721,-139.133492900506
"542",542,0.165147943818748,0.242578513579275,0.00210246572464633,-138.444722083862
"543",543,0.103067204393,0.186485224290666,0.00124447669946718,-136.72425068482
"544",544,0.0372772386872495,0.200057471704048,0.00251078617723559,-137.803765151417
"545",545,0.1042368410813,0.218291040177483,0.00289042676585191,-137.841180114726
"546",546,0.099723948471483,0.250835990175211,0.00208707847136973,-137.47669067833
"547",547,0.103587704448613,0.205122840639144,0.00387386547655584,-138.654269824042
"548",548,0.0749582455972007,0.232629778953849,0.00317555707840425,-137.634510330009
"549",549,0.0764898912278733,0.182583994599031,0.00348045693934597,-137.841306758069
"550",550,0.0416527134702982,0.197356303301969,0.00319053314815916,-137.12759435452
"551",551,0.047747740436789,0.197858231092813,0.0026719040830907,-136.906819676177
"552",552,0.0568108844776752,0.161725427247514,0.00220707561488508,-137.054553204795
"553",553,0.033503738190529,0.123762667385376,0.00369302324324537,-138.775485832249
"554",554,0.0555642300540303,0.140779178975363,0.00160423367023899,-137.096739892502
"555",555,0.0405838904667886,0.0648565998964063,0.000855742085677451,-140.489234320483
"556",556,0.0871644922709822,0.12713341281471,0.000975264469383253,-136.538708049018
"557",557,0.104267114757516,0.180992558438568,0.000968703910035612,-136.566581981112
"558",558,0.108187355398658,0.0528258302986419,0.00113029452043332,-136.411215424142
"559",559,0.0721982786782473,0.133069282803502,0.00169660768126493,-137.150017123916
"560",560,0.0941233387918435,0.221220798065568,0.000880028069830951,-137.227561588091
"561",561,0.0687625390510298,0.0745147266977303,0.00118279999891776,-137.948286379674
"562",562,0.124498981396066,0.14859911038801,0.00178978779352137,-138.050391861842
"563",563,0.202571730728055,0.168397171030689,0.000537838413430866,-135.674861745973
"564",564,0.134752758867761,0.140123510864269,0.000623871572664214,-135.543578052977
"565",565,0.172858549074967,0.115554837414348,0.000546725880712841,-135.193891675337
"566",566,0.0737553490262853,0.125848396439633,0.00263532709916647,-138.634049707208
"567",567,0.0514101801120685,0.212037088702162,0.00206869635011399,-137.572986977079
"568",568,0.100487690456969,0.246441427704316,0.00154065296126685,-137.307739675501
"569",569,0.100356859971854,0.0550151736688214,0.00084065399733003,-136.475247695465
"570",570,0.114997850925024,0.0678278048124493,0.00146800403220537,-136.348443007192
"571",571,0.124952088301048,0.157600432379791,0.000424250859566024,-135.827517334439
"572",572,0.164327798756871,0.119606556392504,0.000178066339457755,-135.299219776396
"573",573,0.140945666413832,0.114554759504734,0.000680542227406879,-135.339857880235
"574",574,0.0833676672657839,0.204935138940798,0.00153396926867158,-136.984059455592
"575",575,0.0862956642019606,0.0556101874524231,0.00189709042620764,-137.721279928371
"576",576,0.0794204119108833,0.038352013706026,0.000677368272757107,-138.013165079201
"577",577,0.0847783436281891,0.126500913276958,0.000609507483952122,-136.404653720042
"578",578,0.117312130319386,0.0834391722245929,0.000530439217433391,-135.638485059228
"579",579,0.115726766785863,0.136484991520017,0.00047709747428893,-135.620729058993
"580",580,0.172575782612249,0.152727312302937,0.000764277025496913,-135.762645181214
"581",581,0.190148780531864,0.134504445144086,0.000460883651201533,-135.154218935651
"582",582,0.181185341078442,0.126049787767179,0.000540369936365126,-135.16046302647
"583",583,0.158908395924092,0.105418524911526,0.00138552215066404,-136.129485177736
"584",584,0.141279487230405,0.0960253027081926,0.000146416956210874,-135.659557632969
"585",585,0.154585465448962,0.201267278671696,0.000684348386808493,-136.620792621044
"586",586,0.177118570361546,0.130335108350539,0.000253641582764827,-135.210715710127
"587",587,0.158016570957341,0.132327150978569,0.000736113138110582,-135.476819024798
"588",588,0.128986338086988,0.0952902386116189,0.00102673339588142,-135.869131123599
"589",589,0.14731421654357,0.0956689163623488,0.000937861897021488,-135.564760569687
"590",590,0.15143679694343,0.113661855266967,0.0016591759058689,-136.801494589505
"591",591,0.170355792422215,0.126510149606544,0.00291341811345846,-138.871468997358
"592",592,0.154393347353048,0.314917622102794,0.00398992698750128,-139.853811515317
"593",593,0.166617510338883,0.313409337404606,0.00278585256678436,-139.083016172451
"594",594,0.234220116534011,0.212204400159724,0.000211951647781765,-136.280457554765
"595",595,0.242912109446669,0.256242748155488,0.000631456863859858,-137.730048193039
"596",596,0.198384400903699,0.213265300499784,0.000268272572182434,-136.446190679909
"597",597,0.231424312466967,0.20646811604991,0.000318466824997368,-136.182411739029
"598",598,0.233241984746078,0.176436690747423,0.000329143756589664,-135.535182652837
"599",599,0.213155833465225,0.171339453561882,0.000772203192273987,-135.899949711971
"600",600,0.161331295507207,0.102845981116174,0.000915842091149595,-135.636100944774
"601",601,0.157774542157744,0.138127205146066,0.000145970915850324,-135.286232918581
"602",602,0.161270723988721,0.100935129292705,0.000950997247093492,-135.809055158127
"603",603,0.0841164892922759,0.0864749776221628,0.000664232173755447,-136.704232848933
"604",604,0.140605230600324,0.165714576427907,0.00045282596495132,-135.778254729163
"605",605,0.151826340507188,0.15245442008351,0.000747300115214132,-135.809951612597
"606",606,0.139138419371622,0.171460359071273,0.000604055267700792,-136.030797600999
"607",607,0.192131500734876,0.151282459040814,0.000107372205184173,-135.639932571184
"608",608,0.136113891491273,0.236530249836883,0.00522630051554981,-140.657574070208
"609",609,0.0881157546902057,0.24442876174328,0.0021508827445466,-137.574458696173
"610",610,0.175199668322232,0.195776865277907,0.000567460119875069,-136.327549062644
"611",611,0.0511773115074035,0.167882692248071,0.00288483316347867,-137.25841540542
"612",612,0.0617295068195597,0.205394264788895,0.00106905252248931,-136.91885163375
"613",613,0.244315341180159,0.191384884754945,0.00107390826502067,-136.529345234309
"614",614,0.207527497838593,0.144835295126152,0.00102966291014497,-136.510148570478
"615",615,0.206767472846718,0.182680414608377,0.000403289302440843,-135.775033124358
"616",616,0.23593764601657,0.179055292065708,0.00119204224303404,-136.800673086687
"617",617,0.11451056927655,0.182503983922631,0.00152955910720239,-136.936436715669
"618",618,0.0406441042781178,0.194065235994737,0.00272028737254586,-136.966653149686
"619",619,0.0715315722232988,0.228234481220894,0.000342424436919322,-138.300619195459
"620",620,0.176737043575927,0.108250497720486,0.000366874500151917,-136.017909916826
"621",621,0.148125614157416,0.169448097813312,0.000979619799007241,-136.519794439068
"622",622,0.160903221898864,0.101209997090649,0.000950700572159716,-135.76100605859
"623",623,0.0919619550874495,0.205898627099914,0.00105336609970484,-136.961183245711
"624",624,0.25535527261321,0.200788272198179,0.000291470893818617,-135.805576419026
"625",625,0.247244224416539,0.194506600074894,0.000226430542618307,-135.73280793073
"626",626,0.251768705763068,0.248862023913369,2.12300027307913e-05,-137.188503060828
"627",627,0.178603637707005,0.257219353348507,0.000615861833970165,-137.766748493984
"628",628,0.196763336523136,0.140380785639454,0.000414696690268605,-135.181422691685
"629",629,0.156692168640763,0.157847693620149,0.000357376025475763,-135.372049811119
"630",630,0.210037356309457,0.192229162269652,0.000669658020219809,-136.298179980727
"631",631,0.200189155309863,0.139013864097411,0.000386716928215877,-135.351609324745
"632",632,0.199267764488114,0.155608287360913,0.000196697716733744,-135.462321241751
"633",633,0.146187704369315,0.177406866160229,0.000492191811355273,-136.018681337339
"634",634,0.164992274008097,0.185093397172521,0.00136807468424252,-137.563649283552
"635",635,0.0843391364536332,0.119027739657349,0.00172161746331972,-137.787235498647
"636",636,0.153653254782789,0.0927354504065313,0.00142010062452383,-136.689426844811
"637",637,0.106620609026768,0.0776822466352925,0.000100009438767433,-136.986737871947
"638",638,0.119104996454113,0.0953956421219303,0.000663307044824022,-135.567061622498
"639",639,0.0978024503184403,0.238566917373032,0.00129261782270756,-137.27219192997
"640",640,0.0931976213621108,0.232584508288607,0.00351393787396018,-137.932511059087
"641",641,0.0800140154605966,0.172855396909717,0.00186831640811439,-136.901917174983
"642",642,0.0815663245490211,0.205112345847857,0.00150471037467196,-136.980916225908
"643",643,0.0566049817427952,0.202736190998511,0.00114530218743394,-136.879338612718
"644",644,0.175988097948602,0.11891687512813,0.00130690033528888,-136.23559399665
"645",645,0.0805239280112767,0.0370286037980423,0.00225069808470269,-137.865651649632
"646",646,0.0910546964391372,0.056457076805127,0.000881512272335789,-136.737821585096
"647",647,0.0778392972343495,0.229873365541292,0.00437270857859452,-137.907953902942
"648",648,0.0695986868398437,0.196278366974732,0.000811013034249801,-137.046910652366
"649",649,0.237673021596649,0.19567778440297,0.000360549801186893,-135.900046620434
"650",650,0.24704570177213,0.185553321481262,0.000517114302550421,-136.111622760163
"651",651,0.175386994575536,0.158592747508762,0.00243694300233922,-139.304227160873
"652",652,0.0542356413325709,0.180376535685963,0.00281963064307309,-137.167321090559
"653",653,0.0153924529655863,0.146098317000384,0.00190843916591993,-138.137143969579
"654",654,0.195827217475062,0.145892410446681,0.00228348686742428,-138.101013191676
"655",655,0.083256591055305,0.147663482535331,0.000682684964824094,-136.496783853233
"656",656,0.126114384604451,0.173936895825775,0.000275748871004108,-136.31802272122
"657",657,0.126907833399442,0.0806332261912378,0.0025559739828676,-137.835750112762
"658",658,0.115873236318785,0.135802569756972,0.00286236503484397,-140.990456342283
"659",659,0.0862345891537139,0.208232471752099,0.000797808422653614,-137.082912553405
"660",660,0.159216527202984,0.169281763774557,0.000872432436780103,-136.307287424101
"661",661,0.126748927679838,0.11606170459591,0.000673297118509397,-135.483213593098
"662",662,0.0846336855624444,0.128323066963629,0.00219415932368012,-138.219265646902
"663",663,0.100002266661405,0.248373627457035,0.00307054692471624,-137.733094796858
"664",664,0.130688252194595,0.260778832076335,0.00121666333488968,-137.911468773384
"665",665,0.307926049488136,0.283499931229048,0.00161230235960547,-139.014102389765
"666",666,0.282455700014971,0.23437189980994,0.000309296584534848,-136.254534325428
"667",667,0.28551406400887,0.260278803385708,0.00131576149690867,-138.368809332915
"668",668,0.15492798351125,0.267352718752314,0.00348319288089503,-139.366257527327
"669",669,0.0956223644722655,0.0606256836919341,0.00276713574242624,-138.547628238722
"670",670,0.097991270787719,0.0641194931694267,0.000936148371096295,-136.429101277972
"671",671,0.110268579594496,0.0787570093588217,0.000618144489982942,-135.869400064148
"672",672,0.138222491369455,0.175490988208821,0.000414285168739488,-136.049576203235
"673",673,0.223690723965232,0.188918799097669,0.000368578554460638,-135.881046479768
"674",674,0.231537455316571,0.194725068857024,0.0036661138448806,-141.05376987787
"675",675,0.212295843616589,0.169682834793738,0.00436100839776706,-142.747454732906
"676",676,0.175036596414683,0.234990906094488,0.000304562757926951,-137.24898057722
"677",677,0.184772330657443,0.146907930092041,0.000446896413661656,-135.293445125053
"678",678,0.0842631168220249,0.136045576079243,0.000833107596172768,-136.457450706074
"679",679,0.0494683146329654,0.125274472554024,0.00222272243312706,-137.717335018386
"680",680,0.0490665925171013,0.101760439501415,0.00112929299162653,-138.123472966148
"681",681,0.119023015354113,0.0941139940174776,0.000550406327210697,-135.48636830853
"682",682,0.118783548937491,0.100167433182816,0.000457080397637645,-135.395965022651
"683",683,0.10929545724738,0.0727769092656667,0.000490274597875355,-136.04231410515
"684",684,0.119768498301073,0.123975736498868,0.000901652831385742,-136.025157942105
"685",685,0.161153579467655,0.126824212257726,0.000146602289435198,-135.280055748357
"686",686,0.148640492560105,0.153478050336161,0.000289030847165348,-135.344610922209
"687",687,0.16305012274489,0.158670777541148,0.000378956786949475,-135.365268650502
"688",688,0.161508862901728,0.104726498949959,0.00116694754616373,-135.912481314486
"689",689,0.163557466385418,0.12636260802443,0.000453295901631378,-135.110189620078
"690",690,0.171246653973586,0.143359859854427,0.000623077746600292,-135.408950020125
"691",691,0.136157761783319,0.0736345704522156,0.000424160566618613,-136.071817079243
"692",692,0.128522384125257,0.079341174469254,0.000902616293866343,-135.747399989404
"693",693,0.119941992604217,0.091394861941127,0.000927399300776311,-135.857385152376
"694",694,0.0715383481337321,0.226815129834689,0.00260500174497284,-137.274433336456
"695",695,0.130746305073004,0.0761132967539418,0.00227657783489967,-137.69161515562
"696",696,0.132439334906437,0.100197968025105,0.00301182707427289,-139.071923138288
"697",697,0.14279642249951,0.110030713805566,0.0025543928278304,-138.39582904775
"698",698,0.146619910893675,0.181592903717184,0.000399792860607848,-136.094756868762
"699",699,0.108453331450831,0.190035391731092,0.00154419340944628,-136.929407683935
"700",700,0.0677581399605366,0.0479289469794779,0.000866270511666341,-138.290781886188
"701",701,0.116302465313955,0.0557281536565856,0.00120719670426005,-136.704646845936
"702",702,0.103544194505364,0.0696548407885301,0.00431887384469819,-141.028044822962
"703",703,0.0994294435122865,0.204966864998882,0.00338500314185039,-138.119626113462
"704",704,0.0706911153420563,0.0399423636995665,0.000694749317514425,-138.579163356499
"705",705,0.070710732988937,0.122310052678723,0.00210932832898727,-137.925114692522
"706",706,0.0610483939254474,0.123994617105405,0.00135574353044612,-137.203289183726
"707",707,0.14113243367008,0.0988766470226596,9.56388388589767e-05,-135.855653476909
"708",708,0.109382442554647,0.0836255762607525,0.000940189946492363,-136.082079510666
"709",709,0.125938820906132,0.115648398452847,0.00135342169252333,-136.786841947035
"710",710,0.096437687684916,0.0655711695417354,0.000856730925709514,-136.461393002616
"711",711,0.113887682852982,0.111254443220612,0.000300473004940588,-135.427837907336
"712",712,0.141871240265647,0.153591964089503,0.000115054626386594,-135.775539027006
"713",713,0.22768151458307,0.25783093815149,0.00151692586182478,-139.138952276809
"714",714,0.303651682225314,0.271942586269871,0.000829024406225133,-137.654878822139
"715",715,0.305467044535901,0.251663733093832,0.000830936706405393,-137.255679858814
"716",716,0.186069342650129,0.236042412780323,0.000540538433600471,-137.234036992739
"717",717,0.222181102057592,0.191804059636854,0.000182046676469763,-135.939718976403
"718",718,0.251821337549884,0.196511540166782,0.00104056066059483,-136.693146161072
"719",719,0.0405778196194822,0.179547856446408,0.00232002442630137,-137.046451075799
"720",720,0.0487127752686916,0.18360113425235,0.00127198334542807,-137.032569434986
"721",721,0.0713269514513827,0.0729819011664923,0.00132046615052184,-137.987835066168
"722",722,0.10669169160321,0.112531656412682,0.00020510228413241,-135.735391843997
"723",723,0.117113506976881,0.0579789820993024,0.000412976269596688,-136.771751603646
"724",724,0.112166709704786,0.0754170946636949,0.000739911993282321,-135.905098731631
"725",725,0.111858734928704,0.0719848472834594,0.000410488444573043,-136.081594267413
"726",726,0.124618387327994,0.154000828159835,0.00114864320694867,-136.630517372589
"727",727,0.135446661670877,0.189662321481618,0.000669219950172574,-136.457878684946
"728",728,0.234739531520287,0.199371116211459,6.50163508059737e-05,-136.303788764207
"729",729,0.248505032892269,0.207183018038309,0.000594446610596026,-136.197346562404
"730",730,0.254725404573702,0.207969625981177,0.000351827071121379,-135.935408052535
"731",731,0.254363365862304,0.205339743726242,0.000323993510083238,-135.858674827551
"732",732,0.258142852126694,0.206137360398851,0.000451747776716624,-135.904215153769
"733",733,0.268820372252228,0.248673973831482,0.000864382107748365,-137.715812544536
"734",734,0.119763766114302,0.0620762672455979,0.000823313236841873,-136.17704605795
"735",735,0.113430782180704,0.137342992653743,0.000545485267932351,-135.731486701617
"736",736,0.139493910908029,0.150537430468817,0.000948023272085419,-136.232591101152
"737",737,0.167604711239272,0.178170901780895,0.000861380155326784,-136.432608349131
"738",738,0.133601911168022,0.174175681845672,0.00114593814451789,-136.700010903331
"739",739,0.232171611248268,0.191208150181625,0.00130537276004396,-136.843548789241
"740",740,0.220961570686011,0.209392885712215,0.00113987769061615,-137.524647624903
"741",741,0.0601226832462209,0.136806044454493,0.00050221250374806,-137.387717448224
"742",742,0.0680794764714747,0.210291691999727,0.00107962120669818,-136.947071636198
"743",743,0.102934251219639,0.235767274462922,0.000893594404036805,-137.427706401969
"744",744,0.250948367363028,0.209660119337705,0.000735772183079034,-136.35865920739
"745",745,0.262776561325526,0.209831465075151,0.00134735593356258,-137.38241476724
"746",746,0.21359888689987,0.202976939525449,0.00297178461821968,-140.820978780377
"747",747,0.12137717639368,0.269265351296404,0.00249254636328426,-137.972218153135
"748",748,0.301656989302803,0.268406540589549,0.000413680917084132,-137.206550625143
"749",749,0.287582924195553,0.250107012797989,0.000563451321039945,-136.886801723482
"750",750,0.28691341193007,0.232040724325677,0.0011805125254549,-137.621450974587
"751",751,0.10512343384687,0.11496767608656,0.000771330712182509,-136.002746424512
"752",752,0.118086214422908,0.0646258253306476,0.000912215622678413,-136.040942504511
"753",753,0.101191508735094,0.111154682093521,0.00127977288528087,-137.008291296079
"754",754,0.111194956838888,0.128541933098466,0.00101397515838951,-136.375213570276
"755",755,0.176400468921942,0.14640395955195,0.000225745461544489,-135.217774836493
"756",756,0.177037093811925,0.175826557776075,0.000178093897377267,-135.692248491577
"757",757,0.214473169685509,0.15284950495275,0.00142833436093,-137.407752126508
"758",758,0.147987916398596,0.192737977265727,0.00160382473877314,-137.588590941855
"759",759,0.181666401840685,0.315579207645011,0.00175932689698914,-139.114055687179
"760",760,0.330417979891724,0.307502692864719,0.000988246474517711,-138.687244521932
"761",761,0.151365259217405,0.161794145724669,0.000186882165253601,-135.593020087777
"762",762,0.192711375077367,0.136850790201721,0.000269699910972375,-135.199054950424
"763",763,0.174494201370059,0.136584882951974,0.00114798669520346,-136.135326933603
"764",764,0.135788370487506,0.27723746358475,0.000988907856925041,-137.981068992507
"765",765,0.141706118634715,0.140705988002803,0.000464826633514854,-135.284080982282
"766",766,0.148071609175786,0.201787513978304,0.000928247045114705,-136.811659074507
"767",767,0.0512481307019265,0.202564065041373,0.00242711790972299,-136.881165141957
"768",768,0.0553416715137612,0.184227911540728,0.00221335107277443,-136.987125485948
"769",769,0.0563549672043094,0.217410748999683,0.00219655044696874,-137.652516490654
"770",770,0.110565384156617,0.199665994490372,0.000190410192862618,-137.370007011666
"771",771,0.226158610348525,0.216215824022176,0.000210445682404877,-136.382660744653
"772",772,0.155744568349396,0.18291277032367,0.00163823858223909,-137.990304557043
"773",773,0.239235539666809,0.206375120103264,0.00240592004395528,-138.889889542711
"774",774,0.0587291467726824,0.177509949123071,0.00174368594232412,-136.893698006488
"775",775,0.0532784385600446,0.186785566068213,0.0020746988324247,-136.966379841062
"776",776,0.062560395728842,0.215855597984408,0.00319877853352613,-137.205731230393
"777",777,0.0670930072810354,0.217252040066153,0.00112568950422093,-136.956727438751
"778",778,0.105408901228477,0.0896069498164489,0.000138251224685493,-136.338514864675
"779",779,0.159728552324492,0.235601865460104,0.00297803273962078,-139.263172375249
"780",780,0.170678228183674,0.310050061087425,0.00456893693311751,-140.184686733793
"781",781,0.151932937882137,0.297114327674984,0.00251452516674073,-138.646280238153
"782",782,0.163424702783605,0.142764829753922,0.00040081692399812,-135.155372830675
"783",783,0.163288574754819,0.104763889885363,0.000745239842248658,-135.429159350202
"784",784,0.150811036610856,0.140218024365326,0.000399881156851978,-135.161055763817
"785",785,0.190423843617593,0.131446251764466,0.000278682123436316,-135.228994657168
"786",786,0.135889280956268,0.141857069496662,0.000376642794753253,-135.295168676505
"787",787,0.12362548384488,0.0963956577306853,0.000965114928462892,-135.867549737644
"788",788,0.120666128698738,0.212111890059059,0.00354375185320847,-138.828927219227
"789",789,0.151680185963238,0.125234982138745,0.00202187319413753,-137.886039794206
"790",790,0.154744808320448,0.117315953130295,0.000675129405387395,-135.303437634206
"791",791,0.105989876424294,0.129819864015698,0.000265364470575264,-135.824072984824
"792",792,0.1221026028689,0.260305212241751,0.00283482312789824,-138.215493223199
"793",793,0.158541223544687,0.27907517744574,0.00375077984758847,-139.629063716247
"794",794,0.160507992599724,0.296492992402736,0.000129929970381083,-138.708300693469
"795",795,0.303892756254606,0.32882723631669,7.97233478207663e-05,-138.761027190351
"796",796,0.333990009376141,0.290167899761933,0.000212962717833147,-137.057076674245
"797",797,0.340762993431912,0.305603053287669,0.00120889955549578,-138.370081254818
"798",798,0.350146510605939,0.292392193259557,0.00106769133463323,-138.942337763835
"799",799,0.182586559928074,0.212644122389861,0.00175726007846407,-138.677390810367
"800",800,0.174543298688447,0.319699531988338,4.23349429941602e-06,-139.277953026026
"801",801,0.301024724236225,0.231565465947557,0.00055887227869125,-138.215145615559
"802",802,0.254473696838672,0.200256360470457,0.000180149507267875,-135.852229883462
"803",803,0.272802628256403,0.215509604893307,0.000190939089428008,-136.118856750364
"804",804,0.24801457415765,0.22321830997602,0.000349894755313441,-136.53016048288
"805",805,0.283058845523768,0.244320196973432,0.000754490519715731,-136.924443001821
"806",806,0.295332792032186,0.245523712907767,4.99169836841099e-05,-136.56939353003
"807",807,0.296284793165915,0.242328362214698,0.000472292018659125,-136.562530948596
"808",808,0.22319803439907,0.309908346700475,0.00297664341982399,-140.538599790761
"809",809,0.236038649796628,0.195463924436716,0.00208423676130992,-138.12920355744
"810",810,0.238905276346357,0.335826956607174,0.000422788379632258,-139.377038486637
"811",811,0.259235005419341,0.199762084761032,0.000590987351202748,-136.290189334182
"812",812,0.235002921017576,0.197610387468877,0.000442533075226525,-136.049108994288
"813",813,0.192102162482509,0.141348834294767,0.000506979571770287,-135.216078121414
"814",814,0.208080862068719,0.159920215178786,0.000816329975895545,-135.678017385546
"815",815,0.0777049208250939,0.159459854456832,0.00161200818494636,-136.796254636662
"816",816,0.041710430382209,0.132878174457229,0.00132388611233942,-137.593453391453
"817",817,0.0770995029082594,0.227037627526137,0.00143181668722628,-136.996527110951
"818",818,0.108080201122976,0.173183991372786,0.00277320931620253,-138.323322020958
"819",819,0.0681767481860436,0.127887569618509,0.000895594650782612,-136.899985484949
"820",820,0.0476214967213199,0.186277157105502,0.00435067163258603,-137.724291688138
"821",821,0.0252800628125545,0.18338441962746,0.00122193028322536,-137.898056215909
"822",822,0.200303048224754,0.272735453531059,0.000156182113310096,-137.999695805801
"823",823,0.276758316892771,0.232643383311639,0.000705547410373615,-136.559395753536
"824",824,0.281565581118378,0.238901935801565,0.000811134949634979,-136.791784540087
"825",825,0.249913430478137,0.29381560960712,0.00137865559517685,-139.427003057866
"826",826,0.349354817046369,0.502585182400932,0.00201328847347294,-142.731977068719
"827",827,0.378324497792165,0.42174136190476,0.00186272058417392,-142.55261254276
"828",828,0.38811733274819,0.454736642027967,0.000707508451842035,-141.91962650035
"829",829,0.429335536905165,0.376206638046911,0.000678962391152274,-139.361512440643
"830",830,0.412631892291375,0.355641491009355,0.000495080099854007,-138.973367608059
"831",831,0.365509315037688,0.318059423733379,0.000271523681244175,-137.448436953545
"832",832,0.354070643872547,0.335725708292608,0.000601221073670072,-138.864796461354
"833",833,0.180770809963875,0.278614169274011,0.00227758286221052,-139.051691172172
"834",834,0.142874631110086,0.113879581113914,0.00164728330542697,-137.02674836527
"835",835,0.152296330168394,0.13664294087474,0.000534166618593699,-135.249370430805
"836",836,0.174015748168033,0.169217626305963,0.000582507182358808,-135.755269946051
"837",837,0.124855850776439,0.131287131447922,0.000799880538273963,-135.837976412371
"838",838,0.102317087175772,0.138245565943117,0.000800635292422926,-136.153263928721
"839",839,0.183525787208703,0.15228164083381,0.000267753674679755,-135.266121050817
"840",840,0.152217210851568,0.159887314750862,0.000361126964801749,-135.450695448324
"841",841,0.152965434908229,0.155629474251613,0.000534362128959359,-135.520019439089
"842",842,0.142101584611267,0.145433510041056,0.000214675644393935,-135.32453599111
"843",843,0.110792472908324,0.129419807815381,0.0006816575851569,-135.84186936951
"844",844,0.135131384519542,0.163399789846559,0.000185165727437914,-135.968116053054
"845",845,0.133818408540665,0.089622258818241,0.000338292789102564,-135.426535005166
"846",846,0.135630817753282,0.0800642810738769,0.000753100415629082,-135.651008750097
"847",847,0.114716342855578,0.115221390270482,0.000488738688867263,-135.457183518801
"848",848,0.124868089629858,0.130060614073277,0.00142228428515394,-137.159872943764
"849",849,0.0758497498756292,0.0935562643810689,0.00159410942800244,-138.242681979063
"850",850,0.0859464513343148,0.239025737055097,0.00136261946406436,-137.287231298531
"851",851,0.0849583815221679,0.181914863794082,0.00137414189547246,-136.743968786364
"852",852,0.235601157279358,0.182814250034474,0.00197840870938135,-138.249013731154
"853",853,0.228878616203596,0.177789575675592,0.000725645814245489,-135.760622154544
"854",854,0.203817204947195,0.16714456040429,0.000136739278484293,-135.676826353697
"855",855,0.179862877563622,0.178582656865625,0.000164202834394707,-135.760258678365
"856",856,0.202052164971225,0.232634907740697,0.000119885168512367,-137.045719247952
"857",857,0.247351320815191,0.24273033682884,0.000459746332861184,-137.125857302473
"858",858,0.266149484976812,0.231024224267401,0.000814434733670277,-136.953641947499
"859",859,0.289243819487839,0.280514935184102,9.68483430671362e-05,-137.621901215139
"860",860,0.271547757380568,0.25232189095609,3.68110598185641e-05,-137.122114120134
"861",861,0.316381306506895,0.259413337837909,8.47648938248427e-05,-136.775754509392
"862",862,0.145931486528274,0.152233374799513,0.00107009203207335,-136.485926387502
"863",863,0.1995103292266,0.148316390883477,0.000824152218377024,-135.549969444745
"864",864,0.194274728452697,0.175254293134792,0.000461085957410976,-135.686912195889
"865",865,0.15991300251172,0.166434318977965,0.000584880693680848,-135.757001823663
"866",866,0.160565198366055,0.179827211295749,0.000462740289711122,-135.919280438011
"867",867,0.18081992727642,0.123919164725989,0.00029616259821513,-135.16773125888
"868",868,0.115466599693908,0.12430218548426,0.000640742756931841,-135.659508622531
"869",869,0.112756872362702,0.160629363259298,0.00103801770755383,-136.407769295907
"870",870,0.207968540479254,0.161587075141956,0.00119017741716344,-136.217688951926
"871",871,0.214648564968415,0.173729056467234,0.00201275607508235,-137.734060407555
"872",872,0.0771123431007815,0.219457921055102,0.00649234889939447,-139.421621316756
"873",873,0.0679448408843808,0.192160646286835,0.00382134539237466,-137.779841210389
"874",874,0.0357111544838649,0.193594347018033,0.00456741373762807,-137.582627122972
"875",875,0.0326409583121153,0.167719843563587,0.000945684857299662,-137.653303591145
"876",876,0.111226770330095,0.133288611979446,0.000922586434757195,-136.224951889575
"877",877,0.0897346611436111,0.147655877040991,0.00176563974411232,-137.103054746328
"878",878,0.0498746171321814,0.145834988880059,0.00176436395032764,-137.148701745563
"879",879,0.0232760421748483,0.173392294199166,0.00452664166257841,-137.572527600709
"880",880,0.0709402148159587,0.195921127742339,0.00439237658142051,-138.181221482784
"881",881,0.0757677167799651,0.179295284662317,0.0048649585925342,-139.091974050527
"882",882,0.0982575138565139,0.270781217551985,0.00151479834140038,-140.921429806128
"883",883,0.278920165010643,0.427829598456189,0.000732711111201321,-141.071205332121
"884",884,0.315144519984653,0.242356379830129,0.000575486678548418,-139.140609449083
"885",885,0.117359541730625,0.155211207313828,0.000376590639884768,-135.93994873166
"886",886,0.127613655594844,0.115379537951022,0.000223762858269443,-135.247555515333
"887",887,0.144662802242308,0.105540595961427,0.000380553078893154,-135.12312845968
"888",888,0.154751271384621,0.109780953738671,0.000160129665152283,-135.399725631918
"889",889,0.116468221678807,0.136132418669368,0.000603632343466738,-135.714698179624
"890",890,0.0974934100891123,0.125376460270521,0.00103840857509551,-136.544827861051
"891",891,0.12719622717209,0.0744249486437107,0.00156591957978456,-136.394433681866
"892",892,0.137313490604711,0.284338853514554,0.00157209052369185,-138.089276942483
"893",893,0.23606779198063,0.298850742824586,0.00213193267746299,-140.058947297296
"894",894,0.168895746332701,0.285180971036788,0.00242051331467476,-139.040005580119
"895",895,0.166917110673423,0.274920372345838,0.00394778094219666,-140.007988005332
"896",896,0.134435114737239,0.244240688612227,0.00194556858344924,-137.918557590205
"897",897,0.0798657123493042,0.128706838729797,0.00209130136355258,-137.866964232467
"898",898,0.181455063982919,0.148450134309134,0.000440991925974661,-135.279790461631
"899",899,0.193135408079945,0.170816752377406,5.83220218151519e-05,-136.005676749459
"900",900,0.186246291040272,0.126015508340585,0.000166697586154157,-135.44902873349
"901",901,0.181276061112878,0.203720937287229,0.000309251805259889,-136.323414298416
"902",902,0.224884266648438,0.161560977532031,0.00018619870305308,-135.77948208779
"903",903,0.183272436437989,0.126293522357295,0.00105205177215322,-135.833514493757
"904",904,0.110623059071686,0.179393773870202,0.000650008448406233,-136.460775981672
"905",905,0.145198359191373,0.145201544858363,0.000110808475723652,-135.582760184846
"906",906,0.196419664213942,0.160746947085817,0.000664272602559692,-135.710807303761
"907",907,0.113275961947577,0.0952845944538531,0.000675691514810257,-135.695481233512
"908",908,0.143578134483237,0.105197885062833,7.49059024346411e-05,-135.887182307955
"909",909,0.145564651185235,0.100011440415326,0.00142745357248408,-136.202610850952
"910",910,0.147416241507439,0.0972456027723819,8.28474005684598e-05,-136.093685550166
"911",911,0.159384753509666,0.0940087894158858,0.000116198949061802,-136.261548686204
"912",912,0.122985131667688,0.189450368002403,6.59401266818832e-05,-137.472248017254
"913",913,0.19873083240532,0.273817702037817,0.000234519487575013,-138.028195396279
"914",914,0.286965071133491,0.291221441576792,0.00104078675335077,-139.10320462874
"915",915,0.342463012739701,0.290269161370582,0.000351874996476794,-137.195305460899
"916",916,0.33268756623967,0.289795614006372,0.000284495490577353,-137.085232246805
"917",917,0.341435253220016,0.310324450331309,0.000293928155007684,-137.788583641754
"918",918,0.359490862946044,0.307529084569035,0.000695365057189474,-137.980293604947
"919",919,0.3427377798072,0.424256174458564,0.00215893230468275,-142.285061604211
"920",920,0.348616273631522,0.347878649233567,0.00275029474843469,-142.063240403624
"921",921,0.387043309927074,0.354900497956783,0.00314143556599003,-142.284917672402
"922",922,0.293710083041744,0.439262919394073,0.00341753100586138,-141.857176958296
"923",923,0.277642902050816,0.388553586476618,0.00171591504990626,-141.013487036755
"924",924,0.435025920218109,0.397605902349994,0.00178253433107903,-140.737304201175
"925",925,0.43316465196713,0.397686346045038,0.00113962875161739,-139.604774101471
"926",926,0.292256006121158,0.445982521320189,0.0020156337673452,-141.74780709309
"927",927,0.453037853884523,0.384635128310115,0.00142520030225469,-143.650605663693
"928",928,0.270520783353353,0.297204393182344,0.00118859924718025,-139.472251915978
"929",929,0.300137243946778,0.425075144603374,0.00133406911352564,-141.31366351923
"930",930,0.447277206639183,0.411017935835403,0.000969690848342939,-139.572106319491
"931",931,0.469318659211655,0.468892613600091,0.00131047840143676,-141.781648551216
"932",932,0.512706630021061,0.519253182960573,0.00155568618600543,-142.689867260807
"933",933,0.439594527129812,0.528510749338595,0.00163417118062797,-143.707111262071
"934",934,0.505600208484574,0.520366817908569,0.000717683882371863,-142.455822118568
"935",935,0.408443692468793,0.458742039130437,2.64239494146069e-05,-141.41325081171
"936",936,0.40816518879818,0.539300440232335,0.00262910135883902,-143.491135459667
"937",937,0.40747990967232,0.401898364610136,0.00299706550492761,-142.32204224263
"938",938,0.420665369653197,0.384365572846544,0.000247024883556285,-138.414216804899
"939",939,0.415803474856721,0.423661580453257,0.000331730804485001,-140.550247826019
"940",940,0.386297759803513,0.358818728997052,0.000439899658579106,-138.594005725891
"941",941,0.382600294420261,0.327763097787032,0.00015478257769247,-137.762910545922
"942",942,0.37473799231433,0.343311754483327,0.000650632807313129,-138.375124898494
"943",943,0.406013217500819,0.394360354969422,1.78091230083593e-05,-139.388489498912
"944",944,0.451741582222303,0.416509717740467,0.000164393529216942,-138.77000892289
"945",945,0.443208945529623,0.405930230420236,0.000768199926623461,-139.231699967567
"946",946,0.454463582700891,0.424802005837218,0.00067987973988908,-139.425305981823
"947",947,0.43433239266506,0.404527455652574,4.96044055405272e-05,-138.806453365596
"948",948,0.434693619625598,0.385344957084004,0.000559448971260994,-139.026302615384
"949",949,0.416163274688359,0.364214497437673,0.00119435817887903,-140.069744962906
"950",950,0.36804177719468,0.344451866862391,0.000693542786113556,-138.813756866084
"951",951,0.293143639674915,0.399416547986724,0.000337325091832438,-140.666526769712
"952",952,0.402764649463369,0.34233558824285,0.000315276257008037,-138.739308875172
"953",953,0.197247150871058,0.247293554875265,0.00240228212231925,-139.751157269864
"954",954,0.141399565786187,0.288978264966086,0.00418928208803171,-139.171121351323
"955",955,0.144766827466502,0.298530178502384,0.000273619877125788,-139.205545795277
"956",956,0.209754694038868,0.185826439560746,0.000425126675478219,-135.85320205729
"957",957,0.100376695185553,0.0862607069407159,0.000625952654377457,-136.065674115051
"958",958,0.104249287389172,0.125761782876509,0.00132438699445021,-137.047643265205
"959",959,0.185280972627859,0.158424094865957,0.00173262320399604,-137.650388989779
"960",960,0.188701483598677,0.134772319128577,0.000492302986622643,-135.157861520775
"961",961,0.143272134892796,0.178171606092812,0.000444326376465887,-136.052932595917
"962",962,0.171382859174524,0.113661057836249,0.000461704608756056,-135.17107664822
"963",963,0.165229175080354,0.123044550895099,0.000966731189951499,-135.700566287609
"964",964,0.14267802737994,0.170862967909919,0.000383522853054134,-135.857989338813
"965",965,0.23376722498463,0.237037246797602,0.000566578878113776,-137.171047698209
"966",966,0.287109248030456,0.236616122222446,0.000947510904162996,-136.99915169716
"967",967,0.242739968172868,0.202490385281857,0.00118822172373711,-136.841425771215
"968",968,0.250013749543316,0.216713064222617,0.00164315801079727,-137.893826897512
"969",969,0.281461360566769,0.216080414176625,0.000453148719762261,-137.043056961031
"970",970,0.202507183896525,0.159295879015649,0.000613290448379086,-135.565139062758
"971",971,0.0946933275967302,0.0845638550086413,0.000536838906635359,-136.268143172319
"972",972,0.116669181934055,0.138269007353838,0.000738283774878678,-135.908533219771
"973",973,0.122094021606933,0.132324114290164,0.00150833238628977,-137.407072052011
"974",974,0.118657602989207,0.114439960507713,0.000722716171307172,-135.669305348227
"975",975,0.172953697862644,0.115333206296826,0.00161297293270879,-136.861899553466
"976",976,0.128147796689262,0.23047626237489,0.00381603198127304,-139.088171400627
"977",977,0.119986363436132,0.257632496107222,0.00236452019816563,-137.977842455392
"978",978,0.13410955966008,0.182232333231069,0.00168516065988375,-137.459295707498
"979",979,0.0951484514143394,0.133861565146301,0.00161909866536905,-137.320938624802
"980",980,0.17742407532733,0.12068739711513,0.000376782635718961,-135.132778615697
"981",981,0.0887535085580721,0.103202455605008,0.00115242624255484,-137.017604886621
"982",982,0.158245435903181,0.126341523441485,0.00166220402127284,-137.064079434902
"983",983,0.0446129493915543,0.165008134954545,0.00195685464223923,-137.069625685619
"984",984,0.0185801221324733,0.145193433377056,0.0041650739162512,-138.168894405724
"985",985,0.013255391538592,0.171430280034914,0.0014393443451171,-138.264586385476
"986",986,0.0295528045016211,0.151486970900996,0.00342020855738774,-137.675994787887
"987",987,0.0363140628837893,0.175734771244449,0.000604467268348444,-137.77316130057
"988",988,0.202049980491542,0.133278497180356,0.00106514953129641,-137.437319624057
"989",989,0.0731169191627324,0.242545340715238,0.00285131979789478,-139.366933625025
"990",990,0.161734334110992,0.248316078083899,4.81844502601647e-05,-137.900926576405
"991",991,0.137521778380278,0.196525857347573,0.001907913451671,-137.719747968435
"992",992,0.0763996628505775,0.202059168292462,0.00149208577521406,-136.949577717425
"993",993,0.218817893838734,0.266569533194313,0.000533123437991449,-137.871759630105
"994",994,0.187197783660614,0.130001637789664,0.000932412123340015,-135.679912790935
"995",995,0.15521891955933,0.187231723318975,0.000540645268880192,-136.207828333924
"996",996,0.164163400207406,0.118684288643205,0.00133685467855447,-136.121000856899
"997",997,0.158486128616296,0.108381602233714,0.000130316520653983,-135.603406586066
"998",998,0.166058848098969,0.179571060716513,0.000592331788287477,-136.01927760983
"999",999,0.120935176595397,0.125849773534204,0.00122585969802736,-136.703242322761
"1000",1000,0.0742863044222044,0.144900187405497,0.00106837389588081,-136.670974432937
