"","i","asc1","desc1","pol1","p"
"1",1,0.158617433430897,43.6681517483555,4.85158030168004,-247.31643684871
"2",2,0.298387350506305,31.5473446427473,4.09444915146417,-222.511499102189
"3",3,0.0955923589502756,17.4537369702502,1.47177702301903,-192.322311354099
"4",4,1.52845581694719,11.7905761728211,1.33379108905927,-179.850628182741
"5",5,1.73842227393307,12.3004045205358,1.12090518676345,-180.399142667296
"6",6,0.446759917799949,8.50941526593657,0.717522333206232,-172.267319249742
"7",7,0.686572095371474,7.25755835450587,0.737348231904479,-167.295199908263
"8",8,0.804540259331892,6.147233912859,0.576780297012618,-165.064659083734
"9",9,0.462185023109784,5.75124843010152,0.682130899240766,-164.286034730096
"10",10,0.176509287227242,5.70473559351167,0.763765886762497,-164.631764698124
"11",11,0.271350155580033,5.57221040102954,0.511681116180905,-164.035065143733
"12",12,0.163245693943916,3.69708108616232,0.366555936154947,-158.869913682664
"13",13,0.51807452605416,3.70067993907167,0.286279083114146,-161.346120259018
"14",14,1.15171833225033,3.5882409233806,0.24811027174024,-159.536386600328
"15",15,1.34970646866153,3.39238886406941,0.245814146895987,-159.160004379922
"16",16,0.841622184681896,3.27765513112925,0.246752666673019,-158.70550095763
"17",17,0.74706526155054,2.72972683496157,0.25279424445139,-157.543562279021
"18",18,0.533494862917805,3.03787282613971,0.271813071772151,-157.556259971881
"19",19,0.726439403439853,2.9596662591068,0.2126233813178,-158.527876852715
"20",20,0.984883240037413,2.77408455562228,0.195691985623699,-157.00590434788
"21",21,0.898663046695363,2.28684636818433,0.15384216777568,-155.572188424918
"22",22,0.924249503721834,2.50100819820096,0.19436734078198,-156.713022958234
"23",23,0.542248450611731,2.40516591599282,0.196878610058895,-156.109987184925
"24",24,0.484926093495814,1.9904817353428,0.170362205508326,-154.864063930864
"25",25,0.328443775758105,1.99989376629375,0.212101836487625,-155.354345657047
"26",26,0.328147791048298,2.14295902398226,0.209442639000748,-155.190477902358
"27",27,0.188506357694557,1.71442229105666,0.177546538446691,-154.063130714376
"28",28,0.101285070356277,1.53003184534678,0.152847192098097,-153.718846054178
"29",29,0.233525511536298,1.50067185362606,0.154862411685968,-153.791157994277
"30",30,0.128664900447649,1.28755371785332,0.150476530813128,-153.684561686139
"31",31,0.0725455366563203,1.39469013877698,0.137017132532984,-153.617571806269
"32",32,0.383234647415066,1.58172162458991,0.152445243141868,-154.374668114751
"33",33,0.380230036267778,1.8400708655174,0.171097476177464,-154.517873844072
"34",34,0.238605029339766,1.77570680118837,0.177223010503628,-154.242916588695
"35",35,0.219258255355369,1.62288926795265,0.138426211453544,-154.753154880973
"36",36,0.304044059428217,1.45513154048259,0.125623652991349,-153.505830084436
"37",37,0.104218091448461,1.04494354081256,0.126210589518328,-153.469470656826
"38",38,0.0663520486309452,1.26806852464061,0.15518607644619,-153.480949160403
"39",39,0.0607428808355118,1.34287700655276,0.151681212250316,-153.070386931941
"40",40,0.0251305783826103,1.21841440992544,0.116982881445238,-153.813142908686
"41",41,0.203678039809886,1.22076600774799,0.140645319558931,-154.423331031802
"42",42,0.0783305638153279,1.21002240312605,0.121475530244227,-152.94331969054
"43",43,0.114904871810461,1.13015193721979,0.109139754855174,-152.770964667552
"44",44,0.10915931483682,1.07805419690647,0.0969712189490594,-153.245428253094
"45",45,0.253574286947171,1.06476989441676,0.0854762379160376,-152.545574851448
"46",46,0.282067699621271,1.04277630083651,0.0900642963406367,-152.381511218754
"47",47,0.224900478686294,1.02864345478655,0.08504966228863,-152.470068949882
"48",48,0.253355740702541,0.890756982765129,0.0837224509633112,-152.794693707539
"49",49,0.0597061132843944,0.758645973209617,0.0679253078068818,-152.789777803813
"50",50,0.044193538498786,0.725864298882499,0.0934273725548862,-152.914569441637
"51",51,0.00939860299325257,0.957835655940373,0.108597287129035,-152.040326129681
"52",52,0.017865506618431,0.9371833298409,0.0980290617200843,-152.25601278861
"53",53,0.0373599949477457,0.880065785726483,0.0928322574125392,-151.986269204345
"54",54,0.122135727932245,0.943869628693817,0.0869795716402509,-152.37519511677
"55",55,0.211027455365326,0.944671185085086,0.0879324611289773,-152.224406691847
"56",56,0.22506294561095,0.982347301570744,0.0795247678945407,-152.356986784254
"57",57,0.372123012802244,1.03936074253605,0.0720056273377617,-152.011029993208
"58",58,0.545561428667009,1.24555857927864,0.0732858889383637,-152.351694524214
"59",59,0.620016736133732,1.36928984971709,0.0833667922316027,-152.69529419423
"60",60,0.578369657725874,1.37510188015082,0.0898795922266294,-152.847271672068
"61",61,0.506379369093813,1.2463718555018,0.0797924625873909,-152.452857418277
"62",62,0.478591252196706,1.16322785722462,0.078640649904997,-152.29446920502
"63",63,0.361731354651404,1.13459361675086,0.0779665764185615,-152.736041239131
"64",64,0.417686403419443,1.09003264784359,0.0759636630415001,-152.10475350776
"65",65,0.526482359595293,1.21700231079853,0.0745926572253885,-152.260517106457
"66",66,0.489720396052649,1.1232448168962,0.0638609967307736,-152.096786521872
"67",67,0.566955646270227,1.20278292589294,0.0604064706626081,-152.463218684426
"68",68,0.651037953981788,1.20660597283704,0.0485111248172031,-152.569704229153
"69",69,0.820185083919849,1.17081621248613,0.0335154917249159,-150.770143825015
"70",70,0.803794755425005,1.15425279237585,0.0299670413758309,-150.813404918532
"71",71,0.792303209334825,1.10891031948829,0.0250832158471963,-150.652137264029
"72",72,0.817234395719357,1.08597219173384,0.0267643652108711,-150.469815341921
"73",73,0.769977993227177,1.12342931607555,0.0342396173042145,-150.665916705578
"74",74,0.801426177161883,1.15131926941227,0.0245853488492376,-151.949170300184
"75",75,0.911749244403026,1.17684157422441,0.0204793312718417,-150.379982224562
"76",76,0.898081062723902,1.1873678883265,0.0235667776881745,-150.531586476822
"77",77,0.948106742580837,1.21697806602814,0.0199092034059289,-150.588322178228
"78",78,0.886530116953604,1.22838175833297,0.0391671031008151,-151.887485155444
"79",79,0.94526058302058,1.40418444285409,0.0448083548614973,-151.769345914037
"80",80,0.958356081581784,1.35382018080915,0.0335386483569844,-151.557936327661
"81",81,0.883983655507812,1.30891378160336,0.026197309721837,-155.059756323726
"82",82,0.944790836936674,1.18496004778521,0.0119621084518875,-151.063814707453
"83",83,1.06608535182466,1.30478222273962,0.0208946671170454,-150.920516971136
"84",84,1.02267198662624,1.30591299234712,0.0228940995086331,-150.870638995792
"85",85,1.00335134417284,1.26159347293382,0.021990721883342,-150.681768043885
"86",86,1.04370884897788,1.26940502688289,0.0251779670433608,-152.223269423135
"87",87,1.07029762861412,1.38621709744003,0.0283453194373181,-151.301570619617
"88",88,1.0723774663581,1.37386352972647,0.0297676704989822,-151.568748493018
"89",89,1.06741432089513,1.36208401539153,0.021137572872001,-151.304883983831
"90",90,1.11418215016127,1.42495772444169,0.0222054098852205,-151.631055323123
"91",91,1.15767013208853,1.45968441754575,0.0294123214046154,-151.861178093486
"92",92,1.11310414720286,1.46908135684259,0.0420747232960376,-153.179723068941
"93",93,1.02150696130678,1.53307588062469,0.0450422233749172,-152.433387980265
"94",94,1.02152555316788,1.50041866820293,0.0451702094982183,-152.073870527951
"95",95,1.0186035766626,1.53712967846763,0.0674405300187644,-154.309682872043
"96",96,1.04126460123064,1.62603325492087,0.07235614563298,-153.970776150407
"97",97,1.04283540830012,1.62150327851874,0.0619114392414196,-152.831829648549
"98",98,1.01773740085135,1.65159134146953,0.0666289362684417,-152.931777203262
"99",99,1.06299967586039,1.83843333657335,0.0972032655497199,-154.812717838548
"100",100,1.05291239056773,1.83834245402438,0.0749220691690339,-153.788504400606
"101",101,1.14849405813922,1.86082727770644,0.0735912217452774,-153.589063041563
"102",102,1.02611101956458,1.6514851129366,0.0546532953610046,-153.268711012245
"103",103,0.981609120314378,1.59915482474281,0.057643531338137,-152.817713866015
"104",104,1.01157158624962,1.43318996862618,0.0522210706471595,-153.397476947218
"105",105,0.938521924662042,1.40084466939881,0.0380787803732037,-152.266317031779
"106",106,0.997931658272479,1.41813627567951,0.0431705168411145,-151.870384866421
"107",107,0.957447504278022,1.32655245480893,0.0267018089557291,-152.116833718357
"108",108,1.00568566423833,1.32491653612665,0.0229547094090359,-151.492117192327
"109",109,1.06576651130172,1.31856407784036,0.016706565434325,-150.925777253412
"110",110,1.14283315559422,1.39970742211229,0.0137430210844704,-151.818858750246
"111",111,1.18148479763594,1.39089291659586,0.0123100646644598,-150.836717999787
"112",112,1.18884022238326,1.44872764137852,0.0248480312916873,-151.838131735896
"113",113,1.20296711558226,1.47736240592718,0.0257277092231337,-151.827494232163
"114",114,1.17961865985223,1.49992619563103,0.0245966047115511,-151.705895430754
"115",115,1.22871322585605,1.52853846846291,0.0264640339017289,-151.792665348149
"116",116,1.21259159912028,1.53396094611896,0.0223127820831882,-152.087475248282
"117",117,1.21425651020804,1.5252659119543,0.0282517719607233,-151.851297855031
"118",118,1.18972017954868,1.53550909831591,0.0200197014582708,-153.619728670947
"119",119,1.14992415963544,1.4108640198391,0.0175202142059698,-151.249823291977
"120",120,1.16385981055936,1.38538848253741,0.0325683598131296,-156.328252690464
"121",121,1.03113070787371,1.38547691996963,0.0345569825219785,-151.530928526888
"122",122,0.97519609908995,1.36068332650096,0.0332832075196193,-151.466773978813
"123",123,1.04863069973931,1.37616971099955,0.0188166382441287,-153.222286629995
"124",124,1.04048520572745,1.23184382587977,0.0100215981316953,-150.08344500721
"125",125,1.05183275486237,1.22053609082092,0.00817475848574838,-149.85339190808
"126",126,1.12563218119536,1.24014298356312,0.0015670236114146,-149.426772091167
"127",127,1.20076437820818,1.2640433012646,0.00097914921657713,-147.704279280808
"128",128,1.2422362851178,1.26824826806523,0.000367563689964241,-146.492899896187
"129",129,1.22262434549581,1.26047303191629,0.000401438041172006,-146.632188474304
"130",130,1.22921847310202,1.21955056399909,0.00030896661040909,-146.914135939404
"131",131,1.21734343459861,1.2235579435873,6.11222007829154e-05,-146.068766725397
"132",132,1.23957403078204,1.23120902889594,0.000378479602619288,-147.051626632986
"133",133,1.20836233394976,1.27566365719822,0.00255583520692535,-148.095855359341
"134",134,1.2319841662859,1.36990588514984,0.00892760308686272,-150.430251492675
"135",135,1.14053598540408,1.36205856980966,0.0208363491389916,-151.507798859302
"136",136,1.10351624595274,1.3911320212118,0.0227788659487616,-151.172435315651
"137",137,1.11601124996134,1.39785885636562,0.0245352009182171,-151.258306876858
"138",138,1.1194650745551,1.39413887844322,0.0240347572205336,-151.253809287955
"139",139,1.1369912315,1.44263504517067,0.0158153585702967,-153.443854066765
"140",140,1.29942051987952,1.51799108320542,0.0113672305073779,-151.456892358839
"141",141,1.37310840704052,1.51271200429994,0.0130158800191296,-152.312573680893
"142",142,1.35807343271742,1.50791429660258,0.0111641922231674,-151.33993373274
"143",143,1.29511404530406,1.441357746707,0.00574564740336908,-150.523640260828
"144",144,1.24720287612729,1.33343211626629,0.00397306293117693,-149.009550026861
"145",145,1.27720875869707,1.36331172551752,0.00574635845357512,-149.695277552873
"146",146,1.20369211415563,1.28706723207307,0.003858596830109,-148.777676152861
"147",147,1.24727971438208,1.31678345447597,0.0047817326396962,-149.172092731979
"148",148,1.24660322610376,1.32597758177725,0.00113305528497531,-148.617364119736
"149",149,1.25650926156473,1.2769552421252,0.000811642945300782,-146.913317168875
"150",150,1.18758575150984,1.28384242648728,0.00385385124844368,-149.110949198849
"151",151,1.23589773269618,1.30531595701582,0.00353980202294429,-148.553811536077
"152",152,1.25029942858482,1.2893564847773,0.00397387171222228,-149.199809962282
"153",153,1.18449267468483,1.32436862321625,0.00622988306412401,-150.115300041068
"154",154,1.25342161797395,1.26719378902063,0.000688291754875664,-146.859037810897
"155",155,1.21311487183854,1.20761533303286,0.000461064315324751,-146.765214943327
"156",156,1.14905340992716,1.14303476629786,0.000413357133630333,-146.075631403101
"157",157,1.12522769605183,1.12923095624826,0.00023735896532732,-145.449018402354
"158",158,1.14151166981352,1.18052492445307,0.000682313574385893,-146.38167804994
"159",159,1.1643123119014,1.17047389837583,0.000357231759329773,-145.889438802907
"160",160,1.13789736313755,1.12504045012323,0.000247519368504004,-146.001113588876
"161",161,1.09766341929439,1.08672453950899,0.000219364447830299,-145.459644645091
"162",162,1.06985185032115,1.08134990535743,0.00054873060711136,-145.249657524901
"163",163,1.06488257227186,1.08494273853394,0.000146136286961565,-145.105111089805
"164",164,1.08219572118607,1.07349987849698,2.6522523667532e-05,-145.000829032153
"165",165,1.03485065459496,1.09021202280373,0.00252739126625518,-147.08151153969
"166",166,1.043003538656,1.0421998933377,0.000259336115701919,-144.754045086622
"167",167,0.99175145139802,0.990372657837274,0.000259811038600317,-144.276703722841
"168",168,0.994610518793903,0.986543941377559,0.000294776599662502,-144.391853856931
"169",169,0.961052935556425,0.98409501640141,0.000774365295982668,-144.907949792838
"170",170,0.976537100514313,1.0011890989795,0.00071525515470945,-145.029821555656
"171",171,1.00078064264214,0.998748295526104,0.000890385791519976,-145.033708351469
"172",172,0.939003783756939,0.914308068566857,0.000924978356989379,-145.220532766567
"173",173,0.94531591768528,0.906175325713258,0.000677749216355154,-145.937643333245
"174",174,0.922737483094355,0.934982519727778,0.000473568973056303,-144.119167858148
"175",175,0.96044763319893,0.951015033731946,0.00146621082023699,-145.532618760258
"176",176,0.830709050105934,0.861261288322636,0.00168619335136087,-144.974050034973
"177",177,0.884613105985508,0.884783394925461,0.00127691151912758,-144.287790213899
"178",178,0.876683391424161,0.875748190481469,0.000494224115910607,-143.444661822358
"179",179,0.871418897024266,0.855032920851438,0.000671859517326059,-143.65433748074
"180",180,0.849007945681507,0.905974202766283,0.00275596941568159,-146.674877037101
"181",181,0.91244801255037,0.955946467737393,0.00214285794660181,-146.060070284087
"182",182,0.943562800339915,0.940911032415497,0.000738632905163551,-144.307604850957
"183",183,0.934315423149744,0.9377342353225,0.000186642189620462,-143.763619143206
"184",184,0.943368046224874,0.954444107227753,0.00139982549933016,-144.93943903984
"185",185,0.928395997244225,0.924694455091081,0.000439227629841187,-143.852038167904
"186",186,0.927053359972143,0.942691048168658,0.000615466595532413,-144.34744928138
"187",187,0.950538196230855,0.952405557595965,0.00127966723329407,-144.913788405541
"188",188,0.941541599259724,0.901694403023765,0.000855489682385202,-146.286017837928
"189",189,0.935641414826468,0.997341345536307,0.00284744340174424,-147.113674006187
"190",190,0.967420481546267,1.05258066424555,7.32080727275572e-05,-148.114955450787
"191",191,1.00071805468062,1.02230429716512,0.000120557761285623,-144.78679782902
"192",192,1.03261358990536,1.0211006829262,0.000156392725181178,-144.698216888582
"193",193,1.02867644888509,1.02061091616888,0.00041589387959863,-144.889254953715
"194",194,1.02816406535964,1.06707046402793,0.000629549906770681,-145.907686263031
"195",195,1.02944565210666,1.06887568950912,0.000638728292908746,-145.941922733246
"196",196,1.04981783306913,1.03546157827572,0.000306785733994661,-145.164903647908
"197",197,1.06440656300902,1.19786800258676,0.0106075145442048,-150.170021308639
"198",198,0.951612362538751,1.04944283442369,0.00195635532474046,-148.486862947645
"199",199,1.02018591922581,1.02960028810941,0.000453222582564026,-144.759365161652
"200",200,1.0351777865955,1.02040456323451,3.21525707140455e-05,-144.657336143443
"201",201,0.973282403471295,0.963630521003221,0.000130709267203757,-144.004057607785
"202",202,0.972959058535213,0.98328085307126,0.000420966600446279,-144.387521408813
"203",203,0.971147444444587,0.926925413632275,0.000195472171368027,-145.850738492793
"204",204,0.90189977950305,0.872694452912043,7.45756418254478e-05,-143.62323079983
"205",205,0.902080059539117,0.922189311745536,0.00127370726961274,-144.714985749277
"206",206,0.929927187934563,0.962154656010055,0.000522920053782147,-145.166757048284
"207",207,0.961251861316784,0.952269743203892,0.00084981337521938,-144.721033933529
"208",208,0.917865216606533,0.938451097975848,0.000132135820512831,-144.33294111796
"209",209,0.930698104765795,0.923252092537601,0.000478036627418797,-143.929712082864
"210",210,0.913686743163148,0.887471684494512,0.000329400557696055,-144.034827656626
"211",211,0.884680795888264,0.882752987113617,2.09401548794185e-05,-143.101589116221
"212",212,0.878643921245896,0.899000125319596,0.00102414684019402,-144.453903229594
"213",213,0.91523487484107,0.933695084775283,0.000617191499225902,-144.388598891042
"214",214,0.917081877296174,0.909506165384418,0.00107061085599064,-144.483172033512
"215",215,0.903151788862407,0.904470442122383,5.22308200379959e-05,-143.361544071619
"216",216,0.944514580524467,0.949254683151882,0.000509837376587137,-144.127957695464
"217",217,0.96540886419593,0.963496709763657,0.000801311409048319,-144.583489435055
"218",218,0.91051801269658,0.873065074158115,0.000658612436459905,-145.261379000853
"219",219,0.856287204839925,0.927095587972163,0.00399258408802029,-147.45866374893
"220",220,0.912794319310633,0.988894434600754,0.00348436275777939,-147.768489775964
"221",221,0.895490475241752,0.927051385895933,0.00220369570855918,-145.54342447559
"222",222,0.922744086712395,0.971342179213889,0.0029973661256697,-146.560355272956
"223",223,0.944553012181696,0.960633468350343,0.00147009684377149,-145.051434522275
"224",224,0.951806142204715,0.984434507721487,0.00161703293989432,-145.596433707047
"225",225,0.959232258096612,0.953807090207353,0.000384865474696067,-144.10293948417
"226",226,0.931927491280504,0.933513898621942,0.000430208356510885,-143.911218836135
"227",227,0.941039003995546,0.957644249529927,0.000426180900166059,-144.371623224922
"228",228,0.949389981549929,0.950277172146276,0.000297315279326472,-143.939925187607
"229",229,0.953198866650832,0.966689079150536,0.000144202397402909,-144.181784346525
"230",230,0.988709705242449,0.976068835907593,0.000691151567048659,-144.927776263845
"231",231,0.99571244926689,0.986006815688364,0.00102789284544543,-145.349543053599
"232",232,0.984283497508296,0.982860642552076,0.000917730312302323,-144.890778229285
"233",233,0.988432417332603,0.98858142577172,0.0013710649677798,-145.415335345381
"234",234,0.979762902839359,1.01238491612061,0.000698371259808374,-145.407928323678
"235",235,0.997405880684054,0.995520921906487,0.00117042272831542,-145.318176260591
"236",236,0.964080642916674,0.954851788454271,0.000770529174622467,-144.659011782221
"237",237,0.964384672569488,0.942768396881282,0.00094818580671226,-145.403508948188
"238",238,0.917289615981844,0.913733735095263,0.000324801608712423,-143.633872926297
"239",239,0.916875239122678,0.907173704487978,1.18928940761841e-05,-143.293840510138
"240",240,0.927812652262113,0.904085430830585,1.49814744704467e-05,-143.650891762742
"241",241,0.912246547945041,0.893255953160603,1.04674835996011e-05,-143.328589872477
"242",242,0.879790014775294,0.839316579477308,3.69385823186476e-05,-143.905245150331
"243",243,0.812849546239682,0.770593322316413,0.000162990270840647,-143.252489746685
"244",244,0.752986280461875,0.753535955172052,0.000115502520453673,-142.253322423775
"245",245,0.789363379874695,0.76808607969037,4.82839768872143e-05,-141.949357812402
"246",246,0.770639921139184,0.767377238054306,4.70015001271233e-05,-142.148782951562
"247",247,0.774183480128834,0.774824802193206,0.000953100334295582,-142.97183274616
"248",248,0.802450004176168,0.808245599200375,0.000806293661339558,-143.251540342502
"249",249,0.810874137688397,0.795755062716532,0.000515220788331108,-142.729090428742
"250",250,0.788195053381205,0.790036751715379,0.000547623019090785,-142.81999517375
"251",251,0.800791680422623,0.800880115528787,0.000407316681443535,-142.756773737392
"252",252,0.840226133151527,0.845039992714271,0.000558305162670233,-143.332194594369
"253",253,0.858764686918984,0.842085077039161,0.00226718966090618,-145.867765426104
"254",254,0.802300085360746,0.845401715664752,0.00314862920850697,-145.939547039654
"255",255,0.849154344686823,0.884267239633296,0.00215302518340285,-145.433600390287
"256",256,0.847754329828957,0.892576770705497,0.000401788907586772,-145.773939931226
"257",257,0.86288221612582,0.906336907413367,0.0012323666987964,-145.778417808585
"258",258,0.875230142676916,0.857342898564627,0.000465701040583571,-143.461031567088
"259",259,0.882001852081838,0.873160797838506,0.00042321166533831,-143.372561364524
"260",260,0.727160176194837,0.819689836723571,0.00231782650464967,-146.976338550681
"261",261,0.781527433413685,0.757137306712326,0.00014178790765217,-142.000736915091
"262",262,0.78718806707573,0.768727761221979,0.000623620410728187,-142.619031690223
"263",263,0.740230596372178,0.738054788360611,0.000449547575104298,-142.213520174005
"264",264,0.749266905719623,0.7382529833219,0.000107639872039317,-141.710720466026
"265",265,0.755490406348223,0.724704537019721,0.00154990097745828,-144.132860372319
"266",266,0.717795241811191,0.722296141214095,0.00181826080577434,-143.324630812923
"267",267,0.729451603023665,0.719381843399798,0.00233037367319191,-144.059968840948
"268",268,0.702285954462255,0.677674715123338,0.00083988071311678,-141.931027435406
"269",269,0.678920692982146,0.704442119268853,0.000516813676003648,-143.734126519589
"270",270,0.744358595410272,0.763214867494384,0.00067367385449558,-143.600643223811
"271",271,0.811108611844683,0.765114369768237,9.82625666591399e-05,-143.387710666262
"272",272,0.800130977249792,0.807325931171743,0.000177146764729555,-142.957919655773
"273",273,0.832428566331777,0.826682679913267,0.000657023573219481,-143.125280654212
"274",274,0.749428710938899,0.856264158536535,0.00281191834066673,-147.347599499039
"275",275,0.842810633380245,0.871476126157085,0.00216852856232349,-145.146969459119
"276",276,0.858486265784527,0.866317987683674,0.000970881853135133,-143.858049334652
"277",277,0.863051833765299,0.852342649978219,0.00116388605037879,-144.07005761701
"278",278,0.857070407820242,0.848253654467336,0.00102091864278964,-143.792198177312
"279",279,0.84404057377184,0.823559222340584,0.00130587753999225,-144.371724833108
"280",280,0.832754516955987,0.890231524532847,0.000938976864738139,-146.485831559461
"281",281,0.893894630467806,0.884922687127532,2.69315422859946e-05,-143.081128077162
"282",282,0.902637460731365,0.91658229072713,5.33971997567156e-05,-143.864547179942
"283",283,0.895615679454224,0.85751085012111,0.00033550508202121,-144.505816435396
"284",284,0.895158398136429,0.87137516177468,0.000195680636644287,-143.501407258579
"285",285,0.839787987168481,0.804319050736017,0.00014624376953616,-143.19435919119
"286",286,0.827121804853645,0.793056921109228,0.000832966673207344,-144.118913602938
"287",287,0.756829777094832,0.74384968335324,0.000493633303068519,-142.109736103301
"288",288,0.767478895841165,0.748990520145789,0.000266264760479345,-141.943935146054
"289",289,0.725795610872404,0.70051331486281,0.000788040022233018,-142.190434311315
"290",290,0.723905689193729,0.707019299363502,0.000308216954020924,-141.506682721772
"291",291,0.739248123175362,0.716603521028246,0.000560277479742355,-141.994361734932
"292",292,0.699384280531491,0.715917285836533,0.000553335104246124,-143.202590451502
"293",293,0.707489174764783,0.671234175517633,0.00108213775967595,-142.900791646381
"294",294,0.699832122536765,0.680493036347635,0.000287173235456505,-141.178900011732
"295",295,0.67170647945669,0.68637880307059,4.59059764727191e-05,-142.775804035163
"296",296,0.66804600914779,0.634753681321679,7.90220565794729e-05,-140.522050618893
"297",297,0.66470840052915,0.634385890173197,3.98359025113162e-05,-140.395117222884
"298",298,0.654497850628447,0.6380595802388,3.57695849158873e-07,-140.528187440191
"299",299,0.662690439882539,0.617798095585774,0.000127669945289073,-140.937224935152
"300",300,0.672752251489847,0.691475917968678,0.00150752543172131,-143.531711873471
"301",301,0.56139934640495,0.591977972406018,0.000363896771994393,-142.744815792084
"302",302,0.607398034220972,0.581423597358207,0.002550033746073,-143.404543151936
"303",303,0.432068286736068,0.389317226123047,0.00167765434819631,-139.527930349027
"304",304,0.401799086148006,0.350380938415921,0.00103078967062136,-138.029836663478
"305",305,0.20316281970606,0.312461288521846,0.000287728957746782,-136.946831778684
"306",306,0.232259898914262,0.307109940734769,7.05560797708879e-05,-136.741198846184
"307",307,0.327311865822045,0.266815888964453,0.00135236743526638,-137.74268238724
"308",308,0.114646299425929,0.176967680259924,0.00053668817770406,-133.138882027416
"309",309,0.0808134126640031,0.19419147018099,0.000390874234740756,-133.795038966484
"310",310,0.233556871088747,0.193211726540929,0.000147218128558354,-133.835267156058
"311",311,0.180818400088864,0.179760555072602,0.000288533946555314,-133.107443441266
"312",312,0.239884479056087,0.177978248458008,0.000146041478245003,-133.499131393876
"313",313,0.188266572453463,0.285674929056115,0.000726858763206447,-136.278152208529
"314",314,0.295921916473829,0.278990279127877,0.000622394060516849,-136.469164779906
"315",315,0.274691937115282,0.232785910577743,0.000127096069027233,-134.579323500189
"316",316,0.20482613411374,0.188352638092908,0.000478824311100144,-133.690381319845
"317",317,0.141401601023816,0.0744044178970673,0.000332299006485037,-132.481449597249
"318",318,0.138742481807011,0.0718748247230544,0.000370450445204817,-132.510713095661
"319",319,0.0845055946530156,0.0707234397593363,0.00044016504911215,-132.651834134618
"320",320,0.132906137896798,0.122307251439492,0.000304422777084334,-131.665097254856
"321",321,0.129416787817557,0.144314871652452,0.000823191507036223,-132.801258676458
"322",322,0.176419073067528,0.139791371262372,0.000457835125990369,-132.465224333234
"323",323,0.0397047189527976,0.162951269632459,0.00296649424396765,-133.914026786227
"324",324,0.000615450420258119,0.164258143958273,0.00204309750590367,-134.80107894791
"325",325,0.133068002367083,0.141119328907246,0.00045887990258579,-132.091134393692
"326",326,0.100849745377236,0.0969169118885766,0.000348211429531633,-131.699327440624
"327",327,0.102191778351476,0.138271097888967,0.000731690100444275,-132.480878512238
"328",328,0.0693562809505431,0.108445882823832,9.74651161478394e-05,-133.528921315469
"329",329,0.1131704789119,0.05074174721353,0.000651056411288596,-132.937411229473
"330",330,0.111932503638722,0.128751548861603,0.000607402150592698,-132.123631439582
"331",331,0.13663802108141,0.190898338600445,0.00103408427727073,-133.886092662433
"332",332,0.223102394557175,0.178976955946488,0.00117931430706695,-134.239927245474
"333",333,0.222194759596855,0.169519470628498,3.32021392599784e-05,-133.726647460619
"334",334,0.15129691330877,0.1642456888218,7.72943387620024e-06,-134.18165183478
"335",335,0.209137025331593,0.148487579287632,0.0016377844019041,-135.262058101995
"336",336,0.0184993589308078,0.147356342342508,0.0027507843586062,-134.147027336246
"337",337,0.0680128215267615,0.235639743864293,0.00258554676194831,-135.623931463316
"338",338,0.0908372417642625,0.244301185463361,0.00359777969485132,-135.189039387021
"339",339,0.0818173122493071,0.159749457232176,0.000777560368296759,-132.862316296988
"340",340,0.0912646348451854,0.0908529123947259,0.00147543425359936,-134.150964337554
"341",341,0.0356780180966928,0.105139004477251,0.000918223760187064,-134.419745983863
"342",342,0.12633634119214,0.203143804862613,0.000912022670587303,-133.927376957786
"343",343,0.104932645551596,0.170031091665513,0.00239562340521026,-134.880193242715
"344",344,0.0422726030240961,0.200016175833465,0.00100507513582073,-133.577783335826
"345",345,0.0379821998361886,0.129681044351102,0.00052062088224276,-133.78269678117
"346",346,0.156843967239655,0.152805383766957,0.000321077263498088,-132.316456134028
"347",347,0.104714800254177,0.111203033081677,0.000159654223703193,-131.813793273469
"348",348,0.0830762427112295,0.0997322317674887,0.000202549085878849,-132.232152527335
"349",349,0.0815898854411579,0.0820597063064736,0.00083602060203627,-132.943998743966
"350",350,0.14854708913672,0.132285978747148,0.000444065565501601,-132.010656464121
"351",351,0.120063681165517,0.0849709725345195,0.000625780470338499,-131.908765679397
"352",352,0.142754294724965,0.142285228047377,0.000810750910893965,-132.808010856152
"353",353,0.137532836394346,0.0933718354653902,8.53552543395419e-05,-132.353555778403
"354",354,0.133577125165259,0.095364987453563,0.000333572054051067,-131.658338666943
"355",355,0.104480105952126,0.0641577028018748,0.000359818492820633,-132.315829272535
"356",356,0.0905818841080335,0.111691300318266,0.000272828703223642,-131.960133747973
"357",357,0.168935872768481,0.11019538936223,0.0001773561385427,-132.136117637341
"358",358,0.174992083582853,0.145268998692643,0.000460502279462879,-132.520604699266
"359",359,0.086899783916854,0.160752560802882,0.00150218222772364,-133.344688411261
"360",360,0.0406976156529652,0.181252280492245,0.00350239312381518,-134.094405865995
"361",361,0.0457344840975961,0.155373873234472,0.00374092813041325,-134.777040631413
"362",362,0.0686999391654715,0.183327732487573,0.00328187198188296,-134.52747335764
"363",363,0.0499662129579981,0.140766091903085,0.00208600878449616,-133.653133306761
"364",364,0.0828811001295806,0.184130364395409,0.000913371424194865,-133.296678402392
"365",365,0.113986074475463,0.216323614418948,0.00211282028647478,-134.772014154699
"366",366,0.0686824120332,0.154421164497476,0.00270264267630416,-134.309959911842
"367",367,0.0896516512609115,0.223047382144676,0.00119129018881283,-134.154140524757
"368",368,0.0933823263382162,0.0612660134288488,0.000869945756112565,-132.866089028328
"369",369,0.0865948553149679,0.0722639530755367,0.000843783512796182,-132.924640962433
"370",370,0.0547081829062703,0.0693602084837299,0.000432341261130731,-134.68056378941
"371",371,0.112840986933151,0.0710702969619048,0.0007615892784795,-132.247747155483
"372",372,0.14518808813069,0.0803713828522734,0.000110471486383497,-132.686949958153
"373",373,0.0942374485378137,0.149023469273895,0.000771996691068811,-132.665932360752
"374",374,0.0295721757033589,0.184241693469226,0.00254001450070003,-133.398403798636
"375",375,0.0417007608652849,0.177095567311432,0.0014337786308339,-133.2261922614
"376",376,0.125034196926678,0.190680645698721,0.00101747652704926,-133.724859103503
"377",377,0.0584753282029569,0.0765134638737939,0.000113601101263817,-134.820498210787
"378",378,0.112198700352688,0.147490748773082,8.61945264225039e-05,-133.022100858478
"379",379,0.164773333027571,0.135736673718096,0.00122169079694875,-133.738819109901
"380",380,0.192563187262601,0.134510438819946,0.00104668814401457,-133.255496457736
"381",381,0.151271198181229,0.214149182362948,0.000947294812935839,-134.414715333107
"382",382,0.251199272190115,0.212555745439458,0.000364867261057433,-134.193580478084
"383",383,0.162041659394664,0.130635507790926,0.0010776471466269,-133.302961398933
"384",384,0.175528243516577,0.252344245609171,0.00443245563221832,-139.46080146037
"385",385,0.073866520272384,0.0529746370827558,0.0043675643700138,-139.607093261722
"386",386,0.0952465369570679,0.0577713704730602,0.00326876872810569,-136.64433218567
"387",387,0.109668044732949,0.0672665058220094,0.00339813682438559,-136.791479741147
"388",388,0.109584862719919,0.164990924934758,0.0013333923927831,-133.538671988109
"389",389,0.069369691776483,0.15917816679269,0.00257187904377907,-134.108692865408
"390",390,0.0281378813373764,0.187915487292289,0.00435101755223212,-134.449890499513
"391",391,0.0545032527057696,0.20564634523886,0.00222468108070234,-133.519245618851
"392",392,0.0552393363872215,0.169446003879605,0.000540925863348582,-133.295485460452
"393",393,0.0853118792007969,0.237838250620733,0.00208197203975872,-134.314602220843
"394",394,0.143348011622282,0.115416953979873,0.001415836349381,-133.765859720648
"395",395,0.168538340274701,0.131737872948312,0.000355684853767607,-132.188826224447
"396",396,0.174041843809326,0.139736228957229,0.000175693919197721,-132.420862553955
"397",397,0.208964677286152,0.173128415075299,0.000267044714598571,-133.248475342228
"398",398,0.24322646162793,0.172938398500777,0.000340375241055243,-134.421029362656
"399",399,0.133287628084063,0.214412106656365,0.00367234475961627,-137.095185763384
"400",400,0.0892388415736621,0.172393799369341,0.00134642708194025,-133.321918923854
"401",401,0.0389964956232497,0.190889985935871,0.00430382649400833,-134.354222402138
"402",402,0.0537796854508761,0.177589196418094,0.00213677031191817,-133.484127337749
"403",403,0.0504302837452942,0.185767535614661,0.00148185726811275,-133.296169029133
"404",404,0.0495765299121432,0.183381293699317,0.00159307246090369,-133.295477491331
"405",405,0.0458036461931148,0.182177803803439,0.000789899875930925,-133.342884282809
"406",406,0.142212116975842,0.10236866323582,0.000285479791310289,-131.725941968844
"407",407,0.15300271740948,0.241876665675988,0.00109283958967411,-135.125346674626
"408",408,0.0822952674904096,0.166589140218576,0.000818691495237851,-132.975386351692
"409",409,0.0696964178429083,0.186680017786828,0.00371666980698565,-134.905795306178
"410",410,0.0981287621884093,0.180987584003313,0.00220457308564125,-134.304592606654
"411",411,0.0801849830043579,0.0413157622330547,0.00181887079075813,-134.618995906726
"412",412,0.100415437042987,0.233745249128849,0.00229728955027657,-134.848800128266
"413",413,0.0907022785236932,0.184458784114607,0.00185624157678213,-133.831272208354
"414",414,0.0921710338935043,0.13500736288525,0.000187157474169652,-132.611565056058
"415",415,0.137114318486541,0.0950137425348619,0.000319247796297594,-131.713491650635
"416",416,0.0907234166351088,0.0926451638878661,0.000824074565780846,-132.573839308
"417",417,0.103834426517103,0.109209047776742,0.000899847502884001,-132.572096762919
"418",418,0.144762341732843,0.101533974739565,0.00014728988867477,-132.007915091837
"419",419,0.161649575393966,0.17809393251215,0.0012065574557549,-134.556940655416
"420",420,0.105375726858498,0.161704359924588,0.000699354828800605,-132.829899056572
"421",421,0.0764979322990549,0.107604666533059,0.0017901121832906,-134.812085804688
"422",422,0.0733244660248373,0.0960485699964806,0.00047160640577542,-132.559355057999
"423",423,0.105238055903894,0.162486206666632,0.000638783088562742,-132.819649833926
"424",424,0.0660396733070763,0.171383937624131,0.000546042874764475,-133.220105878743
"425",425,0.041139191450838,0.0537826581566916,0.000572771691420291,-137.681120966195
"426",426,0.0791429581230674,0.139165283092059,0.000947160410364303,-132.741349500311
"427",427,0.1631486244569,0.20509809128493,0.00163677996929867,-135.53216476537
"428",428,0.10296879363618,0.163443807595772,0.00109028469673284,-133.151959749437
"429",429,0.00872817846748805,0.157768528410993,0.0035923622442508,-134.335044447536
"430",430,0.00515583905934021,0.153858041013656,0.00161052126461544,-134.085307511714
"431",431,0.099010200139602,0.151043766071861,0.00072961877692484,-132.659550413388
"432",432,0.123051590667339,0.166416479170208,0.000197203079744328,-133.014735061537
"433",433,0.141689092528465,0.157744611079786,0.000186600248974129,-132.478839673847
"434",434,0.137685067340987,0.160396376671778,0.00031698873573994,-132.498126814338
"435",435,0.150325104990909,0.0975333985288043,0.00133194873752356,-133.021286930312
"436",436,0.141464908042996,0.153156912104596,0.00126655378601074,-134.10223936873
"437",437,0.0882852493364897,0.173910422055351,0.00156243658394102,-133.484790354421
"438",438,0.0916816892644053,0.148763421516871,0.00218486011821645,-134.485959759955
"439",439,0.113365892574624,0.0702383035254784,0.0020559132886756,-134.2823209172
"440",440,0.0691109583441381,0.179073267308,0.00112218660482036,-133.203860109616
"441",441,0.0782919615103827,0.0806079806562845,0.00123545975604405,-133.932315267906
"442",442,0.124594344253513,0.156312075715594,0.000563248368234527,-132.596893302936
"443",443,0.196092162413487,0.164312018541689,0.00114136609688882,-134.256147677931
"444",444,0.0166862887294885,0.159897997189039,0.00192574766045844,-133.625424704934
"445",445,0.0315696987592449,0.17488340063629,0.0024077013048082,-133.461229149789
"446",446,0.0286888969546439,0.169220555610175,0.00166800547306017,-133.318458436233
"447",447,0.0763921120403721,0.219069811439031,0.00155188108987529,-133.877430863711
"448",448,0.120824926594254,0.161408050149049,0.000290998423437737,-132.715222115839
"449",449,0.138122627144839,0.0810960892727739,0.000267105327192908,-131.989419514384
"450",450,0.135454831974856,0.127853059370622,0.00111420863380162,-133.267688006285
"451",451,0.142657200688125,0.0880301779104282,0.000150596589000035,-132.18765002713
"452",452,0.103904700292786,0.0923229337533348,0.0008197319487304,-132.344071114945
"453",453,0.117721683420527,0.159848005649751,0.000637693291676623,-132.750925423212
"454",454,0.034460718237424,0.159534168308991,0.00161887283597179,-133.306578974318
"455",455,0.0638939917551306,0.183831535658254,0.00144694595528008,-133.319914241355
"456",456,0.0719739272983782,0.17993501291942,0.00160836401411303,-133.393348475549
"457",457,0.0968770717371084,0.0512662673680071,0.000590081507869941,-132.893721570081
"458",458,0.0824427839400533,0.136224195298786,0.00109516863533988,-132.875139824285
"459",459,0.211749048806135,0.164425816816628,0.000336218791738477,-132.924745016598
"460",460,0.0741339159999301,0.158657710005344,0.00111426737747851,-132.969762892784
"461",461,0.0665803603854905,0.165463627145622,0.00179224873184324,-133.362507440415
"462",462,0.0738285030174241,0.224052143960152,0.00122756503692326,-133.773758349487
"463",463,0.0897353688610434,0.198164882202994,0.00151869391053058,-133.770205690317
"464",464,0.0800735592733279,0.233971152606627,0.00387514814471038,-135.032577358668
"465",465,0.0657720541898519,0.193940854994245,0.00246352685135304,-133.894091178562
"466",466,0.0948411824796446,0.177098013480661,0.00242532597020456,-134.473129669912
"467",467,0.11380835561866,0.112808491976084,0.00155067314353747,-134.261728842994
"468",468,0.055016446343751,0.141494858079494,0.00113274632976353,-133.024482692827
"469",469,0.186191218239406,0.168238521286086,0.00110220643324759,-134.301009141321
"470",470,0.0274294443403484,0.142337261518004,0.000645866504932808,-133.894492820135
"471",471,0.0934021849343249,0.139376458438673,0.000623635358766487,-132.436229720505
"472",472,0.19828393209131,0.145645122968164,0.000518018816767252,-132.538465227007
"473",473,0.0718353632161474,0.193690785156918,0.000356170781753967,-133.870686915951
"474",474,0.0724596656454646,0.189499435106313,0.00380768658764641,-135.047134176399
"475",475,0.0258136533923485,0.176461806808047,0.00156292476307304,-133.180320039535
"476",476,0.0409418233212462,0.191185520636624,0.00585718924765642,-135.527444626809
"477",477,0.0576770062862513,0.220589968901971,0.000613316903099064,-134.892647755759
"478",478,0.0669146482217215,0.094806548355555,0.000818962035619665,-133.223212227727
"479",479,0.162817833750283,0.162723220876468,0.000522396339039834,-132.800001100617
"480",480,0.115901529978791,0.0696731160767006,0.000640326131945744,-132.144607411787
"481",481,0.121998706885335,0.101743862291834,0.00091737819482201,-132.454498302092
"482",482,0.106436501601935,0.232298839041956,0.00274886979770508,-135.21967115642
"483",483,0.0814847893581828,0.218816578591055,0.000304336252511921,-134.515952628963
"484",484,0.221263065659507,0.189770106520107,0.000288933149136926,-133.684544413019
"485",485,0.0938329592294022,0.117676362651194,0.000682677476191607,-132.27266908563
"486",486,0.121553624942911,0.0787072839213319,0.000359059411403115,-131.824176608731
"487",487,0.130163632815168,0.085806479997758,0.000444755024545369,-131.785660814857
"488",488,0.112703708071807,0.0878940053249454,0.000914627683871541,-132.425430725973
"489",489,0.0826743441476485,0.0787140469414794,0.000552219552757388,-132.55711879524
"490",490,0.105132798403339,0.106195328552963,0.000415780151686489,-131.67737376564
"491",491,0.120785394512982,0.149638813453829,0.000297937651167617,-132.308570095969
"492",492,0.0715688243264514,0.0790492837546397,0.000460664264408181,-132.975913358379
"493",493,0.115237407541155,0.127055165678437,0.000648347273067939,-132.15644799694
"494",494,0.152872378417341,0.106690830318507,0.000177808629376721,-132.025142930319
"495",495,0.131782736816258,0.108543654895704,0.000404870126807506,-131.633610359372
"496",496,0.120593786392763,0.179771379784339,0.000410011056866065,-133.227257401112
"497",497,0.108183650021786,0.158576989371768,0.00067229468912775,-132.750091748704
"498",498,0.20755331557118,0.162329914579864,0.000531138391048831,-133.02413492958
"499",499,0.0760789779679924,0.116414516659772,0.000222167329972258,-132.67691557885
"500",500,0.118333220071359,0.0970131956789407,0.000262874346978397,-131.575287214174
"501",501,0.11187663686225,0.0994865868541927,0.00081245943527317,-132.266021379915
"502",502,0.0972983032870894,0.118242003328829,0.00188686307517846,-135.219721900008
"503",503,0.178367740059917,0.124243270700557,0.00141378121886711,-133.608290013656
"504",504,0.0658839951824491,0.1306207031284,0.0012507583928247,-133.069771745368
"505",505,0.029086260342412,0.124280384212282,0.000580468776152751,-134.344523842835
"506",506,0.0214571064928966,0.164201422787475,0.00181757006438292,-133.459674389276
"507",507,0.0639423135469778,0.117681371470404,0.00117556240220935,-133.199306739518
"508",508,0.0767655853757968,0.122665370045843,0.00115866480952652,-133.046924862703
"509",509,0.154318830654883,0.156405571519325,0.00131965776967568,-134.410380139023
"510",510,0.118356691998358,0.119449479378894,0.000671673360709984,-132.099552078695
"511",511,0.113243731680385,0.0670202838983786,0.000700884120775024,-132.254807645421
"512",512,0.0751054297359584,0.0736803577626651,0.000254364882463101,-133.115624751313
"513",513,0.0817055082244914,0.177977646412789,0.00118481465774101,-133.250210084132
"514",514,0.15644953459615,0.179959918514796,0.000372891906538692,-133.084106407349
"515",515,0.128128256610937,0.134487787272691,0.000349061526640607,-131.850771062311
"516",516,0.163309644256745,0.126442819405099,0.000202240597048358,-132.116731866593
"517",517,0.170796312217327,0.123749248634259,0.000252596490276524,-132.171038097411
"518",518,0.133604756242228,0.154835004596674,0.000787307359909879,-132.936270375854
"519",519,0.0891374712831465,0.175274866624391,0.00290780023937469,-134.863718173717
"520",520,0.13737511401666,0.0825431577875409,0.00133556272329802,-132.951505695616
"521",521,0.117126359736908,0.0775436902782902,0.00112823556734826,-132.742934694417
"522",522,0.0939687192491598,0.0617889388915759,0.000542680192178569,-132.601791529047
"523",523,0.0854028029176497,0.0928438956691908,0.000425293327347009,-132.107220029024
"524",524,0.137632258562326,0.0895436375780448,0.000749383270552266,-132.114986114677
"525",525,0.134969655863658,0.157608370768978,0.00126401167230151,-134.038965649658
"526",526,0.0308134611570711,0.186065017488692,0.00223758108321726,-133.326841980253
"527",527,0.0472667199083265,0.184933757182872,0.00292400000313453,-133.842907695701
"528",528,0.0352195042394415,0.102341702787442,0.00345867058811523,-137.259017750623
"529",529,0.115982909217281,0.226228321005882,0.00447987318943833,-136.962139657117
"530",530,0.0772060725015748,0.211989118311456,0.00139602142888067,-133.840840901228
"531",531,0.061306126910246,0.0801119780720167,0.000350170539453748,-133.630063805853
"532",532,0.0616110959627947,0.184510161925355,0.00171116616961752,-133.40131731198
"533",533,0.117003552550697,0.0860896467939216,0.00148905773032963,-133.574888642648
"534",534,0.134109185811868,0.0760585229581584,0.000519474795203456,-131.989066735299
"535",535,0.102635082265693,0.104976299382356,0.000500099208850536,-131.798376847919
"536",536,0.113881216819782,0.0836432987464888,0.00092816501254943,-132.429435132393
"537",537,0.129139648872572,0.0827196120743226,0.000937449562224664,-132.374642801385
"538",538,0.138952138301345,0.0894998076990945,0.00113403255554481,-132.652415226775
"539",539,0.0534842018409527,0.11548983147389,0.0016543177504916,-133.883057249655
"540",540,0.13988171808384,0.0882661961557796,0.0010725101413676,-132.527898868125
"541",541,0.143441944068466,0.260438592558019,0.000135566897101737,-135.801785243231
"542",542,0.210069460822872,0.277774391359769,0.0014578320562734,-136.830964530648
"543",543,0.12440022865746,0.145989504958995,0.00166171147931421,-134.839678466894
"544",544,0.197856318934822,0.149616231051145,0.00280264956383322,-137.031303069814
"545",545,0.0441106712529735,0.125284077748467,0.00228223522247482,-134.242141733838
"546",546,0.047043039461058,0.155944783584128,0.00120967398743891,-133.106773547744
"547",547,0.0882660163918154,0.153219906894651,0.000354797187563963,-132.822738693561
"548",548,0.0617660785778254,0.125575764442113,0.000650497995828239,-132.86188969965
"549",549,0.0697468351456229,0.104210732912619,0.000321048099847508,-132.729605357793
"550",550,0.071842124280055,0.165964291567065,0.000758411999471995,-133.000202518134
"551",551,0.220203681820342,0.145715856135664,0.000297382195071222,-134.546164084586
"552",552,0.0164540591118738,0.16329523910627,0.000437538004547842,-134.182109658666
"553",553,0.193020163878041,0.145510364874406,0.000211230099019224,-132.626171158469
"554",554,0.179920706112037,0.116477485092293,0.000349803010968765,-132.256901120396
"555",555,0.153194931813482,0.125189314594389,0.000259566645460927,-131.89222459858
"556",556,0.109403572380099,0.0523541100667743,0.00124144807434183,-133.137123811317
"557",557,0.0968215322075151,0.142593112222732,0.000890149420597481,-132.706659482595
"558",558,0.0626990041595809,0.180355417186727,0.00132700383839866,-133.243366981227
"559",559,0.0452790539895582,0.178163031493579,0.00457587323693601,-135.015433492703
"560",560,0.0143080515643017,0.148319850101384,0.00405346597064125,-134.929193496546
"561",561,0.0444270957934383,0.131422216395138,0.00434001380689799,-136.469211141219
"562",562,0.0311139050811995,0.15525667055795,0.00461468708442272,-135.254153194193
"563",563,0.0377316518168953,0.185131208449187,0.00066724932644683,-133.361362267626
"564",564,0.0851943097752839,0.122384122841604,0.000480683762394553,-132.258826739283
"565",565,0.131389830202808,0.12229224464598,0.000272427833838752,-131.656553463774
"566",566,0.124683397855105,0.120524618785884,0.000715024049868626,-132.199713005098
"567",567,0.105971884743692,0.0484479196584679,0.00120208254775842,-133.225495015176
"568",568,0.0811023253525888,0.2025424852106,0.00172273470832063,-133.828034752288
"569",569,0.0832674459163346,0.0940180777473016,0.00154167326602136,-134.499353957012
"570",570,0.0322659278892692,0.196930150273724,0.00245190836398627,-134.374328712663
"571",571,0.0660505176007983,0.208341267684565,0.0022488661147982,-133.847892121435
"572",572,0.055869477581548,0.187023256374898,0.00241713318104862,-133.6888216051
"573",573,0.0339063500132326,0.175544370510579,0.00175865239219838,-133.273817946179
"574",574,0.032306156177977,0.164604058115995,0.001999936114215,-133.400363821625
"575",575,0.0533766774473159,0.196608470162288,0.000478622595098299,-133.688500697502
"576",576,0.0234658730799478,0.158306347711128,0.00440543013357288,-134.874158468506
"577",577,0.0142310917882357,0.138923728120631,0.00258643177428677,-134.452501654425
"578",578,0.0101928061808789,0.125123885450196,0.00287233996774207,-135.410464260463
"579",579,0.0756498128400334,0.167416021189905,0.000763991965109977,-133.005745021732
"580",580,0.221637426907074,0.162242216184072,0.00017582140571063,-132.982074412814
"581",581,0.13507432921533,0.0902090886400747,0.000529102328474913,-131.849393836025
"582",582,0.130561110596536,0.077163259056116,0.000566122401804575,-131.980696775053
"583",583,0.0571188786750462,0.0830090680843594,0.000580077483958763,-133.832155878309
"584",584,0.104250909003533,0.172433816033854,0.00177672092277276,-133.988237625264
"585",585,0.0984591110200898,0.154408953557129,0.00147068936266272,-133.503697204956
"586",586,0.204935934200104,0.164996658842663,0.00162072877800277,-134.845529893075
"587",587,0.0526897244380242,0.127630417385253,0.000314439538202278,-133.478528736838
"588",588,0.194997807537617,0.169328546597215,0.000436476448085582,-133.138177124103
"589",589,0.124274859737773,0.112128698504104,0.00104076931258471,-132.848015751772
"590",590,0.0810986744301922,0.0768940542717534,0.00023045931992946,-132.72436671255
"591",591,0.145288064962816,0.178266336545539,0.000628246029892604,-133.255662029158
"592",592,0.161030766699409,0.152028301418119,0.000555500695381717,-132.617035671927
"593",593,0.141789763441564,0.145828745780475,0.000147599854204517,-132.238538696894
"594",594,0.141784587157374,0.121054445244926,6.57676067650763e-05,-132.383301784809
"595",595,0.145761567267889,0.192015145953154,0.00136869775239776,-134.535788632315
"596",596,0.107968078999064,0.106573121454897,0.000330407575350391,-131.595932413869
"597",597,0.0993992073304838,0.0845990831155867,0.000668103660671934,-132.170461136788
"598",598,0.142987551285437,0.127569079285473,0.000181424482655839,-131.870010382676
"599",599,0.158721290327747,0.182470868353853,0.00133602447506608,-134.848380771146
"600",600,0.199273935187621,0.173711105617155,0.00173970186336212,-135.800505128888
"601",601,0.142819632467323,0.205502364084051,0.000572958193878147,-133.941728394035
"602",602,0.168854550354409,0.176181409623673,0.000624779136469512,-133.332778834556
"603",603,0.210302572129353,0.150149475340401,0.000747459853635028,-133.182093529933
"604",604,0.11349468731994,0.129512844826538,0.000437286676038946,-131.894504576767
"605",605,0.0722075809567586,0.104007562111593,0.000989291552149332,-133.161354527917
"606",606,0.152149465619565,0.0933714580467016,0.000791204972162967,-132.218233939069
"607",607,0.120294844600219,0.116045503415492,0.000510444439687303,-131.777945182968
"608",608,0.166392394877088,0.166023166056938,0.000119635104874161,-132.885425195541
"609",609,0.205616479959831,0.153490534238669,0.000920445632415952,-133.217926541714
"610",610,0.209832637403037,0.157222737406268,0.00069411736282891,-132.960918041879
"611",611,0.0528764001905827,0.0874605244909413,0.000742676885225264,-134.055028091861
"612",612,0.0683956619612856,0.144487217268484,0.00091611841322555,-132.816235830074
"613",613,0.207566626020589,0.152517437641007,0.000546154410569481,-132.708908679075
"614",614,0.0967184746660304,0.0667421001550736,0.00171555924133998,-134.184646802357
"615",615,0.124693797231179,0.217597891637989,0.00157368566157088,-134.590686465348
"616",616,0.0785398321719332,0.126618518096908,0.00122153892060433,-133.088068347418
"617",617,0.0502005992733865,0.165017199134333,0.00160246209320989,-133.2001831214
"618",618,0.0265000446224819,0.185391465355864,0.000994378230162049,-133.669910451825
"619",619,0.0587679090910619,0.0740556726534761,0.000161371872460114,-134.630643921282
"620",620,0.13205812564009,0.101685048861148,0.000467762167417564,-131.691194100403
"621",621,0.101534168558287,0.132008821201708,0.000545262795517483,-132.180133241801
"622",622,0.163776270771666,0.100675828506268,0.000571052763811619,-132.225708385709
"623",623,0.143555127123017,0.160751480544819,0.000489452925751465,-132.615416060113
"624",624,0.107061132731209,0.0975022581545173,0.000797406613939146,-132.268712008805
"625",625,0.0999340134780465,0.184211425976796,0.00268887301639204,-134.884186351197
"626",626,0.0941805177801785,0.126371148284448,0.00174254336515608,-134.472554682282
"627",627,0.113859199628706,0.080814687839359,0.000537897218685216,-131.865160543651
"628",628,0.0914840846350747,0.0521171422597933,0.00092761373481558,-133.124884016892
"629",629,0.111642972631027,0.119534066618656,0.00066810962186295,-132.111598324722
"630",630,0.15229846239578,0.133720642701934,0.00140621309596354,-134.143539265292
"631",631,0.12592714626706,0.0766276384005869,0.000276861359013971,-131.980330166417
"632",632,0.100515683847772,0.0990109294192938,0.000487360864092555,-131.809805289666
"633",633,0.124846128942339,0.0625654186040066,0.000148844218626764,-132.922487007955
"634",634,0.118196255275468,0.0709215300405426,0.000949529849821351,-132.452977673647
"635",635,0.133174880897742,0.074184472906805,0.000283984412206501,-132.103139547101
"636",636,0.0981688904944862,0.175083832876152,0.00136964903140866,-133.468674755435
"637",637,0.0834358941888536,0.207134076422884,0.00195513419793377,-134.030821414544
"638",638,0.0403010570898953,0.200364955810951,0.00215276945865212,-133.748421506009
"639",639,0.0711731304793459,0.166278609273401,0.00291737605594704,-134.419222667424
"640",640,0.0207281652913143,0.166726658711581,0.00299831915269189,-133.783432079176
"641",641,0.0319493882570387,0.168873783650079,0.000399306074392231,-133.857807196411
"642",642,0.0180052626586555,0.168233036453791,0.00212096090347317,-133.421052937723
"643",643,0.0737389873718946,0.209583079482757,0.00304675746156797,-134.483045403728
"644",644,0.0775531747838508,0.13833170810961,0.00216086624172354,-134.232027426639
"645",645,0.0747988602217013,0.161948658137839,0.00084947863210272,-132.928279521897
"646",646,0.143744597506809,0.129950245454653,0.00224444987915436,-136.268984913786
"647",647,0.158519652664184,0.105154332064097,0.00150541629808732,-133.455046319722
"648",648,0.062418911473618,0.213996485838529,0.00259344448529037,-133.847948411509
"649",649,0.0679284566673893,0.160013161093133,0.000915787181179837,-132.940802869667
"650",650,0.0913058398027485,0.1691385439312,0.00023087779342064,-133.414790577846
"651",651,0.210964237396856,0.303394144050955,0.00158336122119296,-137.307031926193
"652",652,0.148476230964859,0.147161246727287,9.10790610705432e-06,-133.924624544833
"653",653,0.189184171495623,0.165981567242114,0.00102571733225828,-134.083314570303
"654",654,0.17545619024154,0.124897595344299,0.000529442836466777,-132.218669112947
"655",655,0.173472402251467,0.136335186170038,0.000646378248779085,-132.63894648331
"656",656,0.0382590226470036,0.19454226891224,0.00252825288609108,-133.509938075498
"657",657,0.0380479650242168,0.176687324852954,0.00249757417562615,-133.542817105483
"658",658,0.0838342864234202,0.195014317689618,0.000760003425595859,-133.539028913609
"659",659,0.0504161877344025,0.18477172188724,0.0016446888031563,-133.321447673683
"660",660,0.0747086534940297,0.204387873549918,0.000844135069704959,-133.69598630351
"661",661,0.246337989639404,0.20356639244185,0.000987270785024655,-134.474123026437
"662",662,0.232170692179958,0.186730076913975,0.000763425547535166,-133.757911290914
"663",663,0.0709042262289451,0.172665144639565,0.00143770346920532,-133.234026056358
"664",664,0.0167906477345374,0.149859121397083,0.00111778583323079,-133.897538004781
"665",665,0.215984682148746,0.16881652068263,9.73253246644366e-05,-133.386550373561
"666",666,0.162479445545136,0.12826781694143,0.000217342652428413,-132.088280345427
"667",667,0.180476741229859,0.157502732257696,0.000225677326427217,-132.663522235231
"668",668,0.187814299433875,0.137339487323501,0.00166564394257105,-134.280041865856
"669",669,0.0550873835245176,0.165614992033355,0.00205152069426592,-133.43360238102
"670",670,0.0828901833252228,0.190220132642819,0.00217020572855593,-133.969525898085
"671",671,0.0791966625748819,0.171308246852736,0.00146787865910738,-133.297828725054
"672",672,0.0599999820272334,0.180467805192967,0.0040707569865477,-134.988896950667
"673",673,0.0928269974128556,0.170593077631404,0.00187800680406789,-133.840525293305
"674",674,0.099236851583104,0.180470716460466,0.000679462872385594,-133.236504076409
"675",675,0.143647390560623,0.092072037774207,0.000423832092290323,-131.838789746715
"676",676,0.120938546587812,0.163723400028729,0.000438092546727458,-132.738619376559
"677",677,0.180838450086076,0.182102069743196,0.000609060285331009,-133.541838600304
"678",678,0.0638671792063679,0.213368555596564,0.0012256063150589,-133.510936582021
"679",679,0.0825313959631891,0.221891215422447,0.00208186390799048,-134.232102255226
"680",680,0.0848023172219023,0.191413323395857,0.0006473052332283,-133.49768579815
"681",681,0.19859490781652,0.182198470150922,0.000775767498093459,-134.004300139384
"682",682,0.118282065138593,0.0679068962033014,0.000660216888325448,-132.194678438341
"683",683,0.0996287873396922,0.0874046656023261,0.000862873161280832,-132.501322343711
"684",684,0.101643519803428,0.158772919199626,0.000648411836945105,-132.752635579993
"685",685,0.133774257792186,0.127741141430562,0.000569674987432491,-132.036755091047
"686",686,0.136655317326154,0.127142875057876,8.4793907976948e-05,-132.215317745529
"687",687,0.138560904326632,0.103569538160719,5.4114545378862e-05,-132.54444195669
"688",688,0.0714116273806966,0.0955390622365422,0.00122104306633587,-133.859670325931
"689",689,0.0605480508875693,0.225832871067922,0.00585842385951138,-136.385446846681
"690",690,0.0936766620850583,0.267225314251,0.00722516439319896,-138.965918530083
"691",691,0.110716156029343,0.247527546207031,0.00321186056722126,-135.705047275305
"692",692,0.102956307563401,0.198869390975965,0.00303448795525848,-135.254817848051
"693",693,0.0900571906100345,0.248445965115609,0.00365388206821293,-135.409230557613
"694",694,0.121059603792463,0.25632679147782,4.01630336339076e-05,-136.032970796755
"695",695,0.114547075770226,0.228988274417336,0.00607176122129531,-138.470689412677
"696",696,0.0958845825093196,0.262453761363478,0.00524140985378251,-137.129446174603
"697",697,0.137335223222448,0.250994044703984,0.00372398621216193,-136.88822980167
"698",698,0.102976865178268,0.200949582285856,0.00018304385280319,-134.323652122546
"699",699,0.110827510059047,0.0905431863787273,0.000480096218661733,-131.733614832645
"700",700,0.127430566082687,0.145588832084524,0.000474003878427379,-132.218717965735
"701",701,0.126788617315052,0.139467556717795,0.000260032332943803,-131.954245877385
"702",702,0.130927877795242,0.126870974430101,0.000152907665441412,-131.859623776033
"703",703,0.152830826166604,0.170429419631448,0.000888645617681272,-133.595654049492
"704",704,0.146721876807745,0.0910211916093028,0.000448631642308863,-131.844707154186
"705",705,0.136776727259017,0.135092593489398,0.000522862054872014,-132.083192195654
"706",706,0.130315141850471,0.130345004910468,0.000481114288487701,-131.92124465486
"707",707,0.0941768905394732,0.128697223973857,0.000846367871449819,-132.57810479402
"708",708,0.183184293337095,0.158519297072794,0.000148956187091642,-132.825090123392
"709",709,0.156105686886242,0.133211145309074,0.000374825001805049,-132.033670851783
"710",710,0.152081466634065,0.133046434659659,0.000469334175957238,-132.088134372906
"711",711,0.0974355081374081,0.208284169618959,0.00149984654426936,-134.020870372054
"712",712,0.0629550001183829,0.100626572710208,0.000387476275558257,-133.067662139916
"713",713,0.0936462299324367,0.160925265940222,0.0011079386241598,-133.061804297839
"714",714,0.0653818810090652,0.176131621750692,0.00117521605332476,-133.167517635523
"715",715,0.0977344844613818,0.178793226408953,0.000507159381627389,-133.242505546442
"716",716,0.157274574225155,0.176095559254412,0.000296677111654184,-132.934231500857
"717",717,0.175620376026695,0.118022500048723,0.000172535100692806,-132.211690870669
"718",718,0.178756888866954,0.13982469671595,0.000615651913854759,-132.68760816488
"719",719,0.183498225949548,0.150232963741353,0.00026818339966553,-132.5899837355
"720",720,0.0864719167120855,0.100933589337613,0.000497171902966467,-132.090788805946
"721",721,0.141754395704499,0.117095424226361,0.000502412758888777,-131.86687232059
"722",722,0.123298826869733,0.09070765510588,0.000268678887210771,-131.642566539242
"723",723,0.134830719157148,0.0976490072654106,0.000285059357664021,-131.658272975991
"724",724,0.130940791952243,0.13835207602153,0.000304778282837014,-131.908795908383
"725",725,0.11176392804695,0.0949792287800129,0.000757567449837108,-132.142408781171
"726",726,0.150174710636993,0.108717416832589,0.000173864608476449,-131.960359760262
"727",727,0.0872504184734113,0.134471763535564,0.000759397728209097,-132.525664003899
"728",728,0.0620764602518143,0.136452969754423,0.000174357059399731,-133.581828686205
"729",729,0.150184588473674,0.0894592660461568,0.000624010286181961,-132.071057878226
"730",730,0.119538205592766,0.102653059502825,0.000167527643888736,-131.682657575709
"731",731,0.107131204419145,0.0806462871565267,0.00121852578570653,-133.086994939531
"732",732,0.138853687199816,0.0783196726499353,0.00215516809773687,-135.237034831842
"733",733,0.0726364873323846,0.0827863602305983,0.00102256737217217,-133.631325217649
"734",734,0.120722322042922,0.0668058874020109,0.00113275873254609,-132.675654056995
"735",735,0.0990143738484774,0.117772618405758,0.00120243367856628,-133.363001247068
"736",736,0.103275664203511,0.207512815852504,0.000137014692637153,-134.663595704351
"737",737,0.0576276280227441,0.153398159691824,0.00189954346699206,-133.392630299236
"738",738,0.0686833314058659,0.145188074005442,0.00277966961363903,-134.629463613288
"739",739,0.0990973848632288,0.124409637593049,0.0016238174690125,-134.392592032537
"740",740,0.1054525860797,0.0541557489103582,0.00128960322863909,-133.0980904766
"741",741,0.108551356395858,0.227489229024769,0.00236808427049057,-134.968160308196
"742",742,0.0923148485885502,0.231391072552884,0.000515328362315398,-134.50292661167
"743",743,0.20343526182234,0.218461051760745,0.000161913377923969,-134.329470960676
"744",744,0.188125213494133,0.228987773636614,0.000458444430374489,-134.677635339795
"745",745,0.213003690383257,0.189816319579895,0.000461211495770444,-133.765984565285
"746",746,0.238776276513177,0.192856760389478,0.000104204388792028,-133.81124907391
"747",747,0.123911596858605,0.0660925903385057,0.00137048171733257,-133.148910869529
"748",748,0.10435176183362,0.0557584035019216,0.00199292335708723,-134.103146616758
"749",749,0.110863111876102,0.19588910839484,0.00302779194552522,-135.568137071608
"750",750,0.0993403390213633,0.2423833380759,0.00144909475870447,-134.516385905939
"751",751,0.101164128153057,0.230501711754933,0.0028538405994833,-135.149537912899
"752",752,0.122709522504554,0.182235798831018,0.000490606334170472,-133.270879767519
"753",753,0.0371558893855989,0.195614425740247,0.00437508754580265,-134.476991521076
"754",754,0.0409628462418322,0.184996417973525,0.00446148030144391,-134.678270502141
"755",755,0.0498229453813711,0.194685069967189,0.00368774394935672,-134.261017308628
"756",756,0.0614477477122493,0.170338705943614,0.00252645564717951,-133.822482537271
"757",757,0.0596511617781744,0.19268358960298,0.00219426916840516,-133.660930659017
"758",758,0.106514137757093,0.16378920659739,0.00217658538190897,-134.725665307794
"759",759,0.0255927863643694,0.196524898819067,0.00349544712610656,-135.846544161464
"760",760,0.108204494503561,0.213078606319702,0.00169834591301844,-134.347044130939
"761",761,0.109217542764336,0.178491694437361,0.000154287019620139,-133.734803211289
"762",762,0.0352665852917522,0.155526784443725,0.00122109854488474,-133.27415084652
"763",763,0.163673715084875,0.0964187838941368,0.000986922387258661,-133.490957562787
"764",764,0.0721048521797678,0.167341845056977,0.00140043196507515,-133.176464435978
"765",765,0.0857535284755819,0.109858440636222,0.000937329818636224,-132.827124765729
"766",766,0.151830404445794,0.231100039205436,0.000531587433090959,-134.677353944482
"767",767,0.182004545346946,0.155483228045717,0.0006845308537571,-133.115230923639
"768",768,0.0513183319856647,0.150164115923403,0.000740990579483494,-133.073488000628
"769",769,0.212298161229203,0.151264389219912,0.000490376101162052,-132.880670217333
"770",770,0.202758685892915,0.15293093902862,0.000417716184789241,-132.656146682374
"771",771,0.0556712739208859,0.15557971876536,0.00116396953491798,-133.023448233555
"772",772,0.208062119587479,0.158256671021187,0.000289061900984489,-132.758785027223
"773",773,0.117264803194462,0.0585195242869924,0.000507194293099987,-132.454520022107
"774",774,0.0929684696383272,0.0971449852206288,0.00054642386702789,-132.01805611701
"775",775,0.167984068181828,0.199237621083098,0.00155862378851023,-135.609371315932
"776",776,0.217253945897967,0.185608546898394,0.0049931924376476,-141.76317678571
"777",777,0.203601986224934,0.369789392326216,0.00539438948684312,-139.934242029087
"778",778,0.209574146310753,0.350160091790087,0.000322401676433172,-137.519638795601
"779",779,0.284967940592118,0.259813458243548,0.000331095518086809,-135.561376441882
"780",780,0.161813689165298,0.212480126804692,0.00128537379468207,-134.933758747149
"781",781,0.115515759338756,0.0589323254075847,0.000412394808046137,-132.470336294221
"782",782,0.0954589377093919,0.0779018691919859,0.000303067055745626,-132.110233406202
"783",783,0.130156219091563,0.12645656965445,0.000551996435097116,-131.975553744688
"784",784,0.112431757862523,0.104966321418083,0.00112890293962534,-133.040351835107
"785",785,0.094566207026921,0.171001461820498,0.00134859412103218,-133.366932860701
"786",786,0.0353336252411891,0.163981613181212,0.00136159644740983,-133.24404384677
"787",787,0.0623830713417976,0.203466448527023,0.00110481885123246,-133.51038271559
"788",788,0.0690218335806555,0.0700090548925408,0.000126915193760391,-134.20237515184
"789",789,0.0935112455807632,0.0810616227516071,0.000755083746152854,-132.46712709709
"790",790,0.0671328157065069,0.0981286136557059,0.00118703921969986,-133.765601196382
"791",791,0.116182950392476,0.11080549115234,0.00254158771800008,-137.016678635121
"792",792,0.00789414940006278,0.137526917485455,0.00361357535181153,-135.226619024163
"793",793,0.0328922152411573,0.175026576724119,0.00358954503218547,-134.087073363343
"794",794,0.0180934600283709,0.174314738396204,0.000565764682632312,-133.966661148233
"795",795,0.113151411935603,0.106804581559312,0.000160790395863466,-131.710777743703
"796",796,0.0981871022484753,0.1219773520596,0.000579293907501587,-132.107248738645
"797",797,0.156976557475507,0.105122516879664,0.00231086806941601,-135.154487781537
"798",798,0.134918385962175,0.109315051017821,0.00205840001995005,-135.220520980655
"799",799,0.044944786354341,0.107266337455722,0.00088060011882234,-133.803935252363
"800",800,0.141750676860315,0.120023231734922,0.00140229785019365,-133.845388572463
"801",801,0.0544235526418198,0.157959405571916,0.0014699992424944,-133.132984312888
"802",802,0.113871112065249,0.14390150491182,0.00113221901470564,-133.308492736736
"803",803,0.0349103948933016,0.146919415383253,0.00266666298081541,-133.958133451143
"804",804,0.0381347435469998,0.208540629603618,0.00261843441540426,-135.693707438158
"805",805,0.0361879238664978,0.195421695222825,0.00292430498486434,-133.826249168462
"806",806,0.0532723022921516,0.213402329353264,0.00271071707058725,-134.139180844224
"807",807,0.0844926653589791,0.177047053853838,0.00272683382524635,-134.492260604854
"808",808,0.0185970001491445,0.181741826780742,0.00144832673698521,-134.211774264945
"809",809,0.0921614950557242,0.0500148144414798,0.00156382627995364,-133.782214617357
"810",810,0.0819524218051918,0.105332191249112,0.000886414517684092,-132.806557202385
"811",811,0.0842324393891393,0.0803166801542953,0.000773977242008116,-132.772597824998
"812",812,0.104817514633209,0.057665133816323,0.00236630282525532,-134.748230421758
"813",813,0.119981946731553,0.0649564076483481,0.00208832657233267,-134.403349384358
"814",814,0.12137778831326,0.180304931390696,0.00191277453613557,-134.646013086314
"815",815,0.0848179269424864,0.163190257914023,0.00219341983471385,-134.034149846095
"816",816,0.0456755605562532,0.168104160403014,8.53653069686298e-05,-134.899440001902
"817",817,0.22271636180636,0.171035546936217,0.000933464016992818,-133.613291827094
"818",818,0.0876355024133439,0.1576908513399,0.00099065662200282,-132.913492809417
"819",819,0.0837596311609692,0.0499296067817124,0.00134697323069007,-133.931027073784
"820",820,0.0963647491218637,0.153569316341293,0.00128191150263744,-133.221565136075
"821",821,0.060827424512212,0.142255922947207,0.00259643072365269,-134.264871114835
"822",822,0.0824183512105803,0.0495262201314557,0.000639044589218011,-133.536913776805
"823",823,0.103622621627624,0.0910338591002985,0.000664977449993041,-132.061920325881
"824",824,0.104180078494763,0.150121518979443,0.000717643676397632,-132.630570629324
"825",825,0.13364386539978,0.16401270950287,0.000749409569531471,-133.037964641279
"826",826,0.158593894748444,0.163395274420727,0.000603717854013799,-132.920706322942
"827",827,0.155760376083808,0.167776447841881,0.000152678423930398,-132.813830470367
"828",828,0.0688823551030078,0.110963889192574,0.0014967297563108,-133.850302714071
"829",829,0.084482070116907,0.144704832469299,0.00105763664051831,-132.852837286752
"830",830,0.189134889451382,0.150515446230031,0.00127831129541867,-134.04887261348
"831",831,0.138117790728141,0.144702686551167,0.0003054036527041,-132.049251841323
"832",832,0.0434447195227705,0.137587895330757,0.000921039804955022,-133.248695028378
"833",833,0.0788278362836686,0.162735866158259,0.00104920083782131,-132.98655870321
"834",834,0.0798283148544095,0.224956754378859,0.00134551669739262,-133.92042788303
"835",835,0.118273462506086,0.0793816658206948,0.00104207298823602,-132.590240710001
"836",836,0.100886125205221,0.0593628898227943,0.000919962485434019,-132.73893765123
"837",837,0.091405883131133,0.125658174885444,0.00167303415775315,-134.22742826236
"838",838,0.136409374458611,0.117882824192587,0.0013858876366716,-133.779163269743
"839",839,0.0473289580493069,0.190686315147371,0.000315567454742975,-133.924178715375
"840",840,0.111092794892208,0.113139194008951,0.000207926242320073,-131.652422422896
"841",841,0.130771257450622,0.0932934930181706,0.000493529137516078,-131.74114939492
"842",842,0.0699884898471839,0.0849443654090408,0.000370114449493265,-132.881727139794
"843",843,0.148316236209362,0.161402335293249,0.00024624344323118,-132.499274471284
"844",844,0.217569267471634,0.168983418364196,0.000408929685369991,-132.996313859629
"845",845,0.0162766502423848,0.167484317289162,0.00577358423995373,-135.407717176726
"846",846,0.0523142944381744,0.159721195813468,0.00497915957604549,-136.151737901845
"847",847,0.0400272889152516,0.144489685422568,0.00341200669564512,-134.667318118468
"848",848,0.030425483562444,0.173472698887352,0.00232493160141237,-133.440488910467
"849",849,0.0437909086914,0.147963749669817,0.000810339336334748,-133.200554881084
"850",850,0.104699657139298,0.21566754808866,0.000677344352867149,-134.122194880026
"851",851,0.132339920701187,0.213702380715825,0.000497156501129239,-134.169049906336
"852",852,0.0733642827098595,0.0810789094360257,0.000541765856411269,-132.874277124526
"853",853,0.0894169956748954,0.117667960177152,0.000846171963908177,-132.59171381471
"854",854,0.0715496071850624,0.0628733215467956,0.000999247019330361,-134.075120421556
"855",855,0.0894572394160896,0.122070621248531,0.00119704553419085,-133.227702312158
"856",856,0.154658431732602,0.128582103526873,0.000784799996414311,-132.604241947981
"857",857,0.105100328524694,0.134718954390972,0.000162935347976395,-132.323494821644
"858",858,0.132361626692216,0.0947574258398169,0.000185309395874095,-131.782205185968
"859",859,0.117122111928441,0.13203723628,0.000453169952728277,-131.935215221755
"860",860,0.0962688034713872,0.131926578699079,0.000698106259690822,-132.389295464631
"861",861,0.113375886866216,0.0598282057288041,0.000882981608404935,-132.535900027851
"862",862,0.0937484855116406,0.0580539639122931,0.000473386032432384,-132.74382443453
"863",863,0.0931049066445382,0.0770973144126387,0.000494846416561005,-132.214256829208
"864",864,0.140998653915277,0.129165429328066,0.000465898711519145,-131.934954932774
"865",865,0.141898123613833,0.121619072951329,0.000249918368737255,-131.733899380195
"866",866,0.135085555682158,0.10943693764205,0.000441233787639256,-131.694622334034
"867",867,0.161591857594015,0.175965360134234,0.000329140477693924,-132.933047708738
"868",868,0.128674789226548,0.135400766040714,0.000505133482624594,-132.038847707904
"869",869,0.11419506133961,0.0962214012814941,0.000135522061735898,-131.84437643947
"870",870,0.130343336976285,0.143235189819258,0.00049269170295227,-132.180862151029
"871",871,0.130163021047958,0.125128701088344,0.000521665433288964,-131.908390742972
"872",872,0.099507257858625,0.138707087429205,0.000513861007085788,-132.304098532436
"873",873,0.115866943582192,0.130008398817266,0.0010451151367442,-133.068181797985
"874",874,0.0944540748016797,0.196927333983626,0.00322090646010461,-135.167128108333
"875",875,0.0416240534872025,0.170966908887299,0.00394581388574857,-134.543318794359
"876",876,0.0449930613483886,0.183359574970162,0.00386992153279886,-134.408794214537
"877",877,0.0362648684409912,0.154661933552598,0.00283161039983307,-133.922395756396
"878",878,0.0497015160872471,0.162452324712919,0.00198116820417943,-133.372234762182
"879",879,0.0467078143590023,0.102009228058816,0.000577256257971781,-133.919245312409
"880",880,0.166068941909226,0.109184257704544,0.00106296463115399,-132.764087794013
"881",881,0.15841080875157,0.110953465958335,0.000159529517112669,-132.147343779956
"882",882,0.0724965347233159,0.126160526155177,0.0016716746950669,-133.694047677286
"883",883,0.0654017175884954,0.14785943373743,0.000755728349024558,-132.846275593522
"884",884,0.0438980806890243,0.132559579003544,0.000764586669939284,-133.323770550606
"885",885,0.0397047073731572,0.196599227078481,0.00287001022498253,-133.685951056658
"886",886,0.0491507717283435,0.205581806994727,0.00300302099154969,-133.875996692384
"887",887,0.0549882822582613,0.213435999283643,0.000483083437759297,-134.292455053458
"888",888,0.153123419554243,0.287226547190206,0.00110110128074077,-136.112889343563
"889",889,0.141167800660951,0.131260222839577,0.000668873235343587,-132.312311775481
"890",890,0.103675221822723,0.119312606667934,0.000202393908027007,-131.839604471718
"891",891,0.135955662665789,0.0893346431578992,0.000279085448826351,-131.805155701155
"892",892,0.130991355934559,0.104790760028343,0.000921945809170995,-132.480994188268
"893",893,0.157572599705207,0.110210185088404,0.000469937031440112,-131.985458971506
"894",894,0.158444846887902,0.0966003490122948,0.000298256746282328,-131.974087943725
"895",895,0.112343414031646,0.110168430994878,0.000428668786075374,-131.65152486687
"896",896,0.102781018670739,0.135587196032107,0.000945014725183744,-132.792520492889
"897",897,0.0412548938692495,0.119508207434123,0.000799112763289427,-133.64650407796
"898",898,0.177736871180546,0.11627703803087,0.000538568420807574,-132.263416018768
"899",899,0.108797700685285,0.151305589901688,0.000817484796019345,-132.761721191651
"900",900,0.176458611959055,0.161331327108928,0.00130968322421667,-134.592426865032
"901",901,0.224002684986489,0.285898241703867,0.00303993884696685,-139.263711662467
"902",902,0.14913891075972,0.202713827283492,0.000143623864742209,-134.14156655906
"903",903,0.201519768691461,0.155409679338333,0.00105362408774418,-133.531669880811
"904",904,0.147821073613124,0.133288550694562,0.0012395143321926,-133.711610521265
"905",905,0.15007606306083,0.117882339366335,0.00108893269881216,-133.059158575037
"906",906,0.146005041128789,0.102422989186891,0.00170592069850191,-133.878719852999
"907",907,0.141662720080852,0.0873392084122496,0.00188349540490925,-134.059643208653
"908",908,0.154757655745749,0.206273431845939,0.00050665211112974,-133.967550594301
"909",909,0.0628804260036,0.213300706578459,0.00266601099647886,-133.884120186682
"910",910,0.0647182811761175,0.180843569614368,0.00445306963393096,-135.500009989707
"911",911,0.0702581494722881,0.211614607970157,0.000399640422781273,-134.105324467731
"912",912,0.238620639770973,0.200544263296956,0.000362169687786027,-133.94273876663
"913",913,0.154977756771368,0.121043196287218,0.000223621464896852,-131.928752814804
"914",914,0.163249195324181,0.125154836124873,0.00102369932988272,-133.070026045722
"915",915,0.0647941604088142,0.220562324976975,0.000871664285882643,-133.88829415927
"916",916,0.234819331821153,0.212059924880912,0.000260970512385843,-134.271996929384
"917",917,0.271188823761282,0.223968146541117,0.000731238385893363,-134.463405033828
"918",918,0.161450767205761,0.220555120854862,0.00079119507748528,-134.533459661343
"919",919,0.109465382767959,0.196940884789433,0.000345904602637558,-133.836421352116
"920",920,0.189831988499345,0.161473052339995,0.0005567025829356,-133.092355529868
"921",921,0.131826802185891,0.196195985289941,0.00257341707345899,-135.860651530077
"922",922,0.0373039254730948,0.194095462399355,0.00288343884445221,-133.65616335257
"923",923,0.0754896236598482,0.142476030325705,0.000497363127574596,-132.70565075271
"924",924,0.0919207312575558,0.0699383891193936,8.90284920909766e-05,-133.240705527563
"925",925,0.0979995689057511,0.175376324711907,0.00188543906247384,-133.963268801555
"926",926,0.0411774361249219,0.171215699157842,0.000419308008815443,-133.659932000324
"927",927,0.102084480447998,0.127762177609951,0.000371138199885364,-131.968087634072
"928",928,0.153089332483366,0.108656179963843,0.00135299094180518,-133.301393346733
"929",929,0.119832034514444,0.0902504061746297,0.00134439081113769,-133.289564642517
"930",930,0.0425552871217364,0.137214116172268,0.000875847824310927,-133.284474963026
"931",931,0.187432818832009,0.142349695669989,0.000246848779556476,-132.534407247985
"932",932,0.0908888529679904,0.0855459067561198,0.000292088941934808,-132.05190924212
"933",933,0.140360899077087,0.0897887410808153,0.000653558019510928,-131.997434038417
"934",934,0.138656731766485,0.119036995750535,0.00024568782797508,-131.688641550984
"935",935,0.120601911962391,0.100464707537895,0.000685089620258881,-131.98123329864
"936",936,0.158356725459863,0.0990556807027611,0.000581589740750676,-132.007126942268
"937",937,0.079606843187809,0.0652249244197244,0.000412606183321436,-133.099535663406
"938",938,0.090872028065057,0.054470743993596,0.000440304439203837,-133.022072217665
"939",939,0.0797986560396054,0.0699708942073923,0.000479251305095804,-132.891087307318
"940",940,0.138130442370614,0.172873254733861,0.000389630186517308,-132.921866803622
"941",941,0.0325904009234325,0.186163467200039,0.00146400186736393,-133.161594509601
"942",942,0.063816495578494,0.197577468326774,0.00108353746659304,-133.479504279324
"943",943,0.0425567082628213,0.144952712496966,0.0032347485811607,-134.522460050221
"944",944,0.0218454509450498,0.159068757507662,0.000413837320694395,-134.182723167071
"945",945,0.0570537486960765,0.152643241994738,0.000258911872497634,-133.555799806804
"946",946,0.143063362815794,0.102352955407241,0.000294712674096638,-131.737834717804
"947",947,0.120736328185202,0.107020822652918,0.000369404578408459,-131.565402759543
"948",948,0.143678895107593,0.157547410668299,0.000451288741912695,-132.484255470902
"949",949,0.0171167954940452,0.138470616901898,0.000498195242520975,-134.764624446604
"950",950,0.166240564119494,0.124593245687759,0.000547397449130103,-132.273308206659
"951",951,0.124239607426275,0.112389375711915,0.00054343555443349,-131.800624724201
"952",952,0.156877419942124,0.129329379782161,0.000949885888382172,-132.979133115005
"953",953,0.175729042899432,0.130464001383999,0.000777705029171185,-132.682061368865
"954",954,0.144666701930854,0.15154760761884,0.00101148312767621,-133.460575447838
"955",955,0.163587182717545,0.13752151849954,0.00104096403880766,-133.36792161383
"956",956,0.106745563320919,0.162493996260228,0.000138012961998339,-133.34080847465
"957",957,0.132752194629803,0.154175838059685,0.000309107386973533,-132.33003195503
"958",958,0.121851951722205,0.137304416601779,0.000472112104340661,-132.043320939421
"959",959,0.0543759630531253,0.168125911521342,0.0017039102730131,-133.252076330833
"960",960,0.0627944285432952,0.176079201560141,0.00265711855264432,-133.926552226795
"961",961,0.0386960828998038,0.183619385511694,0.00257583847270868,-133.511588298852
"962",962,0.0261875866944532,0.175234265678985,0.00215885340459635,-133.301120748721
"963",963,0.053446111990658,0.184481723835001,0.00186974772474671,-133.404229548949
"964",964,0.178930800698427,0.267522309821749,0.000997949313585965,-135.887285843058
"965",965,0.153719299867058,0.0994420038112709,0.000447288894036757,-131.862202904286
"966",966,0.152532562212875,0.110564914062282,7.12539750417001e-05,-132.518024762081
"967",967,0.107056815618807,0.0886568119117693,0.000588786602050497,-131.913899719755
"968",968,0.0862743788419053,0.0632765602341446,0.000401652981085672,-132.865529953913
"969",969,0.132209434454308,0.0700572752219019,0.000780146555674701,-132.453652719864
"970",970,0.098922595360267,0.163683768868726,0.00219455538274867,-134.460708947836
"971",971,0.0691875595867273,0.193047842602973,0.00158095886273774,-133.51552035943
"972",972,0.0527022207080428,0.181858436457609,9.57191088604739e-05,-134.845274622329
"973",973,0.115239969480238,0.152138937450216,8.51895537057175e-05,-133.135168511147
"974",974,0.106272298682286,0.065924151168743,0.000113943045598341,-132.871444313229
"975",975,0.0911009525651506,0.144072683182592,0.00012722833885612,-133.153921824331
"976",976,0.17104535097839,0.187744915871305,0.000130415324929899,-133.473481592682
"977",977,0.0924718603990191,0.0743148414188725,0.00103979333867128,-133.058575560564
"978",978,0.0953818105580388,0.0848207719878423,0.000276753050025806,-131.966287674849
"979",979,0.111236938960149,0.0697659792205416,0.00104646217227771,-132.658373959413
"980",980,0.121916639198179,0.0884602527094554,0.00016187392121065,-131.856817741734
"981",981,0.11207387951986,0.151071225444946,0.000254986341108712,-132.529581356825
"982",982,0.170669935726335,0.0950763499560466,0.000259428048182509,-133.994149849877
"983",983,0.0842667362575955,0.111957038250097,0.000346790038621998,-132.141212840305
"984",984,0.0423798350304274,0.161305769510857,0.00236503315749524,-133.569348293629
"985",985,0.0233996110753075,0.165362030424116,0.000917250874594099,-133.517452875297
"986",986,0.170111286167294,0.141539202903378,0.00183962203843774,-135.249833104309
"987",987,0.0190023086144972,0.166066678715714,0.00184172774467037,-133.426773423207
"988",988,0.0484572059870113,0.181089148033238,0.000555025233398297,-133.491734875232
"989",989,0.149348705330996,0.0806737971460275,0.000656229394042737,-132.966095114407
"990",990,0.0678118874446951,0.0674642704902624,0.000539354022452496,-133.689558760357
"991",991,0.0509626331346273,0.13095029460046,0.000874404929950124,-133.113516591715
"992",992,0.192349498553124,0.153436960590072,0.000462177929875485,-132.8378421561
"993",993,0.137546000745204,0.16399549561781,0.000773837160579084,-133.10917526697
"994",994,0.0839133446684298,0.093110634565896,0.000349157188773425,-132.121552006638
"995",995,0.0714881786139176,0.106824659383639,0.00047867944004616,-132.592167874291
"996",996,0.0900932866559423,0.0970737440112459,0.000409254536075171,-131.934948548339
"997",997,0.123746020397751,0.0843800338482911,0.000346078974879788,-131.718559325522
"998",998,0.106555990712883,0.13567037285472,0.000873075977994458,-132.689729508982
"999",999,0.0645086561692622,0.132589748140049,0.00140745353692932,-133.19506673493
"1000",1000,0.0765001874050084,0.180245878166007,0.000639612917208843,-133.27114344764
