"","i","asc1","desc1","pol1","p"
"1",1,0.189110798203908,1.53825660309615,0.172200332245865,-154.210284773947
"2",2,0.259823938612167,1.70700420895632,0.161087075427363,-154.081032194201
"3",3,0.360870935220212,1.73023251683561,0.160227146056822,-154.277487999402
"4",4,0.365211536218005,1.663080209338,0.139570301390649,-154.107868616546
"5",5,0.410453167899021,1.48235327925966,0.121119230708115,-153.575770348935
"6",6,0.312609178950459,1.51918204122963,0.125285991584638,-153.90828354846
"7",7,0.500759088193161,1.48553047397018,0.131660912693746,-154.918977910618
"8",8,0.278890873858003,1.58998888789664,0.147590200430931,-153.810399428465
"9",9,0.225083263870677,1.47679477490473,0.127201967908362,-153.976021827476
"10",10,0.387877328426971,1.57053099729938,0.120898844373658,-154.120805212706
"11",11,0.581895264066131,1.53790719206553,0.0963076082311742,-153.838218099978
"12",12,0.537222063119318,1.42797878933688,0.105735674484233,-153.558272645448
"13",13,0.403571139698526,1.27048933164905,0.10648064683934,-153.372255233871
"14",14,0.381789590556795,1.29361966669989,0.121584188949826,-154.320222958179
"15",15,0.0259659686550154,1.1423077911585,0.128999261644117,-152.488149797946
"16",16,0.0489427505578822,1.33332798107186,0.143714278903366,-152.963056138441
"17",17,0.0605901049586541,1.37936032148707,0.141519166166425,-153.230247239933
"18",18,0.305247730816713,1.53815476631895,0.141821642502099,-153.722222400705
"19",19,0.326879783524633,1.63641897682524,0.177411397188464,-155.355475808736
"20",20,0.250318545134337,2.10830538772582,0.238477409366406,-155.661879609651
"21",21,0.236231988353521,2.25104166098151,0.248523046185477,-155.609478979569
"22",22,0.121825979717431,2.20214125671202,0.238536806562092,-155.013483217242
"23",23,0.295039445925121,2.12651309281645,0.22186654537736,-155.295497347326
"24",24,0.20901241267888,2.09370636753753,0.20730385566928,-154.938068245724
"25",25,0.0344746949262833,2.04030535777246,0.20996298074582,-154.8215695844
"26",26,0.183294982842201,2.06815732787687,0.20872730190081,-154.829905759821
"27",27,0.0378043938293874,1.64939082933576,0.157897592189257,-154.679428863975
"28",28,0.556179598643562,1.90265794280234,0.118988389005165,-156.732322535445
"29",29,0.937362657348697,2.02113098006087,0.103663431246371,-155.271025533712
"30",30,1.07223471015758,2.01675248097816,0.112020140433404,-155.264114356388
"31",31,0.945594478579118,2.14391277676822,0.137807717760736,-155.474203627183
"32",32,0.872677304217281,2.31272713008119,0.168790149289434,-156.053322979632
"33",33,0.841643127889736,2.50374815198268,0.199268241751701,-156.685844965933
"34",34,0.32372512808852,2.37794083127343,0.199565440851987,-156.681463745763
"35",35,0.779794165673035,2.34235122081932,0.205960976545864,-157.15952807941
"36",36,0.527929404263615,2.21169039013454,0.237434762115544,-157.617582363782
"37",37,0.248546957319569,2.05823027855133,0.255235759320984,-156.878518347317
"38",38,0.0897538325634898,2.39610637658058,0.255177952154542,-155.420650211098
"39",39,0.0922924993075125,2.46596332707512,0.288031066891041,-155.737662411537
"40",40,0.0212160482189207,2.90521069414444,0.311992317957108,-156.511340499578
"41",41,0.263329299702845,3.06254750097979,0.375673935150823,-158.400757363289
"42",42,0.0901539974006321,3.03709546643531,0.369814536508268,-157.258652768133
"43",43,0.119082723006337,2.993566580025,0.302780906005672,-157.022230496051
"44",44,0.0997393508709865,2.39248472084839,0.271895953902139,-155.477516090276
"45",45,0.0826557819577113,2.45725459096378,0.272417027900391,-155.515465170671
"46",46,0.00333271739564051,2.30608123828305,0.245910907979589,-155.220727287302
"47",47,0.248108320263241,2.40378469395677,0.257787635667017,-155.787658115483
"48",48,0.0700029249408203,1.81743278962674,0.157341617945328,-156.58077169511
"49",49,0.582530543453213,2.00689235234098,0.137630775364794,-155.735381663191
"50",50,0.696576443619515,1.87403331539923,0.114571311907202,-155.073881223215
"51",51,0.935466636360743,2.03348355272901,0.118190234807978,-154.941960335075
"52",52,0.857002196855166,1.8687920322725,0.116009232363184,-154.618349703454
"53",53,0.752335456796491,1.75690479897469,0.113290570840106,-154.243214549585
"54",54,0.748714112009888,1.79941503049576,0.104814748527892,-154.53131938515
"55",55,0.780430473826072,1.71522841300127,0.103699047092436,-154.033416517521
"56",56,0.765904414530924,1.66017783897169,0.0798654098851299,-154.837963377376
"57",57,0.782496022621483,1.46151756552432,0.0820671100216011,-153.65705891845
"58",58,0.713797919526847,1.39915817608658,0.0835172341041757,-153.555162287318
"59",59,0.545037759833932,1.19133807338636,0.0751355114896056,-152.626756658379
"60",60,0.504823296687259,1.1448024434796,0.076345283334867,-152.677700741791
"61",61,0.49881140026899,1.23869402592327,0.0878681212880899,-152.981242966812
"62",62,0.464430491209793,1.27659303803318,0.0961541085430205,-153.114354500173
"63",63,0.319092986684776,1.23799496380514,0.104708041868178,-152.932482170116
"64",64,0.355355833531571,1.37073103212017,0.117275831362018,-153.319997198663
"65",65,0.376630771841517,1.22055019636863,0.0860338741494525,-153.07331345824
"66",66,0.413051646375413,1.30500266496465,0.0869833727030523,-153.637585618368
"67",67,0.50511975382658,1.24564394937491,0.0795643741945604,-152.700779947669
"68",68,0.432289703519044,1.20129550963062,0.0949106393966027,-153.198630033078
"69",69,0.421391774668761,1.34118629218072,0.106144353697217,-153.219659036015
"70",70,0.380805320388366,1.43860755341856,0.147578267275822,-155.383754320743
"71",71,0.368343343558048,1.91426535381226,0.171671071683935,-154.665756899587
"72",72,0.509228245726347,1.85576227938829,0.168915859515804,-155.147550554509
"73",73,0.246142610113232,1.79158496019645,0.172447077744892,-154.263010219248
"74",74,0.15349422858666,1.60744219716071,0.183109082038751,-154.186890337972
"75",75,0.0363406941191843,1.43504382604515,0.189774669856395,-154.459251895164
"76",76,0.0751529811284141,1.54713624410355,0.139656193385052,-154.976777388397
"77",77,0.021375471765738,1.38311713717054,0.137104578034177,-153.723852035353
"78",78,0.0381377973592486,1.41968668462851,0.151206224945809,-153.19645003968
"79",79,0.206861124697507,1.59267182979258,0.124982973096613,-156.00604417164
"80",80,0.326273057288926,1.507328374351,0.125181192974979,-153.76024453382
"81",81,0.386673156304016,1.37061570675956,0.132471573043865,-154.660101389929
"82",82,0.417617883554888,1.54503484913998,0.116881082424725,-153.935793765725
"83",83,0.396063164260769,1.30844335446072,0.0840389759074047,-154.389278062902
"84",84,0.672827416063564,1.50043390430481,0.0909800579615188,-153.374711308853
"85",85,0.644033587498658,1.54846201202588,0.0925465810360646,-153.671794584142
"86",86,0.770623607181981,1.59247161314176,0.084147700045122,-153.566346665656
"87",87,0.852395640321848,1.5984214391646,0.0804088444108956,-153.442985679356
"88",88,0.812023495180838,1.5867438044927,0.0971702246914987,-154.437856071466
"89",89,0.622572164904702,1.52862609542964,0.0939893350428008,-153.593952383577
"90",90,0.804893560841083,1.59871391173482,0.0801249192010183,-153.543880313446
"91",91,0.819493448022026,1.63153774564657,0.0812235983152046,-153.676551314602
"92",92,0.706480793460593,1.59192228234987,0.113531538650963,-154.716572063739
"93",93,0.407336354781729,1.45578956168193,0.117070348437219,-153.49258523924
"94",94,0.402930829236814,1.43785237027203,0.116669442326498,-153.450841786277
"95",95,0.34023088191435,1.38522908826888,0.112313065829376,-153.372664570728
"96",96,0.414037146337396,1.38486113896211,0.0990918690731377,-153.544204021998
"97",97,0.499171471602478,1.39294157056268,0.0960165758788214,-153.242891783661
"98",98,0.602398109059486,1.2953074153696,0.092232625424008,-154.294585514314
"99",99,0.223854643712372,0.788959784545172,0.0588935383363111,-151.781313627562
"100",100,0.399231568616239,0.916987758905893,0.0647081078550654,-152.394068299907
"101",101,0.324554083092182,0.918911686394365,0.0677942120872618,-151.93026718676
"102",102,0.34622577775509,0.970317094623184,0.06947305869881,-152.021775615376
"103",103,0.378950438611879,0.946139957164341,0.0545377955212438,-152.291870266583
"104",104,0.410262841572891,0.918104523357955,0.0542846076565992,-151.559099302403
"105",105,0.313984652675282,0.719992504535914,0.0430856794547952,-150.91896570783
"106",106,0.342958373780608,0.713073829664258,0.0486001087393611,-152.277927289132
"107",107,0.259451784382066,0.750175759207738,0.0521803282569124,-151.39190762195
"108",108,0.30305122356846,0.749003115560493,0.0529694213126096,-151.504909959127
"109",109,0.337125335808452,0.851822074766892,0.0595859539204727,-151.69657525226
"110",110,0.367601511069166,0.938195893328154,0.0655917177510283,-151.936026865688
"111",111,0.39058689682231,1.09114329939185,0.0723370367634641,-152.486403956097
"112",112,0.407537698738622,1.0086616416429,0.0624843460932094,-152.047454269013
"113",113,0.513729904436934,1.04553100876192,0.0487011756317001,-152.384942248312
"114",114,0.575793821100542,1.08560567457696,0.06114971063973,-152.392807403284
"115",115,0.442910880538469,0.921845879442024,0.0577116817747949,-151.99725333377
"116",116,0.325072990421058,0.917778694597614,0.0527851054451335,-153.398438556341
"117",117,0.493428720184164,1.02386017130381,0.0640094819245597,-152.327835057248
"118",118,0.386358220127053,0.908561037889872,0.0573952813532038,-151.629940775201
"119",119,0.396357069420522,0.890958058963277,0.0434007183174386,-152.673473841138
"120",120,0.473494835461523,0.845153589026262,0.0308249661460022,-151.588407352685
"121",121,0.596272265174029,0.886369497907792,0.0332761342463704,-151.161533166086
"122",122,0.502715735099207,0.819496122675876,0.0283956188586151,-150.371243603087
"123",123,0.528749546725734,0.804377681148378,0.0252502084207698,-149.900100727332
"124",124,0.54962608638292,0.820528260259373,0.0226685805645509,-149.892430637954
"125",125,0.568710459829992,0.833755953191187,0.0257999222284225,-150.027776474315
"126",126,0.553696530272703,0.78691632098633,0.0205226511945644,-149.44002418967
"127",127,0.525052099918767,0.765659683216103,0.0203828875340864,-149.36782037159
"128",128,0.559725654020526,0.819864965641835,0.0174428314893728,-150.220676951635
"129",129,0.576740886657735,0.780000155481352,0.00765823409104951,-148.681188776463
"130",130,0.727366783621026,0.783792472530572,0.00353798495695505,-146.619445831762
"131",131,0.671213541808962,0.714951005479668,0.00192677575325218,-145.501274097545
"132",132,0.569817853313147,0.708026433693212,0.000819048173152467,-145.099206684192
"133",133,0.567038714069828,0.504092427012848,0.00105863099408701,-143.318980436629
"134",134,0.499835323503803,0.459931398898422,0.000949142549272111,-139.50571799337
"135",135,0.443910510566452,0.434470109234542,0.00069160551279182,-139.611578294254
"136",136,0.421051285407826,0.363052811250447,0.000400125598155664,-137.871083894087
"137",137,0.393638353876412,0.370195273306531,3.65631482358696e-05,-137.715647358356
"138",138,0.216416628543673,0.199667413206761,0.000725188929142137,-134.829774842015
"139",139,0.126411011197448,0.181602539475041,0.000176488461403861,-133.812361487207
"140",140,0.0318115254789292,0.165552857017808,0.003449241119979,-134.075952691455
"141",141,0.0126686184533375,0.138953201092466,0.00223589882287015,-134.049373512801
"142",142,0.00751892182042109,0.15919121141247,0.003966854217102,-134.0907228032
"143",143,0.0276628682530241,0.190257826241733,0.00300003944517901,-133.910622653871
"144",144,0.0234857349598141,0.0988724678890233,0.00209434837211931,-134.95678629197
"145",145,0.156256377685846,0.100011504984775,0.00164654927253298,-133.703161217471
"146",146,0.169119177865661,0.260150832316588,0.00156904935402996,-136.503916891373
"147",147,0.310449722905474,0.271669951161228,0.000268650169767125,-135.364750621333
"148",148,0.267277025236739,0.205038886341103,0.00132961402391837,-136.421688302458
"149",149,0.108400415929192,0.135321514744029,0.000971494383435687,-133.148971670918
"150",150,0.103062853889401,0.169140273103346,0.000951152385882144,-133.370483950174
"151",151,0.0171649277366168,0.15332145076283,0.00131916338430813,-133.795758821349
"152",152,0.114389975049836,0.0520943440211827,0.000301722317326648,-132.517295261626
"153",153,0.0972027268748834,0.151003800799268,0.00105984380346399,-133.211104817658
"154",154,0.0457610087510898,0.199459881184984,0.000633581599913409,-133.548507941025
"155",155,0.045217985346981,0.12589567452114,0.00146877010380489,-133.469772669662
"156",156,0.0916049966466692,0.186925911544249,0.00202965716713377,-134.293730840514
"157",157,0.186149117618917,0.270785573620663,0.00235140939935096,-137.723985530486
"158",158,0.160457134524712,0.246064601507255,0.00322883985611427,-137.864827256491
"159",159,0.166092173119116,0.137416827628007,0.00059827939954931,-132.732963420661
"160",160,0.0965704510216888,0.165577743249098,0.000820549189148199,-133.168509794791
"161",161,0.113925962017777,0.117979673358326,0.000608508333331485,-132.113627527805
"162",162,0.126617422158728,0.0904356990720978,0.0012960094796487,-133.136983567172
"163",163,0.141973650285135,0.121250762851519,0.00123551368540966,-133.663557540878
"164",164,0.156396261419013,0.120362414681692,0.0004594440417259,-132.168667190696
"165",165,0.130203704703888,0.107982192215579,0.000337269699011539,-131.674522303771
"166",166,0.111424906534505,0.11936744748977,0.000250703664487752,-131.750690837784
"167",167,0.12415990504053,0.103884308978877,0.00180334924847183,-134.769545097507
"168",168,0.0333490415662186,0.109106619597956,0.000995725111666807,-134.15028669894
"169",169,0.178243446660858,0.152810634192998,0.000717709100037883,-133.376758237446
"170",170,0.0631594456167306,0.108327984382315,0.000118845179878255,-133.548125234407
"171",171,0.0986147687739289,0.119306881117864,0.000320095373002332,-131.899227473162
"172",172,0.106157837578156,0.0687804676821828,0.00052339168083821,-131.97811404791
"173",173,0.111091733015869,0.0978952800268935,0.000499037983706189,-131.755922365026
"174",174,0.0960957468835138,0.0958563722123856,0.000571203857749511,-132.005431430056
"175",175,0.137856230018983,0.104075249952106,0.000846739006871195,-132.44305601827
"176",176,0.165795485129931,0.125272142999252,0.000944148861787832,-132.996967183019
"177",177,0.183224573206767,0.14562598587393,5.64980141522839e-05,-133.407758548368
"178",178,0.172908184054467,0.127982530868112,0.000521745599788237,-132.365243719497
"179",179,0.105050577305697,0.093645649569562,0.00033560885428448,-131.648556638831
"180",180,0.140026227587756,0.110520985348025,0.000223194950364963,-131.808291289875
"181",181,0.159947376521397,0.109204786805577,0.000626495098668132,-131.985388920465
"182",182,0.137525601226892,0.0915560120234197,0.00181557946080092,-133.791388201694
"183",183,0.138589626631881,0.110326146036695,0.00168058839699876,-134.458145384911
"184",184,0.16347377556879,0.111859821674538,0.000319500516042288,-131.864408685805
"185",185,0.122187288510853,0.162346841948929,0.00188176624709047,-135.431789680443
"186",186,0.0113210629804542,0.171811412172206,0.00164327317555595,-133.770631836531
"187",187,0.0881434212026806,0.173269345512907,0.00162199522273121,-133.776254855586
"188",188,0.0727591393023352,0.149955506134713,0.000306436954228503,-133.113737312554
"189",189,0.14623255249587,0.0991383841408804,0.000160631010605816,-132.02744249057
"190",190,0.12812080412054,0.0972897282576219,0.000595802818349932,-131.896257602812
"191",191,0.121102817444211,0.125756588298998,0.000582796675687319,-132.182626443968
"192",192,0.0574220701169833,0.0991325159128847,0.00171477821774116,-134.697689440774
"193",193,0.120035074342754,0.171208095830928,0.000552706125594938,-133.239942068394
"194",194,0.149742340794083,0.0929814655329369,0.000144358613225479,-131.960289008495
"195",195,0.14295079480517,0.142714288439889,0.000733231478913052,-132.915714064243
"196",196,0.141226796160866,0.107730699326737,0.000526286117286303,-131.962131636974
"197",197,0.128438954812387,0.0853440528149112,0.000552645868524625,-131.825889663418
"198",198,0.0766279805079222,0.0960392476386893,0.000412835407402659,-132.30070275456
"199",199,0.103258556437705,0.073248563217839,0.000466030597565669,-131.917800446488
"200",200,0.124540324731994,0.0801421050107907,0.000107229205112893,-132.251932147593
"201",201,0.117998237263412,0.12184147481733,0.000230502581107936,-131.774074243284
"202",202,0.113620391591348,0.122671374483731,0.000347261706811049,-131.813600951269
"203",203,0.170686716075826,0.105893101935811,0.000620784667728095,-132.409840296582
"204",204,0.16402415638418,0.122674047474464,0.000167698662377894,-132.326864244723
"205",205,0.158737658791656,0.104077612793305,0.000324428603920797,-131.710534524305
"206",206,0.118525835959224,0.127590372353583,0.000221852184740247,-131.884994419658
"207",207,0.182875760538955,0.13607047356181,0.000714333640381752,-132.64743083246
"208",208,0.114694281190087,0.22233983887531,0.000690012084774302,-134.65164441761
"209",209,0.139224470009546,0.110362798768805,0.000812240174250478,-132.472268812322
"210",210,0.127560265258847,0.0992052932515281,0.00107669286227616,-132.843329543889
"211",211,0.129135587923947,0.0692064602335017,0.000124846398760861,-132.332982978424
"212",212,0.118909461585076,0.239498764232469,0.00057504503804932,-135.20545151432
"213",213,0.28408287061477,0.227813367139185,0.000280432995622514,-134.348196524106
"214",214,0.271779960331024,0.222970356327833,0.000488842577130344,-134.206010631376
"215",215,0.269028106099939,0.219414499097159,0.00160536611349311,-136.138018424323
"216",216,0.0664294868547217,0.0827724332002231,0.001371971495566,-134.400465345802
"217",217,0.101047798616359,0.0749131244884981,0.00197312615337038,-134.770994311451
"218",218,0.110563901356475,0.088542283122565,0.000354199175072392,-131.639699019617
"219",219,0.100334777926477,0.0462145574402391,0.000392009344817543,-132.837552794077
"220",220,0.105156494411864,0.0629193377345439,0.00115396242983796,-132.704384434043
"221",221,0.10969868946443,0.0553031200370945,0.000473856199120078,-132.207760165369
"222",222,0.123970038212066,0.173508708674696,0.000167215258612602,-133.559160161341
"223",223,0.14991517218062,0.143700119711854,0.00119899216586655,-134.129085699347
"224",224,0.188802851685313,0.162896479246583,0.000590898161926895,-133.46369599727
"225",225,0.203110554480776,0.130365964855306,0.0004602615959711,-134.097339135147
"226",226,0.131307812061839,0.0798095738936928,0.000148188876214855,-132.097103051549
"227",227,0.127330124307825,0.133490016808613,0.000110995421032352,-132.27448038743
"228",228,0.164351405273835,0.149249847677572,0.00051851315001278,-132.818229719102
"229",229,0.0131824070528411,0.148956243795204,0.00202243221046036,-133.887904824915
"230",230,0.0375089524592025,0.182670440821372,0.00188630243780156,-133.39952346293
"231",231,0.030195903232634,0.149626826926921,0.000739431942568599,-133.615407390446
"232",232,0.213224636489712,0.169131928036612,0.000384184018371881,-133.163183661593
"233",233,0.167691472479458,0.257657677372136,0.000963915653408324,-136.045850442028
"234",234,0.138693711895715,0.181779335239838,0.00229531142756572,-136.725234484646
"235",235,0.0120149951332272,0.115363854221962,0.00293326297728752,-134.750156564831
"236",236,0.0177741221056265,0.179086919390753,0.00248272716878707,-133.675312043749
"237",237,0.116493476388081,0.112657518622432,0.00136940792674629,-133.901255568762
"238",238,0.0678184210820579,0.156400758648838,0.000951501213281838,-133.021654357101
"239",239,0.00435209004323257,0.167942680468479,0.00115334229948725,-134.653531067679
"240",240,0.0311962773207884,0.184711861750146,0.00180953679019918,-133.257809072935
"241",241,0.0484662045728981,0.18783951659532,0.00139350706402155,-133.43179832308
"242",242,0.107373541939009,0.128484846254445,0.000471115703097775,-132.100766778133
"243",243,0.188916566805394,0.142866335893138,0.000551544253139633,-132.638958903341
"244",244,0.0567911039900218,0.108373366515594,0.000569166966802578,-133.130681441431
"245",245,0.154666637412701,0.147966589846729,0.000963792902560804,-133.653687057294
"246",246,0.135550759123297,0.0824571349778861,0.000305278266923104,-131.715236162913
"247",247,0.0956959659444706,0.134056971355462,0.000373604968368832,-132.324061481947
"248",248,0.079481713680409,0.0718306291342774,0.000339540754665341,-132.640669524683
"249",249,0.14372059878224,0.124308557779293,0.000574347028634321,-132.255020583217
"250",250,0.167196229458992,0.122707399756613,0.000543375449614048,-132.295310762181
"251",251,0.0943344384807669,0.100843759996551,0.00102472941458058,-133.000379458757
"252",252,0.162207560387851,0.106048640088138,0.00014430904632307,-132.022541171564
"253",253,0.0825978357478698,0.102515554233271,0.000772120707245651,-132.622433512553
"254",254,0.0953938637754783,0.159931975760403,0.000433486814466352,-132.977752881062
"255",255,0.225801921475707,0.180335563124873,0.000452613424436718,-133.353323695082
"256",256,0.0741494701573271,0.0914136789260342,0.00104832276208177,-133.405599543832
"257",257,0.0468318282840081,0.148692206161734,0.00029909211972972,-133.645399163063
"258",258,0.0932523951053399,0.121189403007061,0.000613658771913124,-132.315603452382
"259",259,0.121874632017382,0.0749892438971038,0.000511048795402419,-131.828636643803
"260",260,0.0727685111343986,0.0929930164849298,0.000251047556534892,-132.513192427632
"261",261,0.11334958678527,0.103097600820489,0.000995956023567023,-132.781175029856
"262",262,0.147947911878666,0.22429043751037,0.00215076614788874,-136.209873283988
"263",263,0.0990264399506701,0.23735020118351,0.00121275082738372,-134.843540810904
"264",264,0.104671779214754,0.037429280995295,0.000854837869341248,-133.890830840125
"265",265,0.0839033820461271,0.119941686042445,0.00141030026338328,-133.858586540671
"266",266,0.0836718177751231,0.177523379813876,0.00268528630154858,-134.691005340623
"267",267,0.065922548399797,0.161706583737815,0.000233919549911319,-133.611271471889
"268",268,0.0673040185921536,0.0824298326796093,0.00114592219091032,-133.869132215086
"269",269,0.105247761232556,0.111982866053367,0.000834321856522471,-132.555126561741
"270",270,0.169770577941878,0.109489481465365,0.000944538806362696,-132.62847017548
"271",271,0.0957153308706722,0.137367689829793,0.00119433745525476,-133.405279437346
"272",272,0.0687458355124106,0.117441765175269,0.00162048812072453,-133.958204964569
"273",273,0.061934288107583,0.174584541348786,0.000912286601219974,-133.261709037922
"274",274,0.0890549713670412,0.18316091567024,0.000504007690182313,-133.557648052503
"275",275,0.116916693073606,0.19230064571284,0.000743651598256419,-133.855212017077
"276",276,0.154023668992505,0.210385734687452,0.00200708264926769,-136.326363056259
"277",277,0.131733775266858,0.203147442214999,0.00191520565492105,-135.369921994141
"278",278,0.0898698296142199,0.025432708407745,9.72183947748419e-05,-137.088406654484
"279",279,0.0776482739707366,0.121683631397693,0.000964939373081163,-132.927577564826
"280",280,0.0593728596242756,0.190397982929188,0.000832938742980599,-133.537804477662
"281",281,0.0313650534330111,0.176136577533705,0.0011668644099541,-133.334510030817
"282",282,0.022712192462121,0.0836860775531229,0.0009067422743536,-136.006525501092
"283",283,0.0272035715191722,0.203011876198093,0.000299973635863286,-138.373907527795
"284",284,0.278267649598504,0.24777573785705,0.000920843932371897,-135.911001200827
"285",285,0.203146430503852,0.172405753680504,0.000961689145864766,-134.381695022921
"286",286,0.12856066237336,0.221644319566115,0.000642450772507725,-134.713044870358
"287",287,0.251095483549967,0.28403405495892,0.00123229621571152,-138.126209661253
"288",288,0.145333351167568,0.252160557195661,0.000268256024880713,-135.85008377223
"289",289,0.18481590151637,0.163675711281016,0.000837509966988979,-133.930076871671
"290",290,0.175993673326919,0.128008497583521,0.000572494092371975,-132.31001461006
"291",291,0.164986245626007,0.112523941257052,0.00103060526399771,-132.551127270947
"292",292,0.089787312491838,0.0435932462453786,0.000976137959560742,-132.947054132867
"293",293,0.0894850301587448,0.0339272470824825,0.000757937980071254,-133.26467113962
"294",294,0.0965875491638937,0.0380680671579351,0.000356089885257764,-133.502350009137
"295",295,0.0936036608044294,0.189695637555441,0.0015118032687828,-133.962616386591
"296",296,0.110111889492534,0.185634916547807,0.00136760542356595,-134.0792595567
"297",297,0.102083075803378,0.242171833531394,0.00162670964085577,-135.047322032007
"298",298,0.0966867795012236,0.250176012973654,0.00125206278713556,-134.812569806674
"299",299,0.0923000605560667,0.0905313215086584,0.000902133776975433,-132.684680767022
"300",300,0.106492847783247,0.064060677715612,0.000754023022603913,-132.204082806536
"301",301,0.0757855326313922,0.149533455176665,0.00138639712716648,-133.278784294962
"302",302,0.00481353867770839,0.149350685972809,0.00228877978644565,-134.087550070873
"303",303,0.0704785203611301,0.221376994265515,0.0007697458483802,-133.982663453805
"304",304,0.151448205446734,0.230955697775116,0.000386866424861503,-135.118906901344
"305",305,0.189413589837632,0.258992529105257,2.81183110417831e-05,-136.20538188609
"306",306,0.127754228808658,0.116375303539063,0.00177802926564916,-135.044417589762
"307",307,0.182627218512127,0.327628192380521,0.00549777083852965,-139.777128521368
"308",308,0.144741325616727,0.135931920503616,0.00431381447244046,-141.131537635228
"309",309,0.145576058621513,0.246980378795628,0.00415668134863886,-138.197597134045
"310",310,0.121664530115016,0.25268815457921,0.00218996541595051,-135.900784676776
"311",311,0.135473323473704,0.265354317279074,0.00210398709110642,-136.336626689224
"312",312,0.0980092264967825,0.160094856712808,0.00158662588333074,-133.940653585758
"313",313,0.037677542393047,0.193700741730182,0.00159458971304133,-133.3081925766
"314",314,0.0661166015667698,0.177531913509082,0.000733593035892321,-133.335856908069
"315",315,0.058175251852488,0.215358132217066,0.00252667933223748,-134.017291567061
"316",316,0.0582001915391152,0.173308086819975,0.00294289685149235,-134.210315944467
"317",317,0.0971681182787967,0.18362441290644,0.00221419080807696,-134.60961587927
"318",318,0.120689409996574,0.258389354394424,0.000431120870068529,-135.758883268828
"319",319,0.306050252340978,0.256584011890389,0.000346078353437763,-134.840072614314
"320",320,0.300367591529113,0.260334496514733,0.000283751606758932,-135.108663671686
"321",321,0.313650055352593,0.256238976712992,9.73567971490604e-05,-135.036789152011
"322",322,0.124184011452692,0.113903154613142,0.00015999487683419,-131.793725607518
"323",323,0.168928947598909,0.112528641390866,0.000984623911039338,-132.532534571978
"324",324,0.0808767986904733,0.206294975722549,0.000973288436316778,-133.965575451506
"325",325,0.0472391518204731,0.141172086452266,0.000443751218834391,-133.373358995559
"326",326,0.0522462433126243,0.129888674392985,0.000254837141290292,-133.544149066682
"327",327,0.00625626384388435,0.159816220953661,0.00130022761658485,-134.00406822996
"328",328,0.103034039229877,0.0924544368672228,0.00167452389872926,-134.454665506275
"329",329,0.0258889600066588,0.156611504030162,0.00612404001808148,-135.986093835332
"330",330,0.0138112481592126,0.166265890333549,0.00541837433315373,-134.756396300389
"331",331,0.00814356421405255,0.149861795800094,0.00479888346833228,-134.670785342152
"332",332,0.0172385322495526,0.142600527176331,0.00416888826844571,-134.617686304214
"333",333,0.0163757925733788,0.18401992635035,0.00177980639194243,-134.574397221026
"334",334,0.0842834546324212,0.210473071675724,0.00305786142057364,-135.051017197766
"335",335,0.0801272697968617,0.239043079227299,0.00332116232730505,-135.139031756422
"336",336,0.0706365276664565,0.218277316147609,0.00297162452663214,-134.548276751926
"337",337,0.259864679617614,0.225515677894388,0.00111258789610712,-135.514372905176
"338",338,0.1430206857539,0.0712193851113603,0.000123084124843897,-133.318238712922
"339",339,0.094116060182973,0.095345694648767,0.000795122149090601,-132.448247430146
"340",340,0.121574509330539,0.0816824159918162,0.00108130277649891,-132.594423637509
"341",341,0.0801046225162104,0.14610262696577,0.00206479425974238,-134.220593999315
"342",342,0.0899811552770541,0.1025298483485,0.000320705536354473,-131.862468191801
"343",343,0.145373052898393,0.114443483233431,0.000510640498568105,-132.043840888416
"344",344,0.142852491730333,0.138838852750321,0.000420704162154936,-132.261629888993
"345",345,0.0434449056159909,0.0747842459599216,0.0021294672471685,-137.136172851114
"346",346,0.132083428936819,0.0847420994191431,0.00303831743265949,-136.311697987395
"347",347,0.134777118385953,0.0998955505222577,0.00102092275584622,-132.719559944443
"348",348,0.143254100307229,0.0708723481512222,0.000748749443255942,-133.817031349684
"349",349,0.109169164551857,0.146841666495027,0.000150587915227984,-132.79243584095
"350",350,0.162226721358099,0.150669758332194,0.000603379357260339,-132.976060826191
"351",351,0.131973888944319,0.148819925121077,0.00019135468269554,-132.438915341417
"352",352,0.12999245906579,0.0745675285356479,0.000620494908744788,-131.742214433044
"353",353,0.0925924528100181,0.0484467107807173,0.00124933510600968,-133.057584037731
"354",354,0.0905378036849505,0.0522525044579956,0.000202880030855938,-133.309720385557
"355",355,0.0963796172081798,0.135966239217208,0.000874629700906848,-132.860395853329
"356",356,0.0368351504609203,0.155770234723917,0.00622438009276299,-136.691387075584
"357",357,0.0104712047543132,0.138084497659867,0.00440320655391035,-134.768799824138
"358",358,0.00676764708356847,0.15909381309963,0.00761794787414228,-136.186704366198
"359",359,0.0159627920626797,0.167233810755966,0.00376532154003378,-133.960815927262
"360",360,0.0185853182626232,0.179535250358485,0.0022943244453216,-133.622970263699
"361",361,0.0550459173279077,0.201891111424958,0.00192655182612897,-133.663283214634
"362",362,0.0952604309726248,0.208143356699461,0.00316555183476729,-135.45413645858
"363",363,0.0829187148949105,0.149530390902481,7.65490911953616e-05,-133.920923937257
"364",364,0.21056662171642,0.17130426170329,0.000999103916246605,-134.066229979135
"365",365,0.147343484240194,0.167341741720739,0.0014219312837131,-135.16362993094
"366",366,0.151764398546487,0.143295783352167,0.00137649344983478,-134.5942305362
"367",367,0.182659297205736,0.140899257798875,0.00130653092234085,-133.837334146518
"368",368,0.131382344346819,0.0800502910580408,0.000794910717331228,-131.946795606975
"369",369,0.119830121979959,0.0780960421314315,7.40245724751627e-05,-132.535296105048
"370",370,0.134541697198122,0.132327075970493,0.000438748617260149,-132.105670242846
"371",371,0.0473102755794778,0.17389619393816,0.00330292911336064,-134.217981266766
"372",372,0.0370728508571505,0.159643717468153,0.00245622872959895,-133.643337684405
"373",373,0.0907678775362574,0.229342433839646,0.000351208300968086,-134.946883240596
"374",374,0.13240310541619,0.215244520444501,1.41643050900483e-05,-135.624024258964
"375",375,0.185032756551676,0.182398680906255,0.00119925272489276,-135.283511728416
"376",376,0.186124800154924,0.148317301830358,0.000511462400321461,-132.944127664273
"377",377,0.215987185300675,0.141927171036326,0.00038794177707269,-134.579694239379
"378",378,0.0518735768655109,0.116946216016226,0.000505772655334072,-133.266675747655
"379",379,0.0978891976423346,0.116984599819353,0.000684487362243124,-132.338502149097
"380",380,0.13046166731893,0.0916156323221603,0.000256599057398749,-131.704467008016
"381",381,0.0774469797485731,0.099570837666704,0.000453468873307184,-132.295258370409
"382",382,0.081225603824132,0.0902979244407315,0.000316968497359717,-132.151694259856
"383",383,0.0947284583619182,0.0818961783270073,0.000735626231096402,-132.306458581559
"384",384,0.106571248273492,0.0964626895194997,0.000353818320923057,-131.637373603709
"385",385,0.10259539340163,0.110118989473283,0.000232782446199521,-131.720379312454
"386",386,0.138887996453316,0.168078611374807,0.000361749365225781,-133.015158109908
"387",387,0.125680115195508,0.102516878841401,0.000126948860854319,-131.877967083031
"388",388,0.101870634324226,0.103399641170287,0.000597553472455672,-132.007352344646
"389",389,0.0944134487573008,0.0835711439680222,0.000678897183806892,-132.219450810612
"390",390,0.10749165269966,0.0858183428259628,0.000472400339091477,-131.755579331617
"391",391,0.13892985818502,0.0755564536443552,0.00101149982994548,-132.643234430893
"392",392,0.0951791701285334,0.189931477697684,0.00120177270181309,-133.805349116671
"393",393,0.0369550120483123,0.189758297636978,0.00119731537449372,-133.236143427533
"394",394,0.0353200201093377,0.174343445652812,0.00442245732221994,-134.669636843954
"395",395,0.0232324133945292,0.16436278812569,0.000742947781932762,-133.697696589306
"396",396,0.0597184620621477,0.133383431084755,0.0011825943829794,-133.090625358079
"397",397,0.0805185755208823,0.108877443258605,0.000320783188403198,-132.199262539656
"398",398,0.165649417224492,0.110056993979057,0.00036345474921737,-131.751863983789
"399",399,0.115393441433166,0.0810128095766761,0.000429469179322063,-131.71766436179
"400",400,0.143449733690281,0.173353458316022,0.000144030227043657,-133.39159877485
"401",401,0.137409272818336,0.140481156695013,0.000758706417183049,-132.892235948092
"402",402,0.118180589031133,0.165325908136733,0.000453879081004078,-133.033747629049
"403",403,0.124405236981545,0.132605131276418,0.00100893195225825,-133.290797936759
"404",404,0.104993771255563,0.0703542276227422,0.00109631429323901,-132.689095052553
"405",405,0.138735062400712,0.0766237321450406,0.000921277376789628,-132.33661088327
"406",406,0.131206362395685,0.222767718066064,0.00243577112794563,-135.969127426852
"407",407,0.121443105427777,0.163237588062167,0.000632258691747048,-133.098930267341
"408",408,0.106617001964605,0.130095856529312,0.000135670652037464,-132.278545354283
"409",409,0.091694021357326,0.0561215548642846,0.000233069048950682,-132.940037269691
"410",410,0.101449591453159,0.134192951579123,0.000964959381647221,-133.060732630826
"411",411,0.15952436100715,0.201973836304577,0.0018710870311124,-136.457228491816
"412",412,0.222706894875095,0.175868040212095,0.000495061278431165,-133.230039728734
"413",413,0.0615494061441876,0.16074828469454,0.00144979532229252,-133.252282396458
"414",414,0.0468704407102463,0.19365446864156,0.00203097703384343,-133.536761997699
"415",415,0.0666125679014797,0.219422738742935,8.39124349741994e-05,-135.470191277301
"416",416,0.0634019926174885,0.148440620752719,0.00230639900472522,-133.978099340707
"417",417,0.0445382229652679,0.178121935521767,0.00628881266813717,-136.423645154248
"418",418,0.0582952162726072,0.216225065523204,0.00186591512258903,-133.858990076298
"419",419,0.0612672102776687,0.165893351058859,0.000991512201779448,-133.148207603457
"420",420,0.0779999564269807,0.157902816693438,0.00121009663069263,-133.192924141938
"421",421,0.0716209559878446,0.15262164390315,0.000588792313950231,-132.93323513994
"422",422,0.0694350592999771,0.100401540845898,0.000667875528715488,-132.803682851508
"423",423,0.142724209338133,0.131634614878766,0.000170121990598041,-132.114005254797
"424",424,0.199761409119112,0.153816135327653,0.00119580826471087,-133.728221897176
"425",425,0.201757683717899,0.163704224212778,0.000549669025218574,-133.369946870209
"426",426,0.0885941464603292,0.151083523794783,0.00108703441706523,-133.136531860706
"427",427,0.133220907899031,0.0814314430007687,0.000482879867805214,-131.708074364894
"428",428,0.128493798875772,0.0986328089071518,0.000660550651186433,-132.009194272921
"429",429,0.0765371777721191,0.0904502938829279,0.000662174020253529,-132.61578731822
"430",430,0.0775552387898274,0.0931203079418763,0.000190167413650885,-132.387041618704
"431",431,0.124215604955679,0.110122579782174,0.000383064207528248,-131.688124078854
"432",432,0.118656594665873,0.099599456544428,0.000310171596241374,-131.584619471157
"433",433,0.142525447299322,0.132225479542157,0.000196087969280148,-132.076900281976
"434",434,0.13871570426814,0.0881897202918596,0.000395926898683265,-131.70552111263
"435",435,0.149214610518295,0.109246923280125,0.000204083221145865,-131.970202762508
"436",436,0.177937893415754,0.163873337404669,0.000353877568817973,-133.07534636276
"437",437,0.123636126103223,0.133679283950851,0.000338304739294595,-132.002010051622
"438",438,0.111537761483509,0.133007278233821,0.000960396092680461,-133.121459962769
"439",439,0.0716804215655391,0.0384019125098504,0.00218393764483174,-135.783594029035
"440",440,0.0779588285846076,0.033292507570293,0.00198484307389259,-134.734795580675
"441",441,0.0773769182657073,0.17424535424549,0.000463872935603331,-133.389938627742
"442",442,0.205157739964982,0.151469080543871,0.000218697482105325,-132.571062536662
"443",443,0.116545331033757,0.0823538207763673,0.000209457843782468,-131.779171373108
"444",444,0.115769899050075,0.111733579076371,0.000634747398022222,-132.080379705218
"445",445,0.114259331007682,0.0586116474788753,0.000661927319706187,-132.032479280679
"446",446,0.108348498716334,0.0945483023354276,0.000252940218030183,-131.627907275755
"447",447,0.104359887730555,0.141496794959448,0.000763137995564229,-132.783031536287
"448",448,0.199884603697446,0.166894311015749,0.00120050901137164,-134.604479567811
"449",449,0.173305557549862,0.17616216333712,0.00145609440399304,-135.720189611585
"450",450,0.117856124319001,0.233201719850743,0.00407115176447393,-137.030618830814
"451",451,0.118199185304703,0.241795021059247,0.000857612710350207,-135.199242558392
"452",452,0.112837691219206,0.18594397773217,0.000281642552850743,-133.82318285261
"453",453,0.198381700649627,0.162280749836954,0.000544141083932941,-133.36701778517
"454",454,0.032833684161981,0.11008469446569,0.000496296222690288,-134.601357937961
"455",455,0.136396354830544,0.0870593506842909,0.000308581761243523,-131.743875501971
"456",456,0.103172178921959,0.0828155633910812,0.00031175736316824,-131.755771613821
"457",457,0.112169460353493,0.0576620333486893,0.000644695318994158,-132.077407365226
"458",458,0.11136301346522,0.081520696699276,0.000688593220717045,-132.004290962249
"459",459,0.137604226367475,0.0759718967127297,0.000835742645268712,-132.148612205822
"460",460,0.101192759646678,0.0652899994874317,0.000821976486020937,-132.339991146111
"461",461,0.097305680014464,0.218384903823308,0.00107904106597642,-134.407751713772
"462",462,0.116637081624759,0.0454156970955065,0.000201129944198184,-134.096874161992
"463",463,0.0942068084332611,0.160291392624174,0.0014849744055196,-133.71083705317
"464",464,0.00964745388320982,0.103985277042596,0.00316405180143834,-135.462593941284
"465",465,0.00887339086496167,0.18051724172123,0.00313172507067361,-135.240410119496
"466",466,0.0795616789584667,0.168566331257183,0.00319197199466925,-135.210024024395
"467",467,0.0108842033081861,0.166027084722938,0.00199863725918766,-133.595197924978
"468",468,0.0390416888880403,0.187245780872812,0.000613395969782619,-133.488649646459
"469",469,0.233651982634172,0.194978082893812,0.000793622262448201,-134.294982684655
"470",470,0.148046960000271,0.226991947771973,6.19366607750357e-05,-135.512013875478
"471",471,0.194656898314851,0.203028216216656,0.000565957927824078,-134.522825069055
"472",472,0.167472676793358,0.203093787968626,0.000548411624488551,-134.338059586732
"473",473,0.0815828235368851,0.0630294532538583,5.78697865614144e-05,-134.168005128896
"474",474,0.111922458165368,0.121713325699526,0.000940386748160293,-132.919480943826
"475",475,0.139061021171255,0.122020892727029,0.00116961552749172,-133.518674264692
"476",476,0.160198716202757,0.0913440564019571,0.000278282200019542,-132.438861658117
"477",477,0.135180033689323,0.117967055112793,0.000425030266683412,-131.875023866379
"478",478,0.0892332024012331,0.168502888312583,0.00116948289950024,-133.38132073778
"479",479,0.124662348137272,0.168234604398131,0.000145562543954414,-133.416716381732
"480",480,0.21782505008465,0.150301765956393,0.000556542389913505,-133.77057676329
"481",481,0.198709352915556,0.140033549433854,0.000814834278092375,-132.939932807502
"482",482,0.0452551010264121,0.182903224102106,0.00012239719783233,-134.741167998717
"483",483,0.234805133463641,0.195534872265433,0.000677812063300163,-134.14584466561
"484",484,0.24038812779697,0.18994472420971,0.00015976874622909,-133.506509204831
"485",485,0.242607607933994,0.192945198210439,0.000487785678700115,-133.522458704863
"486",486,0.0452232325912941,0.152034051916936,0.00340354175995087,-134.477089152986
"487",487,0.0450445086117986,0.194425172087106,0.00204667478230433,-133.4762401514
"488",488,0.0780571998429872,0.234754493606179,0.000427019571292487,-134.756364121815
"489",489,0.081927135106894,0.0967324272406591,0.000399690396709303,-132.10834127585
"490",490,0.095817069357539,0.119833154657156,0.000661281224496709,-132.349827881398
"491",491,0.125653687538932,0.140203429345535,0.000515080746687168,-132.361926744286
"492",492,0.0755350408087067,0.171034666969277,0.000833182554621239,-133.208399788392
"493",493,0.0735415686204835,0.0934904612589276,0.000735819062080229,-132.810132117559
"494",494,0.13418699677215,0.135303034993437,0.001021731511987,-133.41375538301
"495",495,0.0334263300731162,0.143814628392521,0.00310085655232017,-134.152193079301
"496",496,0.0152090101966444,0.148369646413342,0.00286191566483581,-133.942271822911
"497",497,0.034446082099448,0.194165462091076,0.00675868639840485,-135.857938257652
"498",498,0.032572233635872,0.180086334447312,0.00370788080195442,-134.089433166899
"499",499,0.0208817420166233,0.186845042927458,0.00266891254631733,-134.198093415355
"500",500,0.0618766528393361,0.194754412465013,0.00227723743824702,-133.951012267121
"501",501,0.0374992568907653,0.184050752891833,0.00310908803943159,-133.860203564291
"502",502,0.0287168522501372,0.173009262295596,0.000650180452743427,-133.581690189951
"503",503,0.111352957869932,0.0886362953542828,0.000106798926336026,-132.046583140685
"504",504,0.109320314658173,0.150443742208934,0.000650406405619344,-132.798556782802
"505",505,0.201448174754927,0.175299723879848,4.053309414662e-05,-134.164011042155
"506",506,0.222945062922388,0.159971812530425,0.000301457942788678,-133.107179019799
"507",507,0.0983341157812861,0.108683461988548,0.000368260410194132,-131.774354242641
"508",508,0.16572308581914,0.111164357443287,0.00127608103456031,-133.013568022774
"509",509,0.169674131786389,0.12389117433299,0.00033985708260394,-132.182856171953
"510",510,0.175289429790865,0.14241326970625,0.00013653065620805,-132.791289274034
"511",511,0.0992845041766352,0.0653863434945583,0.000151899461444465,-132.568496067597
"512",512,0.125216480998737,0.08385925948833,0.000779697647354068,-132.103904897305
"513",513,0.0978493430097674,0.174262140591898,0.00066586450148461,-133.303308706096
"514",514,0.0987320197256572,0.151702350392076,0.000769334449245553,-132.908112376407
"515",515,0.131120625429698,0.0626758676732526,0.000148906204095576,-132.873202165024
"516",516,0.0864528811439403,0.0623862816021016,0.00114781382253281,-133.193504311909
"517",517,0.0980349586009391,0.0595435600848746,0.0014388422673566,-133.295443621556
"518",518,0.0967914410215224,0.183863453226367,0.00163115242573456,-134.038708680736
"519",519,0.0745379140311764,0.0869603902691029,0.000574592218437686,-132.60206475383
"520",520,0.0763878668963369,0.0756508513405629,0.00131293223774197,-133.940433494337
"521",521,0.0924307176284241,0.0845504832385348,0.000791968348303204,-132.449496695769
"522",522,0.14199839242286,0.088271561510388,0.000101732068876663,-132.261442253703
"523",523,0.116837878136556,0.0563104358724501,0.000616543055931333,-132.121579274228
"524",524,0.112721794673763,0.0894896318059474,0.00070172397839879,-132.034001532521
"525",525,0.0711692244125054,0.219068688755134,0.00145257680894909,-133.950186782019
"526",526,0.0559065674455032,0.130926254349792,0.000118377942724544,-133.992755741466
"527",527,0.175938273488044,0.139602862598328,0.000603367200129344,-132.842401953996
"528",528,0.0656022346067565,0.0578393965168492,0.00118350419342285,-134.226393424434
"529",529,0.0619385596916477,0.0370421580874365,0.00153450526217874,-135.656115363643
"530",530,0.105439279690963,0.186106503177769,0.00023232894866355,-133.960633569997
"531",531,0.0738356783050774,0.177452940329495,0.00340183409019566,-135.063220234904
"532",532,0.00791037218182884,0.145910475404313,0.00331688661905229,-134.144679220004
"533",533,0.0395829444917213,0.112666927922175,0.000218594070140811,-134.609175385395
"534",534,0.149694503221053,0.119097805236361,0.000441083357991906,-132.055178945512
"535",535,0.0665050564303742,0.0659405062212221,0.000705195158557933,-133.495142951693
"536",536,0.121454961480217,0.0989119837771601,0.000143067450005403,-131.799122937475
"537",537,0.128445474003245,0.121667841910703,0.000426996381712041,-131.884130359897
"538",538,0.144419095841064,0.119051197916026,0.00109405133793015,-133.269242708116
"539",539,0.14624840836665,0.10876239632551,0.0022208040847601,-135.174501661001
"540",540,0.120465456394747,0.179618698558735,0.00207513842098714,-135.334407222887
"541",541,0.0357528268061222,0.153133608028392,0.00129439725791281,-133.325302218471
"542",542,0.0679937056861763,0.106545396521408,0.00178686362845545,-134.751075001634
"543",543,0.120008436325251,0.108807455025864,0.00105310080433694,-132.981475681855
"544",544,0.123069109684967,0.0943049545931081,0.00110511416173285,-132.839180073262
"545",545,0.154397006639787,0.103106610508592,0.000413703227602926,-131.769153914688
"546",546,0.139175698298397,0.113375726959839,0.000371526868907345,-131.814956052711
"547",547,0.175132101448959,0.158391338096931,0.000237593464576462,-132.894573255068
"548",548,0.168894059156269,0.135458058427764,0.000204198712863456,-132.462829195727
"549",549,0.146534752225276,0.108944498544505,0.000472604872698457,-131.96130526819
"550",550,0.150400815364254,0.0991596310541327,0.000159306159918771,-132.015277534458
"551",551,0.15226333400593,0.139707632046181,0.000631739879121559,-132.70999647922
"552",552,0.122145787496376,0.0763508684788532,0.00104551619391091,-132.407016174554
"553",553,0.141965205665404,0.146117448688162,0.00127150800313954,-134.342824822432
"554",554,0.121853352676038,0.122892365520821,0.000528965294637937,-132.038665415192
"555",555,0.121347166818596,0.130528672039088,0.000203433024307191,-131.958150844439
"556",556,0.13506177969393,0.130734272021345,0.000323054216834944,-131.963996766747
"557",557,0.0728978875974321,0.100139292790544,0.000346798788583813,-132.440794175908
"558",558,0.169759326357104,0.130781370051611,0.000515137199878605,-132.499807444505
"559",559,0.0714012067235673,0.0945088102011271,0.000493119340245634,-132.578070357104
"560",560,0.151148823179483,0.299931942158803,0.00240228791875822,-136.924402057563
"561",561,0.145866432952453,0.24250885339001,0.00341426052692149,-137.473601320771
"562",562,0.12866462416318,0.221077289539758,0.00491582280353206,-138.787303958924
"563",563,0.139081096982771,0.229823381220521,0.00324316261010462,-137.112981046675
"564",564,0.139289713967998,0.238616223457759,0.00267345277907964,-136.505016424831
"565",565,0.126099816454203,0.271790221188865,0.000808361763741891,-135.743178660882
"566",566,0.217598576508965,0.281265036671653,0.000512813631760853,-136.768469845511
"567",567,0.300234494064029,0.237402906986376,3.16253748944882e-05,-135.092137079371
"568",568,0.280526225033848,0.222475940322549,0.000555387257204393,-134.652696934772
"569",569,0.276149458224868,0.231661101104426,0.00102384922688297,-135.137985311012
"570",570,0.085760201764352,0.113203433358135,0.00105487214735413,-133.182917309357
"571",571,0.0599573582262266,0.148531704907599,0.00138707852144647,-133.176171311122
"572",572,0.0668093177103191,0.149110228567565,0.00174598920811483,-133.493564634395
"573",573,0.027592389241673,0.128942402837253,0.00163996854471747,-133.82081187281
"574",574,0.117560951274717,0.148593901857268,0.000331941299625477,-132.473252246386
"575",575,0.10961621514644,0.130396152373965,0.000554165440609843,-132.244592633847
"576",576,0.139000382659539,0.0794995639094422,0.000397701920545001,-131.629897579263
"577",577,0.110283462273889,0.101728195947743,0.000430703673359538,-131.688642417545
"578",578,0.15544924307102,0.0920383588270445,0.00101055654110784,-132.796936609949
"579",579,0.106791959544261,0.110280788770947,0.000112871540117349,-131.977672628882
"580",580,0.106095500340859,0.117610504410725,7.22800031321026e-05,-132.377822707931
"581",581,0.0824481303411856,0.165281272419478,0.003167674495595,-135.390591305552
"582",582,0.0557050809255235,0.14043214390075,0.0029351053539073,-134.6067211514
"583",583,0.055101056440133,0.181621985637662,0.000496201633568062,-133.59268331368
"584",584,0.217654457187736,0.149627927007923,0.000572568182639734,-133.86919133
"585",585,0.147945955830438,0.187193208544173,0.000133458108502173,-133.951865216649
"586",586,0.113919978105279,0.17529684742786,0.000811642004733963,-133.47559157253
"587",587,0.13670061056623,0.208838991909292,0.00266275420336361,-136.540277471901
"588",588,0.134990121185132,0.207167230908584,0.00277494855537917,-136.644882164951
"589",589,0.103877889154435,0.222729862029844,0.000357483157498827,-134.843346689603
"590",590,0.104944270039411,0.218086177340255,0.00416055008159076,-136.688250683111
"591",591,0.0525755384434582,0.222641308663878,0.00500665865298702,-136.172865439097
"592",592,0.0723873552123188,0.220419558335475,0.00605094248539276,-136.69203701642
"593",593,0.0653650333510224,0.207952987821231,0.00102764561731405,-133.795994690445
"594",594,0.0543843050863254,0.133237754577611,0.00225257176923308,-134.003707608359
"595",595,0.0530665357317273,0.128272908948043,0.0025364172863048,-134.436066603156
"596",596,0.0466895009766042,0.186117914861549,0.00191771766384144,-133.529297676299
"597",597,0.040100696084527,0.126800338572608,0.00182673331106419,-133.695928776847
"598",598,0.0366673560570672,0.169753584478884,0.00117910066021197,-133.312392877567
"599",599,0.0119047507978632,0.16887184216355,0.00216176072121539,-133.567681251043
"600",600,0.099256840972905,0.183065137570033,0.00220527067180138,-134.66548121355
"601",601,0.068016222333461,0.228613105315031,0.000853303280395862,-134.429055445248
"602",602,0.11338809121595,0.0932895935136015,0.000617154032573268,-131.905915906573
"603",603,0.0882231772189551,0.0525590285529373,0.000812688741928942,-132.78260083543
"604",604,0.0817457677022775,0.138073970103587,0.00149413479203464,-133.577125942946
"605",605,0.0618631491009024,0.134756893635116,0.00129814595292039,-133.158498317383
"606",606,0.0957689311347986,0.1594337289947,8.94756451185789e-05,-133.855033280957
"607",607,0.222156774536733,0.159493013217631,8.39587223619651e-05,-133.367952223972
"608",608,0.170691318023576,0.131497643002231,0.000359486911231464,-132.386975103877
"609",609,0.106800411941681,0.151546999600902,0.000772652297873201,-132.952708038643
"610",610,0.0839212110514209,0.0548594612420105,0.000190520660029032,-133.537638968209
"611",611,0.103635230811214,0.157562130865996,0.000311546370012667,-132.930697199102
"612",612,0.229930233917954,0.157180032585775,0.000447542734297702,-134.787334294239
"613",613,0.238862304496454,0.200521378203546,0.000898609980343947,-134.54811507536
"614",614,0.139644269940041,0.144447888332607,0.000418107547526578,-132.359269600121
"615",615,0.0410379772020866,0.20248771746803,0.00211476715118721,-133.783794151929
"616",616,0.0694497718175276,0.197390255006439,0.00042170591169458,-133.991869921876
"617",617,0.0438759684922773,0.18758064692757,0.000234104106445918,-134.209715699901
"618",618,0.0324462884570763,0.113409825035754,0.002821284247748,-134.838819883849
"619",619,0.00810530176865703,0.147969795246053,0.00269691120178808,-134.01825392395
"620",620,0.0493074578088055,0.155224408634906,0.0023856579095914,-133.727616404244
"621",621,0.0645966335658806,0.196273206552622,0.00332783547136497,-134.643423595842
"622",622,0.0558783302847306,0.213897949393851,0.00160996289024445,-133.757424095174
"623",623,0.0341872190025167,0.147820353751445,0.000838832173286371,-133.454514367061
"624",624,0.0922575429335691,0.111831900318012,0.000973379195317171,-132.966812324733
"625",625,0.131034439565432,0.100692597270857,0.000772799375952829,-132.237440405918
"626",626,0.114950704110254,0.0887977871500285,0.00136136585198475,-133.383459019406
"627",627,0.138246429107795,0.0857759724613037,0.0002328148583151,-131.800846442098
"628",628,0.137918776065817,0.110016789205317,0.0010126537786404,-132.889690056205
"629",629,0.169404146172331,0.208670157574533,0.00171479845618451,-136.491075190517
"630",630,0.247863024875993,0.211415064170237,0.000824442820335233,-134.775468310194
"631",631,0.182093410951761,0.132723449762202,0.000452194690348446,-132.261656506097
"632",632,0.176050023005736,0.123025586987875,0.00040993278488053,-131.980474009758
"633",633,0.180625380102558,0.119806526621115,3.73378446137245e-05,-133.093947359259
"634",634,0.0927502319252946,0.0669376398505349,0.000801053779905606,-132.494421880257
"635",635,0.115591083535269,0.228617572864985,0.00287483648455883,-135.917024430073
"636",636,0.161087876303518,0.278443204818832,0.0027159988864194,-137.42816169638
"637",637,0.116690427923676,0.261411687783018,0.00516947588385795,-137.576412824794
"638",638,0.115524948882335,0.240098259324209,0.00171262039808369,-135.333267646294
"639",639,0.11960214099683,0.146873109158221,0.00195578111926817,-135.914017000494
"640",640,0.150761352997224,0.109613555499204,0.00207861495832811,-134.724225990673
"641",641,0.147800606490389,0.122542152508307,0.00175102175492543,-134.939411186355
"642",642,0.112059059300702,0.226327571047464,0.000864554547524627,-134.729659880573
"643",643,0.109470028977942,0.234732820277376,0.00221376249756005,-135.381386657782
"644",644,0.0684305159368675,0.0862922301633344,0.000152332937009707,-133.0900368933
"645",645,0.133998938511325,0.0753170092150339,0.000701361572984962,-131.81870671683
"646",646,0.096755501465959,0.126981180768845,0.000254041661884138,-132.150149794374
"647",647,0.132495778094096,0.0710781346215287,0.00127652212522949,-132.951531797662
"648",648,0.101181717794136,0.222295353730385,0.000609556204307373,-134.601796653173
"649",649,0.226605910487521,0.193017717504458,0.000413003323933584,-134.095383519394
"650",650,0.140787985401511,0.109476102948496,0.000492562161023508,-131.927301332706
"651",651,0.13197408010343,0.103992518320125,0.00102976640824117,-132.816172649568
"652",652,0.166521420119036,0.104197565715924,1.44506713343071e-05,-133.711896411618
"653",653,0.0713046816546824,0.0878414155974269,0.00154442511671028,-134.685602251239
"654",654,0.112703104459954,0.16188880858175,0.00126367271501244,-133.851584504982
"655",655,0.077239718874896,0.189593371553139,0.000524888683453921,-133.69972641993
"656",656,0.0886168753512079,0.0895623947435484,0.000522071132161615,-132.092433532977
"657",657,0.134608617376329,0.0920159437084833,0.000848584596260929,-132.258695131433
"658",658,0.0966222699671519,0.0489423798948344,0.000268135657343403,-133.081546213325
"659",659,0.103583917130491,0.0448839448721627,0.00232159184915671,-135.144613444491
"660",660,0.0965036254933846,0.22033869121664,0.000484121592951044,-134.610217853948
"661",661,0.107123388766349,0.105975739736095,0.000450096758495475,-131.752837024313
"662",662,0.133009047349213,0.111808580216872,0.000263689660232531,-131.710070154852
"663",663,0.0830682933994963,0.0816227818488976,0.000512301335617098,-132.314016555201
"664",664,0.141431366773056,0.0890909393710085,0.00084143557418739,-131.9987928483
"665",665,0.127722114524606,0.159305540430464,0.00137655712786962,-134.534981284979
"666",666,0.17073245172101,0.245067880839402,0.00123419894948672,-135.998160661411
"667",667,0.11500784858045,0.0802034151960369,0.00113281097181051,-132.737696511874
"668",668,0.132467297476643,0.09861518035823,0.000975585458437135,-132.609981130252
"669",669,0.0860231171422558,0.111742836933002,0.000562823133437439,-132.248677041749
"670",670,0.157542942313085,0.118937897082741,0.000332655459334184,-132.075639836946
"671",671,0.157528098389668,0.102423532704474,0.000183463903067512,-131.883391294128
"672",672,0.157920167335534,0.120282491328745,0.000165958880090261,-132.224996614405
"673",673,0.11701071444386,0.106285396133402,0.00147230573792463,-134.039912631597
"674",674,0.102688715550826,0.258497876938527,0.0032810055586601,-135.774693872962
"675",675,0.102061222674684,0.217543499921394,0.000422312866493536,-134.607973429875
"676",676,0.231347544643065,0.199079277475395,0.000759105769207569,-134.664476671972
"677",677,0.16338975500771,0.158261314349178,0.000338448114490752,-132.782229320327
"678",678,0.0760452302816745,0.0386219611041058,0.000124306312784175,-136.051771211458
"679",679,0.0732981936223957,0.0341028699337637,0.000260307324226955,-135.672044110715
"680",680,0.0927147932368916,0.138518879541176,0.000399529367311089,-132.479728840912
"681",681,0.0842326903806284,0.0667961911943142,0.000625994927956505,-132.602307127664
"682",682,0.069538317705229,0.103119876636312,0.000288169676414247,-132.649115397275
"683",683,0.121539461564211,0.0843676286745098,0.000157719930587552,-131.896381635545
"684",684,0.0977915007804852,0.0394198941433957,0.00164882465173129,-133.739938777516
"685",685,0.0490228907409235,0.0192267605338541,0.00290235244916133,-137.856495630856
"686",686,0.0761157296963485,0.171551469162392,0.00203458582290573,-133.88601299613
"687",687,0.0465745166998634,0.163920151953015,0.00448791501256443,-135.243684394908
"688",688,0.0367812599556247,0.197384723867047,0.00397173179526883,-134.288459483137
"689",689,0.0731316568717128,0.207959700966138,0.00312659967829874,-134.784208103351
"690",690,0.0901098864024805,0.249182411867401,0.00193763542501319,-134.982648805402
"691",691,0.10100953753345,0.179782393825187,0.00181274728532214,-134.284857090349
"692",692,0.107558402145758,0.208102936369319,0.000164289637551733,-134.826820321058
"693",693,0.141340322103624,0.154441823057807,0.000547560601050092,-132.807733543192
"694",694,0.0723361916526653,0.0994195582054018,0.000813898081626095,-132.941229269504
"695",695,0.114447824385666,0.229867546039327,0.000395221608910999,-135.031937192732
"696",696,0.2741685198329,0.236763916045457,0.000188808344753494,-134.904662069786
"697",697,0.180340249337527,0.217498096258701,0.000578894177187228,-134.865007846426
"698",698,0.0678919692901116,0.132979678175562,0.00201228614196869,-134.054675309063
"699",699,0.0525213651917461,0.130583453207461,0.000979039666871975,-133.09851206015
"700",700,0.149289347451676,0.144761284724945,0.000487937773584355,-132.530582464
"701",701,0.108578556886193,0.0662308660559009,0.000265130344278396,-132.102701662675
"702",702,0.102248833803136,0.105701732461483,0.000770076402927718,-132.365984954987
"703",703,0.148475218243945,0.105484965086196,0.00086750207244303,-132.456873572478
"704",704,0.161979698632137,0.149076975263817,0.000366101559292309,-132.591322921802
"705",705,0.116334394754474,0.15407621266489,0.000867576280360304,-133.21490183132
"706",706,0.1062958643155,0.153107483530937,0.0013888819843872,-133.917305761348
"707",707,0.0855264225690646,0.20296030374841,0.00163198903538161,-134.11668004854
"708",708,0.0345906054697933,0.168787898209788,0.00102229423700641,-133.35218524879
"709",709,0.025979073101688,0.129848238963511,0.00079937145252461,-134.115354708752
"710",710,0.174387700916502,0.123241640088092,0.000921487495592022,-132.571357436528
"711",711,0.0830039180783861,0.186749278980393,0.00245708472720944,-134.444239606469
"712",712,0.03106729214133,0.175345620588387,0.00137411006044048,-133.332646993073
"713",713,0.0146426343721163,0.15766647209059,0.00278188264004897,-133.815152940583
"714",714,0.0658791911152551,0.227237152319714,0.00791751790725005,-137.659211086825
"715",715,0.0670453808393333,0.195298766209381,0.00269777233650421,-134.287262122829
"716",716,0.0825994640008196,0.149043056915526,0.00278049149368619,-135.350917834989
"717",717,0.0432969774639607,0.134632486090036,0.000880935189427867,-133.280100530078
"718",718,0.0280174641647098,0.117950255417109,0.000484516092506113,-134.717116702298
"719",719,0.0264131623806598,0.177131716685343,0.00323270143012881,-133.743848662392
"720",720,0.0405542691778869,0.196363560687212,0.00603284730487038,-135.530558138891
"721",721,0.0315416168979571,0.156594733218824,0.00258137723820663,-133.702509754132
"722",722,0.0525388988814705,0.18407011968745,0.00401554240261605,-134.806457875108
"723",723,0.0359942447784457,0.193063434056302,0.00127442828230536,-133.334052436799
"724",724,0.053811518278635,0.212733668611584,0.00217206640490115,-133.877175915161
"725",725,0.0897327433076408,0.1965733578703,0.00320795869836579,-135.319627440489
"726",726,0.0904178763024759,0.244184520548564,0.001807433123901,-134.691188717974
"727",727,0.0948582186405563,0.130259508799941,0.0010210162131983,-133.096897968266
"728",728,0.0428995723280682,0.13223138206486,0.0014970556183023,-133.420268664524
"729",729,0.0584108048243379,0.149670701854696,0.00407724929280522,-135.788788061988
"730",730,0.0225233214226093,0.14996378160956,0.00463865429478529,-134.870879916698
"731",731,0.0296832358269123,0.185951201243251,0.00132239030482037,-133.277315154006
"732",732,0.0732677854738621,0.123805790831734,0.00165590180446279,-133.930169396879
"733",733,0.0304627178465978,0.172389404397572,0.000674483088912064,-133.55680522608
"734",734,0.0257645072889116,0.160912929681706,0.00408343302578339,-134.389028459703
"735",735,0.0310680651860598,0.136610761515145,0.00172546973676049,-133.622631455672
"736",736,0.0492710901161731,0.190732277655613,0.00135754734381717,-133.449097062212
"737",737,0.0314579581111281,0.177813836886808,0.00235446770554819,-133.498876879712
"738",738,0.0370912479094925,0.149028834567841,0.000723060472225368,-133.418997767301
"739",739,0.17475020883913,0.149612171268168,0.000648005935967776,-133.148062020128
"740",740,0.216986583333166,0.290497127754746,0.000870979641029944,-137.219974021537
"741",741,0.198288598409975,0.205807974631369,0.00025280534852549,-134.307533567629
"742",742,0.120271840742263,0.129821825110048,0.00044369350693707,-132.030459592288
"743",743,0.0542624112275907,0.145272010886853,0.0012947927402036,-133.140567513941
"744",744,0.0452332853493229,0.161786800787716,0.00144409035650268,-133.250666737952
"745",745,0.0180120791073987,0.174650755032437,0.00352031917497691,-133.77641225037
"746",746,0.0432507470875397,0.149291752892859,0.000809988715214775,-133.234804570555
"747",747,0.136829548061906,0.125470465604207,0.00042596345554524,-131.988757688231
"748",748,0.0776771542390989,0.0969052221347556,0.000406325055881954,-132.255284669256
"749",749,0.141013443635619,0.116344082531179,0.000217893623473334,-131.855761763071
"750",750,0.102156838842464,0.109925862182602,0.00150032723767074,-134.307827428187
"751",751,0.169574333588833,0.199132781650849,0.000248697020700464,-134.064699664196
"752",752,0.215710580672912,0.201815894768599,0.00056163331184623,-134.609589825133
"753",753,0.170480328533718,0.107561141845098,0.000959892365197191,-132.892372628405
"754",754,0.146181144787171,0.142764476644966,0.000802381061295643,-133.095249351559
"755",755,0.17639407687066,0.107390569474632,4.28508767679581e-05,-133.529636300964
"756",756,0.170624038971849,0.120620216218895,0.000817927122491241,-132.400518625548
"757",757,0.117487550457124,0.0630623513646976,0.00193459291807684,-133.794082837145
"758",758,0.10676814810452,0.0460344864015684,0.00166776366673146,-133.854060620832
"759",759,0.0599299674118235,0.16521755294734,0.00174623408986399,-133.422747493572
"760",760,0.0756099357341796,0.0311007533146347,0.00202563100333509,-134.966277995344
"761",761,0.0910156240982346,0.0445803662907075,0.000811947860688248,-132.845167282756
"762",762,0.0845936269909425,0.0675464620380076,0.000949482631248221,-132.943894942106
"763",763,0.065144518058617,0.125484223441968,0.00123140801256825,-133.190496522661
"764",764,0.169556743663253,0.135873116208346,0.000315361982392401,-132.431843270617
"765",765,0.0988152979505986,0.131711378846469,0.00127970231777282,-133.708589453012
"766",766,0.167859796664882,0.113698142267039,0.00112486921917941,-132.753419923126
"767",767,0.159834856358135,0.105136549900025,0.000686223444247734,-131.926051843957
"768",768,0.115319795517599,0.0687834387208001,0.00082341831901507,-132.146787663825
"769",769,0.0630529928509231,0.0725438221518108,0.000319155550295226,-133.582740780152
"770",770,0.0807815114253674,0.102819442263324,0.0006447740803207,-132.437782828888
"771",771,0.130793077735734,0.0803489959701593,0.000493313336869732,-131.742837913753
"772",772,0.136690600741239,0.104205160817944,0.000103559313740297,-132.113372591479
"773",773,0.165451296443222,0.126833624727999,0.000145630491088844,-132.446941030145
"774",774,0.123121998196011,0.0930878088775964,0.000142940949612361,-131.845246406966
"775",775,0.0448652084105519,0.110128693702894,0.00145291057409213,-133.826949395703
"776",776,0.0320812736874925,0.0969996883442121,0.00204952154395023,-134.953787965994
"777",777,0.146588483835367,0.301024736091042,0.000890824787625499,-136.606852994357
"778",778,0.149656118060249,0.194762010349835,0.00047147695113468,-133.962065532962
"779",779,0.110837856746951,0.152510418230607,0.000184039101728398,-132.875612522885
"780",780,0.0882958267204017,0.138404577741908,0.00131723539408204,-133.449201427183
"781",781,0.0883707290418205,0.0634574257015192,0.000276601181729445,-132.639608778719
"782",782,0.0736355879595005,0.152230665211894,0.000156879700945355,-133.591036669603
"783",783,0.184067397136512,0.135793133256106,0.000676662924790361,-132.544012189796
"784",784,0.0971756140810058,0.11922709581755,0.000244835958797555,-131.94488875913
"785",785,0.120696030486389,0.172952523534287,0.00189309701583092,-135.141236237443
"786",786,0.0271213465009946,0.183405034334635,0.00171488664276333,-133.287108047179
"787",787,0.0351057153374172,0.182078624565376,0.00175758959428163,-133.334058579435
"788",788,0.0252858931418952,0.174295786402821,0.00261509815371112,-133.542728640709
"789",789,0.0314440473184394,0.128862816470041,0.00192003559024806,-133.794837829584
"790",790,0.163509249200339,0.115907221375968,0.0011605141736809,-132.9178913427
"791",791,0.162966940648088,0.111160382229259,0.00131448521403419,-133.039965027561
"792",792,0.158616395422773,0.109226293357877,0.00117326726836254,-132.78350473023
"793",793,0.0565074592203834,0.126069076769692,0.000481762511473474,-133.053335564344
"794",794,0.121524508099586,0.140777556943532,0.000573873384532919,-132.473280194976
"795",795,0.0810028673710054,0.0893332092435082,0.000124159605572358,-132.523714351614
"796",796,0.0925347955383838,0.0882245962271317,0.00100496927875029,-132.891703722475
"797",797,0.121489248227845,0.0461796898859769,0.00264243631106108,-141.266613408981
"798",798,0.0596588344561828,0.19677373168041,0.00172957637635364,-133.714651334052
"799",799,0.0530183796731087,0.2005678959966,0.00217312815228967,-133.698276036578
"800",800,0.0346481311299387,0.158167007817048,0.000269471960591476,-134.080100626177
"801",801,0.13136083739848,0.156503436945575,7.68012539975984e-05,-133.210294578745
"802",802,0.133076487716508,0.0678996528814477,0.000111826530945224,-132.58806179693
"803",803,0.12379550279812,0.082808908638675,0.000174416843778496,-131.892911934832
"804",804,0.102822610417275,0.162946050138421,0.00199913122390731,-134.701616742896
"805",805,0.198898518051409,0.135709164861231,0.000847782822547241,-133.34075597973
"806",806,0.0281206168415146,0.178532230213487,0.00125535693407224,-133.262100852829
"807",807,0.0310926475408125,0.131379258350909,0.00154609645019782,-133.674997221673
"808",808,0.0345210955748471,0.134510380659654,0.00130794001782069,-133.516538781247
"809",809,0.0231039373564438,0.180834043314023,0.00167234024495185,-133.36144876937
"810",810,0.0548140017716039,0.158612464800042,0.00111871926926828,-133.120678515761
"811",811,0.145841830984682,0.112193003707436,0.000645846272720691,-132.230170723229
"812",812,0.153286275723348,0.101018364369024,0.000171647501835756,-131.96827190673
"813",813,0.0719558564716245,0.0900239912499411,0.000367385801845715,-132.530233180946
"814",814,0.0950346936166673,0.159844225496169,0.000902894080005341,-133.119210378998
"815",815,0.122112108926653,0.0815703862169923,0.000497556945347697,-131.770935953382
"816",816,0.124434036808604,0.0904013560907671,0.000605974227346256,-131.873190653566
"817",817,0.12369792819528,0.152694855972558,0.000376955230496198,-132.571412779769
"818",818,0.0737719900265915,0.138036596070742,0.000275681377205377,-132.929336536823
"819",819,0.156693348105713,0.143341487400026,0.0013814043061147,-134.609627891029
"820",820,0.164158006751556,0.099830171298449,0.000475835221695278,-132.053367100195
"821",821,0.0827906924688325,0.184673124197427,0.000113317147235732,-134.546341293353
"822",822,0.114776712720566,0.217571038640592,0.00106123103549002,-134.563255764697
"823",823,0.25340944362615,0.235573084491813,0.00055329919259088,-135.622205267882
"824",824,0.174126747494006,0.244552291796673,0.000330065902759579,-135.571614070408
"825",825,0.10656081754735,0.0720636040414248,0.00178649639162098,-134.052296905878
"826",826,0.120526562028934,0.0760645152772539,0.00136530126503993,-132.939673441764
"827",827,0.120107305717753,0.116726681291902,0.00127406808085432,-133.706253763675
"828",828,0.129825187621082,0.236642823291021,0.000416769447853873,-135.246943097962
"829",829,0.118101657016019,0.261708755406502,0.0021665713208054,-135.779137289031
"830",830,0.0967308526556072,0.246332154598371,0.00156193250696279,-134.790777559424
"831",831,0.132272812581357,0.122473831313707,9.30861770593791e-05,-132.211490131701
"832",832,0.187745087481372,0.142613098952995,0.0012571442609275,-133.638953375871
"833",833,0.0956230047218784,0.090843781483344,0.00135200402137696,-133.700080281088
"834",834,0.0589927487238187,0.166963405671172,0.000257107613495207,-133.726586838494
"835",835,0.0524886503106509,0.11397743877946,0.00037167039247353,-133.393578257516
"836",836,0.173059261486298,0.18781758134393,0.000870009388530174,-134.533200091019
"837",837,0.10878511056459,0.0626839896762756,0.00078118212141121,-132.203833462989
"838",838,0.110970233697373,0.0539651079516653,0.00106248404733288,-132.434356929911
"839",839,0.0985486400167661,0.0688327839429291,0.000960841515272246,-132.576467851522
"840",840,0.113881909265872,0.0573864735412366,0.000592443595764105,-132.048447606104
"841",841,0.131147033242977,0.215355221414266,0.000539414557798537,-134.552381200046
"842",842,0.147334933044694,0.086760064931525,0.000663486732788506,-131.859752519887
"843",843,0.139219757022005,0.0802579724501794,0.000387271815918854,-131.618968410545
"844",844,0.129289071691206,0.137282895897004,0.000300071734927441,-132.06529762785
"845",845,0.192544554378212,0.127467811410371,0.000345320372996049,-132.541936037656
"846",846,0.1460870056193,0.14737969573731,0.000351438616184823,-132.395350165134
"847",847,0.0899858203989716,0.0664301318198416,0.000386560533183232,-132.366033925613
"848",848,0.102923204360904,0.0480487705573262,0.000472866404433914,-132.569683004793
"849",849,0.0775729683972155,0.135959085301749,0.000705616511071008,-132.689043705835
"850",850,0.0382908792755483,0.142809618629779,0.000795075939082641,-133.386541361486
"851",851,0.182686335035428,0.129243338643141,0.00283903590866228,-137.249138304695
"852",852,0.178343129363409,0.128992117431585,0.0028432583329755,-136.847361601972
"853",853,0.0721412122438271,0.0231033712942224,0.000790244492477655,-134.850508596102
"854",854,0.0688336038367608,0.180191974999294,0.00107771326191276,-133.375002550636
"855",855,0.143567421801488,0.101743836873685,0.000445772394321824,-131.859023051875
"856",856,0.119290476538249,0.0881844165756191,0.000198435043041209,-131.725238589924
"857",857,0.0812572226079553,0.146243014976733,0.00113056958255502,-133.086420272494
"858",858,0.0530501071443533,0.150021991067403,0.00101871433494496,-133.073564874444
"859",859,0.12013534577852,0.0831336974235531,0.00130949318562834,-133.074617670434
"860",860,0.120891015339315,0.0756642934881057,0.000590265002317181,-131.882117191866
"861",861,0.117493475735891,0.0559531202454697,0.000545226491477071,-132.155622949178
"862",862,0.117371660303682,0.132772148964264,0.000368200699431956,-132.022127384946
"863",863,0.124734146282811,0.148590118561706,0.000124302280463419,-132.690312565706
"864",864,0.17153982956184,0.174772922406175,0.000538371451226866,-133.523773396977
"865",865,0.116998680914636,0.125101828431151,0.00055065570510889,-132.113165396757
"866",866,0.0525416906130225,0.217259207370044,0.00207941941669324,-134.431133833003
"867",867,0.125797399475754,0.176945846995553,2.65979825439677e-05,-134.741103815346
"868",868,0.12244852907229,0.083339433407507,0.000205495849437579,-131.798619107046
"869",869,0.0972249421750959,0.107173387612425,0.00027279404595054,-131.749650645588
"870",870,0.121407163365914,0.0799021128691775,0.00022367183161549,-131.822556711578
"871",871,0.124880364160506,0.0941944689511655,0.000331533420965086,-131.618463258268
"872",872,0.146980394638398,0.0934182453370394,0.000229921974264701,-131.775582232619
"873",873,0.100612474869356,0.0865517374688904,0.000653770488326907,-132.069230424126
"874",874,0.0976084192839103,0.0474040031402266,0.000315926437221924,-133.020730006597
"875",875,0.0874136676909181,0.0794854267324036,0.000963678588905171,-132.88377348401
"876",876,0.105831178563496,0.0639819513056242,0.00193119853867355,-134.023333945412
"877",877,0.117294558206292,0.0770496614195673,0.00056892684140906,-131.85915251353
"878",878,0.141942948318964,0.097808538790584,0.00131616468819963,-133.054380372794
"879",879,0.143705240307791,0.122254384032059,0.000691104149384178,-132.441039287732
"880",880,0.175323366043156,0.119509225568879,0.000246286062914801,-131.940567133212
"881",881,0.175464083767682,0.114245207646728,0.00034653613292709,-131.935910045226
"882",882,0.109550729490337,0.158462999057822,0.00016936525735557,-133.166147107587
"883",883,0.142210096271298,0.0914225782183392,0.000882397532553243,-132.103323827241
"884",884,0.136535239479169,0.241401039300679,0.000820159685375764,-135.324180615472
"885",885,0.178277269927389,0.230366748319559,0.000958121791080514,-135.581870650201
"886",886,0.280397950352169,0.245338649491317,0.000139986818373809,-135.234716894945
"887",887,0.29177253849838,0.248635933260817,0.000410914691935348,-134.790957147059
"888",888,0.287475928823729,0.244196491945081,0.00084903054299847,-135.151788917181
"889",889,0.150826822732479,0.229383358949348,0.000572996468198284,-135.040916228016
"890",890,0.0967140974909155,0.218569401439258,0.000619992553453861,-134.468185013136
"891",891,0.0901405228596626,0.0708387895413,0.000218847682990311,-132.413343782283
"892",892,0.121207804769905,0.108624369761835,0.000295331091537539,-131.618903160455
"893",893,0.12167468759797,0.0993963165793061,0.00126891460005488,-133.32337334496
"894",894,0.121892800752186,0.202098775969913,0.000566069652575564,-134.125526520992
"895",895,0.065158751054591,0.0638434849927693,0.000578710778646324,-133.615479814988
"896",896,0.0906119009444429,0.122976428381483,0.000910269215736023,-132.859817208482
"897",897,0.112001099794372,0.0721086841940053,0.00119625319970106,-132.769147403333
"898",898,0.0901493401398077,0.0466331916707155,0.000912054134067509,-132.860716609643
"899",899,0.0931602413774461,0.11554106241162,0.000530273009495507,-132.118017794848
"900",900,0.055333737959299,0.0697706854412624,0.000594431629764426,-134.076158445655
"901",901,0.0723319928671884,0.0757183371954669,0.000195546594626492,-133.072631449424
"902",902,0.122420682264608,0.0791436693752112,0.000133207485442597,-132.111701522184
"903",903,0.100998820785671,0.104732684379373,0.000842650040410234,-132.530128698794
"904",904,0.104762530010327,0.0749892926772605,0.000607792884212343,-131.988752246266
"905",905,0.106595372995923,0.100756660931953,0.000439175846567569,-131.716574595768
"906",906,0.072052199045582,0.143260304169041,0.000554294580538277,-132.803248982467
"907",907,0.15956060971842,0.103342241498755,0.000770452048336812,-132.022710133368
"908",908,0.106145666996321,0.0676318430404978,0.000560735778774175,-132.016604475989
"909",909,0.114458763310699,0.0700515649593512,0.000155640954333575,-132.237083585403
"910",910,0.094654421851008,0.158059817898662,0.00100390214278923,-133.178990483815
"911",911,0.0489794642552601,0.170127323637946,0.00370474791308265,-134.575130492639
"912",912,0.0170752426125438,0.133731601719234,0.00104006735085352,-134.361841936368
"913",913,0.0199464955646325,0.186564912346248,0.0034357649759624,-134.401227288654
"914",914,0.0285141576138308,0.113796075890938,0.00070513581662778,-134.529506523967
"915",915,0.0866521969115453,0.0891504184515017,0.000193166635592121,-132.110689604557
"916",916,0.069992008337931,0.0818030565738578,0.00035140720081098,-132.787549490309
"917",917,0.100604813986805,0.0913238119025652,0.000205131948466442,-131.775911527703
"918",918,0.0514509145006338,0.0900602004550653,0.000935192314110343,-133.952798649828
"919",919,0.16859626031575,0.172661326008029,0.0004569975560321,-133.319166681016
"920",920,0.181315602436093,0.11817700114741,0.00168271419436813,-135.050679807319
"921",921,0.0455755881900691,0.136144358161593,0.00174091930214692,-133.469530109774
"922",922,0.0296834730066178,0.133189343899909,0.00266917532502275,-134.061346626058
"923",923,0.00378949483637151,0.165924338894989,0.00245684366182055,-133.994702938381
"924",924,0.00367616561477007,0.163599191975348,0.00468041794208458,-134.252766569067
"925",925,3.53297625402536e-05,0.160133444296073,0.0017890394096044,-134.251639379041
"926",926,0.0125851432202749,0.139003104993743,0.00169075114172119,-134.142660622783
"927",927,0.0299586287536307,0.186316125260066,0.00487927669487641,-134.549462428978
"928",928,0.0215834551276628,0.168685148176351,0.00133418415860851,-133.441615156869
"929",929,0.0216782771418748,0.147962783841156,0.00170157574024954,-133.682591924775
"930",930,0.0566044260032627,0.146445632460292,0.00103890259495015,-133.033773547
"931",931,0.0426969607669476,0.129422388452028,0.00283455030761672,-134.447346063718
"932",932,0.0388941270950316,0.132775973523371,0.00137952300704865,-133.444835061845
"933",933,0.100790026059032,0.14888591909517,0.000783222518338702,-132.890914109676
"934",934,0.167040729654947,0.166769140011354,0.00132411641565128,-135.105876752642
"935",935,0.048639055455585,0.125676360882059,0.00164989661549997,-133.561067460282
"936",936,0.018587419604693,0.102286410144157,0.00207950706655506,-134.888959436353
"937",937,0.000385977798093949,0.147623348724097,0.00463599133047557,-134.539475281189
"938",938,0.000413222068840085,0.163580388862862,0.00205966791813955,-134.306535767646
"939",939,0.0654192465793193,0.164696170989845,0.000841250827729337,-133.114862535333
"940",940,0.109329823479833,0.079253433318122,0.000447208904254811,-131.769522071354
"941",941,0.131347287901209,0.10090637330409,0.0017972123250453,-134.509423310488
"942",942,0.124509442339536,0.128426127591184,0.00229241256914594,-136.9096259668
"943",943,0.0601219042962038,0.129622402270992,0.00128025633326555,-133.189615243992
"944",944,0.174470691084343,0.119552383730198,0.00134761757975877,-133.348036537969
"945",945,0.173568027970708,0.120758463591917,0.00156947237001232,-133.771566923446
"946",946,0.0309023110704239,0.133633300870575,0.00215690851345798,-133.801641080062
"947",947,0.0360019034025955,0.120611123897241,0.0027684899731993,-134.550457936158
"948",948,0.0600538993015973,0.142549690938677,0.00260589516365031,-134.319095243952
"949",949,0.0518629197488254,0.198039806223509,0.00243112235787725,-133.798809240958
"950",950,0.0450913663282737,0.196115362708233,0.000759592518415082,-133.422293828514
"951",951,0.05613028195443,0.164189742130545,0.00144601173710201,-133.253048346467
"952",952,0.0440921019939467,0.136270842943615,0.00186834904416691,-133.546204686937
"953",953,0.0218282554191128,0.16274933453786,0.00310807405258661,-133.849389889457
"954",954,0.0269840796119209,0.145593846207381,0.000440142808794433,-134.105126326302
"955",955,0.205389617616814,0.148988148390039,0.0011360051468056,-133.673366777088
"956",956,0.185490694617598,0.122806781097609,0.000907840446650025,-133.086355224545
"957",957,0.0827077178052959,0.124990799095241,0.000722219095339532,-132.591527551355
"958",958,0.159181672669868,0.0979591164463898,0.000722224031684875,-132.097772898219
"959",959,0.0950947348347976,0.0883590815117621,9.91146133402755e-05,-132.28850654653
"960",960,0.0815619183590944,0.0794769625496896,0.000943388901011944,-133.009477170424
"961",961,0.125344198851773,0.0700587110936206,0.00144762006162743,-132.867924992887
"962",962,0.119703345781563,0.072560823934977,0.00118716334796081,-132.568386106838
"963",963,0.123229736327586,0.0647452562231462,0.00161815012763366,-133.379819583485
"964",964,0.117929231153525,0.237939013417112,0.00131150138423448,-135.165886038248
"965",965,0.140030898791178,0.254427345658186,0.00349498250393689,-137.291847760575
"966",966,0.130089860051022,0.120730849742036,0.00172802363708744,-135.010599550172
"967",967,0.0068300214092692,0.141791173806612,0.00253558131245849,-134.137805434527
"968",968,0.053530430068461,0.203073107594703,0.00220221931906555,-133.695112631645
"969",969,0.0761037904156195,0.0378568445779622,0.00156781060122812,-134.298981941527
"970",970,0.0689239301478917,0.133808690603393,0.000249260311193968,-133.037379270083
"971",971,0.0653138901075665,0.133221556830804,0.000957085231627496,-132.914297895881
"972",972,0.0750383570839247,0.111902201966736,0.0008448505887124,-132.84106749314
"973",973,0.0390728702106511,0.111926366930064,0.000681936449972893,-133.904720612848
"974",974,0.170731652819794,0.106744787299172,9.63554257958299e-05,-132.460373382736
"975",975,0.0823630106050697,0.0717679683406605,0.00133575642119985,-133.766640730326
"976",976,0.130468268249901,0.095298949384959,0.0015786408905314,-133.817197155989
"977",977,0.121562195850859,0.226871913764765,0.00168943324335889,-135.166626871078
"978",978,0.122878856136316,0.138848845179773,0.00141548627978941,-134.477003815045
"979",979,0.101481843173707,0.151881841339963,0.00230922519929402,-135.512902150476
"980",980,0.020929994855929,0.159728635377962,0.00129273615819296,-133.599404511547
"981",981,0.111991240180439,0.105042053966048,3.16785707104367e-05,-132.887897421327
"982",982,0.133399223851073,0.149565703920089,0.000897100629291423,-133.378974295755
"983",983,0.132120499659531,0.10777242802472,0.00145807020176845,-133.91247183443
"984",984,0.115364987990686,0.170218987685582,0.000869742915971675,-133.445647756723
"985",985,0.0921544347521102,0.0348073606584819,0.000917353578148497,-133.129388601547
"986",986,0.0947195781902711,0.0382885448656013,0.000901489790108255,-132.905620256753
"987",987,0.0888709633701502,0.174476041202002,0.0011048290937912,-133.422342427759
"988",988,0.0480159515761947,0.172696040433068,0.000788018311604752,-133.311170463328
"989",989,0.0705270759380723,0.206151204572717,0.000992313382308623,-133.872812594685
"990",990,0.196100967369622,0.129635103065162,0.0010928397749607,-134.288702690027
"991",991,0.16221927585575,0.0851950007093366,0.000193829923516009,-134.333899551497
"992",992,0.104664328599838,0.0996036306820029,0.000741668263489181,-132.234076746607
"993",993,0.102678271612791,0.0549960984379784,0.0013140357402606,-132.858356507033
"994",994,0.0901551941709444,0.0299440965907122,0.00129163781063028,-133.83639797409
"995",995,0.0899809134664359,0.0953381941512914,0.000482607401976521,-131.988897048963
"996",996,0.124228908823927,0.0702618727977683,0.000743885647399548,-131.892045559257
"997",997,0.125881398541902,0.0879862717950186,0.000506503346221359,-131.762155627213
"998",998,0.105737447421785,0.103887584133753,0.00128601517477555,-133.592137096067
"999",999,0.145687323120813,0.124848713373818,0.000744879472927246,-132.608366586317
"1000",1000,0.188407843687424,0.159766721096272,0.000518389251777034,-133.273559870883
