"","i","asc1","desc1","pol1","p"
"1",1,0.0401115127955745,44.1580118183629,3.90132025804215,-1557.79424260977
"2",2,0.0706968358567136,82.112644982941,4.19271757781863,-1415.75219083837
"3",3,0.158779567843512,72.5406377676189,4.11605972961417,-1408.28905788086
"4",4,0.310272384588708,72.8747506212359,3.14085572755059,-1408.08933495203
"5",5,3.74362856553603,61.9986153133133,2.95984074166993,-1370.56569211854
"6",6,2.33957995943191,60.684437862655,2.87781736016685,-1366.23529474493
"7",7,0.390241526860292,54.0129968716092,2.74921529929175,-1350.40802083591
"8",8,0.228692267382361,52.250185180965,2.72300295557229,-1347.33841197431
"9",9,0.225375393410486,49.044123454296,2.65917181169314,-1343.50954080835
"10",10,0.279584078551474,50.0822498889069,2.30584514519659,-1343.24143437056
"11",11,0.452543184963154,46.6412589453662,2.35733435278131,-1331.76936496424
"12",12,0.304238251599747,44.6590552106863,2.03824384291448,-1330.11701299855
"13",13,6.13743055614242,45.1496881758019,1.85978423269887,-1325.90131546747
"14",14,7.29019873514773,41.5557110221508,1.66405846873624,-1314.46028592822
"15",15,8.70932628698816,41.6794769834144,1.617173473153,-1314.06239729861
"16",16,8.90530867757279,37.6283181946544,1.31663070332312,-1301.25073185762
"17",17,11.9229454471173,36.7699700807761,1.28180888374462,-1297.58701917482
"18",18,11.1482568823184,35.3679658678881,1.07879287463068,-1290.34381061287
"19",19,11.3847692420717,30.7051742316756,0.93709871807011,-1270.04738786567
"20",20,11.8449108769606,30.9972710393255,0.921081737910482,-1270.0149424357
"21",21,12.1803082428047,29.8402741507484,0.867882725910773,-1264.6880499784
"22",22,12.4027256367824,28.9946603115915,0.724263104027123,-1257.81915660537
"23",23,14.4764126106165,28.783287306522,0.608608643700908,-1247.90845326006
"24",24,17.4735630522652,29.7902241221527,0.508138105473034,-1238.40822047718
"25",25,20.9253429644214,30.4132980683572,0.466142443560604,-1226.2557926597
"26",26,20.7828047615697,30.4504558498149,0.333770956865647,-1220.28911381053
"27",27,24.4615172674093,31.9425210788305,0.191828998551034,-1203.4604547797
"28",28,26.6605620155966,30.4851540425809,0.1348317177166,-1134.6556951975
"29",29,26.4951997259178,28.8304522207743,0.0145813235022441,-1083.67140641205
"30",30,27.5179671439103,28.7972707252986,0.00418782698810372,-1056.61445046719
"31",31,28.4383393097904,29.4143727831896,0.00452471913848564,-1056.01010191196
"32",32,28.3548367973976,29.2766560825253,0.00564563332639195,-1055.34292120047
"33",33,28.3949768340112,29.2038553674166,0.00475293272946245,-1054.83562715619
"34",34,28.3318737295852,28.8158005952221,0.00105579821701033,-1055.92541143368
"35",35,27.9143817334043,28.5107281398752,0.00240697335721362,-1052.45647167466
"36",36,27.6976136439288,28.4881757390288,0.00789330756731215,-1052.44942959761
"37",37,27.5756831052047,28.2750422118908,0.00360407237308443,-1050.62102665715
"38",38,27.5566979481368,28.179959623942,0.00684493405234547,-1051.41629195574
"39",39,26.9989367858324,27.1730698093307,0.00366599854372071,-1051.77281556269
"40",40,26.6467921196839,27.2544559498755,0.0032225918067163,-1046.08297042521
"41",41,26.3757745814528,27.2428476490817,0.00372560397282217,-1045.94990108246
"42",42,26.6531375865716,27.2025482161394,0.00369290180449651,-1046.19231968305
"43",43,26.7127156920945,27.0094600345793,0.00419736508948029,-1048.52953213595
"44",44,25.7411451798761,26.2763710123872,0.00451832452722361,-1041.76699693845
"45",45,25.5460452608428,26.0804069102187,0.00430057636250263,-1040.74558988781
"46",46,25.3472478137185,25.8762538972891,0.00316680127064375,-1039.70308962543
"47",47,25.0899379374648,25.3735804567037,0.00250541493536117,-1039.83445308947
"48",48,24.4326320448184,24.8002640811517,0.00142043532867312,-1036.38250120768
"49",49,24.4141142358544,24.839689707274,0.00651390326278571,-1036.10251762978
"50",50,24.1394091458736,24.7830586675532,0.00493127256943238,-1034.03103279541
"51",51,24.1005568178768,24.4856101618497,0.00298719601404627,-1033.7676856364
"52",52,24.2310745850346,24.7302672456742,0.00344977252066546,-1034.09767020601
"53",53,24.3095199568789,24.7302264868744,0.00471792618826837,-1034.88223560544
"54",54,24.1430293890679,24.755577337988,0.00941800447417259,-1035.70375173313
"55",55,24.1164600010136,24.7251978946969,0.00656285107575819,-1034.2456355365
"56",56,24.0561463404019,24.6944438393341,0.00408336261488627,-1033.52865233509
"57",57,24.0682392994578,24.6925628336049,0.00728225456253056,-1034.31780762242
"58",58,23.992166688222,24.7041664575797,0.0051543342884771,-1033.75369353074
"59",59,24.018337818684,24.860118636429,0.00430031025905299,-1035.13202849897
"60",60,24.3148629687536,24.6690005085356,0.00327878602883576,-1035.05802973884
"61",61,24.0079261857733,24.618106203367,0.00357615320730752,-1033.18472922287
"62",62,23.8582480110135,24.2214680767641,0.00660283977005894,-1033.63127771571
"63",63,23.2712087217078,23.8750507685085,0.00495696571713547,-1029.63638129178
"64",64,23.315509654185,23.7268615327265,0.00462860397749813,-1029.70830696351
"65",65,23.1779378609384,23.7566442246412,0.00538447023288914,-1029.16781435043
"66",66,23.09925388213,23.394026257716,0.00387680195586926,-1029.06238551972
"67",67,22.6517296856114,23.3970151908075,0.00325460625834344,-1028.01227834813
"68",68,22.9513615791079,23.4332975302757,0.00269239075250981,-1027.76169829105
"69",69,22.704854070736,23.0870601799081,0.00226815715005495,-1026.70696596589
"70",70,22.4477205963196,22.6237487531794,0.00323463274050137,-1026.58791690294
"71",71,22.0348998089961,22.465690333779,0.0128186884535062,-1027.54057652675
"72",72,21.8280991351769,22.5456735986147,0.0017698115207007,-1024.94022264904
"73",73,22.326854142766,22.7894879741931,0.00494861635920213,-1024.56763070262
"74",74,22.1493930967145,22.4768230373402,0.0049793972854352,-1024.00661511572
"75",75,21.9880721876045,22.5756254322313,0.00278971775213754,-1023.4620531825
"76",76,21.6490675902056,21.9700760081744,0.00700230073111906,-1022.2353517541
"77",77,21.6618869248566,21.9361044198095,0.00219975221654433,-1021.62493370244
"78",78,21.7333517697494,22.1977927571697,0.0070207372978495,-1022.22773552548
"79",79,21.7464123333784,22.1388333709495,0.00145832835124426,-1022.4285637652
"80",80,21.7094385605402,22.0789415752369,0.00240145923230883,-1021.47400322007
"81",81,21.62541890781,21.9526042836042,0.00539006499841896,-1021.32637822165
"82",82,21.3623410916663,21.897589850888,0.00322590045168415,-1019.89603186904
"83",83,21.4741748415107,21.8096223511883,0.00240048528034414,-1020.29376941391
"84",84,21.0874796118331,21.2247248802764,0.00382869398531693,-1019.50351727691
"85",85,20.7590808167539,21.2419331058817,0.00379935002554863,-1016.49991104786
"86",86,20.6306404456642,21.2215893208289,0.00484834533369823,-1016.6646349973
"87",87,20.9468294620619,21.4988724415218,0.00252234940829154,-1018.26220801614
"88",88,20.9692407195095,21.1453159305985,0.00642936500881668,-1019.46220540846
"89",89,20.702630075288,21.2698090465104,0.00291380448476025,-1017.03283561283
"90",90,20.8477859270711,21.2593580546138,0.00545441002523209,-1017.00106788123
"91",91,20.7794109339738,21.0562786250303,0.00181559585472785,-1017.12184061416
"92",92,20.5540236322475,20.9464607829336,0.00594166231591171,-1015.61232703834
"93",93,20.5841001494311,21.0465135988989,0.00522427393886643,-1015.66185623511
"94",94,20.386364893545,20.5704344294716,0.00208290299947243,-1015.29125899499
"95",95,20.2267887169672,20.8460526484746,0.00712861417206659,-1015.4368306977
"96",96,20.2857138006341,20.5935211819862,0.00541348920985408,-1014.14474348067
"97",97,20.1299551748375,20.4786248790629,0.00388477708898302,-1012.89820232962
"98",98,19.7473206540749,20.2177577998674,0.00213331062946286,-1011.93715245257
"99",99,19.8474866712187,20.1858563381282,0.00203081114593827,-1011.91445033116
"100",100,19.7446954683424,19.8901028873145,0.00766591580707197,-1013.577035419
"101",101,19.4815372842819,20.047633049448,0.00429147042914948,-1010.81679194498
"102",102,19.5715363822335,20.0663557931024,0.00337284709315473,-1010.66977019804
"103",103,19.4671598095087,19.6573039108234,0.0031793503215737,-1009.78699273712
"104",104,19.166488803045,19.6293455896348,0.00306587600273688,-1008.45194683235
"105",105,19.2538996586847,19.4977305333208,0.00980696898366765,-1011.22694444578
"106",106,18.733513034303,19.0563429569862,0.00110518140798651,-1007.26299986804
"107",107,18.8132293154152,19.2532306819301,0.00250120540499353,-1006.73145535765
"108",108,18.9664550784812,19.3041214175487,0.00277813314896675,-1006.83263685173
"109",109,19.0910768486623,19.5117202923281,0.00360629388174174,-1007.64616848067
"110",110,19.1539869477991,19.1105433978156,0.00222465037731239,-1011.04116745042
"111",111,18.3076264128019,18.1695522001262,0.00502879792995493,-1008.47049182662
"112",112,18.1166554556522,18.2944873579885,0.00189611651035591,-1002.76503949191
"113",113,17.8648258302709,18.2348476860815,0.00303040519688998,-1001.04959907791
"114",114,17.9094426121413,17.9712277285762,0.00273146217133129,-1001.96547350411
"115",115,17.5430902188318,17.867676323572,0.00593054866900896,-999.233995676095
"116",116,17.2257718182127,17.5330456217981,0.00831526857708946,-998.441807173106
"117",117,17.01883723614,17.4738299186054,0.0106469822482157,-999.101960416594
"118",118,16.9676406675229,17.3654968295444,0.00197542886693105,-997.326051893216
"119",119,16.9578337371596,16.9634713207975,0.00436133893027357,-997.006135674892
"120",120,16.4814258792194,16.5117617659653,0.00559480666472575,-994.177925479314
"121",121,16.4144724373972,16.6109599457646,0.00255442783486047,-992.627643547189
"122",122,16.4021292756776,16.5235510978413,0.00324682623132081,-992.477490339184
"123",123,16.1073330595996,16.1104205261098,0.00454469834782169,-991.783629605739
"124",124,15.7529493584191,16.1379724556747,0.00858495394518079,-990.502781357134
"125",125,15.8408077135046,16.0964031633471,0.00336863506865025,-989.196020212067
"126",126,15.7892507975547,15.8093571408651,0.0021771425438659,-989.867642586729
"127",127,15.4846898545303,15.5476904288411,0.00780074718789074,-988.626094996472
"128",128,15.2440204201985,15.457974240538,0.00197499070583372,-986.436356301515
"129",129,15.3247694240091,15.532696094499,0.00382836265183336,-985.929768872631
"130",130,15.2398779691778,15.3066749556547,0.00259800907273047,-985.909333676342
"131",131,15.2326409912728,15.5042778431416,0.00591865885420325,-985.785476206247
"132",132,15.2262100330391,15.2775143197133,0.0028384829090666,-985.808154288252
"133",133,15.045352073467,15.1584050068028,0.00657944321985263,-984.786888383359
"134",134,15.0593428014089,15.2309971901959,0.00737180874467561,-985.023297722016
"135",135,14.8704161027358,15.0878902737901,0.00246917341440276,-983.84878204955
"136",136,14.7959884899628,14.8143884842731,0.00280277957386927,-983.348216964506
"137",137,14.7690389831999,14.878967041428,0.00356415449433153,-982.523178332622
"138",138,14.6119765594194,14.8095348421915,0.00471168272336447,-981.551539877888
"139",139,14.590851430496,14.8840842603111,0.00330901812381079,-982.375291321579
"140",140,14.862302425566,14.829517261124,0.00684779343303836,-985.108176911148
"141",141,14.705934927796,15.0786163875756,0.00741968915556704,-983.930150028929
"142",142,14.7868051729459,15.1216547072306,0.00904713795942767,-984.620326462874
"143",143,14.5626573183665,14.6159657971576,0.00365646028746251,-981.411208609843
"144",144,14.4471720885788,14.5332491276272,0.0021961255161544,-981.236368621271
"145",145,14.2442390325079,14.7226757364219,0.0111431151089151,-984.055962900897
"146",146,14.2634938868544,14.2937691163833,0.00691453284863231,-980.319152660476
"147",147,14.0633149670838,14.1629503613245,0.00707783351256208,-978.592676324698
"148",148,13.8511824230649,14.1091091227431,0.0069881827396089,-977.483052951988
"149",149,13.8603360957809,13.9910499843847,0.00220227139775453,-977.632453502031
"150",150,13.7750973550188,13.9056491585898,0.0153208097036701,-982.216514869413
"151",151,13.362300896378,13.6244850705291,0.00960416604845231,-975.364020416586
"152",152,13.4037888666283,13.5272336173488,0.00244310806399695,-974.454611239771
"153",153,13.3086052766554,13.3332670191484,0.00542836096008722,-973.231411647224
"154",154,13.2439309158546,13.3528596360134,0.00432651508160916,-972.546754902753
"155",155,13.2498347316018,13.5278445611884,0.00863427108591937,-974.339255702392
"156",156,13.3916756042686,13.5339795760922,0.00725185452392536,-974.059984262201
"157",157,13.4613688812644,13.6908087960502,0.00677351074942597,-974.723675543279
"158",158,13.2058603035663,13.6677056174615,0.0111572538194922,-977.667852652529
"159",159,13.3172515777092,13.5779602943309,0.00637104069716655,-973.978609589346
"160",160,13.3215699331346,13.5497000727306,0.00460863662537411,-973.661937100821
"161",161,13.3442469098182,13.462553961718,0.00793827582225162,-974.027752974987
"162",162,13.0328316355426,13.20059091184,0.00608184516833582,-971.36511529173
"163",163,13.2546515357346,13.2266925279869,0.00847829572493616,-974.673873638253
"164",164,12.9374025059991,13.0776175263527,0.00243943315090213,-971.574413172088
"165",165,13.0730438025978,13.0597502365911,0.00376680086835062,-971.776151996126
"166",166,13.1426785959713,13.4510804502205,0.00614992933825708,-973.414053654994
"167",167,13.3212477561197,13.5806442473284,0.00617193225309301,-973.96390753532
"168",168,13.19240321588,13.2146902105753,0.00201288920049274,-973.529177378415
"169",169,12.946584372951,12.8134694900206,0.00754739712547158,-973.444860047547
"170",170,12.3669618841732,12.6757162710936,0.00526341884832011,-968.512165499636
"171",171,12.4446814338998,12.5836235028617,0.00429527570027971,-967.174803990358
"172",172,12.3270175739341,12.2331322150457,0.00408701690841277,-967.020613525038
"173",173,12.3309356759214,12.2216248651846,0.00530353784367718,-967.328704934888
"174",174,12.0005545515916,12.0062753871262,0.00284691185130256,-964.473583635601
"175",175,11.8475357124156,11.8048436926313,0.0029146079328934,-963.471865576036
"176",176,11.5943018197303,11.5435471106296,0.00204466496614689,-962.616470896083
"177",177,11.3236757931983,11.4383766616206,0.0107752423241683,-961.010064944694
"178",178,11.1881582440587,11.1961872267908,0.0087965858516319,-958.877512167638
"179",179,10.961949734102,10.8584009134088,0.00704134302722647,-957.065527489549
"180",180,10.5918082345093,10.6601540972901,0.00816078062415945,-953.778054476338
"181",181,10.5746065881902,10.5930828205749,0.00299560031239766,-953.591471445378
"182",182,10.5789984470115,10.4808487959453,0.00719280826649412,-953.919798917231
"183",183,10.2995967329337,10.5215706783112,0.00935976193887452,-953.423732311715
"184",184,10.4368134946844,10.5309930019662,0.00463450926024271,-952.089786212826
"185",185,10.4325707813985,10.4510836423135,0.00531059569384559,-951.609486416419
"186",186,10.2630321651538,10.4251048366212,0.00540015540109517,-951.406035635714
"187",187,10.3376010144484,10.186992744512,0.0022687834670497,-953.171838745688
"188",188,9.9591203452432,10.0085990402762,0.00400811667666047,-948.170600127714
"189",189,9.85348013414096,10.0634879497755,0.00869592548802531,-949.609518893537
"190",190,10.0322641926333,10.0445977001617,0.00321652518758256,-949.048196802596
"191",191,10.0249878311586,10.0184297188212,0.00466924170397563,-948.294751671969
"192",192,9.96723197538904,9.95855936560772,0.00572429385544607,-947.830467691021
"193",193,9.82153356766979,9.92050960910435,0.00334473275645135,-947.980199083478
"194",194,9.75603650572383,9.73371369508862,0.0102828401822568,-948.378549977554
"195",195,9.50565042372384,9.73308552146494,0.00810380467915138,-947.069846645118
"196",196,9.68120976977271,9.51704735177198,0.00677111073063811,-946.911591421777
"197",197,9.32423139202785,9.39993771296532,0.00727467690799665,-943.226736806283
"198",198,9.28756908211895,9.19544212687918,0.00242712258992065,-943.593152507145
"199",199,9.2253884460503,9.35106928670922,0.00703975081578848,-942.884329451719
"200",200,9.20749648361809,9.02955783191059,0.00398011996339991,-942.378748913798
"201",201,9.00674933577254,8.9071789205967,0.00727476303419797,-940.418229743597
"202",202,8.64452123160464,8.5427392025333,0.00494483910167047,-936.471737311137
"203",203,8.51977122822596,8.52863461347684,0.0110524785366321,-938.240688836345
"204",204,8.51466499733705,8.42314106489897,0.0103798645595314,-938.04024074216
"205",205,8.52031999219297,8.46645223260124,0.00845759014446772,-936.466386807771
"206",206,8.33897697222587,8.34475682457606,0.00801494407638382,-934.626595246649
"207",207,8.26980525225597,8.32455917293514,0.00925262259464767,-935.002302617522
"208",208,8.13501689898351,8.32457490517838,0.00612220080921825,-935.04999114889
"209",209,8.41579700575593,8.34544411862925,0.00483230635572157,-934.29894188767
"210",210,8.31872955104417,8.23018673653762,0.00310223725055277,-934.135992334948
"211",211,8.308139492494,8.18915013361038,0.00625198837968521,-933.734087276224
"212",212,8.19503537488151,8.13323101742607,0.00582868334494531,-932.355944662036
"213",213,8.09516251745226,7.96250809898824,0.00498977371820127,-931.553101244333
"214",214,7.89506387150811,7.77088850135478,0.00419720778483482,-929.669999414879
"215",215,7.98527528546145,7.84883607966673,0.00628279045171836,-930.838759699195
"216",216,7.62973697804653,7.36012402497214,0.00572355031888895,-929.256166195314
"217",217,7.1940464044593,7.24861114329538,0.00590507480321881,-924.058445750614
"218",218,7.25232133851444,7.10691189073871,0.00669602861032461,-923.964762368566
"219",219,7.02957374760746,6.96710945498369,0.00459311603716203,-921.253137228254
"220",220,6.89721897009116,6.66061638587153,0.00559031945275237,-921.103216470598
"221",221,6.53275834936787,6.3628590153421,0.00482125606922405,-916.341352778878
"222",222,6.28405664275313,6.15713686184936,0.00554661833737949,-913.658763635165
"223",223,6.26310645044691,6.14509642728062,0.0117032844310521,-917.51529603834
"224",224,6.1235041495204,5.95333411741668,0.00384216296672883,-912.236369174587
"225",225,5.98659006414513,5.93376599655385,0.00349449704186796,-911.437833077146
"226",226,5.93742772375169,5.81369263247061,0.00632095841317522,-910.243417095181
"227",227,5.86903156101474,5.69608788619536,0.00618816704217969,-909.656943549368
"228",228,5.69293145644145,5.56191999958389,0.0039926625039856,-907.559942541499
"229",229,5.61057165389422,5.48936685706758,0.00479379122994825,-906.527473535043
"230",230,5.57621507288025,5.40199857068117,0.00628895564687889,-906.511393530674
"231",231,5.52357180111883,5.24492465291648,0.00275603049103853,-907.887622958664
"232",232,5.2701649305362,5.00944541395157,0.00459366666816108,-903.81628770279
"233",233,4.97497360298572,4.73566288899525,0.00370348708198052,-900.367181521711
"234",234,4.68996575104076,4.37339292421321,0.00648147676337846,-898.541410525453
"235",235,4.14134872284699,4.22377851490301,0.00533992201649454,-894.743697083015
"236",236,4.41211837431094,4.22998065255806,0.00588209655740273,-892.631895699217
"237",237,4.29242364466346,4.13255477505392,0.00584379239296709,-891.031170147716
"238",238,4.16894043700517,3.88940523995431,0.0059740301394879,-890.309593951236
"239",239,4.13531163381115,3.99692443864454,0.00925732440493163,-889.736237688986
"240",240,4.18260938500338,3.97353913971268,0.00666603050064852,-889.616965896911
"241",241,4.12877780228662,4.01259801609763,0.0105459252557447,-890.515249408306
"242",242,3.98033912443604,3.99361679391176,0.00560135343492269,-890.084761941583
"243",243,4.14760580689667,4.03674215720821,0.00587204992358975,-889.409151723892
"244",244,4.12219046648957,3.96126372725563,0.00996285248709313,-889.924621450853
"245",245,4.0657040721016,3.96892382622188,0.00532064748516444,-888.64060160307
"246",246,4.05211490260361,4.03769687688871,0.00999105352732025,-890.612327810784
"247",247,4.08523945363419,4.04569352100019,0.00588783454240203,-889.860162998679
"248",248,4.01578195403179,4.03125735133178,0.00566112650747108,-890.594973282171
"249",249,4.23544752069189,4.04735948107853,0.00452542561918629,-890.62729656307
"250",250,4.25247779728454,3.87522178994203,0.00460699618158787,-894.678400747492
"251",251,4.16444620619117,3.95929296377697,0.00407663341955672,-890.017608984742
"252",252,4.16649759653603,3.97448075885159,0.00799663180490415,-889.644411871361
"253",253,4.03558989246471,3.91725632799781,0.00887458376219421,-888.189837548307
"254",254,3.88418642094168,3.52089959370494,0.0073287545391853,-888.719439778397
"255",255,3.28964457543621,2.89576830678311,0.00523448525480857,-879.888750330805
"256",256,2.64032135460427,2.71180227096643,0.012804407069999,-872.263454242978
"257",257,2.81933131753338,2.6348193392675,0.00837373105367686,-866.474781456444
"258",258,2.84328163399248,2.5817616619928,0.00784529342968988,-867.159210145102
"259",259,2.51701142492813,2.52359947760284,0.00738076953594382,-865.413310947025
"260",260,2.6353379360053,2.50630000410084,0.00809971258168383,-863.300507092288
"261",261,2.60335128841874,2.46479584366386,0.00678068114580634,-862.475090009513
"262",262,2.59339323751243,2.40961377164227,0.00559193243269659,-862.064624356986
"263",263,2.59770456814039,2.37213690466368,0.00640146299145594,-861.631664814407
"264",264,2.60672490953704,2.4010963417446,0.00800299117986888,-861.845718035502
"265",265,2.55831722783912,2.46126384430703,0.0104359146274073,-863.198659411736
"266",266,2.69946065214971,2.57662511867925,0.00727121939524086,-864.707176958759
"267",267,2.67165621517399,2.4310683732717,0.00896154886951679,-863.721167174613
"268",268,2.45968995605628,2.24013450282542,0.00565918484309232,-858.886452903516
"269",269,1.1666953903615,1.08020278468509,0.0073561677745696,-827.815606529466
"270",270,0.972995346735258,0.712509807977471,0.00904462409159298,-816.756638941797
"271",271,0.739002583123418,0.677745722920186,0.0103858090354282,-814.328798668295
"272",272,0.91464268825212,0.685812801421351,0.0103584111788137,-814.962733842653
"273",273,0.175177484251726,0.835499050547771,0.0119377160994592,-814.822140112426
"274",274,0.304173211031934,0.333193389415404,0.0105748357367444,-812.798099058336
"275",275,0.638091732097953,0.644195632568414,0.0137620900617094,-815.970711486587
"276",276,0.159378733048307,0.573902237906203,0.0138597932975842,-817.256226029323
"277",277,0.310709284103522,0.518622313363865,0.00908058499118872,-809.98962988624
"278",278,0.558271663124352,0.388679869727913,0.00961144011224774,-808.589354389557
"279",279,0.578472326015676,0.495717193095932,0.00744450198254356,-809.801583810986
"280",280,0.365836689862763,0.625602276192843,0.00876103694055317,-810.4274749711
"281",281,0.371680053403797,0.608272687945748,0.00800583689251071,-810.145566950659
"282",282,0.388572420069694,0.403518793916004,0.00829050394421155,-809.707748029534
"283",283,0.547086356186729,0.387594054534999,0.00959240694276235,-808.759862870086
"284",284,0.589280660134342,0.349446836709631,0.00937827953688512,-808.647942713738
"285",285,0.52586290233896,0.340939140821849,0.00666257228364414,-810.217538261288
"286",286,0.536502622412423,0.295708196038827,0.00764876024697793,-810.145523845489
"287",287,0.54569914551366,0.574623637639703,0.00922249494651684,-810.493770975221
"288",288,0.382050969532119,0.378539189958389,0.00561930992715722,-812.174248638629
"289",289,0.365421578590632,0.483941226613035,0.00837918953728127,-809.413768218953
"290",290,0.62822496182258,0.39509111593508,0.00894069736038065,-808.382076100336
"291",291,0.597548158413153,0.333721400944337,0.00815180331777291,-809.707632997784
"292",292,0.515286292930757,0.476658418221863,0.00840684753872082,-809.254206549823
"293",293,0.296532398743018,0.52629978471841,0.00959920797353704,-810.347012116854
"294",294,0.710031255853364,0.506051062367127,0.00568881771979016,-811.608220752498
"295",295,0.773961997724736,0.606147144850406,0.00729533876359261,-812.175699157297
"296",296,0.498910180024171,0.371255841132491,0.0126761666796848,-810.689323488566
"297",297,0.428705649059347,0.566122641599895,0.0113302341967242,-811.158556185372
"298",298,0.362258216177529,0.454985156272551,0.00636054155677771,-810.41187014734
"299",299,0.572659718616969,0.498644386374679,0.00978134939173917,-809.82882568465
"300",300,0.416764472910113,0.499315443988255,0.00690657726936229,-809.67588768969
"301",301,0.433927014793682,0.427971287454677,0.00839146973231062,-809.251685335313
"302",302,0.3896848627607,0.435172069775801,0.0103956622521738,-809.976246867146
"303",303,0.439768495818705,0.370874639031454,0.0101833768085781,-809.958949489284
"304",304,0.468782314064455,0.408272893263565,0.00753518337805942,-809.452457095491
"305",305,0.384149830794259,0.478915904208987,0.007734722302665,-809.393164561293
"306",306,0.305317189625237,0.635276469056999,0.00482077981632389,-813.560915895898
"307",307,0.419993994192608,0.484902879450197,0.0136914355719934,-812.829030364819
"308",308,0.606893850804924,0.471370643150805,0.0132041753200447,-811.170860794348
"309",309,0.624512400963784,0.50426934731671,0.010705000086432,-810.223358780879
"310",310,0.315346702731079,0.403192617768637,0.00692033243702784,-811.119754436213
"311",311,0.29587913966706,0.423114491042523,0.0111519282763731,-811.623257980689
"312",312,0.550908255145696,0.376573290686578,0.00846779982618037,-808.692195110474
"313",313,0.575309379625217,0.356314131266097,0.00922103105984143,-808.34281388891
"314",314,0.40445348676882,0.51236903293878,0.00733170468943468,-809.514281199757
"315",315,0.276135226979815,0.520909278027432,0.00687174934245466,-810.75938526861
"316",316,0.624759674458326,0.579433305692793,0.0104943618712068,-811.609860336366
"317",317,0.347997961419077,0.554565125162983,0.00970336009646361,-810.103283272993
"318",318,0.736503128022848,0.546865987766941,0.011192579116925,-810.672178513373
"319",319,0.2397162483258,0.528925391840402,0.00812329564920755,-811.012891477273
"320",320,0.26685363070263,0.60402558440206,0.00814662957182853,-810.841893759054
"321",321,0.387454010045984,0.603276443670614,0.0110030734944833,-811.321471323764
"322",322,0.447450110478581,0.566462851530457,0.0105767134481925,-810.625032072234
"323",323,0.431305780296593,0.543087472102972,0.0118207240749686,-811.342853196027
"324",324,0.408892422072278,0.307709211122011,0.0102601443618786,-811.252642410564
"325",325,0.468103038357977,0.361405219536828,0.00960057111037136,-809.647589942216
"326",326,0.589088112190163,0.396057259565614,0.0108283294963761,-808.530166328822
"327",327,0.582976731747759,0.363472697639933,0.0100100563850537,-808.355088402234
"328",328,0.548103820638525,0.370299909058979,0.008694507960575,-808.643021059855
"329",329,0.514281518582365,0.417560523607742,0.00873893476560011,-809.09056650012
"330",330,0.418634679500515,0.656816201224794,0.00821733889344344,-810.809378840526
"331",331,0.415496322654566,0.593017805618636,0.00719845524848816,-810.161980973837
"332",332,0.822238940685928,0.647254037312116,0.0102423208028768,-812.921304844229
"333",333,0.404065990641488,0.369343553319662,0.00855706145733506,-810.014192505405
"334",334,0.573705461729682,0.408229582159023,0.0115251089281952,-809.18606801031
"335",335,0.554528266995773,0.431331649526176,0.0121126597554042,-810.27809302284
"336",336,0.321521970810222,0.480150481482177,0.00841187781495885,-809.788257120745
"337",337,0.559136541528397,0.359067329185289,0.0076006919884766,-808.891943236789
"338",338,0.606033187189749,0.485950245544115,0.00766748950523701,-809.685260003377
"339",339,0.353011643632501,0.496663973351482,0.00774994128330935,-809.557910564884
"340",340,0.464452330125167,0.473873000355812,0.00915210974498045,-809.263421729228
"341",341,0.665710742645503,0.401177658258939,0.0080340702650449,-809.523378583683
"342",342,0.31393880513749,0.503706859400127,0.00619130815690578,-810.842116447702
"343",343,0.440785123229704,0.384554271641151,0.0106576403109143,-810.056163070346
"344",344,0.669971522241758,0.419604466467743,0.0106005299944944,-809.323240519367
"345",345,0.536124275881701,0.307081651582309,0.00964759599408603,-809.115586219799
"346",346,0.534861615987318,0.367136084083218,0.00931424441919522,-808.782059544137
"347",347,0.587666328434673,0.376373731258901,0.00735367164232628,-808.812156386991
"348",348,0.607460013354904,0.411357564899979,0.0110134254438928,-808.617600048781
"349",349,0.5408297120322,0.350600583505481,0.00808894533378391,-808.88795226305
"350",350,0.577908462426481,0.370132456024138,0.010699535904499,-808.470012865066
"351",351,0.571118904460778,0.389136883719244,0.00910485118769071,-808.39044445498
"352",352,0.561264100050316,0.427484190392846,0.015079308954002,-812.426491734541
"353",353,0.57824842485988,0.414689114843713,0.0131782751408448,-810.236171763726
"354",354,0.432743136150887,0.443977983412509,0.00617603841299153,-810.33144515253
"355",355,0.544029757785007,0.391310000724599,0.00907241092921024,-808.821627512003
"356",356,0.615128246009543,0.444194181344334,0.0107679227078219,-808.93684403622
"357",357,0.636181455696038,0.415825209405795,0.00942218547732498,-808.293443054157
"358",358,0.585669943751147,0.427804396796678,0.0132249115136202,-810.428185869676
"359",359,0.560524703804637,0.523807468016092,0.0104134996654496,-810.411469762559
"360",360,0.487979290134368,0.634364946612832,0.00638180010513467,-811.455091661638
"361",361,0.398423051531375,0.449020628858837,0.00738731642263089,-809.521298541803
"362",362,0.658275663249064,0.458527127841369,0.0123451496556828,-809.777141014328
"363",363,0.676163939663156,0.440795016648904,0.00874284787786738,-808.756044539594
"364",364,0.588852032959442,0.352724278716964,0.00886430795907333,-808.570572923433
"365",365,0.586324242692524,0.374570631149347,0.0112269100534619,-808.663749256229
"366",366,0.575816583395999,0.391320485655047,0.00969258166984479,-808.360040092691
"367",367,0.594990654449338,0.39744100072544,0.00780262608848336,-808.534688425893
"368",368,0.595467803131274,0.421025408509904,0.00638258308777901,-809.908981232598
"369",369,0.450886825010202,0.53325560708457,0.0108662550568752,-810.486233573542
"370",370,0.537239583196278,0.284159342614719,0.0108951937145771,-810.268477243681
"371",371,0.527934073205943,0.277510277445646,0.0108495745065933,-810.334553879716
"372",372,0.379942101611604,0.505594526228862,0.00768917788089568,-809.44369065175
"373",373,0.746079051434266,0.547137252515632,0.00769552482383242,-810.460831178998
"374",374,0.302956708120128,0.470947901725637,0.00859841940800213,-810.064340763344
"375",375,0.456956908127398,0.509260110521496,0.00724144271526505,-809.549038030712
"376",376,0.354385318484197,0.3913244430703,0.00915120649515205,-810.243265928176
"377",377,0.645767156355856,0.469410423186824,0.0098060119245017,-808.859974560752
"378",378,0.552908428526919,0.296998838128757,0.0100835741892578,-809.909590678351
"379",379,0.484044481726275,0.482714065076874,0.00919092789618573,-809.326155603566
"380",380,0.470156985500022,0.507051348837933,0.0081921327633237,-809.330395528106
"381",381,0.465633927367136,0.455228932301405,0.00839695561840157,-809.141062446253
"382",382,0.659932572971461,0.455857329667613,0.0079484428943736,-808.750691811398
"383",383,0.408824632964016,0.483682771956895,0.00806647801124449,-809.252612198025
"384",384,0.369089628235401,0.459523187746319,0.0088637877037698,-809.472532354032
"385",385,0.442789581472277,0.438555630936145,0.00774604423242114,-809.289672792339
"386",386,0.441024080215095,0.467015117072603,0.00889342483468312,-809.205208793175
"387",387,0.720726917389471,0.513633178567281,0.00930196802757789,-809.492598452935
"388",388,0.647924047459588,0.408526603492354,0.0100678578376061,-808.7108799233
"389",389,0.575284656496104,0.384893495207522,0.0118662422466826,-809.021191090921
"390",390,0.567071586994634,0.410953014243948,0.00960014534235827,-808.739946603234
"391",391,0.361206376260185,0.449110638379757,0.00888211602713245,-809.575335675586
"392",392,0.723039718786738,0.447513890774426,0.00794361333117378,-810.534364965715
"393",393,0.250259681237147,0.486595621218311,0.00730601515355078,-811.131691567001
"394",394,0.546981140602303,0.371787615567299,0.0130164453649616,-809.918615391603
"395",395,0.628906356662677,0.401652057284328,0.0114520235367727,-808.985029662976
"396",396,0.645713293153413,0.465831505137002,0.00743358250435,-809.224532200585
"397",397,0.429730034773883,0.559811459171153,0.00849465846027737,-809.668388331697
"398",398,0.451306481971913,0.506562376345553,0.00732127260721312,-809.492902952254
"399",399,0.647790563598793,0.410929381798495,0.0103837102592413,-808.761969393152
"400",400,0.620908894537597,0.374824259661738,0.00893401638081321,-808.670896650483
"401",401,0.566445948510687,0.315051119084388,0.0109674719377355,-809.674888249005
"402",402,0.4058599870167,0.38012458855163,0.00871180559311797,-809.834577618698
"403",403,0.307804784711051,0.480208396492828,0.00708160047773076,-810.284966867092
"404",404,0.537315369197444,0.49317998723839,0.00658932832583563,-810.135190070537
"405",405,0.446093886049422,0.527221093193782,0.00637088547749688,-810.209200713685
"406",406,0.29484854648698,0.477505426340732,0.00921380352517839,-810.261183519618
"407",407,0.541867068554086,0.448951577632616,0.0117680033062951,-810.40781512556
"408",408,0.63777077543319,0.418196478183216,0.00703099279736107,-809.048380375984
"409",409,0.618518689774426,0.4070095173329,0.00866226908569834,-808.223594888167
"410",410,0.327522657320299,0.588028960988354,0.00847745345954761,-810.127253790847
"411",411,0.435241973269423,0.582171022680248,0.00813664539435856,-809.891301912973
"412",412,0.58237805851009,0.587091099976827,0.00664822536236585,-811.328978711177
"413",413,0.288761087496785,0.464476739669751,0.00901325762401185,-810.375944534119
"414",414,0.490617143608479,0.627785094114078,0.00664555649831532,-811.184659186991
"415",415,0.735997819682725,0.529539364365788,0.00835073034567918,-809.887583563032
"416",416,0.701399559715786,0.455553527821318,0.00857913340944478,-809.247291706258
"417",417,0.573956848889841,0.445829047215761,0.00923847673332,-809.085881806783
"418",418,0.480997691849817,0.600546653446051,0.0065329318105637,-810.862588008666
"419",419,0.42411013140488,0.498825255974567,0.00886127765642996,-809.300219414975
"420",420,0.31212681302525,0.339740341698161,0.00816291504959898,-812.181650698711
"421",421,0.382332583935126,0.402536391403204,0.0103632233608127,-810.2195113481
"422",422,0.582842634812306,0.384645366961667,0.00724601042279831,-808.91764331941
"423",423,0.320501875196302,0.387843432281221,0.0103872017180207,-811.200049437123
"424",424,0.4999302826149,0.466677479840535,0.00672303559321248,-809.801324742073
"425",425,0.409748932441274,0.577801655217394,0.00600155592771517,-810.894677531464
"426",426,0.431826877692841,0.569199256262066,0.00919877529147351,-809.917341219565
"427",427,0.437286860308523,0.37328583599053,0.0106330988454673,-810.150031395686
"428",428,0.611730184244271,0.393943720357941,0.00770920428124198,-808.544155888278
"429",429,0.580650671924866,0.426799681663277,0.0117813575964922,-809.564559707659
"430",430,0.642979283457884,0.408257948471447,0.00788271777543122,-808.687229683704
"431",431,0.575438488947693,0.376246471688621,0.00763889339252258,-808.705599176322
"432",432,0.62750888463367,0.454745104809951,0.0105579639093287,-808.931343990854
"433",433,0.672660626660706,0.450803560625387,0.00994152093819691,-808.726690330726
"434",434,0.585921623850411,0.36782556772383,0.0121062940514176,-809.172842002164
"435",435,0.524914897370762,0.423993982366294,0.00716769741182454,-809.509969728347
"436",436,0.357231924592424,0.841299749345239,0.00937047751766651,-813.347628463226
"437",437,0.162788561128073,0.60505412947036,0.00718213347111639,-813.403476793233
"438",438,0.473611548164486,0.48597775010792,0.00968950290494921,-809.495132531352
"439",439,0.488349425458663,0.425718436488465,0.00806139217242704,-809.181792418895
"440",440,0.468312967822033,0.316413652349248,0.0136656103155586,-811.428313129048
"441",441,0.504021295309077,0.388151768146989,0.00917230174607632,-809.187061237783
"442",442,0.593663176466286,0.385052338208862,0.010099530694036,-808.26568397745
"443",443,0.59139026011634,0.406974714885726,0.0112182985690591,-808.777355117459
"444",444,0.516197262311067,0.529946793300658,0.00662041294615827,-810.270136196306
"445",445,0.305447628869835,0.432646597611596,0.00909792666863554,-810.395613925628
"446",446,0.486206752071852,0.413519863462358,0.00751628093174097,-809.393841822178
"447",447,0.581643824557961,0.561343983078223,0.00690694289259335,-810.813865341844
"448",448,0.307919785251605,0.540206812245179,0.00691070251605196,-810.346690817353
"449",449,0.764640950907719,0.513633301074698,0.0114455157174701,-811.359293128199
"450",450,0.267020778477478,0.54662727459796,0.00811789625409774,-810.52135839343
"451",451,0.314826605589517,0.484414223243792,0.0100092966065488,-810.291252992531
"452",452,0.616016093967407,0.495812389365709,0.0105834134934409,-810.042916630007
"453",453,0.599796937868494,0.630052689878088,0.00797758946585321,-811.613192311744
"454",454,0.546244739264619,0.409512168957468,0.00809985340324171,-809.044728502592
"455",455,0.499261046293887,0.528595893347001,0.00901439707827652,-809.661069714114
"456",456,0.328816878086881,0.758717196668883,0.0073325171132996,-812.08287179913
"457",457,0.319701001807496,0.602090149658641,0.00700162326615352,-810.562625637503
"458",458,0.768559459530572,0.555271835021392,0.0112744879260139,-811.159431465914
"459",459,0.508863130414596,0.350984832709801,0.00716124315604489,-809.952271667788
"460",460,0.498545551639266,0.468896700856343,0.0100703346481479,-809.587410382878
"461",461,0.575684576616845,0.460435683818536,0.00735221599805892,-809.551217128536
"462",462,0.511115040982084,0.52440397271929,0.0104458093347458,-810.272110221322
"463",463,0.627715406521395,0.380709028624899,0.00738847373732373,-809.175782475012
"464",464,0.39339885596478,0.65783378425733,0.00877085112091443,-810.858670625424
"465",465,0.392665324920065,0.479958813971214,0.00903656944947606,-809.359727770787
"466",466,0.51323139096239,0.314050524535997,0.00777125286801541,-809.700253171813
"467",467,0.516404204388936,0.456911550726502,0.00634357311770465,-810.159455268146
"468",468,0.418096586546359,0.685984386928047,0.010889224579235,-812.522823199654
"469",469,0.448146581114148,0.796338134335264,0.00542035213617461,-814.801329015407
"470",470,0.335023252411932,0.808605249601103,0.00856532959922028,-812.57280709541
"471",471,0.302693783573369,0.803508981392345,0.00803667596197964,-812.318301617415
"472",472,0.326995383858064,0.340872619120062,0.00952875170002037,-811.766687170779
"473",473,0.637346269687321,0.38765146081228,0.0070331265219189,-809.493412352686
"474",474,0.547480493478325,0.447444440001614,0.00919887266577498,-809.177952047974
"475",475,0.602482066349619,0.385233436925738,0.00934186193143295,-808.192257247514
"476",476,0.547905524689249,0.405895916749842,0.00777832458761406,-809.132852397069
"477",477,0.240323374266998,0.436804670614817,0.00808531758882456,-811.70052379099
"478",478,0.348473714925486,0.575925613335541,0.00849177611491606,-809.912858630976
"479",479,0.566196482335371,0.606634929733279,0.00612403762663553,-811.913975942403
"480",480,0.461986922731646,0.470405727834322,0.0102468959765027,-809.678583461671
"481",481,0.344123562320431,0.527664804879308,0.00906028664163228,-809.730806590914
"482",482,0.675171024829951,0.593912888084413,0.00883194649076935,-811.559854891883
"483",483,0.663630637642662,0.679352173645436,0.00828628118009979,-813.123965690845
"484",484,0.632126477390275,0.516250708763754,0.0088160603802524,-809.950514807931
"485",485,0.753493661448703,0.523222222065329,0.00857972547580613,-810.084113798757
"486",486,0.643356002801597,0.358487171097863,0.00923043890994167,-810.448228394472
"487",487,0.638875797715506,0.510310345654993,0.0112071556206316,-810.485554041094
"488",488,0.660885745666575,0.421355805820698,0.00975084542412966,-808.732512308353
"489",489,0.451711401623511,0.398784681326422,0.00728332229750886,-809.705046105593
"490",490,0.453951163970777,0.561134241691555,0.00997262845778252,-810.215655661518
"491",491,0.319162299079762,0.567453284021838,0.00847810407367415,-810.024974577949
"492",492,0.595932616435628,0.434632334419208,0.00770209825098099,-809.021898252919
"493",493,0.356097622822341,0.427279447558795,0.00872000185344582,-809.752206127714
"494",494,0.453014571266811,0.434818714178707,0.00967259855178114,-809.383834715364
"495",495,0.532813293147938,0.53866925478239,0.0106722466861805,-810.660155164152
"496",496,0.447382723481283,0.614259047904153,0.00806729329462848,-810.314341587278
"497",497,0.277361142857893,0.501564784649003,0.00691743975265171,-810.746638719496
"498",498,0.670283877782557,0.498288746669067,0.0129622913494628,-810.861931751962
"499",499,0.668616197984884,0.439455917104699,0.0110074524293762,-809.114342902834
"500",500,0.565301955524748,0.495460513646935,0.0100127403618955,-809.870890675116
"501",501,0.503782840277259,0.441045925216628,0.00694975436773157,-809.627581993798
"502",502,0.609270202554936,0.635756828516174,0.0113421230664046,-813.197865292078
"503",503,0.488928896860153,0.589359602268694,0.0114086575052736,-811.708976362908
"504",504,0.445053640258651,0.310445989954455,0.00939928804949638,-810.528345654367
"505",505,0.576137569726153,0.831364947439025,0.00634583530185586,-815.74692682119
"506",506,0.636684021378887,0.660931958987525,0.00898809043556759,-812.602436952849
"507",507,0.181161389772379,0.564749301296351,0.00741258071180046,-812.785913814909
"508",508,0.452607545673348,0.561996422327906,0.00978403644458935,-810.125773061872
"509",509,0.346288143388459,0.468938839812071,0.0103160635559548,-810.16068603587
"510",510,0.718986540561836,0.540643969101206,0.00830903883908022,-810.098752665697
"511",511,0.783193673298343,0.554045358017058,0.00930899828740573,-810.794000047635
"512",512,0.458932785827866,0.524647713629361,0.00967963452069109,-809.734413412175
"513",513,0.48738412201509,0.462550581586714,0.00843042765968862,-809.156729767356
"514",514,0.516213909034063,0.461489025842703,0.0090338010726888,-809.226446732822
"515",515,0.370117261975695,0.337502443629436,0.0120994501112746,-812.233674388689
"516",516,0.511187235128154,0.342880706331474,0.0126233371163798,-810.021403971387
"517",517,0.549082322071467,0.35909980014237,0.00818569972349663,-808.730076820863
"518",518,0.587196975893804,0.383761609282463,0.0102843590202985,-808.318203710188
"519",519,0.565345873224197,0.342996791186336,0.00892208054795504,-808.523018594576
"520",520,0.440034450797243,0.373253787490258,0.00911127326698617,-809.676430314556
"521",521,0.575556681288333,0.376607696222332,0.00925688684676417,-808.250663379555
"522",522,0.597030743234668,0.500325093747544,0.0103635475300403,-810.105205944488
"523",523,0.540989159362671,0.316085655167028,0.0120151757368317,-809.552054769146
"524",524,0.511439200101316,0.299912802352139,0.00807559505178702,-809.751670130156
"525",525,0.516998313746893,0.42629145341777,0.00812784975268055,-809.140476363538
"526",526,0.603055340364774,0.402822899838311,0.00946330707086795,-808.19159883615
"527",527,0.632765826223711,0.388775136068011,0.0106118580840561,-808.929336117752
"528",528,0.632570743787309,0.451562090766504,0.00677206977196838,-809.587556185423
"529",529,0.570697348902316,0.420394122150903,0.0110964062497929,-809.267016132359
"530",530,0.583595950356989,0.3620236839206,0.0110898574644383,-808.705444304613
"531",531,0.543173109887063,0.427189798091431,0.00592929200501742,-810.694771573534
"532",532,0.517116618305443,0.485891045988633,0.00725733725318315,-809.582703914
"533",533,0.513646289803139,0.526574505847678,0.00775970113020951,-809.680085078785
"534",534,0.321159168283439,0.488781385121614,0.00895309723133209,-809.835986028976
"535",535,0.662870593848391,0.45446550486467,0.00601688596989015,-810.378562212421
"536",536,0.492308898753121,0.445679545304995,0.00528180457240675,-811.59252927439
"537",537,0.486317158852542,0.390416022002401,0.00996156772414145,-809.452433733521
"538",538,0.571864492072895,0.373596129822835,0.00834522939370402,-808.424125286913
"539",539,0.587787576189153,0.374371147828347,0.00891051949469504,-808.230008356849
"540",540,0.570657300126389,0.383079740602861,0.00893518862478567,-808.359040875971
"541",541,0.536532654696984,0.332731803953864,0.00952766411009098,-808.681016749861
"542",542,0.582914859731478,0.29777030402065,0.00822869481465633,-811.417717765192
"543",543,0.45470244900274,0.619086336942871,0.00959402388164182,-810.765426473349
"544",544,0.44238452301851,0.519166130469378,0.00985554429292087,-809.749037626528
"545",545,0.18969228286226,0.612186224731633,0.010873166476715,-813.326003696827
"546",546,0.474923869375702,0.548215179357608,0.00691967145441223,-810.03460282792
"547",547,0.362646802320169,0.583710624436629,0.0106812333205564,-810.891135266565
"548",548,0.467128705095512,0.343024727069065,0.0073671194206249,-810.31518745824
"549",549,0.551391905010899,0.531800277994507,0.0133899103496003,-813.034089904822
"550",550,0.580409851801281,0.563503321277564,0.00544987229967609,-812.366614795858
"551",551,0.61762114421184,0.555143062708191,0.00944849475820202,-810.68337655754
"552",552,0.291787414613862,0.626836471343753,0.00920126581154463,-810.96280384231
"553",553,0.316769637455249,0.649839639303437,0.00857699454336247,-810.869413811994
"554",554,0.460680336835935,0.62233464588182,0.0080376507674702,-810.478856085596
"555",555,0.392866676455214,0.487366681591919,0.00799518135475497,-809.310481394947
"556",556,0.335014849415037,0.667268037712914,0.0075601685235874,-811.004311384287
"557",557,0.432983699611613,0.802549642111188,0.00823575201761683,-813.327364933825
"558",558,0.748814369422703,0.894111604891112,0.00966585994543708,-819.335376106128
"559",559,0.0858078355459077,1.01010020203856,0.00803954278710827,-817.579561183044
"560",560,0.259657964370421,0.493835446572877,0.00909366752365668,-810.769514280909
"561",561,0.621907400939402,0.376213340647477,0.00958537939578824,-808.688194318687
"562",562,0.522727399476322,0.407637934756219,0.00735744137492094,-809.430562192603
"563",563,0.574409979391715,0.364179533056846,0.00743410920472879,-808.861286600104
"564",564,0.555849585733483,0.462274965918356,0.00867891311217163,-809.232056952884
"565",565,0.717979275865957,0.468490913285048,0.00862755053080216,-809.563299815941
"566",566,0.427805063223582,0.416933978609604,0.00860136273226117,-809.332611747557
"567",567,0.477381535115073,0.501916762476298,0.00878941188590566,-809.343617809039
"568",568,0.435642620207721,0.596202265124493,0.00743266967979789,-810.156851964058
"569",569,0.435627376481901,0.50662799903947,0.00934919463953313,-809.459475968926
"570",570,0.369303403399625,0.508747515762379,0.00901391544611447,-809.50955488498
"571",571,0.537147752397145,0.302556547063843,0.00977039779971935,-809.269250736263
"572",572,0.512270100743422,0.367040168361035,0.00852833939623254,-809.199537715314
"573",573,0.541400077740076,0.393717520966767,0.010933709611916,-809.261072693169
"574",574,0.40504678775112,0.554024811899741,0.00926116353427531,-809.771504246687
"575",575,0.420490530915055,0.543494192207991,0.00937787909024089,-809.723262754193
"576",576,0.608272285386976,0.392150178748933,0.010150356782993,-808.300628146422
"577",577,0.588158391177334,0.405577185055078,0.0101864028903499,-808.449575425238
"578",578,0.566065010232728,0.387723738884683,0.00833153920411258,-808.587677095212
"579",579,0.584412115895251,0.630854272154844,0.00682155729517311,-811.86845913512
"580",580,0.380006489426271,0.426496964518586,0.00896300026438423,-809.57953141695
"581",581,0.599302396223769,0.384394064337233,0.0100742881005816,-808.276090355111
"582",582,0.561836672720094,0.37357742239789,0.0102260239573493,-808.471505080911
"583",583,0.549980501598133,0.512347623888959,0.00687190125095509,-810.121068563106
"584",584,0.722556723649989,0.528675352452871,0.0101410963379546,-809.874296478583
"585",585,0.737646603339405,0.467354892376954,0.008485540930306,-810.451842398021
"586",586,0.679749372891006,0.430170403135465,0.0074827969312938,-809.409782257017
"587",587,0.55400944750574,0.313786146406878,0.00926656767583798,-809.138461414311
"588",588,0.520598590705186,0.355170141497478,0.0087901960616904,-809.031010468979
"589",589,0.43102453193697,0.462803503154758,0.00643050139146498,-810.014504206146
"590",590,0.446541826242168,0.458983069189829,0.00927008728642386,-809.270346204574
"591",591,0.481006547568381,0.485436117947954,0.0105707891818033,-809.946328537809
"592",592,0.605185555205977,0.382529966447359,0.0101430911104226,-808.351612382254
"593",593,0.580171011024936,0.395295237785155,0.00961970194770332,-808.338939057493
"594",594,0.517489295559467,0.370911150973314,0.00797928857526585,-809.289503187362
"595",595,0.589715180534548,0.520153374879068,0.00731818699795905,-810.159762552495
"596",596,0.541918560930074,0.538724963989235,0.00983201325998794,-810.233378693435
"597",597,0.437027402243525,0.409256981875333,0.00916703810641229,-809.394337323975
"598",598,0.630743336085292,0.429904576966092,0.00832205080850444,-808.398868492653
"599",599,0.50018933404874,0.551790466867815,0.00924523779662254,-809.968691415343
"600",600,0.427394771475782,0.437222461773417,0.00868320327077921,-809.240002724265
"601",601,0.584773506204718,0.607696659958264,0.00820262605853785,-811.109421248083
"602",602,0.597993894157731,0.439878984627538,0.0101250722413034,-808.887770684849
"603",603,0.660226838190933,0.460049516565726,0.00986973903959982,-808.651636112917
"604",604,0.641155730270136,0.429732667486922,0.00778159017109781,-808.600861487284
"605",605,0.631208891749666,0.404923216531429,0.00834806730028845,-808.390319299236
"606",606,0.616590442232461,0.366749908255344,0.00926690179062334,-808.799515715752
"607",607,0.546189796943112,0.505132402374629,0.00886481262695489,-809.586988535503
"608",608,0.420820610676241,0.486338162510509,0.00896503058111274,-809.282159411382
"609",609,0.729051206756798,0.571168202799779,0.0113437533753782,-811.41279600615
"610",610,0.587575621539459,0.44353917035307,0.00983211701600792,-809.029519595961
"611",611,0.481381652745984,0.410007715800512,0.00687545595972055,-809.795608356584
"612",612,0.713351783383491,0.552680732221124,0.0101958503446365,-810.525229929353
"613",613,0.631389200226821,0.386435142423986,0.00896120989410305,-808.634159989565
"614",614,0.585090671449117,0.398361598174846,0.00733497413263064,-808.915681216833
"615",615,0.429399648346645,0.556338376802732,0.00989098029960752,-810.074033006702
"616",616,0.36901852130796,0.548894807122364,0.0100244996524217,-810.134127954893
"617",617,0.375760030599282,0.483580073749544,0.0083375243692016,-809.356958037501
"618",618,0.556917954699793,0.528811009687963,0.00771537487898838,-809.930420738626
"619",619,0.537225087956768,0.331591091668905,0.00927789488448646,-808.697011017084
"620",620,0.375988840840976,0.661649881171415,0.00726718262096209,-810.935069499165
"621",621,0.440376713044126,0.385692567122761,0.00692359518922673,-810.134800431312
"622",622,0.356809025464509,0.662183189006239,0.00728830744290947,-810.951112783364
"623",623,0.34790571693512,0.430201989716981,0.00821772112610706,-809.813451377031
"624",624,0.636203016099085,0.415205355915107,0.00902003598085947,-808.28431777041
"625",625,0.432759847733768,0.486990528558369,0.00899915824214339,-809.277903179199
"626",626,0.303792007698843,0.742116055480663,0.00618130961869386,-812.55385531428
"627",627,0.302744748877984,0.948395778340043,0.0109261069691464,-814.643267315505
"628",628,0.195463399730565,0.713105497869818,0.00809834259924043,-812.411423288233
"629",629,0.606065927788306,0.65101046522286,0.00980000964946405,-812.445336726162
"630",630,0.557571074115993,0.273754204346097,0.00888101992897512,-811.847680143824
"631",631,0.429010588579605,0.525404178948446,0.0080130996784106,-809.398556399665
"632",632,0.356644495563308,0.448204955544715,0.00764068675144811,-809.703937688526
"633",633,0.348372165907278,0.475633802202528,0.0101651052281298,-810.052325450461
"634",634,0.603467830790445,0.343366700689642,0.00763268736364695,-809.674053190363
"635",635,0.492957906582056,0.461872790091571,0.0115743973500319,-810.495563123987
"636",636,0.679789603803767,0.510244074207667,0.00764060090051136,-809.825752951056
"637",637,0.476745835532694,0.436202478040654,0.00757207702504282,-809.307554089698
"638",638,0.426742622683226,0.542908566656571,0.00912692399784863,-809.639532690838
"639",639,0.271376064875625,0.572037957391802,0.00918022290203195,-810.720461533989
"640",640,0.634494533002572,0.367646168647909,0.00731123351905295,-809.945693926752
"641",641,0.39533822222634,0.409481757110773,0.0106588110941163,-810.215363260696
"642",642,0.623525686320165,0.450437899755184,0.00683433407385877,-809.593386046636
"643",643,0.623769240658411,0.440690812115982,0.00801778894899128,-808.680880569933
"644",644,0.629059966355662,0.445160469428017,0.00872124181237252,-808.524362232792
"645",645,0.587435651400537,0.39413608400364,0.00831247539839888,-808.377951762978
"646",646,0.646452957988585,0.407709534635837,0.00774984852408705,-808.824088438222
"647",647,0.59634464933643,0.46833865089966,0.00838592203532526,-809.281157261485
"648",648,0.382200722392449,0.713177354927096,0.00782403662255764,-811.591702467769
"649",649,0.313166315026777,0.52348599522498,0.00847690813702911,-809.8723879799
"650",650,0.746727696991985,0.518198723340643,0.00789213673667083,-810.10027533867
"651",651,0.577048708493941,0.496936728691727,0.00888501861657514,-809.60191356176
"652",652,0.636778128453259,0.406377389291449,0.00881533074183082,-808.378986598243
"653",653,0.63803592926893,0.471664249575206,0.0106527294519212,-809.221085639934
"654",654,0.71950324498971,0.501499350372304,0.0102988319478225,-809.597127540694
"655",655,0.553528992046228,0.387713370351814,0.00884857287625912,-808.669350529644
"656",656,0.626101932017433,0.476519925171425,0.0082920882538594,-809.264990376457
"657",657,0.418838373550053,0.448695370569775,0.00702335540254773,-809.631839335423
"658",658,0.384431476979454,0.509639555838451,0.0081504517357674,-809.370060579055
"659",659,0.440601244824363,0.600962317147075,0.010470880288665,-810.966861713675
"660",660,0.408890471760214,0.390113956135597,0.0104343524896514,-810.13867109716
"661",661,0.539795679386436,0.395754631326507,0.00680119584805541,-809.788974408825
"662",662,0.268363948806603,0.584924447380343,0.00970527392158292,-811.061719388959
"663",663,0.747511389354238,0.494571530547791,0.00834997945520176,-810.204041743531
"664",664,0.435021718412687,0.563950281023813,0.00951839399257286,-809.987228273389
"665",665,0.794297727926404,0.545084833033419,0.010115670234911,-811.394602718096
"666",666,0.549762372864902,0.404729982316018,0.00719894858338177,-809.431648946944
"667",667,0.316605984304902,0.399308917661485,0.00849687933222163,-810.620052538344
"668",668,0.677878423854388,0.502887261249096,0.00915346824102651,-809.295251242907
"669",669,0.676410464867445,0.434633037055646,0.00660215025700246,-809.904924968747
"670",670,0.626999841154217,0.399321856621759,0.00868254613915506,-808.32906856386
"671",671,0.60006111256937,0.432429013963183,0.00662215076485697,-809.74408905391
"672",672,0.594176520399447,0.48102718731021,0.00695960256505805,-809.994707503132
"673",673,0.464644677910326,0.495852403065901,0.00695568222709923,-809.654146810918
"674",674,0.415314583151383,0.584087726999097,0.00722133038402043,-810.061024136427
"675",675,0.584691532650618,0.482538748614964,0.00827949007462684,-809.465817636836
"676",676,0.648908249458865,0.472851906693782,0.00900639049622856,-808.851594738054
"677",677,0.530950607022572,0.581157636896696,0.00755607958783676,-810.418502895425
"678",678,0.495043254868031,0.601648491793445,0.0107695186139685,-811.411753596422
"679",679,0.340147047822219,0.518464443816506,0.0100807794040996,-810.137204755749
"680",680,0.540431857843615,0.504013392098863,0.00961404915093397,-809.748038535947
"681",681,0.685199520076331,0.519956573151293,0.00885760557450772,-809.687510026732
"682",682,0.363719081312485,0.435811629671421,0.00669918114611258,-810.248934055969
"683",683,0.604067461277204,0.401512384173223,0.0107181141654899,-808.455204664508
"684",684,0.656021394003203,0.401538434680691,0.0108245626948024,-809.436393600587
"685",685,0.571282549225518,0.585983456410146,0.0124450049574575,-813.032954553208
"686",686,0.305880104877886,0.35239900711156,0.0113656799864019,-812.696259663253
"687",687,0.260518277376458,0.61162382623598,0.00626311216083309,-811.794528851936
"688",688,0.309160370639197,0.540164552444648,0.0116127998553584,-811.609444377599
"689",689,0.292959133888285,0.434797119169566,0.0100367817010959,-810.899825563179
"690",690,0.714592732141597,0.524469365761312,0.00976041270833211,-809.693036827715
"691",691,0.299369765351989,0.81032128258144,0.00945110718672079,-812.663690312351
"692",692,0.188413600771049,1.02136295680238,0.00893966367112854,-814.439487541322
"693",693,0.194742063356388,0.753857802521909,0.00999392108146948,-812.979267976658
"694",694,0.40449208618776,0.314487154032445,0.0118497789885195,-811.854706440441
"695",695,0.445268984564699,0.466275953769396,0.0100297668791188,-809.569346665909
"696",696,0.506923711417302,0.371385335008745,0.00882272959698443,-809.205135354108
"697",697,0.490836001940903,0.446336034970993,0.00859674436231946,-809.128427884231
"698",698,0.698861144364346,0.47578407443617,0.00954472047159037,-809.031172869085
"699",699,0.620648964917374,0.418181619328684,0.00699643940507954,-809.050490354255
"700",700,0.48590242019406,0.407334945193427,0.00996888871280929,-809.42516223289
"701",701,0.628230114408985,0.386692187253605,0.00943965408935784,-808.562426121823
"702",702,0.633257435478889,0.395738477349184,0.0109116858509659,-808.90655937254
"703",703,0.367889491047897,0.2637790990465,0.0128568499257892,-814.285702790734
"704",704,0.552763343109813,0.637288477749937,0.00995192773874846,-811.837956933549
"705",705,0.268783970976498,0.428711933100196,0.00968048108766384,-811.307832590679
"706",706,0.605370758986154,0.412149059959926,0.0101447859759752,-808.351074421369
"707",707,0.594497963600455,0.384874140781256,0.0109581121040818,-808.53305909189
"708",708,0.625866542205911,0.399000280329858,0.0116401289991182,-809.069899664962
"709",709,0.591024400893925,0.387158685082959,0.0075927267491111,-808.634658015339
"710",710,0.609034239656032,0.417349200005813,0.00757641782813664,-808.707481158429
"711",711,0.452671689672758,0.394429741037099,0.0079273992017438,-809.48081989115
"712",712,0.595343466866119,0.647097941604212,0.0076352165449576,-811.910077861228
"713",713,0.46645531841053,0.634229059198182,0.00828184109332054,-810.677970104123
"714",714,0.404791477839119,0.574650832252688,0.00771682738604038,-809.81643016922
"715",715,0.281204917722032,0.866108832204444,0.00627527338777217,-813.61737628104
"716",716,0.303244381383103,0.437415283273058,0.00950715431769858,-810.490932756033
"717",717,0.700338884164553,0.524625677168709,0.00972595991297173,-809.731763933217
"718",718,0.702630198910563,0.477336816498839,0.0109021865195456,-809.532921638145
"719",719,0.402637043942535,0.49452499944667,0.00710368719203877,-809.577574990874
"720",720,0.309498769065139,0.431136855362696,0.00773659087147112,-810.389968661222
"721",721,0.620407078412587,0.363492570742322,0.0099332966396959,-809.145166341415
"722",722,0.329648025173377,0.425424371166975,0.00780261289614267,-810.153553502533
"723",723,0.555506072031468,0.439904354927909,0.0101496418373961,-809.343971161243
"724",724,0.620354288159717,0.401600136253903,0.0103242685682063,-808.389938895438
"725",725,0.577821151673116,0.412259491186369,0.0081415527743522,-808.750335164112
"726",726,0.409075190683733,0.501598329777824,0.0117068545454463,-810.921104280734
"727",727,0.5722237177814,0.374180250493697,0.010824138559648,-808.532764569285
"728",728,0.630358049371614,0.406365478510486,0.00742945486482251,-808.758824060645
"729",729,0.43734051907758,0.468117351195395,0.0108628480627296,-810.06710670363
"730",730,0.429968369937329,0.403766331912439,0.00792606277303675,-809.501789633147
"731",731,0.470799487654154,0.486542817967178,0.0099812582518989,-809.623774435799
"732",732,0.33534672329867,0.499665049808052,0.0129047249261951,-812.452749058074
"733",733,0.398212581376154,0.371272456609428,0.00831442160741516,-810.066193261196
"734",734,0.383123017582949,0.471621026346719,0.00793076233253978,-809.365386216421
"735",735,0.348767453927971,0.551953949387468,0.00876821194161639,-809.77124075325
"736",736,0.777929000880996,0.543889348602846,0.0108886115733206,-811.165539825536
"737",737,0.200582382744628,0.644894930348016,0.0122757468802981,-814.328433037328
"738",738,0.446359211555174,0.660893685552768,0.0125278946858398,-813.756590574366
"739",739,0.318352161556205,0.67238031301911,0.0120221418989529,-813.396688264487
"740",740,0.287046292043106,0.355791733469997,0.00665402221617199,-813.138471325442
"741",741,0.507248765254052,0.337161629951126,0.00939545200789278,-809.18724498691
"742",742,0.567148423324962,0.380236115282067,0.00816175629660149,-808.571493551569
"743",743,0.56496055468923,0.633834144452039,0.00854117721255996,-811.386410684266
"744",744,0.36000641831026,0.411194433076971,0.00894702096430748,-809.895443565368
"745",745,0.424790917633242,0.588717030061523,0.00701060613802605,-810.218841348389
"746",746,0.433490258157263,0.564598822954275,0.00916828585536195,-809.862762273613
"747",747,0.436556235893808,0.37099302960084,0.00857453465072406,-809.721746367092
"748",748,0.411909498754454,0.469699524571988,0.00744331872479027,-809.394684294227
"749",749,0.579716399145274,0.690156132011408,0.00860487354411612,-812.517752064256
"750",750,0.31272831745514,0.449317719253161,0.00920750970798827,-810.162667313832
"751",751,0.63863863786148,0.351694255801201,0.0109248177003097,-811.117344089775
"752",752,0.43542405161829,0.354412752787428,0.0126137753493972,-811.548589794091
"753",753,0.502410220904787,0.361801156007169,0.00723745094384095,-809.867659924149
"754",754,0.651007708513164,0.483385074192496,0.0109965314350839,-809.493598451654
"755",755,0.214929177206191,0.480096549326979,0.00727847075498581,-812.124690024518
"756",756,0.346357289267855,0.517923058312031,0.0074031738407436,-809.731530616822
"757",757,0.504265691246874,0.395140022297951,0.00669813401840525,-809.994743986021
"758",758,0.435155688834822,0.420226810077813,0.00825858829347315,-809.297639862324
"759",759,0.300889265089285,0.561618695137266,0.00623018716786886,-811.028474460373
"760",760,0.518139340033569,0.420215890756805,0.00717830097504185,-809.511594497074
"761",761,0.484805570263172,0.31081282731956,0.0090353409796836,-809.780430992147
"762",762,0.532579092743977,0.483552834965218,0.00865148700514102,-809.342417993683
"763",763,0.426400453101343,0.542869736331208,0.00784160139092003,-809.538748206513
"764",764,0.366227736213731,0.446199263141943,0.0078206937049636,-809.589505957884
"765",765,0.594746276501261,0.344960928662876,0.0074314111103941,-809.455797545796
"766",766,0.557798303248904,0.404146678003367,0.00853009255507349,-808.810674289405
"767",767,0.555157988139308,0.415212161101452,0.00839473291204164,-808.947343922066
"768",768,0.493937258178305,0.478024385257557,0.0081393478037373,-809.23458052351
"769",769,0.381821228935032,0.482613885385742,0.00743268988524302,-809.494906525225
"770",770,0.477187311852202,0.433536731348018,0.00676059701700593,-809.774246523672
"771",771,0.518964728306497,0.590713800046214,0.00711325237766272,-810.620663627936
"772",772,0.49059929026884,0.37925287374371,0.0153209539382908,-813.10543280921
"773",773,0.41543613596773,0.450869375090677,0.0156279774056238,-815.086488317955
"774",774,0.385525159855979,0.481271714188735,0.0113376145613476,-810.605843806891
"775",775,0.425189759322305,0.440510109205916,0.00570006774089159,-810.975318089722
"776",776,0.396071619526763,0.493611452394509,0.0107503233930781,-810.173509323685
"777",777,0.62436010685226,0.377948506543403,0.00955092878643066,-808.702868592483
"778",778,0.562711719906472,0.356378905874988,0.0101712957139488,-808.424469047766
"779",779,0.510129078599865,0.339820584117223,0.0103509526015807,-809.19038807982
"780",780,0.475074409629472,0.539319449646317,0.00661323213380085,-810.168115243926
"781",781,0.489305044459589,0.337913427343822,0.0110511969959903,-809.805497218608
"782",782,0.482555875370161,0.276835466376761,0.010869516776026,-810.05105036673
"783",783,0.499292542581819,0.487911563820946,0.00905291570437489,-809.349302910799
"784",784,0.69103586961896,0.452748167359823,0.0108702322028097,-809.449578325336
"785",785,0.635040276596217,0.362589661392783,0.00818472839827969,-809.830774032245
"786",786,0.434405380072602,0.60011937463264,0.00939299808768876,-810.353976558082
"787",787,0.386988541544099,0.555801858326327,0.00635179158665332,-810.388460593435
"788",788,0.479831991531482,0.414138917205357,0.00945258403409578,-809.278212134149
"789",789,0.679336006056439,0.414385404666569,0.00904968012579091,-809.496848935451
"790",790,0.568148410557602,0.381388169366685,0.00834172777728483,-808.504483757433
"791",791,0.495952064121149,0.485762337981039,0.00842563108773742,-809.260888016905
"792",792,0.582641375719048,0.330404013410804,0.00920182652436069,-809.165439441666
"793",793,0.55574776953327,0.360461639099514,0.0112349372318095,-808.778664159096
"794",794,0.560424889387991,0.335668225795539,0.0112611929146827,-808.98746835258
"795",795,0.614364720841083,0.499939092169428,0.0106172101634636,-810.156315786479
"796",796,0.378966600636212,0.493047916434185,0.00614831374932434,-810.407829997478
"797",797,0.712674538872202,0.498333035859854,0.00737508959962874,-809.733367622671
"798",798,0.614651437183426,0.449893611518515,0.00750482802257749,-809.180131893873
"799",799,0.618664182024419,0.549595342114268,0.00906097697331446,-810.503442127961
"800",800,0.808352541798848,0.605461269124703,0.00876535030558581,-811.699981626438
"801",801,0.387972813567702,0.469733870077126,0.00925426319332669,-809.432887870798
"802",802,0.224819460877325,0.64376270624493,0.00698986703720795,-811.969407696324
"803",803,0.556578001860897,0.525167110403042,0.00981705623246915,-810.120313682449
"804",804,0.406941455285664,0.43184389604298,0.00969693127101849,-809.570859014301
"805",805,0.653023912213416,0.368572802913915,0.00815123800385152,-810.48001374995
"806",806,0.507600021212712,0.469502221751664,0.00851111375110564,-809.204718222751
"807",807,0.387742738473886,0.474726455462239,0.00628013918544506,-810.256668400683
"808",808,0.3815513371558,0.510261733292261,0.00817375935025388,-809.380559285185
"809",809,0.453606580512542,0.512140446843591,0.00757274784605641,-809.435037698949
"810",810,0.533046624410313,0.434921456279835,0.00798749157701918,-809.171373058923
"811",811,0.290620953476785,0.439521365705799,0.00682513194607781,-811.052459548692
"812",812,0.584151681664416,0.453175120431975,0.0128116219001936,-810.780446561318
"813",813,0.566194642684408,0.382714256460899,0.00612589974368667,-810.26064761191
"814",814,0.524545597718916,0.387121575553607,0.00665927139275229,-810.018310692805
"815",815,0.648696132389684,0.480624586166645,0.0101462848013545,-809.158241918282
"816",816,0.634816124876772,0.494190740009401,0.00922599441654037,-809.501330930696
"817",817,0.490106874039994,0.303154708237177,0.0106187348851933,-809.621902023317
"818",818,0.522015488731626,0.35040605084914,0.0101826556537984,-808.976649054638
"819",819,0.545624763413936,0.383072979697787,0.0088236959581714,-808.754252040839
"820",820,0.480950557922509,0.400356532864183,0.00791468045910204,-809.334671752785
"821",821,0.54535848100141,0.535054835872296,0.00841834233513433,-809.856707265935
"822",822,0.55642017817535,0.507169063620688,0.00811096605952826,-809.636231195371
"823",823,0.591099155776487,0.505716418393024,0.00717238989301486,-810.087549488242
"824",824,0.359750908672333,0.513749391041985,0.00961664629128756,-809.773633398925
"825",825,0.552405372469688,0.397164141895417,0.0101754815397314,-808.881660208942
"826",826,0.641186933061832,0.416275360784629,0.0100049624205469,-808.451883638288
"827",827,0.461203109986479,0.404208813124283,0.0108301330876966,-809.945314586556
"828",828,0.424733619084307,0.411407464740201,0.00696323861945055,-809.894000534928
"829",829,0.344201254426733,0.529935466128196,0.00686918645114272,-810.039617324814
"830",830,0.404276956454865,0.615194952157153,0.00870636791258673,-810.277864152521
"831",831,0.374587351996836,0.422503449441022,0.0072949152566967,-809.906522357119
"832",832,0.596539326071585,0.397926303694345,0.00653721238745465,-809.508199636139
"833",833,0.659646199804669,0.512739359613587,0.0103547776093343,-809.949666549006
"834",834,0.549217620272957,0.304848386429566,0.0103709140476593,-809.470556958147
"835",835,0.508115930152111,0.429997698622881,0.00870462887580187,-809.106113749274
"836",836,0.320671011590859,0.46072146333802,0.0129520882492667,-812.616708073452
"837",837,0.689593083593959,0.45892105403733,0.0103998386461442,-809.14462344845
"838",838,0.607474455893407,0.453775924478751,0.0107487855898138,-809.248111698817
"839",839,0.448273434208177,0.443866791765658,0.0104203605431473,-809.729781913336
"840",840,0.476913119787231,0.465451390797473,0.00923110408784036,-809.258632004759
"841",841,0.483700443289436,0.535871479093212,0.0070479579109182,-809.894420291362
"842",842,0.425182114731295,0.440772425646026,0.00638091484556397,-810.153860218798
"843",843,0.332182663810039,0.505519223597481,0.00817133307779897,-809.663441097457
"844",844,0.620102698607478,0.390734222188019,0.00806168822489248,-808.493466397354
"845",845,0.554312189989788,0.424455656036269,0.0100875666269291,-809.167014169522
"846",846,0.546020395621351,0.329377831006735,0.00930257123590482,-808.67396282446
"847",847,0.534503525263744,0.381153329603086,0.0101326101395258,-808.986038514934
"848",848,0.604806947123112,0.333477520839624,0.00922674232875042,-809.883775326071
"849",849,0.60582474371715,0.353067927325946,0.00969428012644452,-808.998414308902
"850",850,0.597238656399304,0.362182969154064,0.00921726261607882,-808.465631488126
"851",851,0.562796979806535,0.373747249700786,0.0106956795027298,-808.579013692579
"852",852,0.585375571897912,0.32656660582553,0.00830133500859652,-809.57668796026
"853",853,0.511057503261096,0.429622715245409,0.00955942045262129,-809.232834679734
"854",854,0.532155819189567,0.536179995322625,0.00631770439555105,-810.671229978958
"855",855,0.436386026635961,0.549641912368692,0.00861140484114345,-809.59955720008
"856",856,0.359882919539927,0.535441557642684,0.00648849990878947,-810.247994561123
"857",857,0.473216680755705,0.399339490764655,0.00919229989182431,-809.298339079633
"858",858,0.5836455665079,0.420810967573949,0.00828197908245254,-808.745927665265
"859",859,0.384362604692467,0.495206809279897,0.00794871372923016,-809.356730844964
"860",860,0.673043603504594,0.399585054948724,0.00960602619863342,-809.885209196725
"861",861,0.619271132809185,0.417316214576334,0.00870824688576386,-808.251595248168
"862",862,0.655122074651509,0.475276650044493,0.00807287848532424,-809.029918164783
"863",863,0.343101814508243,0.443616971019452,0.00891357510552138,-809.778041575819
"864",864,0.628289274223047,0.377376396005048,0.0106132386734975,-809.128307514007
"865",865,0.608477103524688,0.416001219564548,0.0100518402917349,-808.348324712132
"866",866,0.603089966491135,0.414830957793577,0.010736359994348,-808.571927854775
"867",867,0.562168170998641,0.430171699268078,0.00704529085514769,-809.5725828199
"868",868,0.575667172333365,0.454206461292236,0.0108042345942836,-809.670485623985
"869",869,0.579262092759389,0.425278633262665,0.00851958997371727,-808.804198874908
"870",870,0.31230663203088,0.831393856640543,0.00818077879201742,-812.614106234467
"871",871,0.211273613380968,0.698286265785434,0.00987151646093291,-812.486257192075
"872",872,0.253471103206043,0.959398494978287,0.0086073259892111,-813.596756134675
"873",873,0.327117267765095,0.842518304590625,0.00849116245333748,-812.839280642808
"874",874,0.445724808839843,0.575977564384051,0.00983307648591409,-810.28948941731
"875",875,0.608173606721279,0.503290716453901,0.0116945593033448,-810.883794589226
"876",876,0.744232981144615,0.539985918773999,0.00732319924196699,-810.534398245549
"877",877,0.605873645638737,0.406363635477293,0.00774776870882886,-808.543152740582
"878",878,0.561108716213639,0.329015902770468,0.00784580992803725,-809.146227042919
"879",879,0.554935276357984,0.338492790521164,0.0118373248012718,-809.158869243348
"880",880,0.529373079564612,0.359938497582316,0.0114039166533323,-809.250026447696
"881",881,0.561171477605903,0.373359708437829,0.00983670597778518,-808.417618645472
"882",882,0.63393561188991,0.464634395057378,0.00934927803476399,-808.828734354746
"883",883,0.635952467961896,0.439603112089409,0.00712453091094466,-809.085876356935
"884",884,0.543046829696245,0.570879926928242,0.00886335809876773,-810.334107265738
"885",885,0.741228126162876,0.547767907546494,0.00998595894188716,-810.255072031044
"886",886,0.491322664647319,0.273701838372472,0.0093988740302347,-810.057473884319
"887",887,0.492590826869024,0.548348818880879,0.00713621281526321,-809.995602975676
"888",888,0.470548449759082,0.488755743587417,0.00670814896717945,-809.807637337974
"889",889,0.680546450281533,0.498099290295132,0.00711610681351813,-809.865096601477
"890",890,0.425143448791803,0.381626457992225,0.00911753874805845,-809.69096641866
"891",891,0.665843645777795,0.400124237244125,0.00755642750840409,-809.765824069689
"892",892,0.64752155776561,0.41188791225826,0.00939156103016117,-808.513782805792
"893",893,0.645561153700964,0.447494337697515,0.00618924309388509,-810.089815874611
"894",894,0.350826877660943,0.457911798457334,0.00919323876398856,-809.686385412922
"895",895,0.687271793988176,0.511187493308991,0.0111696033247776,-809.945282357169
"896",896,0.701434430876789,0.51276839655118,0.00798708365816935,-809.60781487275
"897",897,0.45027925824208,0.444898527182973,0.00930011848944264,-809.268493155641
"898",898,0.340126610960549,0.52324190273947,0.00983641780153535,-810.03133103854
"899",899,0.719863754003505,0.556887737634723,0.00708554612350802,-811.147089469178
"900",900,0.347566707868169,0.438313109906004,0.00658251205544605,-810.47145658043
"901",901,0.689255605735803,0.500141030744464,0.010482019842697,-809.421524852389
"902",902,0.684917025006083,0.495501369716346,0.00904160589193146,-809.098069473181
"903",903,0.650495353758151,0.514112862739907,0.00939555431969764,-809.865823554925
"904",904,0.37786500487823,0.504769937414038,0.00768397557148785,-809.451236617227
"905",905,0.555382229735576,0.328915384352715,0.00740619957817419,-809.385353456687
"906",906,0.544382965942469,0.324257975316779,0.00654406295147425,-810.296091305051
"907",907,0.552709633320487,0.565345254452131,0.012224468441689,-812.384902522154
"908",908,0.809238410878583,0.587047644835431,0.00899041366492358,-811.488557931367
"909",909,0.583501351365019,0.512198211718099,0.00769537925723707,-809.896564633027
"910",910,0.310476879548362,0.564168509836619,0.00640841655514476,-810.780899804037
"911",911,0.438545164256319,0.534887848939956,0.00800572842957259,-809.472534486198
"912",912,0.422535585327924,0.497931494183515,0.00823155636735533,-809.251680946496
"913",913,0.727954652559888,0.506430064887532,0.00952245484653668,-809.564047670065
"914",914,0.490923285583498,0.447074429162112,0.00740977504316525,-809.361154794431
"915",915,0.496519860297831,0.475322500716284,0.00670652972228633,-809.825759010791
"916",916,0.404595500538545,0.547095053257509,0.0100368009261395,-810.056960479827
"917",917,0.397463148439096,0.519445891784186,0.010967357555171,-810.457692118818
"918",918,0.471657710928543,0.427729177502454,0.00649650535497767,-810.026446922193
"919",919,0.281457469461216,0.468814583677998,0.00767412625112058,-810.50546949746
"920",920,0.751587765195377,0.550276541730903,0.00777118124483757,-810.511300909184
"921",921,0.804776800906222,0.582288290210307,0.0140468151292219,-814.239435917215
"922",922,0.652388172939686,0.478813098093723,0.0141708724566051,-811.545006360152
"923",923,0.637077793079376,0.41547515556277,0.00772056410517681,-808.610315445119
"924",924,0.669501175965519,0.528795130880827,0.00849174652260866,-810.107315358135
"925",925,0.568693382493882,0.449104168260903,0.0104336294848862,-809.482405311759
"926",926,0.378500710015859,0.492262502276275,0.0070679511159536,-809.675298822704
"927",927,0.707364735307582,0.469703037738431,0.0120620636130142,-810.406601449565
"928",928,0.715531024002528,0.511080716308921,0.00937767463340105,-809.426583705741
"929",929,0.343711494799263,0.482364732244413,0.00942180422079557,-809.758703606556
"930",930,0.495115468166107,0.271491113869428,0.00606701604467159,-812.81883814953
"931",931,0.457740349190405,0.342496439736608,0.00910560569889803,-809.900498882475
"932",932,0.586206957816096,0.398665281447695,0.0123093387352485,-809.306065494076
"933",933,0.487484943120823,0.281156559661302,0.01786694563908,-814.661804014981
"934",934,0.467893649256542,0.272249855450071,0.00576390903799761,-813.854680045785
"935",935,0.459044355828037,0.831272059080154,0.00639797336626764,-814.489411859895
"936",936,0.306312682512747,0.405798642899534,0.00736688788407293,-810.963085914197
"937",937,0.487696114969822,0.703425736310734,0.00821420162744165,-811.914256135323
"938",938,0.207135038279913,0.453577047926993,0.0095001661875825,-812.63450484384
"939",939,0.612773494266044,0.360590934817083,0.00871835849099603,-808.918767298342
"940",940,0.565981177522856,0.3749482189081,0.00923976650087904,-808.342253248421
"941",941,0.61834315561687,0.440615925561371,0.010352740983393,-808.692399581183
"942",942,0.632922663961869,0.447026865477013,0.00956765647668667,-808.512751412422
"943",943,0.570544165509126,0.318368135402841,0.00886481611358743,-809.376278236489
"944",944,0.478258071802519,0.530177803501971,0.00851285828644388,-809.524070141531
"945",945,0.516927383942575,0.40292751117968,0.00786030392481796,-809.237111977106
"946",946,0.404812119541354,0.430874957577574,0.00774807759942228,-809.462155761213
"947",947,0.229833041359705,0.699854429816885,0.00803776857434282,-811.836748187845
"948",948,0.31822197723134,0.725652028218761,0.00766311223859172,-811.677288507716
"949",949,0.32912331329043,0.513854881583845,0.00765320187378766,-809.777765712716
"950",950,0.320531125626901,0.622540530256445,0.00771982389654733,-810.518636802609
"951",951,0.369447970726016,0.467095245711493,0.00762168073470473,-809.525342662277
"952",952,0.70023982858833,0.490088810638109,0.00730725407104708,-809.595147544101
"953",953,0.690711407791141,0.482279112266191,0.00823569410131222,-809.033365729294
"954",954,0.688176308713342,0.467385095191729,0.00777573455991678,-809.088500907112
"955",955,0.562032558337525,0.403539928225596,0.00788643848574709,-808.947277587003
"956",956,0.573892187554744,0.335989763916941,0.0069500732184666,-809.719428425987
"957",957,0.539104777659889,0.532795720008476,0.00755863794654533,-809.91863848796
"958",958,0.25003712931868,0.746727179869371,0.00710343437090907,-812.16434201632
"959",959,0.330133062491916,0.44030068973462,0.00776972909588117,-810.000394664733
"960",960,0.335263431243394,0.536703242866412,0.00958277702513366,-810.013959420336
"961",961,0.515844227743953,0.520148734547963,0.010491138847235,-810.268906789639
"962",962,0.527890864201461,0.418386350358962,0.0106817289550804,-809.551990158136
"963",963,0.52246098516965,0.475873247154695,0.00925736571915601,-809.362345127776
"964",964,0.714079544692453,0.472820693006722,0.0102573503471711,-809.599983320079
"965",965,0.560816822003529,0.358975385913627,0.00967690856802937,-808.366568814234
"966",966,0.565616383071584,0.374246297145227,0.0109972109362456,-808.650701456104
"967",967,0.618323727638567,0.357586744830757,0.00766626775265614,-809.551534331087
"968",968,0.381787769835074,0.710816640519183,0.00846771987254675,-811.595158554801
"969",969,0.383654681339383,0.376323366890167,0.00806705193028135,-810.17556457161
"970",970,0.381971191639407,0.534026164373516,0.00927351964046274,-809.658815128456
"971",971,0.391941297053294,0.658907726014891,0.00864729800509326,-810.844203645557
"972",972,0.424742881224879,0.639166669925676,0.00874830676664907,-810.649486548432
"973",973,0.320431847048672,0.383367354083029,0.00913875480916872,-810.87792629186
"974",974,0.635478580094334,0.453530024476606,0.00998457275251352,-808.670997586965
"975",975,0.375126753086113,0.444556049030098,0.00495126902396844,-812.50808183477
"976",976,0.664307516321594,0.454742692260505,0.0147960924360115,-811.923388383887
"977",977,0.387396260729671,0.359585962781748,0.0062660892427392,-811.658449511698
"978",978,0.578037341441539,0.378064736036717,0.0139703089221619,-810.417395562221
"979",979,0.594470109951769,0.399558486685359,0.00739005253475678,-808.790311782842
"980",980,0.612844347129714,0.389309122330186,0.00934129925864336,-808.239447632069
"981",981,0.622872407218485,0.386970000694001,0.0101659879551647,-808.571032161278
"982",982,0.539061942995633,0.411269360397582,0.0124679215887736,-810.404879406687
"983",983,0.412582854053588,0.461512272638355,0.00593780504442733,-810.591443361272
"984",984,0.294240435151866,0.445802363485617,0.0102070902012799,-810.860918433953
"985",985,0.31681057746222,0.563560729080297,0.00870443984619323,-810.048231003573
"986",986,0.50496810097045,0.379500082076441,0.0077243644314961,-809.44254186434
"987",987,0.589523130680455,0.447162943279643,0.0106652541680391,-809.327174613333
"988",988,0.399660866554482,0.460253327398903,0.00715996990873844,-809.581918609147
"989",989,0.577285952013107,0.340974483296106,0.00744358486527477,-809.236375004862
"990",990,0.527766488314459,0.522685581858232,0.0104591398720713,-810.315934992377
"991",991,0.444276254867196,0.410100515393103,0.00729041035390825,-809.629707043847
"992",992,0.487260564652778,0.520734157912799,0.00537908120255818,-811.537252499694
"993",993,0.605117931234347,0.518489019460783,0.0122774458630187,-811.662625359541
"994",994,0.378436390071806,0.458132908522132,0.0139292861222436,-813.174678271264
"995",995,0.44162257416079,0.464039110934137,0.00822366378327436,-809.170003735227
"996",996,0.2491963980609,0.524947555348791,0.00827376642456475,-810.810749909959
"997",997,0.558515681885971,0.534130053379543,0.00743132214295201,-810.085737813815
"998",998,0.392600409279857,0.57632503868182,0.00921931503832795,-809.973504427468
"999",999,0.395094063249838,0.406045026951724,0.00839988768787699,-809.620274514441
"1000",1000,0.694150226927974,0.517696556575762,0.0108515521374711,-809.922433119673
