"","i","asc1","desc1","pol1","p"
"1",1,0.774230084874759,0.655629996543537,0.0339487083920701,-867.278978998427
"2",2,0.658134314856733,0.476440101264004,0.00202244795832,-830.094024565642
"3",3,0.658276610521506,0.45196468013642,0.00660671520259162,-818.599486529459
"4",4,0.60038916967175,0.419645905682233,0.00679329687437615,-817.661246318863
"5",5,0.617278934164667,0.421178537534051,0.00995283713612745,-819.291267156572
"6",6,0.605067406292826,0.409404803901231,0.0105056973987058,-819.639581509116
"7",7,0.583822134815867,0.414037371341057,0.00966018213081324,-818.643876974964
"8",8,0.607897092717713,0.382723418053424,0.0099160678439511,-819.934252425232
"9",9,0.466407569341822,0.439389689002343,0.010463844938997,-822.066176944167
"10",10,0.528732119701427,0.298670076063731,0.00521200593168661,-820.11553368158
"11",11,0.475332395202837,0.330167795514078,0.00947046152006648,-818.937469964983
"12",12,0.542569246817551,0.342663930950272,0.00535371150171841,-818.456626091662
"13",13,0.55372887546621,0.405667403008551,0.0086144131768378,-818.200204303066
"14",14,0.48750543510946,0.437309141009342,0.00770143467721088,-819.574956456293
"15",15,0.600907407253431,0.457220073768471,0.00857679331141415,-818.792203055367
"16",16,0.582685148599085,0.404782877788957,0.00680726443070095,-817.524394062042
"17",17,0.585985029909545,0.408605509697376,0.00777235654865365,-817.605332673354
"18",18,0.580591480965288,0.363911831637415,0.00871684319425813,-818.492294366739
"19",19,0.537168580752224,0.3564191712121,0.00683645381769674,-817.45196185886
"20",20,0.536505029368175,0.355152269357598,0.00992501673043582,-818.539911702896
"21",21,0.530305279938448,0.333886981476087,0.00561121413607969,-818.278760032299
"22",22,0.53138339366535,0.349239496129,0.00964186129571836,-818.342953763209
"23",23,0.529868373865632,0.384667182979854,0.0112707544710111,-820.085662677098
"24",24,0.534006952693569,0.408211461526592,0.00729485661534558,-818.403078402629
"25",25,0.499409371655003,0.305813326121121,0.0092842691590913,-818.53462309835
"26",26,0.417895043531774,0.326574409915521,0.00764674218348193,-819.815604716548
"27",27,0.574526702584905,0.437385585924355,0.0087343833415089,-818.749764372907
"28",28,0.583894776380583,0.39190131120367,0.00773119214407353,-817.56295068683
"29",29,0.571186831660769,0.381815975894149,0.00672376206544316,-817.450856336961
"30",30,0.547559290641562,0.35629545565136,0.00847122974828905,-817.715949277411
"31",31,0.529053671878654,0.324661657028872,0.00490660860466394,-819.291881801482
"32",32,0.537216329651984,0.444938265898546,0.00591963836900378,-819.338252110517
"33",33,0.483056068913181,0.335672880823624,0.00805289418994403,-818.306641343716
"34",34,0.58782200710858,0.424222914779864,0.00670093092558199,-817.801963269764
"35",35,0.591188929285328,0.379078801226712,0.00754873056468925,-817.908667986044
"36",36,0.594975650587887,0.434630844993463,0.00682905835006259,-817.925494475535
"37",37,0.551805317137667,0.357682389274176,0.00648512421440092,-817.554698945035
"38",38,0.512239753644605,0.321996057481349,0.0108065873644396,-819.438761446022
"39",39,0.383716883807791,0.205943591415796,0.0135100557526375,-824.071870344422
"40",40,0.371051696891643,0.244193733405515,0.0109886597699042,-822.394562985842
"41",41,0.311528546980684,0.252641353222288,0.0121186992825682,-825.663641985132
"42",42,0.474019544413407,0.418676463441893,0.011464839164384,-822.74265246602
"43",43,0.429564997674665,0.446225292371553,0.00852396276266065,-820.602539472128
"44",44,0.517625142015966,0.481983507072906,0.00683463453900584,-819.863247547475
"45",45,0.336015145327484,0.462932218884145,0.00717044056225686,-821.123930787968
"46",46,0.583314295121683,0.383539308644368,0.00570843080506879,-818.03172116786
"47",47,0.47723578277488,0.340671625986253,0.00815011164671029,-818.580760891578
"48",48,0.409370418326666,0.628810139552243,0.00825155497689951,-823.670708656425
"49",49,0.188419880889998,0.6627858662589,0.00643604140878417,-826.015352973519
"50",50,0.581040133074534,0.449948378106152,0.00676844079800956,-818.638688153462
"51",51,0.523413191279707,0.330757322717431,0.00747830465552626,-817.622182739123
"52",52,0.454123835390165,0.323454642997073,0.0059792920497678,-819.460468589351
"53",53,0.448204007022289,0.453992138068844,0.00956773101167416,-821.485657861645
"54",54,0.403176113976458,0.346276859943625,0.00517570391191556,-820.826927185313
"55",55,0.45913653001309,0.383360246483367,0.00629127054385127,-819.222886862371
"56",56,0.473578573821901,0.418349069229579,0.00747067843247196,-819.366852954221
"57",57,0.619564595037904,0.376888641778478,0.00524827111846292,-820.115054024144
"58",58,0.413930407035459,0.415281027489049,0.00762968725177916,-819.946612571042
"59",59,0.33276645899372,0.336656870550931,0.00970281869434277,-822.388584888315
"60",60,0.485688773782629,0.345179787059309,0.00835636051879852,-818.457204699402
"61",61,0.508662570949621,0.322209845135301,0.00653414705340407,-817.883362061512
"62",62,0.522486715307908,0.335102233707632,0.00606080979997414,-817.920632635271
"63",63,0.524271780389613,0.383099525471011,0.00697096813418885,-818.039870733994
"64",64,0.573320874112513,0.378950762535336,0.00735658159161901,-817.464181718775
"65",65,0.556121489579416,0.352894274546025,0.00956138858245668,-818.590879666445
"66",66,0.537679436715149,0.406668091237383,0.00636424976099265,-818.425641334625
"67",67,0.491107692724612,0.484830670887506,0.00645860239489334,-819.963629266885
"68",68,0.545647960602559,0.322482963217463,0.00801805773237147,-818.55531233946
"69",69,0.467336767836302,0.265782809841069,0.00849051979216462,-819.189360468304
"70",70,0.51156971914708,0.357056204515327,0.00779533741670793,-817.841711325062
"71",71,0.448404600366769,0.271321174009129,0.00991568830919078,-819.508848494727
"72",72,0.462519305792523,0.319902418198152,0.0106190088027911,-819.807432814756
"73",73,0.507641822344498,0.373274663096477,0.00595928268665792,-818.617022603551
"74",74,0.571664452611026,0.33741851605613,0.00970614188155437,-820.090059202934
"75",75,0.568284734300508,0.382956754205254,0.0113122796218692,-819.983769703611
"76",76,0.548282350549089,0.369331735613144,0.00675627338630662,-817.430820326251
"77",77,0.520326014671816,0.338192031213229,0.00624790132357788,-817.806885708103
"78",78,0.505622503253705,0.355301774859742,0.00624425739733086,-818.222181155671
"79",79,0.5514437939254,0.433407818252943,0.00841867339286537,-819.020811922194
"80",80,0.434539716898612,0.450934711600467,0.00884443033323682,-820.87464329659
"81",81,0.604551972658552,0.452073993362206,0.00656282029985396,-818.309618896418
"82",82,0.630281274617617,0.517404047939455,0.00903030673850739,-820.745329718377
"83",83,0.759218271839266,0.611643107201524,0.00576482751788517,-822.522414754685
"84",84,0.383227269489795,0.576420980345111,0.00579863735780065,-821.944338086338
"85",85,0.69376611662898,0.546320304327121,0.00796028735811302,-820.347369711249
"86",86,0.69744495894758,0.519405627714306,0.00759387431630344,-819.57905038446
"87",87,0.666074442331893,0.531995378150408,0.00614101611595546,-820.264940246159
"88",88,0.649909730228908,0.524540688926989,0.00640111752903246,-820.131553180326
"89",89,0.663555700127625,0.447132028930313,0.0063080643559263,-818.936577668452
"90",90,0.564178866059063,0.454234339293642,0.00648544847932673,-819.099588330435
"91",91,0.596108938948028,0.38146171403608,0.00619637434556307,-818.111274192945
"92",92,0.523282863861366,0.426017410886741,0.00538605134421068,-819.511295421845
"93",93,0.300451870908759,0.438427509735048,0.00783185184092766,-821.869710235772
"94",94,0.542859846602467,0.404514198505365,0.00671845847903051,-818.154454565601
"95",95,0.574006104842334,0.476120433606108,0.00819160958243102,-819.829463283353
"96",96,0.579256322017554,0.335306663574992,0.00894889043407957,-820.175912480566
"97",97,0.544680607134486,0.360132849218481,0.00519090581641043,-818.465608411675
"98",98,0.48240957849446,0.343252919799331,0.00688446826730677,-818.448607121529
"99",99,0.516821792972516,0.325840118658803,0.00797791687778709,-817.74235696361
"100",100,0.532782104694799,0.429119643326879,0.00881387779930187,-819.501770546633
"101",101,0.394949129802807,0.45476560256535,0.00772307366497804,-820.506264524943
"102",102,0.306588559200118,0.62736804733135,0.00836858977280976,-824.589744583155
"103",103,0.302524232328522,0.361596562699025,0.00535781119782931,-822.591581716288
"104",104,0.422470808157815,0.480399364015834,0.00734509258640017,-820.399962372236
"105",105,0.57404773688719,0.44418729002454,0.00883932240662649,-819.047109634904
"106",106,0.630232204130449,0.492756279878882,0.0100529069442443,-820.478775677111
"107",107,0.597492920986562,0.464067222156761,0.00616373729196861,-818.965194885216
"108",108,0.613452085471962,0.389343659076057,0.00668811640749238,-818.411495413332
"109",109,0.608413743843529,0.412428662966088,0.00671848945784484,-817.744667141818
"110",110,0.52879095880656,0.322443673115646,0.00722541003654346,-817.888032344262
"111",111,0.505365934246527,0.358294675417259,0.00603902579994973,-818.391691819184
"112",112,0.557450493750491,0.310693321085163,0.00603740253635783,-820.138021954896
"113",113,0.369808233580679,0.356240601288267,0.0102171549968432,-822.120900480122
"114",114,0.600196816490915,0.426751147516912,0.00794462016559307,-817.842306330669
"115",115,0.600255115023774,0.393662052436796,0.00762645785382119,-817.855658055092
"116",116,0.555614667219565,0.392621177307201,0.00721556902220227,-817.555966477162
"117",117,0.564122115571815,0.406901171756203,0.00596700009834241,-818.079165163752
"118",118,0.628837654160079,0.48808305810063,0.0107096036052664,-820.922889334125
"119",119,0.615475302812461,0.382277442669141,0.00862917687361657,-819.385332475716
"120",120,0.591074006537057,0.462789883268876,0.00571354203840539,-819.302035391416
"121",121,0.466014441511651,0.380430167513686,0.00902857212857164,-819.834318328116
"122",122,0.624401903152096,0.372251058642641,0.00528356258687384,-820.731958187899
"123",123,0.482257300667253,0.357413491304974,0.00902973952802651,-819.069085826434
"124",124,0.468842435282473,0.319759028471695,0.00922620061043709,-818.852090014332
"125",125,0.496063976073151,0.318823556117798,0.00930861018006986,-818.356739739135
"126",126,0.505798801042768,0.363647015045143,0.00548002960333113,-818.900876908806
"127",127,0.566843704761412,0.392510359703142,0.00721168887047181,-817.437937025112
"128",128,0.542790317475124,0.326888611744087,0.00700197000055228,-818.09619091301
"129",129,0.47568747675994,0.336165865521336,0.0101133186062298,-819.407664407442
"130",130,0.486875057914371,0.314792723801524,0.00422573751101615,-821.012908497795
"131",131,0.520291312074286,0.450008438307878,0.0055526839799757,-819.69116681214
"132",132,0.360149863520527,0.574318966834048,0.00538462939873692,-822.292274409962
"133",133,0.702378562875222,0.467998933982823,0.00832477088802531,-820.668392782819
"134",134,0.669018751332621,0.532393967704648,0.00509569478886705,-821.077949597921
"135",135,0.683828384498488,0.477030860280689,0.0100972994462266,-820.864005272145
"136",136,0.678517412570814,0.478504794039498,0.00489793759279325,-820.113813669704
"137",137,0.683546347007857,0.48715021289297,0.00480176496286783,-820.353894492981
"138",138,0.705259478309413,0.525451913203416,0.00801956672672297,-819.891470606491
"139",139,0.678005736450708,0.492367327805977,0.00657613885555517,-818.990901254344
"140",140,0.616527420292211,0.48611842860112,0.00900973845689077,-819.747607182665
"141",141,0.681702470601834,0.490398851006048,0.00852367717003713,-819.464020829379
"142",142,0.382591974741834,0.32757993332333,0.00854391235856354,-820.746482673683
"143",143,0.388284861350601,0.431852666225278,0.00490781553225944,-821.01264904851
"144",144,0.419956848170425,0.515741958423954,0.00640750297572816,-820.696490150201
"145",145,0.734999696381508,0.537673760369301,0.00900894261291442,-821.187649310252
"146",146,0.375656754157492,0.233147575733943,0.0107359877339071,-822.084591054553
"147",147,0.372049108614817,0.214484664782893,0.0131765092031503,-823.653959924779
"148",148,0.398040336685572,0.224375530764997,0.0137476871463408,-823.550644853789
"149",149,0.352546293979355,0.252674370067403,0.0164990574047373,-826.560087012956
"150",150,0.379349570608968,0.265953565922868,0.00785277643476683,-821.367687788194
"151",151,0.357467486706587,0.234453005990679,0.0068909930164048,-823.206090178739
"152",152,0.405532576248312,0.361434948969427,0.00701488375781141,-819.809844028869
"153",153,0.479230691104224,0.40739153062798,0.00574858258149267,-819.385348619865
"154",154,0.455933547663861,0.437366582682253,0.00590081103855424,-819.688830022767
"155",155,0.650413928811377,0.480990963717567,0.00627337360029255,-818.74164702976
"156",156,0.628071997278574,0.47174474228487,0.0074001404383682,-818.499777702692
"157",157,0.624030465197053,0.442950658868154,0.00789803744608656,-818.082365092958
"158",158,0.68674724205096,0.45174069574369,0.00535783057113763,-820.475994882759
"159",159,0.401902457831864,0.436787445234823,0.00781322596930284,-820.314124060342
"160",160,0.503185973834045,0.282994284986606,0.00670970880928471,-819.124287268794
"161",161,0.510982967417192,0.386099173270249,0.00608531563011061,-818.671872205389
"162",162,0.532369708720727,0.374407378831049,0.00975410610473777,-818.574689255113
"163",163,0.580530769793482,0.456988155272668,0.00634783173793524,-818.972062940989
"164",164,0.670214060571312,0.499492291321561,0.00624826146273888,-819.140294219411
"165",165,0.65986922509642,0.463984950788807,0.00756346057842369,-818.599599655045
"166",166,0.650849910249371,0.474355738347721,0.00789098765139351,-818.611896711083
"167",167,0.620275843349309,0.472405501819066,0.00554629717604175,-819.248695069497
"168",168,0.659488421874384,0.476455027393103,0.00950986905044329,-819.659886727366
"169",169,0.634593208308941,0.456662513921992,0.00996154930012394,-819.567411234932
"170",170,0.604993299511447,0.412706048700144,0.00826852631250517,-817.945767129062
"171",171,0.597657969901938,0.410456206621095,0.00568673549011906,-818.078981491556
"172",172,0.596325823035231,0.439626342183473,0.00676868818698076,-818.041551995125
"173",173,0.635113620868509,0.430987176170421,0.00570145913796292,-818.566926751582
"174",174,0.654150497369921,0.432041107599109,0.00707290182126944,-818.843637593403
"175",175,0.374981795102466,0.3761904020945,0.00689194791089407,-820.225442607469
"176",176,0.650273220338766,0.583448299949102,0.00721543148240204,-822.127631516461
"177",177,0.791941693240183,0.637087854816418,0.00740718677470231,-822.908151298855
"178",178,0.817863796919558,0.689224246205136,0.00752723771230566,-824.807386057826
"179",179,0.46658230058426,0.407912166485873,0.00846622537609438,-819.790136523186
"180",180,0.523875828691443,0.351301434417274,0.00650355745120531,-817.663927894388
"181",181,0.540792124322759,0.36011500986014,0.00914245830120144,-818.001248820396
"182",182,0.559478213619314,0.373231724794692,0.00793091217603088,-817.483573125958
"183",183,0.560761543813472,0.376570918931536,0.00825920387556577,-817.590090449355
"184",184,0.531301006138179,0.386891568774852,0.00878429734842599,-818.301873492333
"185",185,0.532326668138488,0.345175047386514,0.0107413960908794,-819.277563557748
"186",186,0.581633121077309,0.340239087596199,0.00964507882250686,-820.51816557253
"187",187,0.539168307890065,0.374173754838619,0.00581812774310102,-818.025043668646
"188",188,0.46840420214473,0.489001977401908,0.006864711443933,-820.134261087978
"189",189,0.478091993938007,0.442933678123826,0.00644256071146325,-819.476380473027
"190",190,0.632598487593946,0.439551011317433,0.00761458681134493,-818.107427686411
"191",191,0.590746649046671,0.416333621290019,0.00628910990447676,-817.772562710363
"192",192,0.622303207525074,0.412859178638412,0.00582290850526801,-818.397795602493
"193",193,0.542718884790982,0.310835835884282,0.00572701139649494,-819.455773687036
"194",194,0.43299228565244,0.266658465321104,0.0103995990754629,-820.017704172766
"195",195,0.402967195618243,0.260243617161702,0.00762391121925904,-820.666260261204
"196",196,0.361267629569229,0.30216982543968,0.00799916179102344,-821.261602207145
"197",197,0.523814176853428,0.38476669529483,0.00740661082006964,-818.07174234586
"198",198,0.517012365205803,0.299772878792817,0.007223478173555,-818.538496813212
"199",199,0.479017973853634,0.324220694882052,0.00874967721468962,-818.441962037922
"200",200,0.528413833722139,0.371026162263199,0.00780277466284398,-817.705948935054
"201",201,0.526024714878754,0.34171531910699,0.00557417419804082,-818.22683662012
"202",202,0.543979063915814,0.378151233718662,0.00750316833089859,-817.507870882511
"203",203,0.561005905259313,0.367528639966581,0.00656789839636762,-817.503175715646
"204",204,0.530689280040839,0.345191400781193,0.00863708989240456,-817.787317995438
"205",205,0.502305169785068,0.36468408021435,0.00667475055388548,-818.288677290049
"206",206,0.573362084629958,0.379450492609945,0.00596303802278982,-817.775265806332
"207",207,0.452503759828872,0.529623045837094,0.00754233638468741,-821.085565843618
"208",208,0.533312736343021,0.282557600837264,0.00808618916641273,-820.91208540112
"209",209,0.406243326691339,0.335986701202437,0.00612645381434972,-820.153811299224
"210",210,0.491737737544563,0.311585199272671,0.00984005357597044,-818.735904189704
"211",211,0.485635956736603,0.311274946284896,0.00831071069852936,-818.117455047144
"212",212,0.485869775422742,0.308349943392097,0.00744486974600724,-818.049223714204
"213",213,0.53128183621221,0.386067228416235,0.00657230100157595,-818.023119258525
"214",214,0.594777486511452,0.429932734236878,0.00862165836325771,-818.184958461381
"215",215,0.611576629476343,0.424743174975161,0.00719998182360007,-817.742655718295
"216",216,0.609297978521017,0.437507740732201,0.00843848367814117,-818.175729553503
"217",217,0.619475331573607,0.438720246545801,0.00751144001519392,-817.92001661606
"218",218,0.572157607594411,0.389502294301845,0.00730411189979337,-817.413201831804
"219",219,0.556837440901799,0.385038089969742,0.00827523145885913,-817.634673682829
"220",220,0.614997605941412,0.406831644403303,0.00900123316867237,-818.700244984777
"221",221,0.598182282213825,0.411355868941915,0.00647587635974892,-817.677033588184
"222",222,0.599257091380164,0.422879305630164,0.00644433613563426,-817.773478802438
"223",223,0.361275124621714,0.422310637846556,0.0057429777907807,-820.681930912527
"224",224,0.5315454141334,0.30557869781247,0.00689854267580109,-818.78259571654
"225",225,0.518039201044579,0.343920905657003,0.00816934694019683,-817.667641390808
"226",226,0.536864847638332,0.415153460944734,0.00617697515239794,-818.702724574843
"227",227,0.556860089521871,0.418895235575327,0.00825594903693186,-818.364802924619
"228",228,0.632187421160119,0.41869534989952,0.00581355894135894,-818.603776673061
"229",229,0.414224493692664,0.235721421041511,0.00768752716739015,-820.572184990011
"230",230,0.423338735351455,0.425507746195113,0.00900363769843519,-820.801026577965
"231",231,0.539981929227586,0.423463843769733,0.00612999270601242,-818.844677410297
"232",232,0.576395119206933,0.399630329768881,0.0075438779295143,-817.492720768393
"233",233,0.571205187225033,0.402808742433898,0.00700932835312097,-817.542133685178
"234",234,0.398345380150847,0.536310920618331,0.0063821372920058,-821.136552416289
"235",235,0.743955420195676,0.513783561962474,0.00661161704604675,-821.097215538778
"236",236,0.338511006353687,0.461236255987579,0.00619710728149743,-821.033099604969
"237",237,0.673109523645708,0.487056780395677,0.00902003151605253,-819.58631185439
"238",238,0.476062761007277,0.41916735796285,0.00545053945501953,-819.681014878317
"239",239,0.59854790269674,0.459542621490451,0.00528769280201442,-819.452480297018
"240",240,0.506596933619818,0.331737305423686,0.010405325867945,-818.977938046404
"241",241,0.469018848031362,0.315854495493183,0.00647998431001287,-818.728096057128
"242",242,0.511214684464002,0.333868149880774,0.00670352735746149,-817.728480337743
"243",243,0.542656932855662,0.336642597455882,0.00852087136857175,-818.062378773915
"244",244,0.510956965347357,0.35078427528116,0.00531326673738275,-818.785016947219
"245",245,0.578193724769082,0.481024601283451,0.00760244818889905,-819.69531238206
"246",246,0.464516113549892,0.326385028845776,0.00658337070663829,-818.88018435546
"247",247,0.431065978172763,0.50148306583382,0.00544074123447665,-820.718760288081
"248",248,0.62666474100471,0.408764161105924,0.00762918310788364,-818.417881469628
"249",249,0.5160781601034,0.392229551769246,0.00680479477744919,-818.44760574919
"250",250,0.528378873849632,0.396393852413937,0.00829596553526878,-818.434661436739
"251",251,0.500572310710538,0.325614334552692,0.0066909219708579,-817.894586374112
"252",252,0.526468231850793,0.362148033317995,0.00695354631825372,-817.60077811674
"253",253,0.562999577445156,0.427310127005234,0.00694413452189338,-818.296905402303
"254",254,0.606487312477349,0.396118795468133,0.00521554281824303,-818.776766770289
"255",255,0.523801550494209,0.308704273623799,0.00740683791483321,-818.311377469471
"256",256,0.497099391049955,0.310276051635273,0.00794821881179732,-817.959157536892
"257",257,0.507000864012865,0.35729074341308,0.00676778266128107,-818.014628955526
"258",258,0.584938288534125,0.435195454471184,0.00720245730096003,-818.064781378259
"259",259,0.559041301475264,0.394421056657412,0.00920913248241408,-818.198871112189
"260",260,0.531383004033031,0.357682664476455,0.0083811567599747,-817.66195959092
"261",261,0.58456676881349,0.404800910252223,0.00755706305732734,-817.53257736019
"262",262,0.576985918730952,0.39003595741324,0.006320057442512,-817.58415046248
"263",263,0.585515051401045,0.37918094791604,0.00950553029150379,-818.741466576423
"264",264,0.5236279442587,0.3522014703103,0.00547457642292962,-818.363668486031
"265",265,0.528872684793971,0.348349814050475,0.0065829267118907,-817.574196376286
"266",266,0.545381496081641,0.380847953586395,0.00781551294936177,-817.571220977157
"267",267,0.477688984321587,0.295926729393553,0.0113036258445991,-819.999658286123
"268",268,0.481395394402646,0.357765210427578,0.00858152956443552,-818.900985648653
"269",269,0.501869919819515,0.38125603451269,0.00616409196126898,-818.727927780481
"270",270,0.543331523010053,0.413273792476321,0.00952730659528328,-819.184530207441
"271",271,0.659897168889682,0.468972176640028,0.0065407795202815,-818.577678436306
"272",272,0.610102592371138,0.396054270046749,0.007854532914565,-818.192636709913
"273",273,0.555950900486723,0.321514111614688,0.00704486084902479,-818.965093649305
"274",274,0.499620861680789,0.299378586022076,0.00648353937785306,-818.383541384392
"275",275,0.505265647133022,0.370591035293539,0.00663727069561069,-818.326694495812
"276",276,0.479521811887126,0.503427116741415,0.00642768192297471,-820.275812769515
"277",277,0.465976242700982,0.407236847133387,0.00606631277706166,-819.340333436722
"278",278,0.646207904827257,0.426515767673775,0.00469706028818462,-820.075330135593
"279",279,0.64947738684929,0.504195205383417,0.00622713377231148,-819.440945302042
"280",280,0.553919057036711,0.443566539159333,0.00771221845385226,-819.023070798381
"281",281,0.523234274534341,0.424909612852349,0.00875492956170883,-819.536118044883
"282",282,0.570484796214486,0.400696606391794,0.00840314656122111,-817.775687770344
"283",283,0.55979066094231,0.33872332985148,0.00807772934454017,-818.374980645753
"284",284,0.366674714026438,0.625514369866454,0.00805690641262774,-823.693007817018
"285",285,0.263731761847588,0.63578369667845,0.00489711140012048,-824.869381620535
"286",286,0.261357092330734,0.556500996648202,0.00897782996037282,-824.7831150648
"287",287,0.733104546490314,0.546783752435469,0.00845888622587319,-820.805361956766
"288",288,0.716515795754155,0.524495631508483,0.00889793525338498,-820.584597344764
"289",289,0.660339896906401,0.624444172348389,0.00831777477028874,-823.885783962409
"290",290,0.518731884913936,0.327425144395376,0.00642550335566608,-817.8327870083
"291",291,0.510785167007084,0.332833622911437,0.00764286953939685,-817.642822371212
"292",292,0.486471530442257,0.330002924845926,0.00768311317909972,-818.095614300904
"293",293,0.546063291065351,0.39091023590764,0.00666990750994065,-817.768695514516
"294",294,0.557904828363019,0.356574743720945,0.00627607724615478,-817.723526733709
"295",295,0.532123098939779,0.343025044885432,0.00837805674651066,-817.707021792689
"296",296,0.571344278813578,0.411060251495713,0.00640543063224187,-817.830469783933
"297",297,0.564414473393385,0.358805931808329,0.00951793868195853,-818.633362306081
"298",298,0.410854435021517,0.235054660942148,0.010931649532324,-821.098378994835
"299",299,0.431655768927441,0.344083096406137,0.00635049282899579,-819.592399719322
"300",300,0.526756755286863,0.30320281545082,0.00770630929808814,-818.744994794149
"301",301,0.402763014957208,0.472434432722115,0.00885318939430912,-821.41983451249
"302",302,0.397500119917722,0.31428876837192,0.00639103940298122,-820.465166059584
"303",303,0.55574365664054,0.334800950608075,0.0082821026987796,-818.470207110214
"304",304,0.516524237471346,0.306810226793548,0.00494701076445998,-819.663018378062
"305",305,0.489796009794128,0.478675242023196,0.00791201821574157,-820.296900097315
"306",306,0.572986313434093,0.374701656912019,0.00777927269124924,-817.586952910284
"307",307,0.497407438327592,0.300373513033888,0.00567874069494228,-818.874587387057
"308",308,0.488203439642035,0.489530321455087,0.0068727021041718,-820.076328954721
"309",309,0.500159062631187,0.551202422079348,0.00693868437361262,-821.154148109219
"310",310,0.461784598711098,0.288572090326163,0.00684546575062266,-818.788316523103
"311",311,0.472635511861028,0.310498076315524,0.00780834567499875,-818.317420863907
"312",312,0.454119828910881,0.453100192894201,0.00609742836307796,-819.778366882245
"313",313,0.444180179593931,0.354888059959337,0.00554993592807279,-819.813391591319
"314",314,0.476100292485243,0.350086973762153,0.00558777160169744,-819.315774776325
"315",315,0.551756964676853,0.414804375166897,0.00741040240882596,-818.180146037715
"316",316,0.644796996952433,0.484918235695234,0.00932166683265117,-819.54505301468
"317",317,0.617563965130243,0.40558863928905,0.00748928847385154,-818.115183330953
"318",318,0.604302346568833,0.404656844075897,0.00858815068982125,-818.166008165715
"319",319,0.632163289329334,0.416247792699777,0.00607696798731416,-818.519921376976
"320",320,0.578359165128344,0.389625194913249,0.00833591250490706,-817.716411135307
"321",321,0.4421781774487,0.387523226714197,0.00772912967450612,-819.515841887428
"322",322,0.602826482593932,0.375510940702262,0.00857133662719133,-818.964069779262
"323",323,0.548659573513643,0.339296648079979,0.00694593810843623,-817.806570360638
"324",324,0.556775763408062,0.359982709244864,0.00727123626120976,-817.47174140979
"325",325,0.519452109514423,0.322195740699088,0.00785121729112352,-817.808310632999
"326",326,0.511007278282753,0.335589213503702,0.00990662266533012,-818.586081474761
"327",327,0.540410124350118,0.352059119055835,0.00865059156094973,-817.781779388981
"328",328,0.52236282530291,0.365593949663058,0.00514260359712208,-818.912641872792
"329",329,0.53355704784815,0.320913932677844,0.00725336029179192,-818.059116582231
"330",330,0.487975150851527,0.504397683827156,0.00612712531626001,-820.29966092953
"331",331,0.683381584395551,0.493536497503963,0.0108266377655767,-821.453005973769
"332",332,0.651072344844209,0.510759754811677,0.00779016811513118,-819.540294817637
"333",333,0.630341135507752,0.391831448950501,0.0080669001084947,-819.503852195618
"334",334,0.559488711718078,0.429013316706727,0.00697697810048967,-818.420380151626
"335",335,0.596740504058639,0.422596980908501,0.00495965780730028,-818.944995660313
"336",336,0.486496852355897,0.329758730006603,0.00878748363469396,-818.32769191502
"337",337,0.49786567991909,0.29596658153059,0.00637758072318178,-818.531027537736
"338",338,0.487875118645286,0.323333821834037,0.0077372443609929,-818.0071732954
"339",339,0.476955151573314,0.321904067789503,0.013785882607766,-822.413129910781
"340",340,0.49943921540776,0.304911518048217,0.0128337135789773,-821.665255301283
"341",341,0.485590582705819,0.336147189646841,0.00644173418210783,-818.422904958946
"342",342,0.513856139877096,0.336736112938074,0.00817492090963257,-817.703954312524
"343",343,0.484683989551733,0.324826685408282,0.00738799187912922,-818.097587962328
"344",344,0.489364074059397,0.307286745579122,0.00894947861016578,-818.320242799497
"345",345,0.491222298029663,0.301611857703481,0.00808292817375473,-818.141262607178
"346",346,0.529841221448011,0.371101214575847,0.00735386820047478,-817.637568203489
"347",347,0.504770358096056,0.392316517996188,0.00596263955696336,-818.912061858225
"348",348,0.543600220670069,0.405511791320865,0.00964670965211782,-819.014284186134
"349",349,0.58476287699134,0.385697743170683,0.00933917231290583,-818.460051164331
"350",350,0.55150995028208,0.343133346708182,0.0102056619711617,-819.272398135003
"351",351,0.501449301743144,0.365548425356818,0.0138874551854191,-822.957250251386
"352",352,0.51211063624156,0.319610260578266,0.00471113161824997,-819.642534892968
"353",353,0.514171090847501,0.469352934703423,0.0057397087973997,-819.858915179935
"354",354,0.489713530265701,0.281594502453997,0.00805080438689682,-818.777063295134
"355",355,0.458708383671035,0.293564018556468,0.00937774345107431,-818.968710166159
"356",356,0.450692505114416,0.256386098784885,0.00594496673562023,-820.300825607431
"357",357,0.462403442236234,0.316413168060488,0.0105507040921193,-819.704340170671
"358",358,0.466492805799438,0.294964938713859,0.00507637471901493,-820.121334456616
"359",359,0.504967700244753,0.455366496731287,0.00755197726192091,-819.670086739343
"360",360,0.694271091887699,0.518260442355272,0.0054949202224207,-820.062542919389
"361",361,0.66717370174395,0.591676648180756,0.00444858816136744,-823.800875503066
"362",362,0.599401588877447,0.408128831473832,0.00748085874648764,-817.637603302428
"363",363,0.596454497017849,0.393091206326821,0.00638788646479136,-817.795197821048
"364",364,0.522304524506208,0.35940554108757,0.00507953466115518,-818.912459345021
"365",365,0.558978192851782,0.48163805432388,0.00575778084732125,-819.947993633984
"366",366,0.672346351747732,0.473074942572635,0.00706460631354364,-818.799357627589
"367",367,0.617163650714479,0.445430038210401,0.00780853132622415,-818.059041513877
"368",368,0.391174941945335,0.300481097204954,0.00811569188461272,-820.634563362693
"369",369,0.292617231007042,0.595853579500391,0.0072499695226994,-823.570552988192
"370",370,0.669259800943906,0.533469894069092,0.00573413589332906,-820.51543785305
"371",371,0.481107988610311,0.559482807599882,0.00665296472866363,-821.252386965671
"372",372,0.486249317223134,0.251710264139948,0.00618968145805594,-821.095887947303
"373",373,0.442443144032114,0.29971136714037,0.00636005447626763,-819.592898774504
"374",374,0.410682116221305,0.26406279860422,0.0127342470418114,-822.050892906372
"375",375,0.456205736988095,0.308665975842408,0.0137568869795115,-822.479519065734
"376",376,0.485610035443355,0.322822424384094,0.00894327217609942,-818.340989490885
"377",377,0.499316911075875,0.319702880172477,0.00757706306901152,-817.808449123037
"378",378,0.557861042917459,0.400655045422526,0.00586351310634561,-818.125626758471
"379",379,0.575986739262084,0.37582729768879,0.0103157231977928,-819.235073040627
"380",380,0.506955118568439,0.398359698771082,0.00410547058030702,-821.233509968183
"381",381,0.605862299426486,0.405666384390846,0.00813299434987567,-817.969935360901
"382",382,0.479877755926627,0.389703269501252,0.0106787832641762,-821.088962597497
"383",383,0.491098490142108,0.283875167882721,0.0080684889813003,-818.704793680818
"384",384,0.491926241710271,0.405239957171517,0.0109587269826634,-821.487886311754
"385",385,0.576574385999759,0.425262058736403,0.0104017454991343,-819.511779580677
"386",386,0.614388161169759,0.450267182376204,0.00540044938659227,-818.837726099882
"387",387,0.625285979380497,0.449315217575021,0.0098201863539538,-819.294152242079
"388",388,0.563956580391546,0.335162797833769,0.00843604260611962,-818.915024803129
"389",389,0.541561801691605,0.318380579874221,0.00984275349001083,-819.659954007266
"390",390,0.486499175431225,0.33564593536924,0.00896269947510391,-818.477550037159
"391",391,0.479018591811625,0.383533879485753,0.00894792298472665,-819.601539237468
"392",392,0.582388229226191,0.367857810022748,0.00722742038874433,-817.900110050298
"393",393,0.342256085119732,0.4856890369829,0.00903186464380807,-822.401601176428
"394",394,0.625630929598071,0.431146413473954,0.00813053483164393,-818.17468173323
"395",395,0.526271661760332,0.406307550544405,0.00800379885670621,-818.659231012803
"396",396,0.593617587194999,0.38155037522355,0.00992789853097297,-819.319512620143
"397",397,0.413082809143471,0.250579937824647,0.0092897540171713,-820.245877671855
"398",398,0.433877808724289,0.220854502105148,0.00714381093385958,-821.459983580016
"399",399,0.413694736679241,0.216130316458809,0.0080473255837233,-821.283502790243
"400",400,0.37809147201805,0.341382140327844,0.00647748029722266,-820.459444190877
"401",401,0.562522876268605,0.343089227856499,0.00834628847377803,-818.402867023672
"402",402,0.52250131349107,0.318158215752088,0.00807058874747753,-818.019503355402
"403",403,0.494705892580894,0.324104644121003,0.0107612395564522,-819.327687332841
"404",404,0.501906861387799,0.333562884908413,0.00567895794605964,-818.487245237138
"405",405,0.491177173704192,0.321717145999439,0.00714302266201598,-817.956394844536
"406",406,0.520487313053903,0.498888415317174,0.00675803225952794,-820.137534720316
"407",407,0.710349859665609,0.524941752587801,0.00670341759543705,-819.770336020541
"408",408,0.415013023343328,0.531881292564944,0.00544262058666177,-821.204922486405
"409",409,0.551776990998657,0.349234446435502,0.00540237901308309,-818.385975046636
"410",410,0.518330227428147,0.338100615632027,0.00896692017826453,-817.985625539543
"411",411,0.533621376807956,0.36582515787522,0.00848362082920523,-817.738549103212
"412",412,0.567839130889337,0.396899784833473,0.00677632314154268,-817.520597171301
"413",413,0.564865971030145,0.416221324997936,0.00576486119083916,-818.428574790157
"414",414,0.623155228160744,0.424839062757161,0.0067484593610837,-817.935267472433
"415",415,0.65292791253855,0.520677241664948,0.00872460340958314,-820.249600487023
"416",416,0.658484011448606,0.489348455111215,0.00598840148573395,-819.045743794577
"417",417,0.605598379977578,0.408712425018751,0.005788142809026,-818.093701333726
"418",418,0.595540203587834,0.371357341171523,0.00560095650697692,-818.787840394569
"419",419,0.41950037840756,0.335522908589447,0.00355760067652079,-823.887094589512
"420",420,0.408050470889905,0.455781495868205,0.00530204509219142,-820.538079252508
"421",421,0.57057235617944,0.449082623729538,0.00705865602738677,-818.792412239268
"422",422,0.605921113440564,0.414118028749875,0.00692462405996605,-817.677208011728
"423",423,0.59954286184255,0.370977640392472,0.00690413035252992,-818.502628575685
"424",424,0.560123767597853,0.41365688705098,0.00782965055324066,-818.017368659705
"425",425,0.609513364411663,0.426072954957314,0.00482565147664793,-819.147244757771
"426",426,0.407730509217785,0.39169127610957,0.00521857070636865,-820.433743285484
"427",427,0.34733059811577,0.577452532228646,0.00404109510309923,-824.035367863664
"428",428,0.748875384350405,0.529090123249833,0.00424154976443607,-823.055869122497
"429",429,0.347460998963179,0.603961473026918,0.00843869879404302,-823.7617367788
"430",430,0.799225644645487,0.589952482950985,0.00674332332537868,-822.388124629439
"431",431,0.743699000927085,0.586018692340802,0.00569413453981173,-821.742586381304
"432",432,0.760444332642974,0.547873549477265,0.00919304602396336,-822.226839704227
"433",433,0.393834210554354,0.339592010910197,0.00954580826195959,-821.116288197064
"434",434,0.557067317490548,0.416079197773503,0.00870484378678913,-818.460750509748
"435",435,0.570974472817415,0.384088302126175,0.00660217745216287,-817.470962647857
"436",436,0.553995695031482,0.370141392694034,0.00666019392979017,-817.436968855755
"437",437,0.604581045416474,0.41572179705084,0.00859288086485438,-818.087333179392
"438",438,0.559608915968336,0.419447559515929,0.00668696821592603,-818.187240775665
"439",439,0.536559203712358,0.393027562944618,0.00725374025760539,-817.952770809232
"440",440,0.55388534378371,0.431169122463088,0.011694696753303,-821.392324886461
"441",441,0.540777780181066,0.374317578079481,0.0112655174447861,-819.773252190001
"442",442,0.485150321183264,0.276012779997727,0.0112805890282529,-820.769021146383
"443",443,0.485167432342195,0.377114244115851,0.00748045890292657,-818.799199489854
"444",444,0.525089585910696,0.466015381612909,0.00550333040228691,-819.922728581425
"445",445,0.567104535750435,0.441184260204281,0.00765087710467342,-818.670007899878
"446",446,0.641831039869055,0.396798804845,0.00757385220693707,-819.817923277117
"447",447,0.468698176160821,0.332667729907847,0.00705299720583784,-818.683825866725
"448",448,0.497524884134136,0.313865648948271,0.00670448331316536,-817.999139607237
"449",449,0.50688418118724,0.302987579793054,0.00841427216900115,-818.338937299936
"450",450,0.493105577458784,0.315515857954879,0.0052615918140814,-819.115475824231
"451",451,0.518664242648581,0.333996226559018,0.00688557084489733,-817.618756961532
"452",452,0.548803335844654,0.437603906117767,0.00619725929970608,-818.992586115511
"453",453,0.47786272256855,0.447248608305022,0.00915520636733148,-820.764456758248
"454",454,0.501676406301221,0.473209885538892,0.0104882973315659,-822.465701228356
"455",455,0.629579590831931,0.4150431840349,0.00868282025975168,-818.843090268914
"456",456,0.534963500093172,0.332402694668492,0.00742877556809217,-817.715357783888
"457",457,0.526359310046195,0.31334610989637,0.00860957113372915,-818.502773961017
"458",458,0.463518569034862,0.292502227620239,0.00935899948493509,-818.872839909584
"459",459,0.465912855414827,0.329027454661526,0.00790229685227783,-818.712519861714
"460",460,0.512626564671003,0.309379220703332,0.00656027190092882,-818.164074228127
"461",461,0.531649457968157,0.39321367540677,0.0073042087182147,-818.077800537195
"462",462,0.443692193571455,0.338886531092911,0.00590992942454997,-819.643994979002
"463",463,0.549025100316038,0.298914731512631,0.0105424946131907,-822.281136546139
"464",464,0.379747736758406,0.367469640776517,0.00780430061500758,-820.3403040212
"465",465,0.43189354461747,0.296275180277877,0.00660997900791028,-819.800088073716
"466",466,0.51094241207716,0.347189450192523,0.00811584718099718,-817.779799079938
"467",467,0.504237111230974,0.331230748430432,0.0113827829862891,-819.823036013087
"468",468,0.525122823359259,0.343969547072111,0.00653636991617193,-817.625506894923
"469",469,0.501039334654808,0.339952050283497,0.00712528574000036,-817.855422800318
"470",470,0.521395649843723,0.371438875315717,0.00786930203816757,-817.884837223199
"471",471,0.454387493666652,0.264910980460047,0.00969078264919194,-819.521256753289
"472",472,0.435055433566591,0.279750380935747,0.00821814573165113,-819.364210326116
"473",473,0.478167577354307,0.322488166181758,0.00860287936254023,-818.398795708451
"474",474,0.470228232089833,0.367494922029653,0.00726211308429102,-818.926263044986
"475",475,0.490743787342587,0.32640031509449,0.00978926411101679,-818.696989910833
"476",476,0.529722283243838,0.35110830457676,0.0102156791743179,-818.762947469618
"477",477,0.532745800614519,0.363675478545789,0.00522508523572526,-818.57609826552
"478",478,0.541960453917853,0.406152302117076,0.00890533366436429,-818.629466150224
"479",479,0.576801163916672,0.438636878221046,0.00658935766836918,-818.40952043132
"480",480,0.579923574659769,0.453467418662884,0.00629883787673861,-818.895018535383
"481",481,0.468355306524998,0.530496857635907,0.00595202486733869,-820.78236104331
"482",482,0.454596607242325,0.41799727639307,0.00599749956453644,-819.521389389802
"483",483,0.544685261166268,0.404719544767078,0.0110788259091859,-820.132318178882
"484",484,0.5856298793231,0.381865488954854,0.00555486866914493,-818.218969471792
"485",485,0.520955913094859,0.342778354544846,0.00690427442238922,-817.564016754745
"486",486,0.555960938636248,0.395565213012539,0.00552521689837437,-818.330073779936
"487",487,0.568545996511475,0.37343594201731,0.00955259201384091,-818.456666736327
"488",488,0.528980699434091,0.34657398119126,0.00661673243019206,-817.566512155793
"489",489,0.539224961379863,0.422837958967052,0.0110557048518205,-820.86474875443
"490",490,0.599605342795893,0.429856691554423,0.0105119155305665,-819.570205687616
"491",491,0.563926494972084,0.461262846830321,0.00984181623111891,-820.591069771787
"492",492,0.598466325225195,0.479164334107713,0.0045966073124571,-820.901479776918
"493",493,0.684702905379241,0.478328650871572,0.00435658864285276,-821.115116731194
"494",494,0.583236377330208,0.418543436320072,0.00590945212966336,-818.073992853041
"495",495,0.608836253952345,0.458487136230642,0.00520574696651233,-819.337332072925
"496",496,0.521654596301397,0.436590921927217,0.0100034723886153,-820.822230896698
"497",497,0.543226991806733,0.411278927316112,0.0066402235814963,-818.33709310482
"498",498,0.563969747626764,0.349863021810382,0.00767800924427682,-817.953218593949
"499",499,0.564416916658533,0.425115271826406,0.00735683278922084,-818.190202665546
"500",500,0.559102280934499,0.406504950031368,0.00792863946253326,-817.874700564236
"501",501,0.576027754852632,0.375487781739185,0.00785802060015857,-817.655526850696
"502",502,0.433256621224915,0.304381819985316,0.00638126215446588,-819.82313424723
"503",503,0.494116218560043,0.335982502421357,0.00712838220094644,-817.984460828086
"504",504,0.429959973568316,0.367771136903339,0.00669943212784152,-819.470480436537
"505",505,0.622988521132319,0.517860521663474,0.0074910285163148,-820.258553917667
"506",506,0.563963476465437,0.40181820291428,0.00778516943634382,-817.661462754039
"507",507,0.565431819281718,0.383871500441155,0.00718185363788442,-817.387288713599
"508",508,0.544754644499184,0.383829949861278,0.0114661809484037,-820.059389345362
"509",509,0.560895322328716,0.372003072968118,0.00775176493828718,-817.453692169449
"510",510,0.520398867893205,0.357133909115321,0.00860332690659815,-817.880116302721
"511",511,0.575627455845393,0.428313243777614,0.00686586465483994,-818.069231979534
"512",512,0.517294365210013,0.374409163873459,0.00577684589956678,-818.542816414903
"513",513,0.620558889403978,0.486867161024417,0.0079765153898036,-819.233682571736
"514",514,0.673860179860235,0.474726252501709,0.00699419930479316,-818.828981414232
"515",515,0.608860679075784,0.421581365592577,0.00766702544388309,-817.776182811071
"516",516,0.605931895720998,0.422904947781387,0.00807405197017971,-817.874521433367
"517",517,0.62999327093904,0.456854732554035,0.00765372708957394,-818.206659840482
"518",518,0.659697720560477,0.496287338716787,0.00678029472634879,-818.939209126646
"519",519,0.609059256034757,0.38395002568588,0.00575547207261652,-818.770806031699
"520",520,0.583377913718393,0.417755923860001,0.00887738545594595,-818.179643903607
"521",521,0.57514763885548,0.394513849110573,0.00931523581529825,-818.238497517461
"522",522,0.556989818318719,0.395300080602843,0.00831775135650954,-817.791341162487
"523",523,0.560798226788097,0.358157887125481,0.00585376147641524,-817.969240979666
"524",524,0.561963116124016,0.385629588521246,0.0068883619703084,-817.425964249171
"525",525,0.542953551074231,0.355250234968272,0.00748191100020537,-817.422591992411
"526",526,0.549663406163829,0.459701587656025,0.0064071668854553,-819.360827372258
"527",527,0.417754213234091,0.320558089031808,0.00793818908875993,-819.895915029218
"528",528,0.542509290944957,0.413024842686931,0.00716184601574692,-818.336238840168
"529",529,0.522174880628717,0.340229814443363,0.00835119244989705,-817.702908278832
"530",530,0.458251266164746,0.289805836415429,0.00648044556262669,-819.043383450148
"531",531,0.429947155980444,0.491791089579639,0.0079518408358244,-820.818067804258
"532",532,0.413389251179516,0.372077869256333,0.00691265702907473,-819.676050143134
"533",533,0.402986356206475,0.48329572099822,0.00693937588685793,-820.459439153076
"534",534,0.589446508512526,0.470710613156519,0.00557282580284211,-819.65610504162
"535",535,0.411869481193577,0.465119358188286,0.0072296538548718,-820.258310254144
"536",536,0.683458314521378,0.513839564331583,0.00463312664188322,-820.981220565602
"537",537,0.548220366925163,0.500978733693412,0.00529905875654176,-820.584286678636
"538",538,0.537318527333027,0.480913288018698,0.00646742046926852,-819.780866834086
"539",539,0.343512789365485,0.426464355101561,0.00561259981192172,-821.058028256669
"540",540,0.451530283540037,0.314212029576261,0.0117390646059412,-820.838754698435
"541",541,0.543460257023879,0.316545814149199,0.0108868109919197,-820.826212506641
"542",542,0.417352604466709,0.223601298335605,0.0113616124615696,-821.766096755942
"543",543,0.402597679692226,0.28806620821134,0.00978462804533405,-820.925196134329
"544",544,0.503833996233747,0.364067877918979,0.00585758181947612,-818.636466773714
"545",545,0.486613444920401,0.40487317227689,0.00677741160186653,-819.012593018052
"546",546,0.57358832937618,0.3806202360589,0.00884923228748038,-817.982366657284
"547",547,0.451620911999092,0.499124463201472,0.00836834674103081,-821.10810427873
"548",548,0.581687908753605,0.409688066053031,0.00737656142355899,-817.562582436164
"549",549,0.526755747478047,0.418878887403388,0.00764121914137442,-818.850959358134
"550",550,0.421625256250262,0.340190478285635,0.00754344353019536,-819.682887701001
"551",551,0.455117547188084,0.342142283084695,0.0063503425475681,-819.22071303121
"552",552,0.45117005647726,0.400020887205205,0.00538506965270554,-819.833642890714
"553",553,0.482221965791892,0.309816449808679,0.0101754487767286,-819.017319685032
"554",554,0.450653413047478,0.34143279396636,0.00819883393126401,-819.311870679264
"555",555,0.50681631214538,0.2948529665163,0.00640611173438905,-818.697044223081
"556",556,0.47212621612847,0.323641782384386,0.00832418549980028,-818.516595587379
"557",557,0.521543533559168,0.379259302884854,0.00504650680934106,-819.268055840879
"558",558,0.507757722438775,0.371477286232746,0.0100070416627007,-819.244731869715
"559",559,0.562763884475328,0.403516184471195,0.00720158678537963,-817.655477429572
"560",560,0.422820106009216,0.389221999282396,0.00663658950415246,-819.572984805252
"561",561,0.657394933685827,0.49097912457415,0.00776354234908048,-818.887267674606
"562",562,0.655688513818761,0.491640504972464,0.00725411459038306,-818.821061769737
"563",563,0.432439046202629,0.377134843614816,0.00572923320778692,-819.76474786028
"564",564,0.660192250925571,0.451392337290204,0.00396485031097198,-821.482183825701
"565",565,0.593166195194564,0.407166031985821,0.00906048735206906,-818.230794326628
"566",566,0.540343456904017,0.429168457314202,0.00560891086500692,-819.245792095718
"567",567,0.620396188969097,0.417417997226826,0.0058247569664226,-818.27957452025
"568",568,0.621729201480222,0.396766222700807,0.00729383854592527,-818.531571810543
"569",569,0.5583753127696,0.347838187735087,0.00513416631154578,-818.837136231582
"570",570,0.49645021835208,0.324998815675354,0.00597860837926485,-818.339238656557
"571",571,0.539981456056362,0.321421516784881,0.00654746014403034,-818.329050857676
"572",572,0.559525050513495,0.339232412935276,0.00965587479974463,-819.284982218293
"573",573,0.514513797240859,0.338332587983465,0.0111534124936775,-819.593100837319
"574",574,0.517208273642379,0.363072846387649,0.00555709508267675,-818.544853403444
"575",575,0.583045102974534,0.498225630556542,0.00549291786162626,-820.382326937074
"576",576,0.689013823971866,0.466700969072909,0.00745207277821177,-819.588702332261
"577",577,0.594462403699462,0.383845438807321,0.00633259307124664,-817.944924300154
"578",578,0.571448671698893,0.359835304062304,0.0065626710147682,-817.851872990453
"579",579,0.520770748042028,0.334961277155916,0.00682858961919044,-817.614561204963
"580",580,0.527401185544561,0.365397643293519,0.00537074787783226,-818.535302645304
"581",581,0.485589326406982,0.369377099924544,0.00720597903539216,-818.671256297134
"582",582,0.530450170554685,0.359131805565411,0.00533877226786001,-818.44397708043
"583",583,0.574365114160736,0.448865508628495,0.00923212521108112,-819.434418656572
"584",584,0.578399661550461,0.464000892891849,0.0104823612015605,-820.864415947949
"585",585,0.623066007023015,0.436986286311315,0.00332310742254191,-822.775923622472
"586",586,0.667193115460794,0.456177981206041,0.00320893051551135,-823.847106082549
"587",587,0.645244168274574,0.529838481381262,0.00945540954918876,-821.234133634516
"588",588,0.646452241913071,0.424935735701962,0.00617119543196972,-818.829560403519
"589",589,0.468625869306314,0.354705965443106,0.0125339372241179,-822.101201548348
"590",590,0.488286201286118,0.263480035998363,0.00827574173067775,-819.86958554835
"591",591,0.457388455279041,0.319028976996502,0.00681567198865194,-818.966152034017
"592",592,0.499852457142423,0.367821375572063,0.0080154270463407,-818.413626548794
"593",593,0.510061830652776,0.324817733220907,0.00774353398697152,-817.709257260874
"594",594,0.507328453598923,0.322588010334233,0.00583588436937323,-818.29181266589
"595",595,0.487652319912319,0.470603813202716,0.00429559285983194,-821.452180074864
"596",596,0.672578354984708,0.456513135475571,0.00979423933069562,-820.520237765444
"597",597,0.550867649521094,0.383417543963039,0.00891517036063006,-817.955020610935
"598",598,0.489610854111188,0.397861123009309,0.00900764333733861,-819.699564345155
"599",599,0.497235793187313,0.352280404292735,0.00747883094592176,-818.112581364961
"600",600,0.499925417072654,0.354850856599792,0.00516947925806667,-819.271502526452
"601",601,0.547623293195925,0.316358362753427,0.00541073005782131,-819.606485507451
"602",602,0.415085621148039,0.373904762743952,0.00832758814559474,-820.066120790852
"603",603,0.294143018605883,0.449076608263178,0.00914959369914762,-822.924767114635
"604",604,0.411018771880699,0.384359095234747,0.00782447203726664,-819.913852808362
"605",605,0.378753834983806,0.402215440024191,0.00605243271969547,-820.269680970832
"606",606,0.359679194334216,0.375420181005786,0.00530985561358394,-821.161619806401
"607",607,0.44806912631064,0.332774645364841,0.00833302807606995,-819.348561515345
"608",608,0.558421477523009,0.39228574299787,0.00642517886657506,-817.658716819794
"609",609,0.557861198121418,0.360242561963648,0.00895900161166448,-818.061860870041
"610",610,0.585902247538704,0.442671091291406,0.00641012502924778,-818.405953813969
"611",611,0.597322869554331,0.401459380193258,0.00713613761984982,-817.610957394592
"612",612,0.526641624341371,0.357963160976863,0.00680158253078587,-817.581519081909
"613",613,0.544523808811289,0.353446151829606,0.00636547472495505,-817.599173435711
"614",614,0.520154842943126,0.31801025905079,0.00687328401465513,-817.914362605701
"615",615,0.54205150686381,0.389612073167388,0.00986162058220428,-818.782817917386
"616",616,0.489506437949853,0.306560230958362,0.0120029628876894,-820.564062232021
"617",617,0.475680567076541,0.310402976939452,0.00879404453235023,-818.429265340904
"618",618,0.497747992833459,0.365074641963227,0.00765841113037706,-818.350006770937
"619",619,0.5312086853291,0.346679821080953,0.00885104218231324,-817.88011679804
"620",620,0.442150004070029,0.34211214698623,0.00788456070316339,-819.397127825774
"621",621,0.434879717299262,0.362586998656169,0.00716736015750242,-819.40431748634
"622",622,0.591131988214351,0.42914586203672,0.00664514767119011,-817.882352221573
"623",623,0.633783081864092,0.396537774114401,0.00679492941167371,-819.181068264648
"624",624,0.565051427299498,0.40659081044479,0.00750811486174052,-817.698351629034
"625",625,0.58488983744901,0.421196575090635,0.00842405100753231,-818.003187707268
"626",626,0.569255024580032,0.418079273838065,0.00622068808763194,-818.113277085029
"627",627,0.591505184082014,0.454693028898913,0.00514847154504525,-819.579195814889
"628",628,0.276751412082328,0.396501809248227,0.00641466229585672,-822.334950579113
"629",629,0.487979412521638,0.301101629194486,0.00813918840199488,-818.165643024437
"630",630,0.452810289754627,0.386204746815518,0.00841611366969754,-819.700235173701
"631",631,0.543179596051461,0.291140034635693,0.00840379253702925,-820.962818092047
"632",632,0.425249497777986,0.367262136975387,0.00502379346951402,-820.51155351575
"633",633,0.566161290133364,0.429650568992603,0.00884966481784384,-818.745908250112
"634",634,0.592156879898068,0.373589031645738,0.00885264903524773,-818.700146292481
"635",635,0.276232567939647,0.443762227205976,0.00728152512330778,-822.281039587578
"636",636,0.225660486124889,0.468029060239916,0.00894365002765025,-824.669067834269
"637",637,0.209776098825697,0.538736858701015,0.00827399809170684,-825.353454537943
"638",638,0.243731398841627,0.425746763259342,0.00980236607401336,-824.605948349504
"639",639,0.656663600497344,0.417190828419811,0.00549377238774842,-820.064798131311
"640",640,0.657196432837599,0.415379589811842,0.00432224350916392,-821.681033200499
"641",641,0.581570661735201,0.373378499140993,0.00568271092057864,-818.193280385682
"642",642,0.554884988698294,0.388276137468728,0.00746991551373799,-817.505072475275
"643",643,0.552934424658868,0.413003221931054,0.00708179026286762,-818.099759055385
"644",644,0.629475335509914,0.397457037574018,0.00741728913851007,-818.937188123611
"645",645,0.563683809488995,0.362541177155852,0.00721530420995711,-817.53693574145
"646",646,0.556049278464218,0.405360690826032,0.00773684527672775,-817.865678982777
"647",647,0.512564023104202,0.435468055031526,0.00552419036752328,-819.569934769906
"648",648,0.648829839094841,0.464771263993236,0.00894984584702369,-819.026030176447
"649",649,0.606336187019606,0.459564415820959,0.0080188082951792,-818.55726193851
"650",650,0.647326118966428,0.461825295304126,0.00850185135290618,-818.72430254326
"651",651,0.620781658915478,0.443812623112234,0.00835864255788913,-818.247738522839
"652",652,0.581694709418211,0.42205401030604,0.00503565955078304,-819.002048980675
"653",653,0.591582862511386,0.418963369543407,0.0090315544866318,-818.262263912812
"654",654,0.613605582545893,0.384052838374827,0.00844688863363248,-819.079453169104
"655",655,0.515787276877762,0.3079025839756,0.00646401589021167,-818.300336642406
"656",656,0.530567553837439,0.514830202593453,0.0063963569132165,-820.398707976567
"657",657,0.482512684243988,0.499995739864613,0.00673860174844378,-820.234885283123
"658",658,0.529184371878901,0.457367389239966,0.00703854909276621,-819.428929226749
"659",659,0.532430487048214,0.346933859850408,0.00524339289185521,-818.50583630609
"660",660,0.548634606865698,0.342524555264753,0.00845522501615211,-818.007775351804
"661",661,0.574473490011792,0.378123465072499,0.00783137888405029,-817.579785538389
"662",662,0.59654243080721,0.421925071977777,0.00896966106215556,-818.261484799443
"663",663,0.545736583358299,0.404140008324799,0.00908852286199638,-818.575540749971
"664",664,0.557816160915475,0.392647476904626,0.00573440814532364,-818.067833105565
"665",665,0.573251566995819,0.37845544472863,0.00499568627794792,-818.682795586196
"666",666,0.445652527122707,0.330193230421864,0.00833621143803519,-819.390267203718
"667",667,0.50334791488849,0.352947716923304,0.00709957731086773,-817.976215330568
"668",668,0.46796272103435,0.332376338427254,0.00587839324257815,-819.204414844491
"669",669,0.455724476108431,0.347126790802074,0.00459070849370224,-820.863374303086
"670",670,0.457695518440228,0.311297293165164,0.00955250529524417,-819.213756369342
"671",671,0.515640355804866,0.372573870072207,0.0105610214827018,-819.480279713192
"672",672,0.53853148131186,0.385635117811472,0.0104241712404737,-819.197742755459
"673",673,0.58416145061352,0.415517992277275,0.00552061843913007,-818.307154586021
"674",674,0.621879960787127,0.409103781030802,0.00549231910618911,-818.700889296709
"675",675,0.617683576002551,0.409475054208131,0.00925515132568269,-818.918819044515
"676",676,0.543007828715145,0.379017147993968,0.0106166280397539,-819.199418654975
"677",677,0.538593010554098,0.311491916057032,0.0105410123539157,-820.527716196207
"678",678,0.514438559462552,0.350775711868683,0.0050328143039025,-819.053826690519
"679",679,0.499524975433634,0.306308945335604,0.00972731950501498,-818.785939929525
"680",680,0.414811042012677,0.284009215580154,0.005661586970938,-821.110856928677
"681",681,0.466608619863945,0.401715670695224,0.00691796748966078,-819.175222299177
"682",682,0.641585837047479,0.454159014877709,0.00712097024962427,-818.19576179459
"683",683,0.563691477160665,0.353621654686248,0.0064003384296841,-817.868651860323
"684",684,0.517128351079026,0.3768175154919,0.00769780075636814,-818.086334606231
"685",685,0.590825682066349,0.422976633114407,0.00588040362989576,-818.096567690038
"686",686,0.49729963389352,0.404449725336365,0.00821141845782432,-819.235493925757
"687",687,0.573967082898818,0.394825039119075,0.00722274225789267,-817.433922551204
"688",688,0.585801279827684,0.412206516983436,0.00819927162983269,-817.772760118371
"689",689,0.551497522397466,0.401865567047993,0.00767695099066259,-817.862850980327
"690",690,0.571009578581223,0.380042395799554,0.00508991380465464,-818.539576768651
"691",691,0.568264384561938,0.389153280956485,0.0050055974598751,-818.668162390077
"692",692,0.389279497545252,0.393706493984405,0.00741678265086008,-820.07979626846
"693",693,0.472663348004849,0.453267747032086,0.00520767765665525,-820.170811408318
"694",694,0.377240518586543,0.430168342689451,0.00799777642968456,-820.636265646398
"695",695,0.358156825796109,0.355851426173428,0.00841261352973404,-820.995098178489
"696",696,0.52997188040065,0.388000010046778,0.00685460452902036,-818.029219764546
"697",697,0.514211545378279,0.344082696888453,0.00753890213362221,-817.612585435012
"698",698,0.444876693437517,0.300896124517952,0.0122342006752596,-821.176760665081
"699",699,0.47611409630579,0.411211869204102,0.00982950938311896,-820.799034562838
"700",700,0.428305496795399,0.377294735553476,0.0095242231075047,-820.736256869803
"701",701,0.62736063235556,0.420163313418563,0.00509206569372563,-819.062799580012
"702",702,0.627481560286169,0.487917476000909,0.00558360782083477,-819.616368069062
"703",703,0.581986307464684,0.371044845866856,0.00737332101520211,-817.806120236772
"704",704,0.578998145072451,0.376598378535991,0.0065695477744705,-817.642552561079
"705",705,0.541644355876427,0.381537532772177,0.00821973751256717,-817.745976957869
"706",706,0.566578328756524,0.400753403687162,0.00713357531375798,-817.551488433993
"707",707,0.626409653536146,0.552638544954338,0.0068108030943377,-821.226360107942
"708",708,0.541765363091707,0.371283130759561,0.00600775468631139,-817.817664518372
"709",709,0.567444830043369,0.452572424267387,0.0064707349942056,-819.017428407775
"710",710,0.612337291343625,0.358732254994257,0.00582940360278902,-820.406208736728
"711",711,0.587005999007787,0.464225929449966,0.00982720049305433,-820.117542279063
"712",712,0.670944603264509,0.527150728013135,0.00451277940991036,-821.700697869146
"713",713,0.679481218135728,0.501589138666837,0.0103838405784378,-820.937063381369
"714",714,0.38303470004041,0.185489101883777,0.00968195640031174,-823.25209325564
"715",715,0.382419165584436,0.40426771686836,0.00967049505670015,-821.658798972427
"716",716,0.630939645376808,0.468005934749049,0.00750704935454223,-818.394430724383
"717",717,0.595011820955635,0.357233590880102,0.00732087551602083,-819.018475539806
"718",718,0.481970932315544,0.311007317821142,0.0058594933293157,-818.762412614413
"719",719,0.495693157277544,0.521328208406559,0.00765740263327972,-820.891880456947
"720",720,0.421676315884282,0.355201060453309,0.00791964262655282,-819.760433956999
"721",721,0.563221330805032,0.38892279826647,0.00748922905360674,-817.440395865441
"722",722,0.554967749205492,0.415248514726338,0.00746580402490842,-818.122617580372
"723",723,0.661220282065587,0.480755205431714,0.00934911476954977,-819.589530090216
"724",724,0.609718545041559,0.473469212513057,0.00822047673914942,-819.034472280053
"725",725,0.6689042303421,0.507567742024773,0.00849331240086246,-819.53904648275
"726",726,0.658742207114133,0.416850768975763,0.00579603380114201,-820.012374097602
"727",727,0.502656966196582,0.400275782666233,0.00524456716777471,-819.544558889265
"728",728,0.483964637781486,0.2964137406445,0.0104207610252629,-819.334185983234
"729",729,0.50660936363562,0.500380900099509,0.00725049158349148,-820.307837160553
"730",730,0.497845908543789,0.306474592734019,0.00893219186569544,-818.332989782054
"731",731,0.466527427232538,0.314797730193932,0.00672005718750986,-818.695742139261
"732",732,0.502683124759176,0.334410178098441,0.00953353434798652,-818.415850271781
"733",733,0.475311393290101,0.323124073696026,0.00973152907844448,-818.962209240967
"734",734,0.527931081234874,0.354163673580602,0.00677544230687845,-817.541590125465
"735",735,0.544588491576007,0.377615086765612,0.00815350982579816,-817.62374388831
"736",736,0.517792929416809,0.370123150468633,0.00637663968897722,-818.09905825883
"737",737,0.568545137318347,0.423666060078299,0.00795369347171401,-818.152910253636
"738",738,0.652862940079518,0.507518582574336,0.00661818308443366,-819.379196365824
"739",739,0.688962182225216,0.467435325472649,0.00817850336868407,-819.844654380482
"740",740,0.614424076658297,0.480363657982526,0.00888558049109855,-819.501582196277
"741",741,0.613212184293336,0.515330233470612,0.00548361102315377,-820.701645058715
"742",742,0.604750074780197,0.49837613521623,0.00982399071334161,-821.077562121183
"743",743,0.640102683939501,0.499620812323541,0.00584779358551137,-819.627777417371
"744",744,0.652108662882388,0.565613197525913,0.00760117148436372,-821.64927968657
"745",745,0.465772563923552,0.51570982834701,0.00489180049474117,-821.21876902608
"746",746,0.624169403193292,0.413742200673518,0.00844605688666702,-818.527597033518
"747",747,0.566021786813276,0.422767523744165,0.00646693832265772,-818.205281046987
"748",748,0.622966052730929,0.451975622992143,0.00705317639048199,-818.065634994679
"749",749,0.624748333561067,0.452278397110488,0.00702234806164966,-818.069661160597
"750",750,0.622346575791187,0.459876307509977,0.00721993383306874,-818.232406986721
"751",751,0.688668548651516,0.492782682630816,0.00873422789050128,-819.762440305762
"752",752,0.674216467647579,0.523940744068032,0.00376777372306075,-823.165599504437
"753",753,0.656517209314202,0.389007017309617,0.00889742086212013,-822.423134832103
"754",754,0.339944809352007,0.391266514649067,0.00922482636058387,-821.828215575163
"755",755,0.446817603896855,0.245923337984781,0.0102129756326094,-820.431786969593
"756",756,0.423812245851455,0.378945000041786,0.0101636774347442,-821.395315920973
"757",757,0.493917576283133,0.3427178830413,0.00585937604058518,-818.614512118005
"758",758,0.473358141099951,0.324530617342991,0.00983497276539839,-819.093063261692
"759",759,0.51820651437174,0.308635087451091,0.00635956804654944,-818.361691485843
"760",760,0.498668050487506,0.46743776907829,0.00504695385613413,-820.380266645231
"761",761,0.679699201033993,0.459658514093703,0.00861502014511827,-819.85094918037
"762",762,0.68670311087019,0.505994734177604,0.00702936247590094,-819.206269771775
"763",763,0.696328398413592,0.514248399233711,0.00690404756622546,-819.428823691168
"764",764,0.664635878789931,0.513002773448653,0.00760371863485009,-819.409611314174
"765",765,0.412293672012872,0.540131921023429,0.00550608656076347,-821.303811326327
"766",766,0.749020190316857,0.549978322440264,0.00875746116131212,-821.432038289883
"767",767,0.74293475895213,0.552183895031875,0.00859918746160943,-821.150143220346
"768",768,0.581541392298146,0.481828001206792,0.00603270895151555,-819.736857778642
"769",769,0.667897077785601,0.443604782725537,0.0073041011066236,-819.184990664502
"770",770,0.635647841131066,0.446864951328276,0.00725250157718295,-818.097146249015
"771",771,0.623634196061752,0.426691015516754,0.0082223148975897,-818.201254064469
"772",772,0.607780707269285,0.446010102002073,0.00785616289928822,-818.123887038926
"773",773,0.592231401024619,0.371069647759499,0.00760550704356611,-818.232881389613
"774",774,0.488265649212696,0.406092675562853,0.00521169938608446,-819.723938793215
"775",775,0.371399030842092,0.432537476931678,0.00638927518067323,-820.354082367917
"776",776,0.557369324972801,0.368766141786075,0.00554024947674863,-818.061160254406
"777",777,0.557039382594814,0.364370017587442,0.00658121574296819,-817.496480646388
"778",778,0.526833928496498,0.423367430142963,0.00613835872394701,-818.992828743996
"779",779,0.583271093389595,0.437406371044217,0.0084124673246566,-818.423149418055
"780",780,0.5544747001523,0.338288129356091,0.00856441831394301,-818.395740882798
"781",781,0.556581456548149,0.429369749535738,0.00784267529833653,-818.574941903208
"782",782,0.634519646413457,0.430850473496392,0.00789068149108736,-818.3049786801
"783",783,0.49631781972512,0.534808876178119,0.00569145484975444,-820.907609591439
"784",784,0.604432787537526,0.447429747718578,0.00715758748268613,-818.100736369043
"785",785,0.589571021322106,0.383392617006169,0.00798091907543143,-817.874571108791
"786",786,0.599321189043349,0.417799547167683,0.00676903740748181,-817.647822731724
"787",787,0.597439718552555,0.434001357927577,0.00581961491514299,-818.295021245776
"788",788,0.580476047705905,0.431790261552165,0.00551523689203731,-818.746428137879
"789",789,0.612577915577337,0.403123687892558,0.00799128754352521,-818.151983134355
"790",790,0.57118110831989,0.351288687277559,0.00742020758172333,-818.11565671681
"791",791,0.541815440745445,0.365419325315446,0.00679785240202396,-817.44986243776
"792",792,0.536851587827522,0.331096905010307,0.00793233217266717,-817.878054256059
"793",793,0.47442606434087,0.284972482217338,0.00377696875558041,-822.846084709161
"794",794,0.371310495464354,0.515479549008605,0.00719643123204842,-821.241095997398
"795",795,0.452789875018177,0.266793820048807,0.00642652853217393,-819.556498233507
"796",796,0.456199719608247,0.403460203187763,0.00544663700656807,-819.751466013565
"797",797,0.538134498070802,0.434557000883761,0.00527578577807741,-819.624985202463
"798",798,0.563979183374084,0.319271663277347,0.00687618673698943,-819.638667862135
"799",799,0.478840877945074,0.331004104046964,0.00970459588697612,-818.973914028664
"800",800,0.480687987440962,0.309763850184593,0.00821419782411273,-818.181002916238
"801",801,0.465920475940133,0.323095232174895,0.00817901293830446,-818.675080173225
"802",802,0.467512649997046,0.34470626298851,0.00691070273161013,-818.83347789237
"803",803,0.454590314411593,0.339030251433548,0.00574515569501483,-819.57567360433
"804",804,0.516357035196584,0.332829989217283,0.00782066580361914,-817.62920619686
"805",805,0.477309099614128,0.339356618266786,0.00690355132573075,-818.539672717525
"806",806,0.559945616537215,0.329435539976625,0.00864939196959622,-819.149221289751
"807",807,0.511996156619633,0.368395312962975,0.00569670204597525,-818.631128621867
"808",808,0.548418696279054,0.359389522204679,0.0059340183532238,-817.78940472834
"809",809,0.537548304881278,0.375547438032787,0.00841626638438552,-817.782664720726
"810",810,0.559664624052872,0.387056652002535,0.00637095497184898,-817.593920817257
"811",811,0.56124872436051,0.434827639607312,0.00636090833465569,-818.677819481575
"812",812,0.617838332851623,0.436483565302036,0.00865091213772899,-818.314014625979
"813",813,0.598148079314747,0.455998661616558,0.0108857871595853,-820.503784294139
"814",814,0.568024389762176,0.468762996504436,0.00990205871635402,-820.823848517752
"815",815,0.462725296362423,0.39690421313133,0.00757603360284636,-819.301041370114
"816",816,0.597229420305645,0.411032488896367,0.00769434627414805,-817.652139975961
"817",817,0.588415517079726,0.373482070109746,0.00546301261374712,-818.562825555414
"818",818,0.567782662854979,0.337023159542565,0.00640602313998606,-818.734253025464
"819",819,0.450032102798896,0.361099179521973,0.00688873165914078,-819.188504412069
"820",820,0.538294905781483,0.383249886282286,0.00684681010821123,-817.73213515174
"821",821,0.510766112972183,0.344307529254217,0.00749094965047629,-817.671005398431
"822",822,0.548651897899964,0.390767295359151,0.00909716903549661,-818.198393018544
"823",823,0.555177088527025,0.394484948073224,0.00877898987186649,-818.00289895662
"824",824,0.544095094970654,0.346272118965039,0.00715347368252461,-817.533365069505
"825",825,0.517981435274464,0.346957096675401,0.0070870855537988,-817.585059813323
"826",826,0.541693734392525,0.412724824383088,0.00849193799382073,-818.642476916362
"827",827,0.58492785337604,0.400764905077166,0.00646879509406546,-817.580086677985
"828",828,0.588290055903302,0.445679285481473,0.00807962367582898,-818.462128696999
"829",829,0.656469307866858,0.444904941594872,0.00665150466206315,-818.638670182076
"830",830,0.627144379799107,0.439829999988306,0.00601902034458536,-818.212398450177
"831",831,0.609690008668729,0.459030133857344,0.00613194884782123,-818.602650442854
"832",832,0.619131303622786,0.402115276852822,0.00805853404344957,-818.453433394546
"833",833,0.562395809402589,0.431407751533425,0.00869541677387863,-818.816657295442
"834",834,0.371691817587711,0.45723613934063,0.00661043492363055,-820.488075664873
"835",835,0.44351651696988,0.455214222904296,0.00703779545508242,-819.862686944595
"836",836,0.64960364938096,0.456423164389972,0.00770707583133723,-818.430488200158
"837",837,0.611986010248637,0.423356275969589,0.0072739515109415,-817.750170426882
"838",838,0.614236714721181,0.417477306378366,0.00800653790339441,-817.981907912136
"839",839,0.570522464839924,0.408909985494319,0.00618148622701489,-817.895568837163
"840",840,0.605753105606812,0.457460185484656,0.0060097042656139,-818.684711056182
"841",841,0.39750298778174,0.437320349681585,0.00580538420071338,-820.224505895629
"842",842,0.423706152004395,0.404013300410885,0.00796436153960632,-819.918918871807
"843",843,0.590141275335877,0.415422085976461,0.00769148601599256,-817.651358289179
"844",844,0.543093825839356,0.415355557973905,0.00885761085663209,-818.860952635687
"845",845,0.63915351338339,0.417004406912354,0.0089498988215776,-819.399202509568
"846",846,0.627296653823791,0.472287412392188,0.0081407773634324,-818.697052837933
"847",847,0.651373157534714,0.444126592845161,0.00705145509860927,-818.462145489863
"848",848,0.588620532523354,0.401426530529848,0.00611071315520892,-817.742828701628
"849",849,0.579179184523295,0.517479585843544,0.00509395340043569,-821.083157830675
"850",850,0.442245387589221,0.377380981510174,0.00977906475969597,-820.752721837162
"851",851,0.462945322044949,0.312746556505535,0.00960158900879822,-819.097840548202
"852",852,0.458107417360587,0.258562406734237,0.0087151192680566,-819.438580025694
"853",853,0.437988360382741,0.457019155614888,0.00741884942990668,-820.036725506396
"854",854,0.577282263900218,0.353957789332,0.00695067452907503,-818.228481283492
"855",855,0.448735666639863,0.404629939741775,0.00613197612833649,-819.452303715319
"856",856,0.456157175581062,0.374435797749165,0.00765458690562017,-819.246526001873
"857",857,0.57168604574176,0.521258091974248,0.00396101832760822,-822.830872390276
"858",858,0.442451037503236,0.318660529574057,0.00385439114370562,-822.956985585372
"859",859,0.473748976520941,0.432973951855161,0.00941408723473262,-820.800182029613
"860",860,0.659336085513826,0.465773325401666,0.00751015044312172,-818.57219860127
"861",861,0.675274942419577,0.496047849390902,0.00832308454953313,-819.282391122573
"862",862,0.65492256213244,0.434641126406587,0.00645636250598535,-818.843005346517
"863",863,0.648368512845473,0.430991535731283,0.00787401808161558,-818.800328807152
"864",864,0.559132871578303,0.433521054012271,0.00715032001393076,-818.554090229358
"865",865,0.628463031758948,0.460154368712741,0.00734098230048709,-818.215489077308
"866",866,0.622809842122473,0.446698623694002,0.005764032468383,-818.41943890663
"867",867,0.638101621069331,0.417664258477956,0.00591264706586456,-818.799208491185
"868",868,0.484017961052501,0.341367485309614,0.00978856317677013,-819.069655486598
"869",869,0.466969132211419,0.248081958750902,0.00685476926950433,-820.317115780749
"870",870,0.416828836691857,0.520855900978578,0.00774436372755722,-821.216743409125
"871",871,0.749774279207551,0.525263753085868,0.00497325776786869,-822.053883422518
"872",872,0.535862218619319,0.380999760094895,0.00765435180115008,-817.717495281529
"873",873,0.502956896362454,0.291749074907345,0.00826131227543537,-818.666770441517
"874",874,0.500257675056281,0.337103159520412,0.00851207984739874,-818.001133537367
"875",875,0.538775674174878,0.39169339694393,0.0085670278930782,-818.149392119528
"876",876,0.607359761745491,0.436624373976688,0.00921576232064763,-818.608874464242
"877",877,0.645066654337011,0.450672688144866,0.00840799412273118,-818.631566604045
"878",878,0.601997698515749,0.44631624386915,0.00874174795147279,-818.54204860604
"879",879,0.600660652008678,0.442852526044937,0.00681551398239825,-818.058093036136
"880",880,0.602585495838828,0.373831290724208,0.00698758478196638,-818.523986733392
"881",881,0.467739430137842,0.26856186882155,0.00990929378451148,-819.638423963041
"882",882,0.442809787804381,0.285801041463121,0.00657856806898324,-819.492615083872
"883",883,0.49010049522436,0.341435731544561,0.00617884453752285,-818.490211351471
"884",884,0.520520651509812,0.335618956807915,0.00810794941765929,-817.661691706568
"885",885,0.519139392532766,0.309542437913589,0.00601396914476736,-818.529524333521
"886",886,0.485318987887157,0.345094257298032,0.0107217407843144,-819.74432407326
"887",887,0.539436665313363,0.345085397405307,0.00504612722345195,-818.757762420231
"888",888,0.566621651474341,0.41453464778726,0.00511187416290436,-818.989924534945
"889",889,0.57851836664316,0.421609586736168,0.00506682359308041,-819.00310641497
"890",890,0.563787788678474,0.339318548098942,0.00827285064476404,-818.604983863309
"891",891,0.528291384920484,0.321869049123039,0.00726435736890744,-817.896613666056
"892",892,0.536647670904059,0.399914417399082,0.00911600927412837,-818.694135410072
"893",893,0.594616565596022,0.434162407371551,0.00901608762347467,-818.486629874215
"894",894,0.625661335344941,0.448146694377624,0.00564656046473283,-818.528263787192
"895",895,0.624702396865229,0.412360357038309,0.00882283225154832,-818.806716997354
"896",896,0.634275038941862,0.418361928222222,0.00573059713495292,-818.738769980917
"897",897,0.425692742801405,0.486523414919973,0.00567040513607535,-820.453069365619
"898",898,0.45697712775322,0.517385169788577,0.00644758753739159,-820.554766625963
"899",899,0.42096177821735,0.50670261475714,0.00900838196026489,-821.949248915639
"900",900,0.428380240779322,0.388976220110196,0.00868200230539237,-820.184630906919
"901",901,0.487022040635304,0.414388658792099,0.00714310893047992,-819.131013397911
"902",902,0.607435063232345,0.418310998906774,0.00702516695093304,-817.686693562983
"903",903,0.329432503203155,0.359984785008018,0.00665460253680065,-821.212608288555
"904",904,0.455814811225849,0.338348920806448,0.00633604592384998,-819.215319273767
"905",905,0.428873408132787,0.42654706268789,0.00746745441776462,-819.823134578178
"906",906,0.675699456251907,0.559460402541465,0.00913826145405177,-821.709276028843
"907",907,0.700310667907976,0.539084842066522,0.00807244406452729,-820.138835897459
"908",908,0.710254531777053,0.522941956342775,0.00832485747186998,-820.092395599905
"909",909,0.663525420738305,0.49886313525484,0.00901055595093938,-819.634225208543
"910",910,0.677224141836373,0.49754803967781,0.00538193642559845,-819.697146282124
"911",911,0.498546874464864,0.476597767613513,0.00910611845545854,-821.106926215853
"912",912,0.57887452133462,0.437668493929901,0.00544956373789647,-819.000429990325
"913",913,0.652967582882455,0.457604394169365,0.00960013226175981,-819.604817477536
"914",914,0.625469503834076,0.38592828440084,0.00756787592626903,-819.328439372562
"915",915,0.502688204771388,0.351127268469114,0.00884952138061957,-818.265753227458
"916",916,0.554686788991763,0.35750144961525,0.00916175666480181,-818.177641439417
"917",917,0.538890965839739,0.42043504179093,0.0108186470322483,-820.569180939164
"918",918,0.58159848972543,0.364607250786498,0.00977503080450786,-819.278324709498
"919",919,0.57170043080959,0.450956217206046,0.00812241101572146,-819.021734055673
"920",920,0.5319744235322,0.296555980070312,0.00673307831578556,-819.449393772335
"921",921,0.486360707422667,0.361476599571631,0.00669408379935853,-818.613657330981
"922",922,0.493021914253536,0.395995169501432,0.00654019053948044,-818.887454008543
"923",923,0.40616128917047,0.42115735399607,0.00650217641525889,-819.869932323497
"924",924,0.53277562233898,0.447111698406658,0.00455527099896129,-820.687219373814
"925",925,0.457930398323105,0.437200742105821,0.0091193522416884,-820.738885240983
"926",926,0.577588928978822,0.437962262988288,0.0074793228203468,-818.308834722001
"927",927,0.644592169967639,0.463222998870774,0.0063175863368893,-818.418469479674
"928",928,0.581352276450352,0.429592260141028,0.00768978255979876,-818.016772440285
"929",929,0.547358207545173,0.399995957320148,0.00732841672400515,-817.87540359809
"930",930,0.595390423713131,0.589080204711172,0.00806759246521304,-822.664019083078
"931",931,0.755329848873769,0.550851361113204,0.00540419903587055,-821.554899076981
"932",932,0.382127281044272,0.39696524742925,0.00516096792385884,-820.822987185551
"933",933,0.421986919343653,0.423358069114154,0.00659079507745597,-819.716458881189
"934",934,0.409558114500815,0.394148571446556,0.00792124637028071,-820.007406436685
"935",935,0.392032984776185,0.400925616934394,0.00934980059877838,-821.22257478218
"936",936,0.377419015699495,0.236880826324934,0.0128201106565007,-823.029402154012
"937",937,0.39032335945369,0.255014081914444,0.00960791776599668,-821.161829779875
"938",938,0.442500955093453,0.272727396902336,0.00919598577903135,-819.313730867835
"939",939,0.462200036312116,0.36882790170053,0.00501236105788717,-820.091085103404
"940",940,0.519568832594488,0.399137443264491,0.00895546630430837,-819.041468606391
"941",941,0.565394683543359,0.374789380790037,0.00552394630133044,-818.074858628606
"942",942,0.562274995795151,0.378381602072548,0.0099884920284465,-818.668451200148
"943",943,0.505847255945274,0.364077712472589,0.00848340184752699,-818.300801637762
"944",944,0.537560846290964,0.364532775462898,0.00585274113171615,-817.917683004631
"945",945,0.539443641936642,0.365154572927255,0.00472952226880249,-819.172772613988
"946",946,0.601434274373814,0.488926139363778,0.00873120794979167,-820.036765491443
"947",947,0.659202704757606,0.419139334908928,0.00693110379760396,-819.64719247885
"948",948,0.538930800253565,0.41512822238885,0.00854945916998772,-818.811222693828
"949",949,0.541550244289613,0.413024004809738,0.0137213829978664,-823.344574017819
"950",950,0.587191534824308,0.460646274407923,0.00500408312213158,-819.981544880842
"951",951,0.663645174328741,0.459286608854148,0.00733804668706963,-818.68805544424
"952",952,0.585308681353687,0.361331635911787,0.00754815763532544,-818.317410432366
"953",953,0.575558507024303,0.396473910220561,0.00686878335638989,-817.461737629853
"954",954,0.580431027871709,0.424436301047092,0.00631246207470999,-818.033425989998
"955",955,0.683185157076442,0.508827727789453,0.00821498006212154,-819.487162250874
"956",956,0.717751846592427,0.513904443289803,0.00510088279896976,-820.804989048672
"957",957,0.716214874229993,0.495078486492633,0.00502175558728515,-821.052084912228
"958",958,0.53126656948438,0.304975016544314,0.00995238000828656,-820.023546986883
"959",959,0.485940797792688,0.318314220376874,0.0058011314456511,-818.710247423212
"960",960,0.512377143556162,0.3585722497191,0.0049461916701913,-819.311362258632
"961",961,0.513956983888249,0.381124835741695,0.0112862954567328,-820.379170844475
"962",962,0.582074680542835,0.397355954369158,0.0105881435405152,-819.365694473627
"963",963,0.576769653843023,0.357429784303278,0.0121750448843817,-821.940821025861
"964",964,0.498325642860803,0.290412831038393,0.0104066955048088,-819.788083047712
"965",965,0.457662492311139,0.32340580756758,0.0144633869151967,-823.458908337316
"966",966,0.453884693465746,0.276431705445915,0.00669552065442372,-819.182322995726
"967",967,0.439017166410075,0.325346037072658,0.0103718815759435,-820.545597898269
"968",968,0.359738812966866,0.280822740872039,0.0104587046067174,-822.610856132721
"969",969,0.418823281803755,0.254976868210396,0.0050580027368129,-822.347178916401
"970",970,0.410681994923784,0.361260100385542,0.00970311407078044,-821.034693159439
"971",971,0.365740837101333,0.466924677866788,0.0101702782109006,-823.047463313224
"972",972,0.421899261314969,0.450682179709316,0.00969404180514613,-821.772299362536
"973",973,0.673078405656037,0.491008887973497,0.00367795640608748,-822.549722758142
"974",974,0.642167751204333,0.418182888706438,0.00960685520288987,-820.037809239838
"975",975,0.575004745361537,0.443666648820976,0.00834522668508246,-818.777463683311
"976",976,0.54523437369771,0.38355629396134,0.00800553158715909,-817.659942785387
"977",977,0.588729811462304,0.365804700214434,0.00651977654967998,-818.272105962352
"978",978,0.524345305041857,0.367998433975805,0.00758961128848215,-817.71178768511
"979",979,0.429451510484393,0.360294208674323,0.00625743036268809,-819.58872764657
"980",980,0.506209709163708,0.340760936410054,0.00756607288069156,-817.731512590331
"981",981,0.450364723774968,0.284817858131668,0.00747152407431108,-818.937698956585
"982",982,0.451130892456755,0.370946773796115,0.00832914340342481,-819.558266750994
"983",983,0.609863057657966,0.394190016755491,0.00489374300540097,-819.311601898017
"984",984,0.593257221289401,0.402323161826178,0.00731788481183274,-817.558380122005
"985",985,0.543996242180002,0.491431089722296,0.00736074648364371,-820.078418475162
"986",986,0.58774327799526,0.434251827524134,0.0077284120208809,-818.044895040137
"987",987,0.596992177840669,0.365640759485481,0.00813264907128694,-818.907214588878
"988",988,0.566091227861915,0.395940551011783,0.00524835297262347,-818.467273753162
"989",989,0.587198186900346,0.399593140477913,0.00934521774495537,-818.370078529824
"990",990,0.515205026068517,0.360948585644861,0.00867051326047679,-818.06757424836
"991",991,0.559371215315917,0.374739257047951,0.00826753883836375,-817.590800652292
"992",992,0.56490554671016,0.348340970621674,0.00817695299544375,-818.204245253984
"993",993,0.506696345002019,0.361617556476064,0.0054508861978047,-818.880840464389
"994",994,0.57243532021789,0.371986052503166,0.0083031988557775,-817.8039960971
"995",995,0.563817203232577,0.385826521920555,0.0058430459415412,-817.838094584345
"996",996,0.582928330836468,0.416867646956238,0.00552960940492007,-818.337704168862
"997",997,0.623880466188035,0.433833414144063,0.0105976654037293,-819.965765125066
"998",998,0.632304149792895,0.470614543375614,0.00823304811220716,-818.651678707964
"999",999,0.66597522692174,0.493437452752626,0.00766305352908194,-818.929235816289
"1000",1000,0.69173678294146,0.496230942091437,0.00721273691595653,-819.244904865501
