"","i","asc1","desc1","pol1","p"
"1",1,0.360670742475334,0.770477137138477,0.620391641421766,-2146.97838661168
"2",2,0.0471623330045065,1.40706115412356,0.585912359541664,-1753.8515701848
"3",3,0.0455968276608696,6.59442154331069,0.54600627505892,-1251.29118958961
"4",4,0.0442070672276818,13.0935191330474,0.543028666934241,-1228.26119436583
"5",5,2.45161207957363,12.0063915340744,0.29312754540045,-1203.92656422147
"6",6,7.44292449565992,12.6458754812418,0.282511660744293,-1159.40114866119
"7",7,7.61117847988854,12.1366641871472,0.120216536445554,-1110.27407639233
"8",8,8.8030744667081,10.8060648684684,0.106823218966931,-1059.94199262452
"9",9,8.86451709812974,10.4204955957471,0.0808944132656673,-1036.16701666253
"10",10,9.41476735889635,10.4545541074132,0.00270774513483607,-979.742580062275
"11",11,10.8781127367258,10.5842308164619,0.00728243267237626,-971.595699227621
"12",12,10.7189824077877,10.8466392214502,0.0100678736411851,-964.92137419168
"13",13,10.8906868734156,11.0338888513603,0.00228066235360004,-965.895422584217
"14",14,10.9212987585155,11.0599604462856,0.00984594584246191,-966.240097873264
"15",15,10.7816960033643,11.0434145033064,0.0047271291533126,-965.001778177776
"16",16,11.0356198850001,11.1052647671852,0.00615468282911165,-965.129228993588
"17",17,10.8437482666008,10.7742172634638,0.00623121350420344,-964.743494805957
"18",18,10.6302635078148,10.8802676427219,0.00580040269568353,-963.652076495864
"19",19,10.8377007419324,10.9859530105834,0.00543407203666521,-963.825744704502
"20",20,10.9160154187763,11.0039401348811,0.0051689168477774,-964.080986489211
"21",21,11.0113536787361,11.1108522684001,0.00505911622104406,-964.797280149473
"22",22,10.9727749698764,10.9614096673822,0.00386184864260035,-964.812570448866
"23",23,10.8222423924411,11.0382173215404,0.00581687490812269,-964.445548035914
"24",24,10.8001298824895,10.9541176290581,0.00602308368413536,-963.671908643255
"25",25,10.8116722449272,10.8989936861876,0.00652993892251831,-963.604675325633
"26",26,10.9362853575805,11.0501997695215,0.00737395729812303,-964.886736639621
"27",27,10.9513100534689,11.1212454183804,0.00503585193673667,-964.813134473736
"28",28,10.9827699909993,11.0979713052529,0.00575062388447631,-964.710714499491
"29",29,11.0308660569165,11.1714558513265,0.0041864685134098,-965.271290859723
"30",30,11.0185884218984,11.0560700571276,0.00538024124579205,-964.887671597045
"31",31,11.0016331562189,11.0834916792057,0.00380460380938877,-964.891875635457
"32",32,10.9180333007671,10.9256602583257,0.00276796896703583,-964.952262844295
"33",33,11.000616226538,11.1093816945469,0.0079365944238058,-965.61847976654
"34",34,10.8173456523528,10.8738671120785,0.0049486475601623,-963.316914273409
"35",35,10.7890816827953,10.8105505594625,0.00361141701361582,-963.387282103015
"36",36,10.7349122046725,10.7119501143293,0.00284757158087409,-963.634276162295
"37",37,10.6550352408033,10.5829190735566,0.00615171719430578,-963.267119912218
"38",38,10.4929381158948,10.5577058660693,0.00361067579834354,-961.202023988133
"39",39,10.3902609896471,10.4631101534191,0.00643225806255926,-960.429985798399
"40",40,10.3499213101744,10.3995095523271,0.00647551501230789,-960.141115662543
"41",41,10.2993174171724,10.4646000285364,0.00873907404506161,-961.213591677925
"42",42,10.3788292840321,10.4609429950386,0.00714140395666635,-960.633852326149
"43",43,10.1841236203323,10.0172366148722,0.0031017470266205,-960.882783592479
"44",44,9.78528188394901,9.66035981002266,0.00590372410647112,-956.971573200049
"45",45,9.39008330311183,9.48935629722803,0.00366686380800293,-953.12061032034
"46",46,9.4865345514906,9.41929430391027,0.00485996659574846,-953.465117548853
"47",47,9.45161982288353,9.4298902206465,0.0047518985008588,-952.894972416385
"48",48,9.38228239987955,9.39081145082085,0.0057930178208644,-952.443569576328
"49",49,9.23385366219068,9.32257890547799,0.00305314504495584,-952.268714338347
"50",50,9.25682414640523,9.26962356132484,0.00509902768473239,-951.307725092374
"51",51,9.07363496328873,9.0261146299625,0.00471487994011729,-949.931925224028
"52",52,9.0060032844582,9.16328622244275,0.00542003853295355,-950.597502288067
"53",53,8.97599938556538,9.09660168581355,0.00409622211042704,-950.041657063755
"54",54,9.10356883574223,9.00576984067094,0.00546500588585317,-950.752964414563
"55",55,8.92111501912753,8.99117583116093,0.00383226592085873,-949.129950964551
"56",56,8.98011530910385,8.96363686398252,0.00870487195466728,-950.873810596172
"57",57,8.71441112476561,8.50127452538149,0.00828249738508345,-951.560844044662
"58",58,8.61989413365331,8.48928427036767,0.00424157597278627,-946.860301514748
"59",59,8.51730643300172,8.40838219564929,0.00201536613849839,-947.409592278931
"60",60,8.37852949463353,8.44805324181156,0.00489486333995207,-944.608074031019
"61",61,8.39182442903848,8.44754612074665,0.00568478461449581,-944.656264198419
"62",62,8.46174766271962,8.45220728305166,0.00704404490876558,-945.525391652344
"63",63,8.46025516501182,8.43437208183342,0.00477041097154456,-944.802395616359
"64",64,8.45606743423926,8.37490891841943,0.0042566399202506,-944.972698847499
"65",65,8.23383190806038,8.19612104628252,0.0065416474482567,-943.43832770902
"66",66,7.97827562847105,7.90730485722296,0.00396290938510521,-940.884596828257
"67",67,7.87224415993098,7.92893559028055,0.00613603718463293,-940.584084313192
"68",68,7.74332857625263,7.86664140116136,0.00433030397973573,-940.517837458764
"69",69,7.68479012632832,7.77827377772982,0.00704877778686202,-939.818741598472
"70",70,7.72058460070492,7.67206229433795,0.00427984576288346,-938.581551256742
"71",71,7.93399408285949,7.87850821899499,0.00677093246943672,-941.083446546864
"72",72,7.66608909243456,7.85777615239559,0.00720489204387517,-941.580455626575
"73",73,7.99652756639475,7.92164655232565,0.0061160978427839,-941.405709239366
"74",74,7.88435255352342,7.91590632062688,0.00339454941535672,-940.692103075197
"75",75,7.87906452676392,7.70243231609267,0.00463709881645374,-941.122866994854
"76",76,7.4461525842861,7.15296645264347,0.00292102838346301,-940.330228371153
"77",77,7.37772670004883,7.14669720647679,0.0026598627585797,-938.214695441926
"78",78,7.12032000326476,6.92041484214607,0.00678774879298828,-935.706872111891
"79",79,6.81441168235689,6.66613383464692,0.00224563863691598,-932.321168228999
"80",80,6.70052217551477,6.67946105874015,0.00543943950106423,-929.878068590955
"81",81,6.8225927525066,6.75929389377912,0.00557265482944846,-930.864099986273
"82",82,6.67912848166396,6.71379603238413,0.0051477363891547,-930.232002958502
"83",83,6.64920082819545,6.49377286811556,0.00301749002109031,-930.023793781144
"84",84,6.64181321175131,6.43671685224675,0.00571845990234725,-930.680823133606
"85",85,6.37094194503796,6.31942991696877,0.00250181144213264,-927.940851204057
"86",86,6.480300943802,6.3577215515167,0.00769527188909027,-929.04996526984
"87",87,6.20771640531388,6.19415304761659,0.00452263148479417,-925.541307790101
"88",88,6.25202506118959,6.07364783210873,0.00377246143905699,-926.221507254825
"89",89,6.09374875095099,6.04790925440033,0.00279223223800352,-925.171198105091
"90",90,6.09390139536749,5.78331922664069,0.00569488946915588,-928.292745804208
"91",91,5.87722774787278,5.75096768164543,0.00408765119153525,-922.105770402152
"92",92,5.67979928409846,5.58904624396423,0.00457998134223947,-920.044430025551
"93",93,5.64899170112793,5.55413234153484,0.00493028319298026,-919.687990225188
"94",94,5.63241147799574,5.57619813661342,0.00623180781149902,-919.786944843809
"95",95,5.64526570560751,5.50833906730508,0.00312982534668743,-920.402862998499
"96",96,5.65447130560975,5.51018485211489,0.00382169868033621,-920.089755879013
"97",97,5.52667199899769,5.26913340481798,0.00800780381987998,-921.729212795879
"98",98,5.50822142330262,5.30735134403212,0.00461622165298285,-918.96465829037
"99",99,5.24568513215159,5.1285646049453,0.00617469206865087,-915.42566051
"100",100,5.24375618747594,5.10147344825661,0.00458544884516698,-915.506162145849
"101",101,5.067945716906,5.07733423076707,0.00726953978918271,-914.787401919091
"102",102,5.17650485431938,5.02894310691685,0.00477151497072951,-914.729174456752
"103",103,4.91486110100071,4.87657994205791,0.00577612165939841,-912.137233252182
"104",104,4.86903095225275,4.67633433222107,0.00636843379200283,-911.514661584584
"105",105,4.79377245719977,4.67313076146762,0.0061022233218824,-910.068883779319
"106",106,4.72415887116796,4.56055592672119,0.00382833820788956,-909.999218145862
"107",107,4.57367595474472,4.44782050023848,0.00301059790540934,-909.177770608052
"108",108,4.52804745100074,4.49555056005515,0.00738363789095541,-907.80362028294
"109",109,4.50704620529286,4.46745381716236,0.00563663953190667,-907.331136604574
"110",110,4.59906081608068,4.55399385807357,0.00732591002323938,-908.475684056269
"111",111,4.60087739474554,4.48915713421756,0.00475446384989107,-907.931584504171
"112",112,4.71209651103188,4.53011573502548,0.00558277113510954,-909.325644012217
"113",113,4.62811146197995,4.47762042120163,0.00621706776211236,-908.082042965843
"114",114,4.51037775494908,4.33470797666039,0.00466262485707377,-906.862022587498
"115",115,4.53794755320966,4.40174492512348,0.00745168177142937,-907.234029246625
"116",116,4.4528121554256,4.42642586084745,0.00554167081332306,-906.939947238051
"117",117,4.45315262225621,4.32094087981968,0.0058678531010407,-905.770384051083
"118",118,4.35089013969532,4.17208057593292,0.0116467888818313,-908.375776782312
"119",119,4.32557221718936,4.13828801743142,0.0104082422755337,-906.943351089723
"120",120,4.30946919229171,4.29642684212791,0.011278785095894,-907.558102823165
"121",121,4.28863804232918,4.18212810515845,0.00427695480671741,-904.3114556699
"122",122,4.2571627752251,4.05998050779751,0.00803359760150809,-904.31092659851
"123",123,4.0919567513482,3.85014777121437,0.00261082562170098,-904.529535491364
"124",124,3.98894389384026,3.78788525827914,0.00552985661049946,-899.935586739145
"125",125,3.80289529283152,3.6057864044665,0.00666462537741861,-897.329707951063
"126",126,3.65443754795413,3.39897183807982,0.00784135279944882,-896.714772338121
"127",127,3.62778197542155,3.45406604988783,0.005485860017077,-894.510672594641
"128",128,3.57876986989654,3.46406009577516,0.0076962466538159,-894.240556292859
"129",129,3.5704529782058,3.44096885407694,0.00521121995064285,-893.848928103095
"130",130,3.50155058904469,3.37833569223691,0.00579491389537626,-892.750413550908
"131",131,3.58630210514314,3.36922559988383,0.00519713611868955,-894.293274541905
"132",132,3.53314432863555,3.36914862394088,0.00499129285789185,-893.242043154712
"133",133,3.4648976632379,3.31120776262845,0.00601203800344964,-892.025086569552
"134",134,3.52072769606576,3.47920330376946,0.00519527364156644,-894.660016330871
"135",135,3.52577424625751,3.42657906830473,0.00852886433799255,-893.975461320103
"136",136,3.43799800181038,3.50688898176693,0.00591326036952333,-897.148172792895
"137",137,3.51614788507433,3.45034578460276,0.00565844477080382,-893.846774043338
"138",138,3.5077514996949,3.25366026736863,0.00514772114976818,-893.767265761828
"139",139,3.40816231785537,3.20396062455814,0.00791194329629434,-891.972912862994
"140",140,3.17896574469414,2.89029025644554,0.00772859872275651,-890.267297539655
"141",141,2.77300531795191,2.4472389900376,0.00677571924078687,-884.232601737107
"142",142,2.25381548898768,1.85665313848772,0.00565562847059825,-878.905035668156
"143",143,1.12175579230397,0.959643155348179,0.0102765029775104,-843.363047295316
"144",144,1.10157554940951,0.911882476363255,0.00754637984504598,-841.593067549022
"145",145,1.06292975411976,0.940994519501769,0.00960762796361099,-842.39645198658
"146",146,1.04255905622511,0.835842516899987,0.00947144754374965,-840.169250605577
"147",147,0.912044413975068,0.642004041419757,0.0100688211632283,-838.702056419646
"148",148,0.4155838182327,0.49555448463407,0.0103718930260152,-835.141460700007
"149",149,0.350158731950871,0.632793536735071,0.011089526038879,-837.486194424166
"150",150,0.705508521025796,0.494949312490114,0.00544869979119527,-833.719106253302
"151",151,0.663074043094704,0.508398011183125,0.0129791202153744,-835.234207336074
"152",152,0.691925473815749,0.508252823756201,0.0106557950435825,-833.180015415926
"153",153,0.690911332980782,0.53874025400127,0.00736897124190948,-832.694369243825
"154",154,0.689381352178069,0.529881047075139,0.00914272750530059,-832.61888042687
"155",155,0.712302028895532,0.541364825269883,0.00714082856283259,-832.615190821313
"156",156,0.717350279302721,0.573555467415247,0.00783253949545991,-833.14164367691
"157",157,0.792775856555099,0.554253966539052,0.00872454624348451,-834.238846816131
"158",158,0.523332687560423,0.406032926364985,0.0105705243362599,-834.161287196896
"159",159,0.423993911823098,0.383213609988663,0.00743480152555006,-834.597099310949
"160",160,0.52649426830293,0.289751714596109,0.00588903267706315,-837.051273021631
"161",161,0.463699401453028,0.690218950778393,0.0037975309486132,-838.616014117309
"162",162,0.480219064420811,0.387705844482588,0.0119614420012388,-835.921486240745
"163",163,0.531932828569843,0.566995105064469,0.00684283699324391,-833.768599325614
"164",164,0.815577194867043,0.625332565365975,0.00556247340304529,-835.1603386285
"165",165,0.428324335922466,0.55026036017481,0.00767387076064696,-833.879849068274
"166",166,0.666231729763273,0.447969589455694,0.00805140181065716,-832.305927455643
"167",167,0.525189947096715,0.466856218708147,0.0073517114157961,-833.250268047346
"168",168,0.700295807287203,0.500154283363523,0.00831761018752714,-832.226128324761
"169",169,0.534647780060409,0.452085321279354,0.00784049961491866,-833.18519202387
"170",170,0.624446377630023,0.476467646415671,0.010627845946757,-833.179887138316
"171",171,0.629187661290494,0.416402321903203,0.00756386859963593,-832.274558375572
"172",172,0.570710362950589,0.323103087973318,0.00928888976191582,-835.194030049549
"173",173,0.566026719193869,0.572044322738897,0.00948893791379353,-834.626892198925
"174",174,0.751423637302481,0.512173694187331,0.00766867939639882,-833.500024695539
"175",175,0.349569349505014,0.761158963810076,0.00772531170462204,-836.267758495734
"176",176,0.407675066282996,0.306524471057459,0.00992640889612904,-836.729900837002
"177",177,0.478896480121121,0.552399673105284,0.0103391429557382,-835.218044118759
"178",178,0.532505799168544,0.346087190615339,0.0116359272137248,-834.422937341406
"179",179,0.491443872025406,0.348764916711067,0.0121069099295754,-835.362954967839
"180",180,0.497230930044649,0.348735847088855,0.00659235907551465,-834.577097730035
"181",181,0.592839912242718,0.361856685596285,0.0110273986433106,-834.622087455239
"182",182,0.522062493563971,0.365637987084547,0.0120410222596009,-834.705531650977
"183",183,0.548555893849356,0.488676973696873,0.0139544008400613,-838.142450237677
"184",184,0.588594353820949,0.381624863940622,0.0114209507755512,-833.981085938912
"185",185,0.600512267959909,0.469156677866047,0.00938858389491175,-832.883811400771
"186",186,0.48372231141777,0.501945711449999,0.00586352444656607,-834.040031836359
"187",187,0.524165509175965,0.486379757511989,0.0064382880419115,-833.535608947228
"188",188,0.590929469925138,0.521931321407929,0.00730228916161193,-833.330012444888
"189",189,0.601524508722943,0.646016453902801,0.00761406001013809,-834.776464014231
"190",190,0.502285517806409,0.526814361908138,0.00573218067107638,-834.151852935053
"191",191,0.667054310813474,0.497659309669227,0.0118421592793372,-834.001976699344
"192",192,0.646846417457938,0.449785860422961,0.00961244061537523,-832.35785462079
"193",193,0.620253644243784,0.399344579311848,0.00953519908710582,-832.945383248898
"194",194,0.529467173288011,0.381282493366748,0.0104752245010828,-833.701653212857
"195",195,0.617065109637768,0.420759696131954,0.0104877176511876,-832.88719845638
"196",196,0.623714505986355,0.443251294473768,0.00597336717893549,-832.877386055253
"197",197,0.679289598307228,0.475915301833842,0.00969296040791266,-832.583610796041
"198",198,0.644533025192462,0.481492930966471,0.0110384124989033,-833.282613435805
"199",199,0.314204891962183,0.546669779893621,0.0123940887974918,-838.396565002157
"200",200,0.600204173446151,0.390745367321784,0.0107831883324756,-833.471222645073
"201",201,0.543786590372707,0.420550794899722,0.0128349749666293,-835.546941642315
"202",202,0.605624502875362,0.444361061677932,0.0105089070416321,-832.905295240845
"203",203,0.674448345059573,0.512687228919197,0.00982388815249089,-832.730099177552
"204",204,0.66999645171781,0.484143210888797,0.00531051274156902,-833.66254735851
"205",205,0.694380297459419,0.460983866200659,0.00997518135285709,-833.603762590792
"206",206,0.631238029819363,0.466692289362418,0.00925457405652158,-832.248742421344
"207",207,0.665050801460129,0.490883795720612,0.00978077490456175,-832.489857961736
"208",208,0.678354035576932,0.501262461112634,0.00851358224006142,-832.118642926282
"209",209,0.701752584867888,0.538160106134901,0.00528509163215859,-834.21921191691
"210",210,0.745624436651052,0.523097320968229,0.00777074649322215,-832.963711316373
"211",211,0.722213349145405,0.651147469811282,0.00595999420514233,-835.709064525174
"212",212,0.653792846109943,0.567700154413842,0.012230187701405,-836.371462046346
"213",213,0.700464789989626,0.483442275717255,0.0113359489824334,-834.179236973317
"214",214,0.610457431148064,0.403853227120494,0.0106345109028499,-833.216714744123
"215",215,0.604628021968481,0.392781143500466,0.00795084585808586,-832.426368755159
"216",216,0.600816025853005,0.490526823020415,0.00734371180618733,-832.982362090833
"217",217,0.666329861084567,0.489604641194041,0.00756412706075457,-832.047655254128
"218",218,0.691612958332718,0.543250150407953,0.0102916774113301,-833.414768084203
"219",219,0.720054754160063,0.533835510087721,0.0114520315162383,-834.121369179021
"220",220,0.698406206373238,0.518853054918945,0.00512794550525682,-834.171336085779
"221",221,0.679250102557279,0.536844160087701,0.0105175978850267,-833.569899738875
"222",222,0.706993612295691,0.52542311670804,0.00823444031046909,-832.298642526397
"223",223,0.644275545463024,0.534789721011669,0.00657202567497473,-833.519753502671
"224",224,0.588112854970466,0.549409768844299,0.00392564450223711,-837.35008645525
"225",225,0.361431547450494,0.619719899000573,0.00571828757765601,-835.50435416421
"226",226,0.712670576402914,0.477121059958847,0.00816540884738189,-833.043276852819
"227",227,0.728427155150648,0.687247054310134,0.00753168409490359,-835.893267289434
"228",228,0.881988349370924,0.681039475407832,0.00817221262974959,-835.39083096985
"229",229,0.579743307823302,0.64817253978514,0.00916801001607783,-835.457264556682
"230",230,0.499703400900313,0.622160226370062,0.00732649121528223,-834.268167673957
"231",231,0.79807863136755,0.542372012707849,0.00649434360645909,-835.064723031358
"232",232,0.699289450126041,0.627634377164098,0.00810463701349606,-834.771398849197
"233",233,0.696091756579114,0.514798479333224,0.0102944492026601,-832.982967671896
"234",234,0.720494243073433,0.502563341467071,0.0070132879208982,-832.727703415241
"235",235,0.681265918774184,0.500228259378851,0.00878108511075601,-832.166554432199
"236",236,0.657445290999492,0.491901322608203,0.00854229051032103,-832.133850707642
"237",237,0.426756439617093,0.551396016137501,0.00625641313839672,-834.151950422155
"238",238,0.445843111011826,0.475852714423103,0.0101567504486578,-834.752725592021
"239",239,0.630675069327315,0.443951453569363,0.00617184712546846,-832.652440390423
"240",240,0.647172823022153,0.418134322981193,0.00680666161449009,-832.906228550383
"241",241,0.567555988127083,0.495004664298929,0.00775753537940176,-833.18585205018
"242",242,0.524559239501727,0.529808457953455,0.006825806950739,-833.527255368672
"243",243,0.405075189331327,0.500517115620103,0.0078844307163948,-833.890613734259
"244",244,0.475973916999299,0.442550707222273,0.00774835937564576,-833.531564435364
"245",245,0.48696411758711,0.413704013281877,0.00950467233397381,-834.108520629639
"246",246,0.480607472988434,0.347504127815853,0.0127354460296389,-836.075851823308
"247",247,0.562397362193771,0.524358896657895,0.0105719218766303,-834.929469488177
"248",248,0.684935601889883,0.476704211908555,0.0101329362313249,-832.948242601126
"249",249,0.688589712784783,0.502181432720625,0.0094062345554226,-832.41955445958
"250",250,0.6577349412006,0.528166570811161,0.00709799442289052,-833.023368722904
"251",251,0.61228036389916,0.42682357442992,0.00821638955021852,-831.974832953626
"252",252,0.579289814596722,0.378495656673579,0.0104738108188484,-833.256145122282
"253",253,0.616637965913078,0.461374508698473,0.00845872637139757,-832.201754369042
"254",254,0.583939023762283,0.480017168425826,0.00661013639983845,-833.254700048064
"255",255,0.458403122320492,0.779079368360477,0.00501620261070978,-837.388232113113
"256",256,0.221819413241669,0.648089608955068,0.0101670381265937,-837.974300382534
"257",257,0.826248329946571,0.649126006924911,0.00944386594391541,-834.666887448169
"258",258,0.810327809713731,0.600528766871668,0.00818139808846271,-833.856577599031
"259",259,0.70912429976998,0.593917874161685,0.00798917311932344,-833.854286851387
"260",260,0.810173952158918,0.559533859176214,0.0089852628328562,-835.082927549334
"261",261,0.559886660026994,0.404176480722171,0.0091900995442885,-832.707866957696
"262",262,0.608253553722294,0.423199743690733,0.00523350324137686,-833.909724475941
"263",263,0.466241084583611,0.462623289637724,0.00814329202074176,-833.581022510955
"264",264,0.51137066997302,0.511662120946373,0.00702000968878707,-833.426432432632
"265",265,0.492877546884368,0.426213973281474,0.00933823030266994,-833.939491508969
"266",266,0.593091168079513,0.461400298037002,0.00744680186415395,-832.684935432052
"267",267,0.689134287273081,0.497397100228527,0.00975665972833019,-832.596335972789
"268",268,0.701267733733329,0.630287041826392,0.00604011674936037,-835.24512205476
"269",269,0.763097631820914,0.59669522162824,0.00804506569900228,-833.280958940425
"270",270,0.484080670170172,0.615836174707078,0.00777316932025733,-834.28189632651
"271",271,0.63500110128871,0.481447401540252,0.00851606387992753,-832.249251095662
"272",272,0.66127241110968,0.442640147143696,0.0085452059811716,-832.383094449433
"273",273,0.681620509759161,0.483096181400964,0.00719011578582126,-832.162984965244
"274",274,0.332247440602843,0.474638215131577,0.00673534933343428,-834.929487919151
"275",275,0.672801872179956,0.484627193011293,0.0102903619146724,-832.782969239489
"276",276,0.636995171164291,0.506489287377382,0.00621524023242901,-833.361478910587
"277",277,0.56999819876863,0.461339158412237,0.00701957310414548,-833.074920083116
"278",278,0.43763474699868,0.632454180463826,0.00962851016013558,-835.59715159393
"279",279,0.461091294923019,0.575812654995861,0.00724277032667446,-833.889568423473
"280",280,0.593481852343135,0.490894917384602,0.00846723386453605,-833.096726118905
"281",281,0.65906457210325,0.52378777870218,0.00929160516539035,-832.972624601395
"282",282,0.466077221423024,0.493922942197306,0.00972298193361522,-834.375326119318
"283",283,0.57676181078433,0.438639164704815,0.00795510061178734,-832.606081400236
"284",284,0.61173830320769,0.430500427948044,0.00901401426422322,-832.102070689138
"285",285,0.614767666391351,0.460355270020835,0.00809305548126345,-832.200561272985
"286",286,0.454225350387931,0.467736531723622,0.00864358253687621,-833.793865056924
"287",287,0.229681982894303,0.525458631302333,0.00831202452823465,-836.792357864124
"288",288,0.596483106977496,0.370459737062488,0.00869024703652398,-833.126847915965
"289",289,0.561587782389502,0.42236574393693,0.00695529464194351,-832.973130287451
"290",290,0.473439690213015,0.56363612447695,0.00791489512183077,-833.844715103511
"291",291,0.72202562189111,0.520206820630854,0.00892568820962196,-832.60200746779
"292",292,0.715411610692378,0.532143584993281,0.00878411236129431,-832.479161298594
"293",293,0.652439788887093,0.427921560907885,0.00997182008529272,-833.179961093255
"294",294,0.615890780980957,0.449205967224234,0.0103486015073369,-832.740092050513
"295",295,0.626073456081718,0.45614477765151,0.0051696483757061,-833.985737678653
"296",296,0.625605049023419,0.400780864785821,0.00802742501080495,-832.647557285012
"297",297,0.5824061264846,0.41987875136321,0.00868428511955319,-832.307153945715
"298",298,0.600167620989266,0.393130253757037,0.00830407818672722,-832.361607500073
"299",299,0.625929082390908,0.431144250966528,0.00766215778354565,-831.986332932255
"300",300,0.619051636438987,0.4316870052756,0.0118538527289174,-833.836859039126
"301",301,0.544062366760015,0.371740348283188,0.00808933038146245,-832.821150162444
"302",302,0.40795838004855,0.478075944530415,0.00780034957681792,-833.870529492467
"303",303,0.73031928247304,0.487577027881083,0.00817075318568861,-833.460613157875
"304",304,0.518889620267568,0.458598157561089,0.00680000704305271,-833.403744229449
"305",305,0.458710161006644,0.448668521349488,0.0075014366051138,-833.60741512479
"306",306,0.569220070684637,0.461984700322945,0.00586041519267427,-833.797294566028
"307",307,0.473466268894962,0.629381740691022,0.00649022174089932,-834.470120864464
"308",308,0.733269740054229,0.625189737903371,0.0114403285535031,-836.024173764333
"309",309,0.781522566714819,0.563024453514003,0.00962384156267064,-833.96944472132
"310",310,0.780023120154301,0.577160665721701,0.00608802821924294,-833.91543618212
"311",311,0.639910976991032,0.551135614901448,0.00733891398194096,-833.543126491459
"312",312,0.623101870152716,0.533414798631778,0.00783980817711296,-833.352613650251
"313",313,0.627205064824816,0.520810023198046,0.00884284622750265,-833.304271854036
"314",314,0.725701588010425,0.460596776349668,0.00652613752102129,-834.847587043996
"315",315,0.355593300931782,0.484279695697075,0.0101149679225834,-835.395977971613
"316",316,0.226186778274669,0.5373920555334,0.00566579576987889,-838.07388313147
"317",317,0.265969363392921,0.818111387141154,0.00444988922836355,-839.542244542084
"318",318,0.586327927210532,0.883166331946214,0.00828501433485043,-839.040129669592
"319",319,0.725037660568877,0.896983571909755,0.00558619882772997,-840.343076520076
"320",320,0.377371790116792,0.82658442887059,0.00526181971474105,-837.446192395973
"321",321,0.294950984769905,0.420698797316096,0.00670893560964168,-836.220399740282
"322",322,0.662572695040998,0.531382385694656,0.00732384967993546,-832.957513295209
"323",323,0.660094885898401,0.476153152437677,0.0104970640641974,-832.842824835707
"324",324,0.66097252704771,0.552072466114728,0.00903345466720766,-833.608956361613
"325",325,0.727918293190098,0.554750811146191,0.00786050100175092,-832.635396419342
"326",326,0.384560227331403,0.526559580038705,0.008751176989142,-834.385344740841
"327",327,0.473904815113419,0.492867261067775,0.00600956349831481,-833.961437673437
"328",328,0.563543855240327,0.422610284412512,0.00660202945690542,-833.132630469882
"329",329,0.527400669400874,0.455556289890841,0.00887486601592202,-833.484250933899
"330",330,0.610035036157367,0.482884794484605,0.0089985714173659,-832.844764314603
"331",331,0.603694737811388,0.467241809995277,0.00744667102393389,-832.594116999219
"332",332,0.478732348664928,0.619926921408991,0.00480006626952529,-835.858088283227
"333",333,0.534114878711613,0.446846189783159,0.0076945209024483,-833.180887721143
"334",334,0.623161437096818,0.499788756358219,0.00949645024690866,-833.143107188518
"335",335,0.647379714666545,0.457684691443966,0.00959599189212169,-832.297124299869
"336",336,0.432562282114432,0.45879973419522,0.00570449149052702,-834.58489509494
"337",337,0.570223713094798,0.628972082994186,0.00419021027597458,-837.182232465792
"338",338,0.547377182935023,0.634368805843249,0.00421645407976442,-837.10468900091
"339",339,0.426930835768013,0.515700592095323,0.00646940827749164,-833.938697710399
"340",340,0.681311685777351,0.506929117204716,0.00530940429913772,-833.833497612416
"341",341,0.534730593895929,0.615833943557206,0.00649140323945282,-834.318642164933
"342",342,0.823993684452948,0.642095836858406,0.00664617800105543,-834.514222368568
"343",343,0.544556438457161,0.608801640845945,0.00772950505580491,-834.199032311743
"344",344,0.713985789558913,0.538294211186761,0.00838718214985631,-832.451940808344
"345",345,0.684703458070457,0.520511578623423,0.00932006487039566,-832.5554691816
"346",346,0.628625386581268,0.503129615247056,0.0106014562225919,-833.699991167146
"347",347,0.655576550135676,0.483727593391241,0.00913660201442145,-832.193345382153
"348",348,0.63249203243987,0.508038320714731,0.00551994158032998,-834.121839614682
"349",349,0.665454756701725,0.454841621040033,0.00707728210036711,-832.272933090539
"350",350,0.616339325448446,0.457402089390025,0.0102831009591983,-832.787483684485
"351",351,0.616025849574293,0.535619881816201,0.0065081358110213,-833.646416807141
"352",352,0.610241080889351,0.506203745451675,0.00904565197849944,-833.317414723789
"353",353,0.623381876426394,0.415556558962435,0.0121196494384636,-834.421666083487
"354",354,0.579699593934302,0.416075475152073,0.00518877881731614,-834.345873987401
"355",355,0.645275807735789,0.404753350263823,0.00770255490833203,-833.204502510917
"356",356,0.51170287810705,0.515840237003122,0.00651453033412582,-833.590854791536
"357",357,0.420069719920104,0.503930866596136,0.00613840366868078,-834.166926059634
"358",358,0.311381210520498,0.46585432543621,0.00676930535705507,-835.331543685394
"359",359,0.709233879708691,0.535089517234448,0.00827762214070399,-832.40406544328
"360",360,0.698984811743539,0.511274041364812,0.00965600062835157,-832.628053506121
"361",361,0.463138915499516,0.77657803962198,0.00751063584715426,-836.459297693297
"362",362,0.252918612409029,0.731731436397298,0.0102077884876964,-837.821881329543
"363",363,0.438796027455386,0.527307212414981,0.00609898062144183,-834.09515095364
"364",364,0.619333161142082,0.37684544771618,0.00991608909977704,-834.20976808757
"365",365,0.485472092081718,0.308866118274908,0.00964550149102334,-834.602042280493
"366",366,0.462256526466995,0.619641132863765,0.00975451316636549,-835.473493099693
"367",367,0.616598377296632,0.510811427139867,0.00798309009088231,-833.077499990195
"368",368,0.640805360860544,0.492871538340845,0.0080716113864749,-832.348570983335
"369",369,0.676418568034592,0.507299286657492,0.0086404910955962,-832.217040515073
"370",370,0.638422281344582,0.469896510688713,0.00720062099127509,-832.148583610145
"371",371,0.46816913964432,0.456606007693454,0.00794184456203543,-833.546718577747
"372",372,0.571453011011116,0.423423984324515,0.0077566151269706,-832.553565229132
"373",373,0.423078247732218,0.439224148236578,0.00633218193329349,-834.304541701779
"374",374,0.427164787122268,0.429786600506741,0.00746936636746648,-833.964490569394
"375",375,0.542437853772234,0.445348854519201,0.00760795170249204,-833.12411887982
"376",376,0.683774903742422,0.476211871241938,0.00524767911799039,-833.846858481649
"377",377,0.416326969572463,0.934610950408417,0.00619603444917096,-837.731329126416
"378",378,0.339235377655116,0.449961514514994,0.00834829934732304,-834.829272553301
"379",379,0.34454360991255,0.574614870354945,0.0077702165283084,-834.753926028234
"380",380,0.773604878415207,0.583028463180092,0.00786290803363727,-833.150649380224
"381",381,0.375729594643323,0.421593725752352,0.00810510492836076,-834.57584249112
"382",382,0.511283978814424,0.480962974589499,0.0063354827130547,-833.6243265342
"383",383,0.519649332560853,0.564003488750155,0.00679864563986815,-833.756540845612
"384",384,0.773948576848957,0.513887983608103,0.00867970239863342,-834.881340903732
"385",385,0.629640597661583,0.509759346828223,0.00997730225806178,-833.488124693758
"386",386,0.719587140887054,0.511566503134472,0.00755207379947936,-832.459115458441
"387",387,0.710056726618733,0.641404155304227,0.00693550288683396,-835.038141160398
"388",388,0.37000552249205,0.964576278191851,0.00751934549357159,-837.505303585592
"389",389,0.330875100196187,0.500298687794665,0.00691448412733501,-834.794053745502
"390",390,0.342698433692561,0.497581948902077,0.0113112475439894,-836.608936153214
"391",391,0.364012728049811,0.59852860478936,0.0125811219764086,-838.714702850088
"392",392,0.686739776274268,0.454836376795315,0.00458525001744321,-835.523920302478
"393",393,0.677437608411242,0.57634536251731,0.0056368076044512,-834.751936844007
"394",394,0.806423564679271,0.687881641772847,0.0120263467961837,-837.481478295271
"395",395,0.835255258280715,0.706559346263084,0.00465211823905431,-838.555258720931
"396",396,0.712749370654119,0.64560624302283,0.00875296103731807,-835.321564695423
"397",397,0.476523810648827,0.375402670262928,0.0101015344334601,-834.697673465427
"398",398,0.536051581747853,0.372777221050694,0.00825052960529672,-832.965690180299
"399",399,0.569115997986291,0.385275063436626,0.0114246888550528,-833.728283929642
"400",400,0.41029121547506,0.431239896577707,0.00986929247210904,-834.869073382574
"401",401,0.557006126256202,0.504639344978491,0.00665437666610876,-833.424111410925
"402",402,0.70510370067152,0.505206669419131,0.0107168662122503,-833.412688659226
"403",403,0.685153280271786,0.504498140885507,0.00674092385136118,-832.412640864609
"404",404,0.697672043958713,0.483141341311281,0.00837107094433123,-832.394096271845
"405",405,0.635500068248123,0.48863254997057,0.00945542450286877,-832.629499549708
"406",406,0.632312507148769,0.433215640978759,0.00674899946676018,-832.30116985968
"407",407,0.589309620781092,0.557778952457534,0.00777700523181442,-833.687500125716
"408",408,0.636377857926548,0.529688778872039,0.00688677870205047,-833.353842340023
"409",409,0.422580714034813,0.341181635983504,0.0102191913313316,-835.941128328978
"410",410,0.536438501422207,0.355346687712452,0.00649992381443644,-833.728454165347
"411",411,0.529604610279221,0.336673258300939,0.00661327971453852,-834.056025999767
"412",412,0.547214370675254,0.584701389460682,0.00715314733724867,-833.895186342114
"413",413,0.376199493505919,0.465822718387867,0.00890441962801064,-834.487814888483
"414",414,0.476741740550429,0.452091046670536,0.00576247678028699,-834.286569312082
"415",415,0.485361607985733,0.615316303624679,0.00817457509416511,-834.401371619839
"416",416,0.46964745789617,0.679039380945228,0.00529960183037801,-835.803899911914
"417",417,0.677124479000882,0.641180370534277,0.00923064619331771,-835.529138748495
"418",418,0.78162018787316,0.615024575345707,0.00733966254658393,-833.681650059416
"419",419,0.352364421326105,0.478647320176116,0.00672510951566678,-834.615930782779
"420",420,0.337016730067792,0.462930479348167,0.00963145850062222,-835.321693352569
"421",421,0.432187963403293,0.460478970248239,0.00955158640735307,-834.400818209757
"422",422,0.495064992897806,0.329619648740464,0.0101666528164315,-834.304038980246
"423",423,0.552452241632246,0.466794002933153,0.00850729103188538,-833.232680823543
"424",424,0.595577997829541,0.39747887699569,0.00852050949087374,-832.255748924855
"425",425,0.605946236097734,0.411103353785584,0.00811758426975814,-832.081730387913
"426",426,0.57022854787774,0.433249821652167,0.00619593780303263,-833.38862651581
"427",427,0.59799592346189,0.485092808990588,0.00630950649303819,-833.383433219851
"428",428,0.511388463437482,0.372271081589772,0.00782190181873708,-833.576998633043
"429",429,0.433756124304653,0.42422462298247,0.00813426826704728,-833.984936150445
"430",430,0.6343248447269,0.489261396268694,0.00915512483704805,-832.558902723494
"431",431,0.555812394234503,0.439700611725552,0.0068170303425376,-833.193777236793
"432",432,0.730623846633366,0.54076222033646,0.00861518601858647,-832.593188041337
"433",433,0.693292387982253,0.480815169359013,0.00651464445859486,-832.668855214319
"434",434,0.679966061322328,0.462057411224835,0.00880044212108328,-832.476051614324
"435",435,0.518194637000932,0.40107922036268,0.0101534896750743,-833.996829584349
"436",436,0.505598101035299,0.390859813853513,0.00760192057859571,-833.623924268839
"437",437,0.468240113812334,0.565237360791104,0.00801031966427696,-833.895711645123
"438",438,0.800307847447708,0.591697151156362,0.0087412561641887,-833.784774914578
"439",439,0.756958310298353,0.571849253017414,0.00690158311481794,-833.124175981692
"440",440,0.712870992491878,0.518924474682622,0.0052817057511955,-833.952384948947
"441",441,0.585774647372914,0.357204581742334,0.0075357377302821,-833.418070885962
"442",442,0.506932406070108,0.577371614799407,0.0080235198246862,-833.939714086456
"443",443,0.560903198157156,0.728996112287691,0.00650578705226978,-835.847330744881
"444",444,0.570253400791076,0.538699926086817,0.00887348244003043,-833.871415959765
"445",445,0.366763916989738,0.622794288024054,0.00791551936548647,-834.966098749485
"446",446,0.715529849760433,0.455042338801675,0.00732948144045171,-834.26285024529
"447",447,0.581877503962143,0.552186558424797,0.00519642008821458,-834.867504397766
"448",448,0.422779646477715,0.595465307031794,0.00518399476660394,-835.356884207789
"449",449,0.758608221041186,0.607204040119642,0.0115682478182295,-835.215940263552
"450",450,0.748192486786681,0.617966427336208,0.00973449819378071,-834.425981002223
"451",451,0.674177883431381,0.473082216120454,0.00986120803950802,-832.619635831068
"452",452,0.672546972120109,0.567024224503123,0.008415369492336,-833.659882718597
"453",453,0.787635869642193,0.539536186172119,0.00551660265279588,-835.40840886109
"454",454,0.728076112487083,0.559165644216133,0.00656765028161146,-833.11854752974
"455",455,0.496864719462881,0.573721056914302,0.00575416315076557,-834.373241017964
"456",456,0.671676446986555,0.470126828243771,0.00919064622022361,-832.289958938536
"457",457,0.638367124770273,0.49126828976488,0.0109067703756752,-833.426516828097
"458",458,0.681860924317749,0.510354978745092,0.0106654161742093,-833.16723341442
"459",459,0.687241622569948,0.506469292362336,0.00687936230453623,-832.357752174362
"460",460,0.650465621719761,0.526710978518882,0.00652206787119656,-833.356593663373
"461",461,0.696612022883899,0.530906132666757,0.00719558373646847,-832.519687063344
"462",462,0.700738756244611,0.528918684588656,0.00739529535053491,-832.403458072601
"463",463,0.713809493098741,0.654923839837242,0.00653793269511515,-835.413197547121
"464",464,0.576732224028409,0.501017974508516,0.00445871230841455,-835.903007167611
"465",465,0.501249874590684,0.486749744878384,0.0089116600412906,-833.718854227764
"466",466,0.262967683476835,0.433974345111191,0.0110357162118268,-837.851913443496
"467",467,0.413967828169071,0.291331263013706,0.00836277027927645,-836.875571492787
"468",468,0.456902984277868,0.392282841730915,0.00871741179167351,-834.2209074988
"469",469,0.598519055552277,0.466746642757202,0.00877369310038321,-832.694241860098
"470",470,0.636230056920686,0.422223010885087,0.00833339435090467,-832.265938058428
"471",471,0.561488045268648,0.519480093702162,0.00789209784174041,-833.384720880725
"472",472,0.48173607225727,0.423872741452701,0.00950682731730088,-834.124627133397
"473",473,0.628158034852212,0.465318008172711,0.00645417765872709,-832.61501892094
"474",474,0.608649566193637,0.425609796706973,0.00915344858714055,-832.161142975278
"475",475,0.607550073045017,0.425105839654218,0.00888282271189757,-832.090163091093
"476",476,0.48614293833345,0.398877517709128,0.00840913979464818,-833.802946411282
"477",477,0.556538158209897,0.631983894112,0.00916028143166706,-835.175315566404
"478",478,0.701667724789335,0.497311490397456,0.00937806425801687,-832.601959611164
"479",479,0.708607107593332,0.501552410789078,0.0107230981202817,-833.54044867811
"480",480,0.641825214993209,0.401861232110491,0.0121196342221808,-835.692782881512
"481",481,0.433540986470322,0.489799428291336,0.0110141791372907,-835.614503896909
"482",482,0.514482709735129,0.509401381816664,0.00720604689473961,-833.386392159065
"483",483,0.504927084544217,0.423766793546146,0.00952220445592034,-833.92845252751
"484",484,0.664069622214455,0.464304752066438,0.00754795530665007,-832.018906199078
"485",485,0.674092154069747,0.465858618279978,0.0095296633581857,-832.546417534437
"486",486,0.606780242050798,0.393364877198481,0.00907664159228881,-832.626830173632
"487",487,0.592537200853722,0.415988658556882,0.00941068833730303,-832.34442605424
"488",488,0.604201308711501,0.395461507833185,0.00521162999497575,-834.245728477431
"489",489,0.584915267978176,0.402001188155349,0.00775535565771011,-832.227350704301
"490",490,0.631168709254417,0.500928185927521,0.00802935411370043,-832.691936816661
"491",491,0.702997959125292,0.497454458371463,0.00846908834637406,-832.32142603889
"492",492,0.703395819513249,0.527010454358406,0.00646700886202786,-832.780875640482
"493",493,0.683752956816165,0.484568160163703,0.00720010323683823,-832.175317906284
"494",494,0.524916766204545,0.527335663160266,0.00628297405487879,-833.72938025657
"495",495,0.735905293348361,0.522871661236202,0.00702700214979726,-832.811581482366
"496",496,0.690505266676455,0.526843757228776,0.00908093943652221,-832.534589763125
"497",497,0.54591773444297,0.407659642830327,0.00981914163802771,-833.273447085359
"498",498,0.539650859933098,0.346870640110308,0.00771387183277285,-833.225503837332
"499",499,0.530994624582001,0.487924846795159,0.00705173422648212,-833.305337258527
"500",500,0.561721882458895,0.476137363521517,0.00708017224718922,-833.168446350782
"501",501,0.673073201837759,0.460455166325456,0.00793995996613022,-832.191149673334
"502",502,0.589445572839686,0.347034496897564,0.00704863726563253,-834.287700526867
"503",503,0.566313851726604,0.354106879193937,0.00965635723055773,-833.381581662313
"504",504,0.5646462173282,0.43998467929021,0.00637480494114537,-833.355017820599
"505",505,0.590770618107568,0.413806812968641,0.00575202302095913,-833.379783159573
"506",506,0.560275735972277,0.392498541060162,0.0107682402187582,-833.324921047628
"507",507,0.564801930258517,0.408431837989233,0.00678113918022395,-832.907936161464
"508",508,0.588285439388415,0.499472631329693,0.0100655265027904,-834.006893162197
"509",509,0.706104078772462,0.495081452967017,0.00616223148938411,-832.983589578464
"510",510,0.720437902592573,0.655795434938977,0.00741196823103962,-835.260121389451
"511",511,0.466919714413688,0.575291842363496,0.00896509599491089,-834.41006424871
"512",512,0.528602294415839,0.51939452859567,0.00906608514826088,-833.890441823863
"513",513,0.255847812729154,0.787456791124332,0.0115657707823188,-839.082515537435
"514",514,0.223341038977577,0.694586748277924,0.00892728135499982,-837.362555507337
"515",515,0.436914500669468,0.52892741521835,0.00647328697708314,-833.904807982978
"516",516,0.73301113338573,0.556460674538116,0.00703741508290051,-832.825355652567
"517",517,0.680418720282934,0.460104694660694,0.00930820532243837,-832.736004662098
"518",518,0.56131042315036,0.4819352162783,0.0081830707419278,-833.188830544964
"519",519,0.534992984819079,0.433226091199188,0.00689763094093519,-833.333465393434
"520",520,0.429204260410112,0.447042108046424,0.0119750674906686,-836.559026792758
"521",521,0.502145447748716,0.48318624411498,0.00534815820266696,-834.524389383869
"522",522,0.412155198736743,0.677246150335002,0.00657863269221707,-835.199548164987
"523",523,0.440617196067594,0.698006530248833,0.00616594966188703,-835.46714455573
"524",524,0.58812019327226,0.688912639394568,0.00684492598852374,-835.303249001177
"525",525,0.888694494585477,0.739468095393966,0.00527371800789155,-838.104540272685
"526",526,0.89871278724931,0.755301436933884,0.00871434858789537,-836.878988960383
"527",527,0.336242325412707,0.511281031513792,0.00951184073358742,-835.233307282504
"528",528,0.541728851764315,0.430362929474647,0.00808121656975748,-833.099726453346
"529",529,0.605800123084705,0.394072426491303,0.00768222743737551,-832.43107358156
"530",530,0.555498759356171,0.367658979663003,0.00794381620579904,-832.722880554198
"531",531,0.574347672357564,0.575076694817568,0.0074099463632051,-833.824544804135
"532",532,0.511805369354401,0.65629754831806,0.00783269483580255,-834.779831832881
"533",533,0.464942198026311,0.560132064332742,0.00657366056522338,-833.884744476381
"534",534,0.379297266748704,0.814877547091631,0.00483345510045516,-837.888545088847
"535",535,0.640839656988955,0.535814279624344,0.00926785912818585,-833.599409629659
"536",536,0.688610109230132,0.459165532782645,0.00737887419748895,-832.714762940379
"537",537,0.64389460851374,0.696434667764291,0.00802884993463081,-835.828870015106
"538",538,0.563862422443846,0.402547449095565,0.00830305249932592,-832.490058838836
"539",539,0.549908638153951,0.442511879767262,0.0089393568398297,-833.235750449101
"540",540,0.623087121911323,0.496926831693937,0.0069725911837102,-832.93304379928
"541",541,0.625015590367549,0.430704025204391,0.00668397189050682,-832.329291927846
"542",542,0.562845494677375,0.444022129614466,0.00743907844847768,-832.943280464113
"543",543,0.638869627274408,0.501885029277126,0.00690717281743249,-832.824348787563
"544",544,0.576136038858842,0.430815536286705,0.00885536121355781,-832.585199277247
"545",545,0.359894584029708,0.497218474075016,0.00889150809422666,-834.610975120817
"546",546,0.456481848299781,0.441393326009386,0.00570231680170196,-834.543269974534
"547",547,0.56044047080694,0.383662845369693,0.0135889416663538,-835.636748875945
"548",548,0.599107318705015,0.409669008351447,0.0123955988920157,-834.398400834945
"549",549,0.620204582114102,0.403108922950479,0.00675565994124423,-832.727037361813
"550",550,0.586848730595334,0.400041703097087,0.00827668660138762,-832.198610572005
"551",551,0.615675585317893,0.388635031679559,0.0123029424566825,-835.328627997224
"552",552,0.514016815027003,0.36794394338809,0.00584406870365637,-834.729925768817
"553",553,0.609322855931423,0.560853477655309,0.00865358188991717,-833.965131931217
"554",554,0.47740213602005,0.41254511476432,0.0091398130121351,-834.026104548041
"555",555,0.478918467995399,0.505779085307969,0.0101981374055882,-834.748376918979
"556",556,0.448776021462898,0.466584457192537,0.00847376832719978,-833.764541011113
"557",557,0.57637853914541,0.383591118181934,0.00896992175580729,-832.496930516121
"558",558,0.535564178096839,0.395976018670569,0.00916320565545727,-833.18183229149
"559",559,0.480788921292852,0.343638025442649,0.0105885482141728,-834.827303544199
"560",560,0.478911160179551,0.365738905420441,0.00907367944275983,-834.304584560041
"561",561,0.495854485509292,0.403191003095457,0.00800631102291216,-833.629094515254
"562",562,0.576848610739409,0.391241279740928,0.0155432015693681,-837.859660628861
"563",563,0.535447216994637,0.373652681369018,0.012736482859131,-835.044449401562
"564",564,0.441990690269833,0.340087985524004,0.0105759617788981,-835.791943788357
"565",565,0.343722938883073,0.585777604751549,0.00774941393398598,-834.841467971419
"566",566,0.515431989454165,0.39422515209679,0.0081073805310895,-833.43573184379
"567",567,0.555805123516298,0.56061085914644,0.00849284181189871,-833.932934592488
"568",568,0.524552475952311,0.468815386195886,0.00866057609806012,-833.454094913755
"569",569,0.589126459683436,0.585468260001787,0.00556459344253823,-834.722812412965
"570",570,0.564721818266218,0.408869972955186,0.00594855275451154,-833.580522443669
"571",571,0.494655521096464,0.632094517440546,0.0080002391312294,-834.526619051785
"572",572,0.842316770543223,0.640052710918781,0.0101517210988965,-835.304093802257
"573",573,0.866318123616551,0.701607895193894,0.00644588862366823,-835.913908976087
"574",574,0.415090513708501,0.626780562716124,0.00840078541769494,-834.839348422448
"575",575,0.343179708030445,0.593034588314446,0.00592854177549704,-835.380518714486
"576",576,0.337282577295464,0.63132767691992,0.00895923748119957,-835.801079661855
"577",577,0.661857516406664,0.576732021251135,0.00839072657095957,-833.963660496851
"578",578,0.441166673237961,0.431172002211432,0.00722597931483983,-833.872004081382
"579",579,0.511647832944885,0.481435638880623,0.00709166824688892,-833.344697359252
"580",580,0.43789356320146,0.406357466503168,0.00796131768559328,-834.104079109389
"581",581,0.452799717476222,0.593742615908073,0.00811264687080207,-834.221222895673
"582",582,0.805619305758382,0.610382161123933,0.0084311928777284,-833.771127335623
"583",583,0.774182436357764,0.575612551435776,0.00701277025270323,-833.282510357293
"584",584,0.7365098252531,0.608578850478985,0.00871859036535538,-833.963806075964
"585",585,0.737962777073991,0.519723717441566,0.0108292764695645,-834.165099454769
"586",586,0.59553750093589,0.523127322492779,0.00977353956195108,-834.111311819431
"587",587,0.471289769175187,0.489046623202257,0.00773553128879767,-833.480351866814
"588",588,0.54012750423355,0.518408041962108,0.00640900714722246,-833.610707314312
"589",589,0.311491809349877,0.368927888077724,0.00639819139828689,-837.209547729423
"590",590,0.355994679573872,0.370633273914198,0.00942215656717092,-835.978048053168
"591",591,0.566841371027664,0.379084242824524,0.00784061570259527,-832.518175453188
"592",592,0.57453598303215,0.382165370456602,0.0106421750133044,-833.249353177891
"593",593,0.590594816202861,0.565593388564226,0.00533869227662001,-834.803069665858
"594",594,0.669781124271408,0.536954226690417,0.00868435389419927,-832.957401392592
"595",595,0.681247322704449,0.571388104227212,0.00780895348769517,-833.60898899717
"596",596,0.387852297498115,0.529583059201053,0.00883615484486794,-834.411634870085
"597",597,0.785033384834662,0.62974167569531,0.0109373195127584,-835.111686559012
"598",598,0.740691608183523,0.532675959729579,0.0105264802790447,-833.781571144085
"599",599,0.684035416044948,0.4920403251797,0.00843030656875251,-832.087148049307
"600",600,0.356169789227972,0.462413394421083,0.00838567218911527,-834.542559446712
"601",601,0.538472671914197,0.472637548060943,0.00676818798688399,-833.338400198409
"602",602,0.473947873494421,0.408933873776085,0.00792957010841156,-833.771255231023
"603",603,0.472334600435468,0.413538528801938,0.00771861751636707,-833.739872293903
"604",604,0.492053444762368,0.498448210835103,0.00798623062511013,-833.459961827109
"605",605,0.484488019236786,0.500740324995839,0.00713136736954671,-833.45265139707
"606",606,0.500191137235436,0.416057734115738,0.00446449552364732,-836.476837079576
"607",607,0.349246385660228,0.72293772947404,0.00467363765200685,-837.660242622949
"608",608,0.499914117216627,0.52752115437401,0.00795339745411646,-833.555704157588
"609",609,0.655752407920065,0.549643497487065,0.00662930412780018,-833.658620494864
"610",610,0.595836508319906,0.426723055145479,0.00686484884858379,-832.434898763663
"611",611,0.641838407172293,0.463961318160942,0.00748295125549441,-831.983351308722
"612",612,0.680093217820332,0.511999532926752,0.00729040785021862,-832.306488724984
"613",613,0.656964483301034,0.491145843158508,0.00904835481628428,-832.243426756503
"614",614,0.678865096625155,0.446452879115861,0.00779149619560434,-832.757725565272
"615",615,0.548469327581242,0.556786293389636,0.00775311787751466,-833.675175010597
"616",616,0.800930570901784,0.611104309719117,0.00861838034657724,-833.742698682185
"617",617,0.74162644141776,0.601498598257854,0.00814766031347999,-833.59670837566
"618",618,0.753286433346918,0.620712686707645,0.00665795224008468,-834.38926704281
"619",619,0.745945335070283,0.556956156360166,0.0060859405826809,-833.448375618589
"620",620,0.682137599343636,0.442883838949648,0.00616425985302163,-833.625210872196
"621",621,0.50444551160823,0.522837109138721,0.00605703903518469,-833.879467751508
"622",622,0.552299386911098,0.460558355605213,0.0069453173801226,-833.207819583848
"623",623,0.461014817537735,0.530342389965483,0.00791140642812638,-833.67088895338
"624",624,0.788505189653482,0.582545408408437,0.00682143820084003,-833.608202190123
"625",625,0.77253904870315,0.588751866192813,0.00716338222236676,-833.29506640442
"626",626,0.769339773370456,0.580325519857053,0.00596062084559189,-833.913724799576
"627",627,0.766945905506955,0.581895476550891,0.00769431383042899,-833.086887150833
"628",628,0.768611548316468,0.537612489490259,0.00967634569679229,-834.090223294621
"629",629,0.632766465869052,0.408338018529401,0.0107495633917074,-833.759302674592
"630",630,0.568172071887097,0.377555811378976,0.00961369685573298,-832.786233133951
"631",631,0.503840133683896,0.5266975829901,0.00580068580160774,-834.08904810272
"632",632,0.647875811995064,0.469563133397648,0.0104417704643241,-832.765216082708
"633",633,0.612503544231601,0.449865611892271,0.00609169914641489,-832.953697655849
"634",634,0.44005057469526,0.48794932196321,0.00833910260489068,-833.761328647417
"635",635,0.419996960009987,0.514133976934227,0.00895640326558005,-834.190512558627
"636",636,0.440748501096297,0.55508619519929,0.00697705060691896,-833.849535338158
"637",637,0.561999499991987,0.395704380691666,0.00889686178244251,-832.55123054923
"638",638,0.558574895920834,0.395378210115922,0.00831818156474853,-832.555861831569
"639",639,0.573472009907852,0.428982563228276,0.0090212519074476,-832.654326207325
"640",640,0.554424768649338,0.423836151672741,0.00939322521125264,-833.114916929766
"641",641,0.624828723757057,0.467519396896034,0.00674889807329811,-832.508804658553
"642",642,0.389202340930165,0.519746772921195,0.00686473028155549,-834.096786475287
"643",643,0.481395757755144,0.663514582233693,0.00783051998288891,-834.878114900973
"644",644,0.773926926394445,0.755445476316325,0.00815206901040746,-837.587879246909
"645",645,0.24525084764646,0.564991414385345,0.00659893619670884,-836.747434118349
"646",646,0.810684537109156,0.5776024972441,0.00577269452685255,-835.058631518556
"647",647,0.559771806138065,0.588782345734293,0.00889110047205128,-834.446098340079
"648",648,0.351060185886413,0.488685579622842,0.0107602245899113,-835.979310675524
"649",649,0.477274058199588,0.466068562554375,0.00610417475919216,-833.930941616801
"650",650,0.692460629820909,0.505897064815228,0.00817467086521045,-832.127505037411
"651",651,0.684699987677189,0.46747603785334,0.00786194648478248,-832.32774788174
"652",652,0.538102145078699,0.550611021626125,0.00531048854528255,-834.666571916444
"653",653,0.546100424410925,0.526777562668811,0.0101491534777582,-834.659645460782
"654",654,0.590597084597904,0.419139866812303,0.00701136944446614,-832.395624395644
"655",655,0.62847288018584,0.505516552768265,0.00636496661859839,-833.329753474756
"656",656,0.605560079305061,0.439704601510031,0.00999899051292062,-832.578928042716
"657",657,0.579820038380744,0.37081119518123,0.00516192081405509,-834.755190908854
"658",658,0.533005475825993,0.544239073689426,0.010219486994885,-834.930551036297
"659",659,0.397059707557004,0.604003643761724,0.00895832489342157,-834.985968785134
"660",660,0.571821179633765,0.416930511900349,0.00670170913088329,-832.87589883533
"661",661,0.561861887561388,0.364836675029111,0.00759431055135703,-832.805288694008
"662",662,0.52495162284865,0.438744652440574,0.00991192088477862,-833.977623385116
"663",663,0.56764040569636,0.367741202756854,0.00692782878340857,-832.990382267726
"664",664,0.580593730816863,0.658970843735862,0.00837601165129041,-835.154457517769
"665",665,0.733846516922315,0.642340409206495,0.00907293932471594,-835.20292763977
"666",666,0.432795806500163,0.425336529843728,0.00801538010972129,-833.966861848211
"667",667,0.448084389238269,0.470206454412483,0.00926071424982087,-834.123868715297
"668",668,0.707316848599833,0.516511301156551,0.00755021222521086,-832.271362554793
"669",669,0.67634605688483,0.487206807695655,0.0083322310065457,-832.022851979789
"670",670,0.682513762024155,0.500813019796332,0.00728066990261687,-832.166776858912
"671",671,0.71633268591003,0.507679769648105,0.00816436513585294,-832.432146910773
"672",672,0.67968745224145,0.447659162961281,0.010950803326998,-834.21578348521
"673",673,0.60556214996223,0.46048290883833,0.0107405676401329,-833.292121981871
"674",674,0.453353165276186,0.50450098808663,0.00357100522950288,-838.513757671325
"675",675,0.740231171483773,0.762945795924678,0.0068054950728919,-837.424354733578
"676",676,0.322539110298864,0.602120246501789,0.00646641784983683,-835.420062536099
"677",677,0.726903840950882,0.52606569644868,0.00824354464467611,-832.491220337903
"678",678,0.626969179414574,0.413568167624162,0.00843975261810038,-832.311133676242
"679",679,0.633901157179023,0.457278217404033,0.00886074077974778,-832.02664081052
"680",680,0.661912635807543,0.534302646332952,0.00846686321053427,-832.988626964759
"681",681,0.754898388393549,0.589491203214363,0.0116299909936408,-834.949595436841
"682",682,0.746378235063091,0.545692513436756,0.00572675102435111,-833.758707372836
"683",683,0.780028269415276,0.549851574854664,0.00606399697708543,-834.235893042957
"684",684,0.641304598985949,0.628267719872854,0.0058669229504427,-835.108862899904
"685",685,0.524225580898673,0.470287161487778,0.00999260928143357,-834.195015069036
"686",686,0.712971575611407,0.475462596352792,0.00703201639906358,-833.194098754979
"687",687,0.691053523298355,0.466019262623284,0.0074925954672054,-832.573791308875
"688",688,0.664867793083723,0.482753337968336,0.00802331643668388,-831.962794246718
"689",689,0.654367729843411,0.464412854792886,0.00764269902190113,-831.937968444702
"690",690,0.60027410362749,0.370434173165976,0.00765477191294753,-833.192312939586
"691",691,0.601967332817851,0.487217815210253,0.00879313435714902,-833.012456575997
"692",692,0.683796014539266,0.496875820086527,0.00695963299457194,-832.256779660663
"693",693,0.703193705172256,0.49277395641521,0.00643808660743037,-832.753861530391
"694",694,0.505384304342122,0.392224796638499,0.0114488672977958,-835.004670327234
"695",695,0.616905546888506,0.432805963396017,0.0104576246623224,-832.75944866459
"696",696,0.615115650868104,0.538989578033752,0.01201353051149,-836.060933712519
"697",697,0.683201375542141,0.508559537451376,0.00536991364806168,-833.755631658273
"698",698,0.531190913037642,0.461344935819857,0.00969188845540603,-833.898882205732
"699",699,0.640753959033627,0.442706212693506,0.00898283685931677,-832.114875330282
"700",700,0.64159219729769,0.535999633133403,0.0103638308500333,-834.176035665551
"701",701,0.738180412008849,0.577981246353434,0.0077505533535145,-833.029114810073
"702",702,0.758937346099418,0.522244838316392,0.00729056324341519,-833.540356731566
"703",703,0.756955088999733,0.657336837058508,0.00752793947888358,-835.166032173704
"704",704,0.615450422679252,0.579064114307818,0.00959746391702263,-834.744948158743
"705",705,0.650318052291983,0.493823496328719,0.010025845222299,-832.765817244975
"706",706,0.653535920828271,0.446559429279823,0.00591729146660591,-832.971718037708
"707",707,0.609981812458445,0.438435004188885,0.00962129046799393,-832.349302680478
"708",708,0.596193441960192,0.426197708528381,0.00687151223534496,-832.422754465211
"709",709,0.623875282726567,0.523319908982244,0.0034311984739893,-838.920073150382
"710",710,0.440854658854023,0.510294435550728,0.0126969783888691,-837.604000016225
"711",711,0.497062480068417,0.404728668643072,0.00734644864200799,-833.65102955212
"712",712,0.581671266710965,0.41456221298085,0.00972878021020161,-832.582443295234
"713",713,0.599659770768044,0.389660184505487,0.00922897760125993,-832.652511086702
"714",714,0.5916949849568,0.488434574552117,0.00785599520426457,-833.002285624714
"715",715,0.534892675960846,0.495259101210785,0.0071519908572941,-833.298519723108
"716",716,0.694084947593423,0.55388574119307,0.0108913173524265,-834.033185261792
"717",717,0.726566701187241,0.535180558638828,0.00612468610971914,-833.151743378011
"718",718,0.723714215907137,0.542292367092547,0.0048995726006921,-834.78508410922
"719",719,0.567808012867415,0.423840522816059,0.0142994185853634,-836.46398996431
"720",720,0.561366015416339,0.401701228218338,0.0101358255797416,-833.010717920324
"721",721,0.58256103940334,0.392648184480495,0.00782166543350793,-832.298751005203
"722",722,0.575312235134202,0.447508894071825,0.00853142370804028,-832.781834839238
"723",723,0.396899691879561,0.629384383709286,0.00597054011102116,-835.063022889167
"724",724,0.690421525369533,0.523672728088498,0.00692690433113186,-832.548401974822
"725",725,0.629966799655465,0.405686924190092,0.007255616156893,-832.679406161412
"726",726,0.667431835475809,0.513265293649774,0.00688670679866033,-832.631308923077
"727",727,0.622816631884829,0.451998770851669,0.00972252087261438,-832.373619635474
"728",728,0.638582472081704,0.4904809670948,0.0106571204538103,-833.240763876496
"729",729,0.642272379004855,0.437029929385897,0.0088115874646809,-832.163388427897
"730",730,0.629799495536895,0.476980737627637,0.00942862690774898,-832.488440839193
"731",731,0.685659185191035,0.501572562566493,0.011531220935678,-833.818793225508
"732",732,0.69048189629987,0.483068979951686,0.00934116784580752,-832.537220243966
"733",733,0.696620941940697,0.543652302788769,0.00890226046413189,-832.759779058696
"734",734,0.706023946303849,0.483062667457924,0.00725730912571313,-832.646417257752
"735",735,0.697264777948388,0.512166550313093,0.00841336858047644,-832.202305635681
"736",736,0.382431761949083,0.595744584477684,0.00802455792499712,-834.598368087854
"737",737,0.497758382162923,0.337270189745902,0.0105929931773525,-834.367401128984
"738",738,0.508164711590457,0.370908155135892,0.011244668609514,-834.571996031161
"739",739,0.538310385207634,0.376061010310492,0.00786112745014026,-832.959892141796
"740",740,0.576545771897985,0.407684940137373,0.00813485208449514,-832.294096316497
"741",741,0.604692031764582,0.418669396842616,0.0091275999147321,-832.18709201503
"742",742,0.629207561748816,0.436580796217821,0.00689328102442894,-832.190512849804
"743",743,0.614297721491169,0.431074259324783,0.0112174848256399,-833.293011821097
"744",744,0.613281493000944,0.431416574858796,0.0111091938907699,-833.208033600982
"745",745,0.628951490978093,0.446852437661701,0.00641726744880427,-832.468781621026
"746",746,0.643323624193093,0.425570101230644,0.00952251825680483,-832.725822305401
"747",747,0.60488787177311,0.417119739595722,0.0092502119053201,-832.236360055036
"748",748,0.546254564803197,0.38485767266186,0.00827409518057473,-832.766678487871
"749",749,0.629771020508949,0.43729337819731,0.00782037246479204,-831.939175694362
"750",750,0.654383678029366,0.505045639419623,0.00762869014147288,-832.418324209784
"751",751,0.6593280055753,0.446428773052811,0.0100113970999507,-832.861749643161
"752",752,0.624029237754578,0.41252033589181,0.00879803163591267,-832.355909867313
"753",753,0.581685670773612,0.451672177107721,0.00682349902343724,-832.957466130131
"754",754,0.626670122586595,0.4462357153505,0.00760220049680464,-831.959280763702
"755",755,0.652568017984795,0.451428150926079,0.00812544008375314,-831.98631635682
"756",756,0.445275856629273,0.459533513041493,0.007412796975887,-833.650521704678
"757",757,0.274692186558458,0.434245478179241,0.00998086269110066,-836.797612723692
"758",758,0.629367553354578,0.47413072062817,0.00715449904339217,-832.353593204737
"759",759,0.6124544976759,0.451752631371806,0.0110286062407802,-833.241859878333
"760",760,0.572233589147517,0.449661405857958,0.00739106309855186,-832.874358350666
"761",761,0.628322363783363,0.458082928926043,0.00489803831509144,-834.44635583324
"762",762,0.679412285934655,0.4647678952541,0.00843597600834161,-832.307511557738
"763",763,0.652799674113779,0.419478357628582,0.00901249676491317,-833.051993326273
"764",764,0.52698814222066,0.535671117255048,0.00896652396412283,-833.964567197521
"765",765,0.567507734688821,0.589922252510407,0.00839667800657606,-834.218343736864
"766",766,0.681794396803822,0.451326972018846,0.00643954612454359,-833.100544826562
"767",767,0.671438488384034,0.507330406766043,0.00813763993887191,-832.201143310724
"768",768,0.629107981148264,0.541254011196389,0.00751381664209402,-833.429498914341
"769",769,0.541589267752013,0.538024735807881,0.00800952233109633,-833.576161234954
"770",770,0.375933877504725,0.555048950249675,0.00781218879348846,-834.306365767129
"771",771,0.757937924769781,0.456660304986184,0.00643784252999447,-837.9543445759
"772",772,0.41543746245225,0.469219748295407,0.00841383040131714,-833.958424352643
"773",773,0.587685430302581,0.453725770102377,0.00947896230629359,-832.891534167161
"774",774,0.647370871025382,0.463503123313902,0.0105049518369941,-832.798754471745
"775",775,0.633809149794002,0.460143450487112,0.00704409240682035,-832.153998778836
"776",776,0.620373109181981,0.505331408833296,0.0104318595577812,-833.826967802205
"777",777,0.631639148985146,0.511996758227356,0.00684347549318687,-833.134576254158
"778",778,0.584159564923516,0.559448285410533,0.00970235405610071,-834.599049029661
"779",779,0.716392405672616,0.564174202956884,0.00990214725157313,-833.408254399556
"780",780,0.742882073877611,0.567676380433977,0.0092500252905966,-833.07513500497
"781",781,0.703739522983582,0.556259914144619,0.00926056852688671,-833.083678911594
"782",782,0.743031508251762,0.555740026413663,0.00818988438232591,-832.70391497553
"783",783,0.726607832344226,0.517158856202727,0.00892744207979364,-832.731010265612
"784",784,0.717915142513128,0.53721771733961,0.00883229216399423,-832.540686757797
"785",785,0.68046590614363,0.454968583066374,0.0069697841035743,-832.680039056944
"786",786,0.64018125729893,0.468943651716075,0.00907636162491563,-832.131898978094
"787",787,0.376538492897208,0.504861108222673,0.005370575580318,-835.299914944338
"788",788,0.415956006564236,0.551883273093022,0.00672409071610822,-834.028845561866
"789",789,0.677028492292593,0.46997833411418,0.00982546233053832,-832.697382820382
"790",790,0.333362735369575,0.437103365192764,0.0057318456970516,-836.002748802624
"791",791,0.501592495669529,0.602090603279757,0.00768480415115445,-834.10110902007
"792",792,0.739198804005417,0.500578604519614,0.00550678678215335,-834.527236548069
"793",793,0.617320546035399,0.413907972006776,0.00675550050752846,-832.442677418798
"794",794,0.603103053337606,0.469858320945583,0.0121816463159867,-834.620923670388
"795",795,0.609759783567384,0.413169865160674,0.00681780585251321,-832.379697391884
"796",796,0.427567581942134,0.872232174984707,0.00718068348097505,-837.143998909228
"797",797,0.325022994488924,0.725841636634303,0.00546503772339731,-836.861273913206
"798",798,0.422562369083505,0.520197095086449,0.0095879354839752,-834.588266381137
"799",799,0.700159071505858,0.518767822274438,0.00950203143921947,-832.587360881329
"800",800,0.701403466667572,0.519130506480706,0.00856483898308143,-832.284035392905
"801",801,0.343186993126483,0.467226791017043,0.00802255429611527,-834.619116204102
"802",802,0.365057820675246,0.47354945270423,0.00748097671661977,-834.297796990904
"803",803,0.600514789643536,0.503889129780554,0.00661664560017161,-833.347047017362
"804",804,0.653492961931428,0.447662770111649,0.00887611922858722,-832.189500173772
"805",805,0.492042151624573,0.575348199763326,0.0096312666657285,-834.821236354343
"806",806,0.584028546991524,0.393348632216405,0.00872681687210738,-832.317821037211
"807",807,0.589411107383298,0.409127950001627,0.0108626362705255,-833.133567830853
"808",808,0.588482274711182,0.435775028620839,0.0110657560389653,-833.421444368272
"809",809,0.63098067976996,0.440713973962262,0.0112557886503067,-833.35405158775
"810",810,0.664419993697383,0.472820687318866,0.00740868299855548,-832.008362700693
"811",811,0.598513232583319,0.474231208115856,0.011361011516876,-834.173346752077
"812",812,0.621217309383933,0.421047976089695,0.008286024806607,-832.055632910358
"813",813,0.625037086025686,0.564837960004139,0.00531332398046315,-834.911284269756
"814",814,0.539908484867097,0.673287880536104,0.00767883922699731,-835.004440381085
"815",815,0.430375532548753,0.416438907709904,0.00902874053888847,-834.343199493763
"816",816,0.390266939995427,0.419570180664682,0.00789328764966582,-834.415434032199
"817",817,0.68539809451961,0.498514643523409,0.00881377369974167,-832.182448027523
"818",818,0.677316245259129,0.483025499280407,0.00655950091844317,-832.414315920697
"819",819,0.710992174692227,0.515618995725843,0.00952201551623277,-832.69343418635
"820",820,0.733357226750893,0.510859376363738,0.00910692073384866,-833.116029589009
"821",821,0.648180992266464,0.510855391395472,0.00860948146117773,-832.666366534555
"822",822,0.672893335281597,0.500961145842628,0.00817200535183228,-832.099367034196
"823",823,0.675729919106727,0.516037362943894,0.00500133037672282,-834.529216185203
"824",824,0.72092107530663,0.567499769223733,0.00499610550556236,-835.119592507718
"825",825,0.550252926880209,0.457181964780125,0.00420659690471735,-836.561987137144
"826",826,0.699566569126687,0.491588983506313,0.00582836538263377,-833.210906045397
"827",827,0.67831319792574,0.502986039580184,0.0060416289238796,-832.933423774536
"828",828,0.674567124302176,0.471259498497118,0.00871202784647117,-832.165475479896
"829",829,0.493803779749242,0.463061488945005,0.0110582089112734,-835.238873501984
"830",830,0.697250791719521,0.503148156920891,0.0107345778666427,-833.306174019916
"831",831,0.681546447003147,0.504752710097768,0.0109788413384827,-833.351990781788
"832",832,0.661562527653433,0.508598759632116,0.0100970925288256,-832.936894907268
"833",833,0.630820351106716,0.442544008731717,0.00649429184066649,-832.401995920072
"834",834,0.605206824485386,0.46630912793621,0.00888496926285185,-832.577500843988
"835",835,0.604653438978514,0.48342540046765,0.00860413017412972,-832.855340956273
"836",836,0.688179092533588,0.462917925604509,0.0079151065981881,-832.548209346175
"837",837,0.685590356393571,0.536211304830617,0.00924303856818566,-832.832281387932
"838",838,0.723700956306963,0.519833414188699,0.0060038567405483,-833.220794873724
"839",839,0.537116363619611,0.51528735108127,0.00948665066665738,-834.092327370884
"840",840,0.733752811766785,0.513563266321036,0.00455753145399737,-835.572491359015
"841",841,0.550324856233712,0.499658983868248,0.00625106720899465,-833.616874187596
"842",842,0.774839710007657,0.743025438437843,0.00691947314228786,-837.225545707584
"843",843,0.317506898351865,0.542855542158302,0.00676430896575952,-835.082120018403
"844",844,0.43173513210745,0.573646130676774,0.00633004419107261,-834.206933355171
"845",845,0.503463297829196,0.596385969592995,0.0102126254694624,-835.539926204254
"846",846,0.769862930090994,0.560036787226914,0.00743845697113259,-833.147113122154
"847",847,0.597562364993595,0.4887827782549,0.0085888656916734,-833.047833700058
"848",848,0.707518555248252,0.520104380034826,0.0101888915859954,-833.018015226184
"849",849,0.27894376453097,0.53571565224767,0.00872069023708346,-835.786652226629
"850",850,0.259811820006929,0.48571461781088,0.00929616189531668,-836.407870808419
"851",851,0.736116441934136,0.538491003421971,0.00811978891883663,-832.581742108456
"852",852,0.671209813491012,0.430554263421605,0.00903766472636511,-833.3697745819
"853",853,0.447329574647337,0.485710065680677,0.00840866312886589,-833.743122449357
"854",854,0.625105028483101,0.435451167695648,0.0105367072057119,-832.826860633224
"855",855,0.58393339440144,0.373790875886432,0.00828509365180042,-832.66613386799
"856",856,0.548190982685487,0.393133303560955,0.00828596103336707,-832.7605006034
"857",857,0.465302301789572,0.526023991045117,0.0070147052867723,-833.606196491782
"858",858,0.633804304050585,0.449346850880535,0.00740194926899516,-831.979587246839
"859",859,0.63570795985693,0.454009291086618,0.00794683505470282,-831.905433585618
"860",860,0.591216954589113,0.418415691949285,0.00725655959278,-832.284429180438
"861",861,0.608803467556899,0.3628769713602,0.00920747865189453,-834.22475486166
"862",862,0.498463121983841,0.452440559260884,0.00610956884385673,-833.883821385099
"863",863,0.476378547962378,0.490491402216933,0.00567590563925569,-834.240792317245
"864",864,0.470468842974904,0.635649489665052,0.00623187600487964,-834.641354166104
"865",865,0.635539385236854,0.556049818229807,0.00621771505230227,-834.014412153929
"866",866,0.575868289971727,0.413000082887143,0.00929085979153053,-832.503333488105
"867",867,0.567007813127155,0.404669700367189,0.00891487210097374,-832.508756910531
"868",868,0.554449670111984,0.378612431852732,0.00908603798410972,-832.708227142701
"869",869,0.543420186133855,0.415988209759956,0.00954464801133727,-833.317889843291
"870",870,0.587600137750313,0.505930215169853,0.00734880136029705,-833.202125191025
"871",871,0.639921264644762,0.466679076553369,0.00862983247165137,-832.004915743601
"872",872,0.653941473149385,0.509998020449281,0.00728523740638917,-832.612642455476
"873",873,0.652635919867072,0.618258017763864,0.00687931284222006,-834.547642389122
"874",874,0.268811494704625,0.523504087250827,0.0101239455936239,-836.714995863261
"875",875,0.722506726884495,0.48479256664737,0.0112185464916853,-834.957102482163
"876",876,0.596621996409627,0.444490208070361,0.0124909953098512,-834.54128788848
"877",877,0.619611028844503,0.412647099707152,0.00654285748795142,-832.61282935502
"878",878,0.604745208570723,0.407084688697208,0.00861482978881171,-832.176044258981
"879",879,0.620730196262417,0.423474952787722,0.00836715430872349,-832.028091835876
"880",880,0.638196852980744,0.464691658692176,0.00909762874911313,-832.116430602764
"881",881,0.580487276643807,0.418372131386891,0.00834974697656528,-832.295663959271
"882",882,0.620592932089172,0.441276053414102,0.00709534077480499,-832.126259464469
"883",883,0.616283349791034,0.415009317655704,0.0110738015186514,-833.389886097669
"884",884,0.622311706931927,0.499539931207477,0.0114011790394666,-834.303909731935
"885",885,0.654975662000313,0.39100121437715,0.00610321650652266,-835.259412637492
"886",886,0.522006790088505,0.541219357310311,0.00697408154481607,-833.56413559512
"887",887,0.422735630465223,0.443045501956871,0.00871244397320469,-834.101319532357
"888",888,0.61856371956295,0.427870401871446,0.00634095363322133,-832.577331791063
"889",889,0.632328790639213,0.460749529544003,0.00821422670554769,-831.9675664359
"890",890,0.580044205951757,0.377932845702622,0.00894985392853248,-832.615398665988
"891",891,0.57451716185276,0.436444938949597,0.0103844123061337,-833.302446724634
"892",892,0.490930526890692,0.442596844095539,0.0098280514955927,-834.224691767754
"893",893,0.36062069175577,0.412215405932308,0.0120025664053379,-837.32043117544
"894",894,0.650588291462801,0.5001885294107,0.00903204086684029,-832.477380986683
"895",895,0.642965273460757,0.57116913014718,0.00567284432073462,-834.620911132816
"896",896,0.456876635079279,0.554841449149173,0.00822403261150662,-833.919677440991
"897",897,0.537807893607926,0.529147186523593,0.00786226787322974,-833.48376699926
"898",898,0.630069567191731,0.504731574890444,0.00669121379361582,-833.104236663879
"899",899,0.583552263541255,0.367422003656266,0.00874003340074415,-832.933919463899
"900",900,0.561048556257161,0.379181369843347,0.00834088674226864,-832.536333665045
"901",901,0.624979560571186,0.529517370400991,0.00593854680226639,-833.955274199089
"902",902,0.791389738299929,0.53272857160834,0.00685136596980974,-834.955126924075
"903",903,0.738091839201295,0.548255683758616,0.0074057007567839,-832.659609426685
"904",904,0.733354999400051,0.536639601855403,0.00938828787174176,-832.899951726566
"905",905,0.726526023229707,0.568755941776173,0.0108068232586947,-833.986083881594
"906",906,0.749134984864633,0.580496403350281,0.0076465304550678,-833.034433181084
"907",907,0.75744674082494,0.602419655729618,0.0100375607768316,-834.037180501658
"908",908,0.7017514410236,0.578255995850774,0.00846558291631849,-833.54577505902
"909",909,0.736784593390731,0.509956908726634,0.00689438424280477,-833.118351809715
"910",910,0.742617112041399,0.523158698568959,0.00745130535203256,-832.889676575312
"911",911,0.681302306853675,0.542602983927583,0.00504311520853049,-834.92819280348
"912",912,0.545387172601009,0.354569476763606,0.00917190957771583,-833.065031951372
"913",913,0.563067182294988,0.444314185335385,0.00876859930330391,-833.005556139504
"914",914,0.543067627467279,0.390429753759582,0.00767521793957261,-832.925971911613
"915",915,0.505981022757229,0.705583869129583,0.0063595734296499,-835.42361043358
"916",916,0.439174129711369,0.637357774066409,0.0070228296910871,-834.552663449074
"917",917,0.446007064471367,0.28926352167659,0.012387165905283,-836.68019641244
"918",918,0.487399652449365,0.281447780470271,0.00901816892792215,-835.379374752886
"919",919,0.452965651531408,0.895121121318411,0.00491396711793426,-838.683565137244
"920",920,0.434714748772498,0.792887848483646,0.00701056283384554,-836.51682256626
"921",921,0.29148263367501,1.05649234176546,0.00724283216675506,-838.473499802259
"922",922,0.423623786122706,0.622090783764185,0.00992093184975028,-835.760893661627
"923",923,0.646966338979356,0.634741238351042,0.00653143341629035,-834.855979264727
"924",924,0.430986560961841,0.607845794443751,0.00665970343716158,-834.352008661204
"925",925,0.517840869265299,0.365504725296267,0.0116567938083501,-834.534806195792
"926",926,0.574012129814052,0.475423447184438,0.0110731630693285,-834.521382452433
"927",927,0.663093452640621,0.52392042491383,0.00664302033999485,-833.060122375304
"928",928,0.487118427737966,0.270485996077448,0.0110213782768698,-836.40870742147
"929",929,0.508318017917258,0.654612713944948,0.0134863143805642,-840.436932045836
"930",930,0.472913136755816,0.731217692993822,0.00760726519539896,-835.78454612856
"931",931,0.586080050691629,0.679564176290229,0.00542019386227652,-835.887388726135
"932",932,0.425743249696059,0.362008547837229,0.0116499296041107,-836.619676554839
"933",933,0.485796597170578,0.543997782407629,0.00746939710608936,-833.611603692215
"934",934,0.705174930487752,0.481003741932801,0.00772274027625817,-832.611184534067
"935",935,0.686022187981286,0.471856328841634,0.00794686189940917,-832.272696892634
"936",936,0.6412589047567,0.425002981451552,0.00789409440235487,-832.278287052014
"937",937,0.500961817391801,0.377159025467344,0.0092419136789187,-833.893627474183
"938",938,0.559397599962372,0.296026805462239,0.00791956933114841,-836.876624554758
"939",939,0.433938628613627,0.412170737878646,0.00698449862514247,-834.186818814701
"940",940,0.629611209448,0.475033951524816,0.00954666264858271,-832.503558256079
"941",941,0.690343074543147,0.507537220860873,0.00830272438940688,-832.13966002194
"942",942,0.655255425103494,0.420060589839331,0.00650610496790709,-833.273945536214
"943",943,0.605808569683578,0.401977781422257,0.0112079774671627,-833.599087137801
"944",944,0.649666965494393,0.548994874289333,0.0131211091453458,-836.697200462278
"945",945,0.637717020404035,0.507499155412561,0.00480652110060773,-835.159037361433
"946",946,0.602644861338496,0.403111601437355,0.0100530854148381,-832.758476972205
"947",947,0.63731715875255,0.372636563138185,0.0109017598129167,-836.356480433699
"948",948,0.632394799363537,0.54947735937467,0.00774309469719638,-833.533728827143
"949",949,0.696631638293336,0.578993258360709,0.0100585791114956,-834.229681462917
"950",950,0.79069271824529,0.570498825472408,0.00910087203314676,-833.894057573635
"951",951,0.530796261716609,0.532377464757982,0.00606825065413173,-833.878392926998
"952",952,0.511721073714632,0.589799432853713,0.00816604901765615,-834.105818448129
"953",953,0.724450190433081,0.552465393939196,0.0117303802329269,-834.495522075242
"954",954,0.739377865890038,0.61431413123713,0.00960414102340172,-834.392306538796
"955",955,0.720875657399576,0.52294936381762,0.0106559893754456,-833.523555640377
"956",956,0.646274028925872,0.436410077026708,0.0110527830709662,-833.513390175494
"957",957,0.608937016246091,0.469210289032084,0.00674585866930999,-832.801804238706
"958",958,0.434317527243421,0.519692213745846,0.00652057116546307,-833.877091636369
"959",959,0.539515984329996,0.520132701501737,0.00867101734599669,-833.672851977131
"960",960,0.771174475441256,0.551283681234813,0.00896685305679787,-833.512685968959
"961",961,0.691027599497821,0.534660883267277,0.00726243858348217,-832.630968221663
"962",962,0.514165483522463,0.428350386984035,0.00764721218388432,-833.345366219921
"963",963,0.539041839172395,0.322858294756552,0.00769393990962284,-834.029756336671
"964",964,0.494543075986734,0.842044781056153,0.00603642186469847,-837.496664622818
"965",965,0.405142286743225,0.579727576625687,0.00818741799577122,-834.345871220058
"966",966,0.295454550476257,0.46307267549144,0.00693397147427296,-835.595880209501
"967",967,0.358539182793498,0.537142758665825,0.00937294549500481,-835.005210152836
"968",968,0.720509023004917,0.54759977950943,0.00971924090122249,-833.001633144992
"969",969,0.698497841958748,0.477880271466778,0.00896997750650536,-832.700476304672
"970",970,0.661311889978056,0.447161511074353,0.0108639729768995,-833.493221280179
"971",971,0.589213830130732,0.469104525088311,0.00553372668191939,-834.060133880925
"972",972,0.622649760509951,0.411014654225491,0.00874245008483699,-832.353198980118
"973",973,0.585251364510479,0.411842567648954,0.00780095528002532,-832.210407010574
"974",974,0.571577575162836,0.419181593653142,0.00747514065787761,-832.566564192082
"975",975,0.574040619794277,0.431290546748317,0.0107165725110067,-833.418780339298
"976",976,0.593325993993293,0.398453951031544,0.00949886403946319,-832.497327924117
"977",977,0.695671453441958,0.866755773789035,0.00971894089490754,-840.511985076663
"978",978,0.574864193879216,0.530934318955013,0.00785879398886693,-833.450593331384
"979",979,0.664871950552879,0.428434044712292,0.0101764628099522,-833.79590193368
"980",980,0.536337905094303,0.453187837805221,0.0118748372439027,-835.49382326815
"981",981,0.621868146692986,0.503867937607345,0.0092780612555156,-833.174755054055
"982",982,0.683632111739938,0.490364276820503,0.00749266578702386,-832.086996865229
"983",983,0.686630223221615,0.516070281495476,0.0111864798050602,-833.606617817228
"984",984,0.668838582577663,0.549597600989748,0.00846756977418148,-833.27493276784
"985",985,0.667070688651702,0.444905472739596,0.00799479417782229,-832.409309421471
"986",986,0.635852478509943,0.44512206222181,0.00794640287777437,-831.910337521182
"987",987,0.65567655201171,0.460571529623459,0.00724318872079413,-832.040433974558
"988",988,0.645255936043118,0.460042553461785,0.00772749615679898,-831.915799943503
"989",989,0.621821109804148,0.454323018423847,0.00755537777712223,-832.0710018254
"990",990,0.590014267137517,0.53008917152743,0.00646066322672154,-833.632715030254
"991",991,0.567990743532988,0.354465011269842,0.00616497382584079,-833.910290174859
"992",992,0.547023646969089,0.654789174864125,0.00843073989925492,-835.043378651564
"993",993,0.530210669019841,0.463572168074479,0.00738802971138153,-833.223794306711
"994",994,0.624371689839833,0.459631280780575,0.0089261782899389,-832.146791863153
"995",995,0.499519858177322,0.469358937738266,0.00630431022798108,-833.695217768019
"996",996,0.679706449814056,0.47092329263109,0.0137610324841835,-836.409953623576
"997",997,0.642336572448351,0.420620131878129,0.00874769092293083,-832.553967523341
"998",998,0.593779406199657,0.441352935543454,0.00937398953010421,-832.518934351597
"999",999,0.503746055976773,0.376663515834818,0.00923057867567147,-833.83153026727
"1000",1000,0.610411799519008,0.393101866996037,0.0091139219149327,-832.729252377091
