"","i","asc1","desc1","pol1","p"
"1",1,0.372599518214518,1.67092776310077,0.0131689022489358,-867.479690203263
"2",2,0.883093768047378,0.648659674165968,0.0101938171239998,-836.574411549301
"3",3,0.846009975232714,0.697844704455652,0.00927247202841872,-834.357403525902
"4",4,0.532866902484126,0.473214950404361,0.00484763822671777,-832.542241571594
"5",5,0.598495667166054,0.492864139344434,0.0109533022824657,-833.178066312033
"6",6,0.626392213419722,0.434273212221868,0.00459224732593044,-832.132046441222
"7",7,0.589737861711238,0.434063487164232,0.00630085843682166,-830.539175239021
"8",8,0.618915491274179,0.481410708203923,0.00963514596687507,-831.374095252562
"9",9,0.606541649360433,0.457369325665209,0.00573032049397349,-830.886152704838
"10",10,0.600848635902637,0.469528056115735,0.00642229919890112,-830.776411236638
"11",11,0.500280164818266,0.677360749106536,0.00600406480442742,-833.161983564429
"12",12,0.396972535115995,0.525436805672775,0.00742580770956362,-832.306137614851
"13",13,0.38602749419119,0.448571381054187,0.00746225844504086,-832.525116583074
"14",14,0.644440211166574,0.467952013155454,0.00813387464168721,-830.270674917316
"15",15,0.634896897779687,0.47681616479095,0.00803780082002734,-830.300933838561
"16",16,0.658961040307776,0.470813484280213,0.00700469132119775,-830.216009950972
"17",17,0.630615041753374,0.446281786692246,0.0065630740528202,-830.229892472579
"18",18,0.644804534383845,0.49544176978495,0.00847595881196248,-830.612217101414
"19",19,0.613129349280587,0.490286737188013,0.00541929330787843,-831.580404410284
"20",20,0.606170782242432,0.623859934008699,0.00775900529247398,-833.067862926928
"21",21,0.478087155029884,0.591505615007263,0.00651031736884887,-832.178754072548
"22",22,0.644318689153277,0.544027419626702,0.00646892823863256,-831.575844563326
"23",23,0.67731053555562,0.490982072029485,0.00692698730844486,-830.30458531893
"24",24,0.522029674281362,0.49017472223801,0.00839001028038405,-832.058983350229
"25",25,0.557013811242269,0.390824170665023,0.00929279633434799,-831.255446305888
"26",26,0.436388992957688,0.56364317417903,0.00494520043553311,-832.851709547978
"27",27,0.75155915397683,0.572520434818994,0.00694331715021012,-831.194416632121
"28",28,0.643684235243688,0.40819895873371,0.00805300650278458,-832.06844024292
"29",29,0.620008687948648,0.414858377413383,0.00861214084864014,-830.991686791078
"30",30,0.645735065844479,0.63554382803701,0.00713038117922122,-833.091202969973
"31",31,0.412711201852342,0.58102875957654,0.0067097681670815,-832.349760568189
"32",32,0.275487389492746,0.712066126938635,0.00640353476566369,-834.406756503395
"33",33,0.558453900269684,0.658319017607645,0.00614722761457002,-833.021323570625
"34",34,0.568751934957832,0.345534039526418,0.00718841669272313,-832.278079159354
"35",35,0.560455375490151,0.656470963932606,0.00761524373830625,-833.345654168359
"36",36,0.87671457635212,0.659258791401564,0.00729723022543021,-834.105216172442
"37",37,0.818174258719729,0.674466387283775,0.00644862625931051,-833.238116015916
"38",38,0.520749404904409,0.331474567837948,0.0117034223119834,-834.346247653815
"39",39,0.512357988599467,0.333385788894543,0.0124303174777314,-834.917137086463
"40",40,0.559222637883465,0.380231856907583,0.00575863105004931,-831.350719900381
"41",41,0.602800530599312,0.653256262436527,0.00476033710845554,-833.966650799341
"42",42,0.56018056563595,0.571699807950481,0.00773377807037929,-832.315176324827
"43",43,0.778370517382232,0.595326452853596,0.00949648542740406,-832.651063556782
"44",44,0.76348539709081,0.554563243445818,0.00873504763499858,-832.157133843659
"45",45,0.510109954343903,0.523994722022702,0.0069660780411868,-831.695721264278
"46",46,0.731211601120036,0.569946729672468,0.00962434551229076,-832.039461838696
"47",47,0.496128972167259,0.540147585008713,0.00577256869329682,-831.951112339355
"48",48,0.622047705592099,0.507831196039567,0.00467111595552766,-832.660110514307
"49",49,0.707784400946758,0.567057821307141,0.00648342609143236,-831.266404646812
"50",50,0.752347478032074,0.581626232327823,0.00747801677756439,-831.285229846466
"51",51,0.744490816101023,0.540790174646673,0.00797226801601236,-831.389468585162
"52",52,0.686746919968736,0.545502965668837,0.00921800669555084,-831.511861220358
"53",53,0.587037275666753,0.521370453893726,0.00984757142956366,-833.105357564412
"54",54,0.628401226762102,0.467646766774111,0.00835778899433216,-830.367689259904
"55",55,0.622053609564032,0.488070028542012,0.00777320944455712,-830.623793001212
"56",56,0.626686758690305,0.432636138890518,0.00783921599191874,-830.371718760296
"57",57,0.636054292274626,0.498248208280495,0.00517778198323938,-831.635284854012
"58",58,0.688972681845213,0.532664350076449,0.00600389506639875,-830.920336369524
"59",59,0.721138967356925,0.542280512748652,0.00572282050637956,-831.215410356818
"60",60,0.73506169066278,0.562180468723828,0.00732619373866319,-830.972157614523
"61",61,0.713503357513891,0.527721338892419,0.00559487708150372,-831.2068734265
"62",62,0.74056604366472,0.575161035263054,0.00878206238059711,-831.598475411629
"63",63,0.741832471792633,0.568826833015746,0.00589559013820155,-831.436158688113
"64",64,0.67635597742695,0.563330551903848,0.00514490679871193,-832.540005023351
"65",65,0.380283675428989,0.644340980917391,0.00767749147479106,-833.516669479932
"66",66,0.871692063128549,0.696464616813845,0.0075374453664912,-833.816691299454
"67",67,0.867045557275498,0.662283134449957,0.00701572740371978,-833.65253788418
"68",68,0.867841637443201,0.664875459541127,0.00882365481705112,-834.278605170351
"69",69,0.327338591940044,0.791771679142158,0.00807513209789033,-834.749458418994
"70",70,0.246401133585678,0.716191708330618,0.00858644136991995,-835.266498528023
"71",71,0.591760598259273,0.555008446707887,0.00886185843204326,-832.787687079593
"72",72,0.616430804112389,0.421440405687111,0.00629287988183544,-830.536122333594
"73",73,0.610184794150807,0.478241174983287,0.00537751748003987,-831.470209822145
"74",74,0.703810388382401,0.55908442844169,0.00994609094616525,-832.156224586215
"75",75,0.796704651728818,0.633266949673309,0.0071746856900727,-832.202301291308
"76",76,0.782105281480044,0.593530805829968,0.00723169720894225,-831.720986593782
"77",77,0.768915680033305,0.565239131159293,0.0102726664896718,-833.360005930439
"78",78,0.55948808512666,0.491090186845404,0.00723925101149727,-831.419478402564
"79",79,0.610116382339096,0.475230305342285,0.00525396778355564,-831.554181909087
"80",80,0.617359159465263,0.651997402853923,0.0078160335779187,-833.565822931884
"81",81,0.521183633669045,0.578784020614242,0.00720489696044413,-832.161126574694
"82",82,0.724655571083217,0.556213295079603,0.00863831587777877,-831.24845644246
"83",83,0.736255219890024,0.528449909927793,0.00740807287884966,-831.204145562117
"84",84,0.733381448869096,0.52668665319621,0.00712115193357315,-831.115075440304
"85",85,0.625308593622472,0.413447801751666,0.00962564006660224,-831.870662021228
"86",86,0.606569270720522,0.421736314596342,0.00932783803708517,-830.987536332724
"87",87,0.558706414820773,0.38989470894349,0.00874052808565602,-830.966747802002
"88",88,0.541771612364338,0.366120592423588,0.00644900518441156,-831.276535805069
"89",89,0.525610269506365,0.398903863795827,0.0068065566029684,-831.413277465799
"90",90,0.51004616334324,0.343893088183384,0.00800472479277805,-831.865792928568
"91",91,0.531133489747964,0.561393221600594,0.00500188684312676,-832.607851510841
"92",92,0.496544845797489,0.3956456352964,0.00699835081965712,-831.889753071541
"93",93,0.531776143724405,0.328331663923889,0.00675535613870825,-832.355566111633
"94",94,0.509536873597995,0.534680874642159,0.00661627161419546,-831.725876585624
"95",95,0.550345880192041,0.507335155903865,0.00774589758682841,-831.724164001234
"96",96,0.70304857217248,0.535239643493483,0.00755659590832808,-830.607559387905
"97",97,0.415049806991834,0.496252819493908,0.00595338827663485,-832.149050707435
"98",98,0.533248884844482,0.764453502999141,0.00492094809828324,-835.045567698432
"99",99,0.63484269214012,0.438709205835557,0.00735344065771816,-830.311921908637
"100",100,0.5692197823193,0.392538465803968,0.00773179483381495,-830.578931876755
"101",101,0.576854615082008,0.395232617456292,0.00780858033512151,-830.549226282061
"102",102,0.594647395019395,0.465031473893679,0.00651690847504316,-830.782575037448
"103",103,0.376326728285466,0.452210455729786,0.0074885722778122,-832.611098740821
"104",104,0.426619675296025,0.443206380170893,0.00741341258221453,-832.17998034675
"105",105,0.638459979142552,0.471813729548933,0.00624928340641929,-830.343636254824
"106",106,0.604276318131842,0.417359572068468,0.00815797908698067,-830.446505527642
"107",107,0.579670146476532,0.449382332550469,0.00722860382524643,-830.703440041452
"108",108,0.614315210319815,0.511340928434179,0.00662579508316096,-831.2506518424
"109",109,0.659521553171459,0.49239841865158,0.0087766642373385,-830.633654754733
"110",110,0.636717915564745,0.463871240627657,0.00719558019152781,-830.095319378032
"111",111,0.642593580062903,0.439078292195623,0.00884667538565012,-831.003509693865
"112",112,0.63926820502341,0.420954292719016,0.00895130710794485,-831.61770765446
"113",113,0.631967085191613,0.469952676613272,0.00853183164921949,-830.434497311351
"114",114,0.635414812396492,0.437427606564633,0.00658300622418458,-830.413561911397
"115",115,0.616690451925528,0.431895169259602,0.00752674673831876,-830.20252886157
"116",116,0.605673494230315,0.38604548424139,0.00952097419308936,-832.31294828352
"117",117,0.589679983339489,0.466707785951334,0.00532220222858684,-831.674828712721
"118",118,0.553814175556834,0.426499661066325,0.00985564838007524,-831.922201819503
"119",119,0.547482633785542,0.462986373149019,0.00731278036922182,-831.338525529245
"120",120,0.607712177852878,0.458419772967857,0.00785165166520006,-830.354147902032
"121",121,0.612536370654428,0.506049740574325,0.00687176283840778,-831.145078941888
"122",122,0.60398904164969,0.457075182377186,0.00640103666420875,-830.522602405136
"123",123,0.450795681191244,0.457526504207023,0.00757942737635517,-831.988250346787
"124",124,0.63825110314428,0.501732777308124,0.00700655812700809,-830.597869643303
"125",125,0.26943703002333,0.507782087840671,0.00866532579864839,-834.633244052109
"126",126,0.713683921036053,0.527862256541523,0.00770198895622043,-830.708896546572
"127",127,0.716913782384454,0.504354281874213,0.00700097881093322,-831.056241539982
"128",128,0.500766400542576,0.511183889401307,0.00670861828820011,-831.633247564345
"129",129,0.698335612062698,0.523387414183783,0.00657095331719773,-830.551170982827
"130",130,0.706325929224797,0.52757856557698,0.00775800922461016,-830.625305265592
"131",131,0.731132275837565,0.597796632779659,0.0072153286012371,-831.696994891763
"132",132,0.710266360041779,0.53413574724879,0.00583520577892062,-831.017756971654
"133",133,0.471500052078874,0.433924688541691,0.0101972462494947,-833.728441020142
"134",134,0.421851813960099,0.525444336483368,0.00456436294714511,-833.323576799644
"135",135,0.715567755761763,0.535121598579548,0.0097951643762906,-831.854355874657
"136",136,0.654237538574086,0.469348830934921,0.0085650519840774,-830.527857305045
"137",137,0.647164352704274,0.468248159628296,0.00772343129627229,-830.173535507453
"138",138,0.63024870828197,0.470327354653622,0.0075613539472903,-830.178477051022
"139",139,0.605503273065313,0.441296187326056,0.0062779372924313,-830.394890076109
"140",140,0.617017376187446,0.446624650278959,0.00724323673569559,-830.110017647309
"141",141,0.661321339006494,0.520810410602686,0.00595458640561401,-831.030052624047
"142",142,0.715009284847293,0.559712448481223,0.0110848473572997,-833.159359029588
"143",143,0.62994932142972,0.522275808167793,0.00894280107357127,-831.760273042769
"144",144,0.710932485149608,0.462310173826305,0.00910897891450261,-833.545563365792
"145",145,0.407350302358195,0.461379919668812,0.00470432905494427,-833.467605237935
"146",146,0.488375431420936,0.503096153785861,0.00498590504316804,-832.46878433354
"147",147,0.364946933139648,0.725769159846012,0.0076135100708921,-834.206721046514
"148",148,0.408089120024247,0.547477359523378,0.00654103452468948,-832.169326984232
"149",149,0.489670162336367,0.422220794413734,0.00553541143436475,-832.285571144506
"150",150,0.628415562499323,0.569169561002307,0.0081272296176667,-832.402260403439
"151",151,0.509433249905674,0.331506399408516,0.00644435249036743,-832.362710823189
"152",152,0.532029482530266,0.509427050240396,0.00653194319293468,-831.562834843986
"153",153,0.644801426454745,0.515089287074386,0.0060248923391134,-831.119247326008
"154",154,0.699566548907456,0.531913780978535,0.00822488668296788,-830.744179482018
"155",155,0.697915285747833,0.492080945725995,0.00626781909022807,-830.86481034742
"156",156,0.68465396313986,0.497669633968605,0.00558023175253917,-830.950296887885
"157",157,0.663332928367143,0.434001658194509,0.010189287968691,-833.128746876606
"158",158,0.630442008263146,0.477468195224387,0.0084685854458191,-830.49960365864
"159",159,0.648062403670083,0.440996113766569,0.00896585992654194,-831.18279549602
"160",160,0.590534788391528,0.422243728648953,0.00926163727750411,-830.890855067966
"161",161,0.574542787604286,0.411745995237402,0.00913944970027592,-830.943782088229
"162",162,0.562879295178674,0.696080834749274,0.00534638457152575,-833.832369660508
"163",163,0.404444591035856,0.773556511458003,0.00573724097451709,-834.29072532446
"164",164,0.357416068286771,0.553519459234083,0.00673335106076468,-832.673042892808
"165",165,0.464190984770143,0.436933514293248,0.00515913691540044,-832.662941438856
"166",166,0.446512276765125,0.451102458782713,0.0089202871476885,-832.772769897802
"167",167,0.602826536329641,0.434532839625303,0.00766315213502353,-830.194553700063
"168",168,0.586921969794884,0.40966298197989,0.00798061101369443,-830.415186559809
"169",169,0.618356552398438,0.437105337265461,0.00710063089389389,-830.146188399682
"170",170,0.590178340441265,0.404135971580318,0.00527458060172609,-831.404852928422
"171",171,0.60305956572329,0.475998981732673,0.00720703484546113,-830.701190597876
"172",172,0.596151481689683,0.43186395828992,0.00559725419914535,-830.915151970037
"173",173,0.672810368632235,0.589499676289143,0.00820327017110026,-832.545221846607
"174",174,0.713366918620035,0.522260365136279,0.00673237238455749,-830.690888764429
"175",175,0.645109782328297,0.475375528076867,0.00839550861909183,-830.373367702589
"176",176,0.649376840809628,0.502434669862014,0.0103011918951444,-831.844284276941
"177",177,0.688270485911769,0.481998157165943,0.00735142824224791,-830.67610529629
"178",178,0.48261754768947,0.497406517629231,0.00912137804597007,-832.806704738089
"179",179,0.476522062533629,0.505020876073189,0.00897333853265127,-832.742730926052
"180",180,0.678327674393035,0.549540598272495,0.00811165156536846,-831.234266701742
"181",181,0.781759020208263,0.567381286869742,0.00734011406625266,-832.038684860493
"182",182,0.437728241639567,0.444421875155406,0.00727100097693864,-832.055379837139
"183",183,0.66311576467192,0.46754962961381,0.00755184105954495,-830.357330220657
"184",184,0.624048315425876,0.468129988318553,0.0079849434523111,-830.292427465261
"185",185,0.628775856635303,0.459234391202057,0.00676217745951505,-830.147687938826
"186",186,0.645611220498795,0.522511792630237,0.00654319892689026,-831.053212164037
"187",187,0.518969639334349,0.397433908374992,0.0088346932739579,-831.87145879207
"188",188,0.596133938399857,0.460434793581125,0.00860389775629164,-830.834331448091
"189",189,0.635909797679926,0.58286143719364,0.00522199061452973,-832.813893356756
"190",190,0.644407890411545,0.684570681792432,0.00736057629089354,-833.984494744871
"191",191,0.723677739231299,0.482279408937205,0.00759746813954201,-832.379972875991
"192",192,0.286048510249235,0.780591706339695,0.00855015158173975,-835.086755417435
"193",193,0.323562553188949,0.360011509762161,0.00705750372591715,-835.013269651427
"194",194,0.585773741897145,0.628030443716179,0.00656669821186766,-832.705243732817
"195",195,0.584564018106747,0.568867847664127,0.00800231149881945,-832.417238926136
"196",196,0.553454299483726,0.34881127485818,0.00660851213037315,-831.761451790412
"197",197,0.517377637791395,0.522707816690578,0.00702474827183824,-831.685468450439
"198",198,0.533664563956635,0.341109264230815,0.0111391351272207,-833.643941936005
"199",199,0.481350479082169,0.388563093126052,0.00609437927924045,-832.383267433359
"200",200,0.636187074427815,0.66108340153375,0.00667035656825587,-833.378715984287
"201",201,0.610243398599748,0.500769202903287,0.00687791176079658,-831.079615046396
"202",202,0.683910639087518,0.482198128863955,0.00933463294559803,-831.431282086866
"203",203,0.488622695208863,0.351680084872548,0.00831070312204949,-832.400772949214
"204",204,0.537039748469275,0.436313652424276,0.00740988364655237,-831.331908226803
"205",205,0.635661638691526,0.444322739298197,0.00602327058682863,-830.529885305338
"206",206,0.452311020090082,0.463663908580105,0.00533788933650263,-832.381641446334
"207",207,0.333041891948061,0.441457837258993,0.00553796853004627,-833.78312972076
"208",208,0.639199189701487,0.469426143863039,0.00856247210818471,-830.427279819879
"209",209,0.589970407574188,0.445450501093227,0.00812466541867366,-830.542948316005
"210",210,0.633932283378656,0.536892621525152,0.00942694819021143,-832.392847284111
"211",211,0.760338509569753,0.540060448175127,0.00588641395056416,-832.099014394722
"212",212,0.752197486899113,0.556364979726748,0.00514944638995469,-832.183096844944
"213",213,0.335887170690449,0.523573365673733,0.00476116695699339,-834.056146066661
"214",214,0.442510204722415,0.571535782898779,0.00831874442808538,-832.806903359455
"215",215,0.800073380951005,0.571531331555428,0.00778606211978623,-832.890975179262
"216",216,0.499939339507172,0.608689069825131,0.00708941100368423,-832.428078847442
"217",217,0.579648107868593,0.562471826352951,0.00772324187051186,-832.199854981014
"218",218,0.647337609201266,0.43440118290822,0.00774482085134291,-830.831801306154
"219",219,0.577072726981348,0.548189514431888,0.00594520872475917,-831.919466351509
"220",220,0.636320987174901,0.410470692729842,0.00828819559655024,-831.644273516951
"221",221,0.597150000685576,0.435459695636629,0.00794889123003802,-830.295349340233
"222",222,0.594014585573544,0.459364333967162,0.0089473378887933,-831.018306734844
"223",223,0.663244154096467,0.508757950811806,0.00580169000315975,-830.867611020649
"224",224,0.658609046485874,0.56662134919776,0.00538729210766993,-832.472532617759
"225",225,0.367892895872701,0.572211213521155,0.00601962808693169,-832.74133475904
"226",226,0.65755327497833,0.409956826081722,0.00764981856234963,-832.697161230508
"227",227,0.408504625314077,0.394875932406681,0.00716966606848962,-832.855740346416
"228",228,0.447461821690429,0.448935730718221,0.00961937685630839,-833.352930588367
"229",229,0.397078502442054,0.644077008945077,0.0099851821253899,-835.438229477404
"230",230,0.747592217105003,0.543580031752415,0.0078099176489919,-831.386353616089
"231",231,0.751774847988554,0.586959497619049,0.00546225061947768,-832.04111359388
"232",232,0.727740897969601,0.529782453559838,0.00861909458477804,-831.360175821433
"233",233,0.654479472401806,0.463223310158486,0.00745017595003182,-830.250491273255
"234",234,0.651116598340947,0.490367947522767,0.00784192000942828,-830.285350702575
"235",235,0.686606741849928,0.497301825040404,0.00746992533683218,-830.409894427603
"236",236,0.657508220513427,0.481449057851943,0.00842164190656755,-830.432363117488
"237",237,0.605607469644856,0.444083436339022,0.00876496176965919,-830.555700403477
"238",238,0.629050096560051,0.473135493017882,0.00625001512344379,-830.44095455908
"239",239,0.638580921823023,0.586432020305815,0.00649288013869008,-832.274921960173
"240",240,0.425609951862329,0.439524253659114,0.00499389734165967,-833.118608362297
"241",241,0.465928245236871,0.563144934981671,0.00811120289868762,-832.525219119767
"242",242,0.52720328903673,0.355728441291182,0.00794278877122209,-831.422659594933
"243",243,0.558007456407735,0.429744893945931,0.00879645813564211,-831.257264557101
"244",244,0.623749543294386,0.446160822906737,0.00927438441669666,-830.823652303992
"245",245,0.660789336238516,0.521897478648211,0.00938916506180637,-831.411926995699
"246",246,0.657940328345328,0.487333242632906,0.0089827001774696,-830.723687784483
"247",247,0.639780334856919,0.49668392063889,0.0103038486321329,-831.854087210488
"248",248,0.655889899175744,0.496367249276418,0.00808527305267335,-830.389666652103
"249",249,0.670465097195696,0.516666827562001,0.00586537005783574,-830.886821401153
"250",250,0.69554134813265,0.51467824533164,0.00642017157410321,-830.549919219709
"251",251,0.659333877909069,0.462248512073843,0.00855048216287096,-830.714158554934
"252",252,0.574629937815778,0.41603566138773,0.00761995394353338,-830.433913094176
"253",253,0.632029263635378,0.479898066858103,0.00665297349676905,-830.347289387922
"254",254,0.657057557000619,0.535993752189257,0.0068009226650892,-831.137605251557
"255",255,0.642711280785069,0.488756457612059,0.00835134018921505,-830.482755637168
"256",256,0.680173280480186,0.477120070734891,0.00727241517923519,-830.545157978291
"257",257,0.625939639450107,0.506490224659408,0.0097376487916054,-831.905887146932
"258",258,0.660389151842388,0.499950840798721,0.00631582238173532,-830.462016180826
"259",259,0.682317334108004,0.513412103504987,0.00770762573454483,-830.406221594461
"260",260,0.726647048262941,0.527299170788748,0.0053367807221408,-831.668913901925
"261",261,0.647337170321831,0.611138291507282,0.00567315798284905,-832.885658872936
"262",262,0.556893592083334,0.436594541944226,0.00561052383343184,-831.610051988788
"263",263,0.620110777061204,0.454238944718132,0.00680192824911752,-830.163606396116
"264",264,0.622865517782459,0.425155981019325,0.00665677918091843,-830.436857927235
"265",265,0.566698449985629,0.498392693862914,0.00768394443539342,-831.554828846749
"266",266,0.560891441650429,0.501903882216852,0.00684415641932654,-831.446055778898
"267",267,0.52963563802277,0.356917337111304,0.0107533848003941,-832.85269700343
"268",268,0.567665245334937,0.415985389675027,0.00626536258340253,-830.804968099418
"269",269,0.580411064554321,0.410669793915256,0.00958954601457211,-831.185087298588
"270",270,0.427517274514831,0.673805569538884,0.00819376902254996,-833.965726083241
"271",271,0.423740968866071,0.660706755336961,0.0063166116191647,-833.054558867708
"272",272,0.651383933501032,0.659645673132452,0.00599540726796726,-833.477343840329
"273",273,0.900761007112488,0.75444902845161,0.00833188426861076,-835.306293463323
"274",274,0.911174859067256,0.650669334627257,0.00684917348480687,-836.485074990573
"275",275,0.831749144263238,0.635380440657967,0.00661418550759929,-832.802303552165
"276",276,0.618845818161171,0.523879473733772,0.00708916753353381,-831.384995905787
"277",277,0.716482519982433,0.581964057983572,0.00802000463518144,-831.542133466096
"278",278,0.752518928411325,0.568793983522148,0.00572903830539627,-831.645851316273
"279",279,0.739067703626844,0.600146726793819,0.00713352322913898,-831.669518170396
"280",280,0.763764215944355,0.60980465631987,0.00705626487552037,-831.735911846812
"281",281,0.659061478622093,0.60277147514665,0.00738374453696737,-832.618383229777
"282",282,0.396429591447884,0.62127215970945,0.00634127116818761,-832.796143831966
"283",283,0.698110033580401,0.48168029618449,0.00796066566256189,-831.184273727056
"284",284,0.572698846530691,0.396639221289969,0.00866812370764872,-830.80446978237
"285",285,0.559281004852108,0.385704884079323,0.00773406321883948,-830.705338043595
"286",286,0.555128948371678,0.82263251517391,0.00728919864384953,-835.950619675416
"287",287,0.588046703337575,0.415803884012846,0.0112510007080625,-832.547306459
"288",288,0.583342695104633,0.446686655069201,0.0113343518864291,-832.809533587247
"289",289,0.593895049065664,0.425304734803599,0.0072549574995807,-830.225320664055
"290",290,0.608822684543877,0.460400446551211,0.00734262092540623,-830.310273471823
"291",291,0.585910779588254,0.3991419102413,0.00744025344588405,-830.472063318677
"292",292,0.613870763854373,0.40861431631882,0.00532987590472361,-831.511032272651
"293",293,0.628005416924421,0.405538538032182,0.0086354222768001,-831.690169360568
"294",294,0.449230264661558,0.508509357081766,0.00791080022584563,-832.145950594126
"295",295,0.330628519773943,0.531071523208584,0.00645370175026237,-832.97693078742
"296",296,0.748893910771243,0.602120759447461,0.00702461625799941,-831.637182148145
"297",297,0.793934795205025,0.626449058401703,0.00920920573503183,-832.826457553784
"298",298,0.757606774603936,0.613888628210455,0.00722996645841686,-831.862217457115
"299",299,0.794796595660756,0.591244306206379,0.00637743393841138,-832.149077255965
"300",300,0.594075095798088,0.419231833022555,0.00693118306941306,-830.269060319173
"301",301,0.514332297724547,0.313616804711254,0.0086710602241024,-832.987627136545
"302",302,0.487937108886456,0.313383775018969,0.00959342973539914,-833.346208976139
"303",303,0.489716955601312,0.335135466535854,0.00607659706303692,-832.942541027
"304",304,0.477999849089937,0.566333238163067,0.00580361807673081,-832.114673503261
"305",305,0.413226422180126,0.59543442752422,0.00699318417697522,-832.511431524984
"306",306,0.290094122938776,0.5494211454456,0.00540045150275324,-834.270085630457
"307",307,0.778351407100923,0.576251137271906,0.00591158122154059,-832.030328840557
"308",308,0.390373704023458,0.604119867516623,0.00623552392548764,-832.700787852243
"309",309,0.528162203658546,0.508508975632095,0.00877142610621521,-832.417707096832
"310",310,0.494031656260813,0.458758454135679,0.00559556284416728,-831.987902717063
"311",311,0.562387463978391,0.383321370003242,0.010060726142211,-831.837308717919
"312",312,0.538819878250208,0.379054976117158,0.0056074678328746,-831.777256918805
"313",313,0.569410666013157,0.537157269789889,0.00930861107433734,-832.993953017369
"314",314,0.808891984019877,0.623144051897543,0.0120607082633136,-835.882095167331
"315",315,0.722387894358616,0.599341090647069,0.0118027174413271,-834.714381661965
"316",316,0.741162128265481,0.569148630675003,0.0103005195373922,-832.672324588427
"317",317,0.669130394479517,0.519450253985524,0.0064023555906696,-830.666639252527
"318",318,0.535658538294116,0.467683809816116,0.00637596601980009,-831.450523665795
"319",319,0.631156359126788,0.441804104483568,0.00938839971562873,-831.034770562121
"320",320,0.615930902781556,0.406240118437012,0.00491470096102009,-832.138326830831
"321",321,0.537374433104314,0.487693832876648,0.00487899768731582,-832.487486943357
"322",322,0.636570895562309,0.441953906492805,0.00492130578253443,-831.622358073681
"323",323,0.627701693120697,0.430877302178293,0.00906340536082727,-830.977829083844
"324",324,0.606996220935656,0.453998750307338,0.00726495083939382,-830.253787387941
"325",325,0.60543638123093,0.476584860332906,0.00603435117342594,-831.002602690702
"326",326,0.441511916882555,0.475437666250794,0.00768886764658699,-832.048337370311
"327",327,0.681819932735124,0.48814377063186,0.00576330412385138,-830.836705272049
"328",328,0.643680515538576,0.494054056898095,0.00785786477312996,-830.408039288351
"329",329,0.640472089017741,0.480251215509007,0.00970859253237108,-831.167611199167
"330",330,0.555817771328282,0.449778746002418,0.00629328475106509,-831.28840234317
"331",331,0.593164834954039,0.6315535614304,0.00966289103498961,-834.736883235897
"332",332,0.846639712326772,0.631775335549284,0.00636690851415366,-833.39857901898
"333",333,0.842056302335649,0.681676379491506,0.00806347598118037,-833.423950560518
"334",334,0.829368581985406,0.589912530980192,0.0101526194019698,-835.565435748115
"335",335,0.618632663070237,0.599796123395995,0.00908577230705884,-833.625140251282
"336",336,0.779402868716195,0.583031311734604,0.00927352733171549,-832.589806022963
"337",337,0.650079246689633,0.388630713200422,0.00680517792357602,-833.857746431194
"338",338,0.542671229457639,0.377410160058423,0.00703918564369441,-830.969946632555
"339",339,0.571928809067312,0.466860755617188,0.00756789773057567,-831.136888897528
"340",340,0.486883519895811,0.436687894268836,0.00523003075758813,-832.452990996307
"341",341,0.541170556720684,0.518364947657705,0.00514276542729625,-832.258320622718
"342",342,0.553235417172817,0.450731160938008,0.00734649587528241,-831.200579887389
"343",343,0.55912832311638,0.549780768830017,0.00601735971406609,-831.896977727894
"344",344,0.701603470360316,0.554483285387549,0.00577964626684253,-831.402546043011
"345",345,0.510656102664687,0.430681919743321,0.00727113464272515,-831.588045784173
"346",346,0.58889151744665,0.487739895171407,0.00754054466415602,-831.188753462512
"347",347,0.576357810948495,0.453914568639533,0.00559681862019873,-831.471475007834
"348",348,0.586683417927093,0.445026173993642,0.00713241603718515,-830.496436381454
"349",349,0.631408023874126,0.470571680467026,0.00870887636359341,-830.523438670208
"350",350,0.647157614427581,0.495716175033427,0.00603164661488521,-830.676754946688
"351",351,0.669468864326253,0.453175673144343,0.00649631818053704,-830.939251040409
"352",352,0.542930489062462,0.340253853195863,0.0061063782938043,-832.220836667858
"353",353,0.560403797926764,0.507783575860243,0.009176541649125,-832.564519129976
"354",354,0.560148948501629,0.507809395278938,0.00989264755064402,-833.195327727366
"355",355,0.396168829299906,0.463686457760438,0.00835084177474522,-832.728070476104
"356",356,0.491336724567046,0.51142093835483,0.00815203188656615,-832.137198969061
"357",357,0.476447939505729,0.439181648076225,0.00853423545603426,-832.325927517799
"358",358,0.529971326239255,0.363342338454746,0.005261469661765,-832.430804973304
"359",359,0.522176980379037,0.520482984804652,0.00562181627476792,-831.913124200464
"360",360,0.487651281794648,0.425061351943124,0.00660125278440509,-831.79804623945
"361",361,0.491185354779686,0.442474106884716,0.00768083632331072,-831.805680894576
"362",362,0.609063244682622,0.444463335049793,0.00795549017584009,-830.23406935341
"363",363,0.635783750392608,0.489545529514293,0.00620395942695497,-830.630903044192
"364",364,0.585435238274859,0.531558573323733,0.00924269012490811,-832.771389219923
"365",365,0.734008471280636,0.564945457414126,0.00656567739762889,-831.062654164894
"366",366,0.487727919247531,0.426794698043745,0.00575784653621906,-832.102665246949
"367",367,0.470940439626282,0.598256974611799,0.00533115681978336,-832.614765915451
"368",368,0.573997186376427,0.752454283671216,0.005811478303797,-834.550263421397
"369",369,0.253378799966878,0.523841849084115,0.00649794371658796,-834.56143213317
"370",370,0.407706457511131,0.568317718642405,0.00465191126344608,-833.403465031533
"371",371,0.594570944905838,0.439019905511252,0.00568538875406024,-830.907868289039
"372",372,0.593168435752599,0.410319614001644,0.00558766846849465,-831.011161644629
"373",373,0.486632088014027,0.348310245147716,0.0047169470198301,-834.38306126701
"374",374,0.562261781321554,0.376130274507916,0.00599048422828975,-831.241712526291
"375",375,0.552827330532729,0.399295748093418,0.00781946311128984,-830.764277930736
"376",376,0.58320501762179,0.551374055486904,0.00740039998247752,-831.943443377705
"377",377,0.710883196593715,0.556477307646466,0.00580980023958405,-831.33933571971
"378",378,0.588244441512442,0.418289245701936,0.00882188745329772,-830.670899648726
"379",379,0.594325633122364,0.431369034072345,0.0068399397422854,-830.278570132352
"380",380,0.58362631228532,0.472894389212827,0.0070723237285033,-831.002679510289
"381",381,0.454383915605198,0.384625245246756,0.00646036584091988,-832.589942651892
"382",382,0.391120793764459,0.516754761764262,0.00906249251051832,-833.30420325305
"383",383,0.388578150505973,0.523237067836447,0.00696909412367761,-832.262706302819
"384",384,0.413665489304835,0.582332080384147,0.00683033821993999,-832.368633806395
"385",385,0.784487700369101,0.600212473764661,0.00619292558925206,-831.943362667944
"386",386,0.64560106207444,0.417033470853722,0.00461030157189576,-833.151829379013
"387",387,0.637690166406902,0.665595161458232,0.00952802427597103,-835.259112239316
"388",388,0.363417172186939,0.527289458745902,0.00758855683806521,-832.679376598549
"389",389,0.468152099007224,0.491391857350544,0.00709210449311884,-831.737561312772
"390",390,0.500208758519926,0.449245738043372,0.00678436227796336,-831.589392881924
"391",391,0.695719472621771,0.579823600153887,0.0104224022711266,-833.221174923249
"392",392,0.786099152301833,0.637471787511896,0.00682911199375736,-832.319114534573
"393",393,0.74747517022123,0.591511174002205,0.005399555732116,-832.197493547874
"394",394,0.773207563694479,0.574675129884182,0.00672624520289312,-831.626906277074
"395",395,0.652338458403999,0.397407540956043,0.00591943868890266,-833.507053684941
"396",396,0.578447964771941,0.354473734867956,0.00870952158144071,-832.493024690948
"397",397,0.513029310204477,0.356256130049877,0.0086992255964763,-831.851511970268
"398",398,0.526055886762904,0.445797501860705,0.00634620863262545,-831.508531945288
"399",399,0.677341603440328,0.513957281718182,0.00769883033283556,-830.410272277442
"400",400,0.65866724032402,0.489743022779776,0.00746822189641286,-830.196278128777
"401",401,0.569113672589573,0.433971851208299,0.00739543075129455,-830.703775747606
"402",402,0.651403254892946,0.405529253764218,0.00895249905897741,-833.233985103677
"403",403,0.443504980985035,0.500808872507304,0.009496776072553,-833.328379054056
"404",404,0.611731450276616,0.487554461558564,0.00457237548849187,-832.65723888991
"405",405,0.613738389343919,0.487962869978926,0.0124766578993872,-834.237010269948
"406",406,0.524921433848137,0.371361324894629,0.0115945883587688,-833.495170881335
"407",407,0.550486809750227,0.348981001001017,0.00936851901682895,-832.260223066751
"408",408,0.513496322084949,0.424716168497365,0.00561501748064869,-832.041923111919
"409",409,0.503680401732535,0.565205213857463,0.00992637830933426,-834.100754553277
"410",410,0.483731487487618,0.308891397311432,0.00812704786848139,-833.090700004089
"411",411,0.525255897555093,0.340906479673741,0.0106519118998646,-833.146587930538
"412",412,0.521989464074423,0.339083348509275,0.00486723334800944,-833.542360878588
"413",413,0.528414888479044,0.460563475143428,0.00614111538353928,-831.550041711131
"414",414,0.427788591148559,0.771587606820175,0.00596198881556662,-834.299187476306
"415",415,0.601491739313053,0.851844724636799,0.00711092882847879,-836.694522409311
"416",416,0.295602700958479,0.958181525255478,0.00591520213316377,-835.84773608454
"417",417,0.340530135542788,0.64117159040362,0.00727060960622221,-833.658980260442
"418",418,0.417056297543919,0.676679460691231,0.00576277581315063,-833.365292707716
"419",419,0.582181720089412,0.71971529336621,0.00598018902653941,-834.03219366561
"420",420,0.501242186258385,0.76584315478742,0.00715130016318797,-834.686491626267
"421",421,0.290807187218465,0.659835943071981,0.00716962800536143,-834.119602771002
"422",422,0.800110569942792,0.609094512535477,0.00680044126532287,-832.085233875434
"423",423,0.444205082569621,0.301457042759828,0.00737870727340006,-834.396078659818
"424",424,0.445207663250665,0.349629457766781,0.00666928720912883,-833.354500374542
"425",425,0.5819799217114,0.721880209247381,0.00631829722816531,-834.039472458115
"426",426,0.775461432472228,0.60836431054512,0.00663627063438703,-831.780224352389
"427",427,0.642822695549278,0.454400146987904,0.00891674349089502,-830.725319360423
"428",428,0.652391231319262,0.461158888733393,0.00646036736429511,-830.334138628511
"429",429,0.636068336089147,0.44575795143237,0.00829410562208696,-830.4403057562
"430",430,0.565650486945306,0.405351304620073,0.0066175977493574,-830.646821920169
"431",431,0.584580573384682,0.453393870168842,0.00783015994252684,-830.715517372989
"432",432,0.450362301495197,0.621326800744909,0.0050225804220657,-833.106004316451
"433",433,0.577171295811357,0.694029167330543,0.0048384114027412,-834.281250809327
"434",434,0.566417079632504,0.658694919701958,0.00522343320684928,-833.433491421724
"435",435,0.542466140955881,0.425076601314027,0.00716931732472988,-831.165701629965
"436",436,0.504620105296186,0.434423410455555,0.00850742552783429,-832.078813894389
"437",437,0.508763582409048,0.33405020638226,0.00941921560331802,-832.53981558244
"438",438,0.557053150576571,0.352611328233414,0.0105740742225442,-833.151622387356
"439",439,0.532033837979373,0.375631306536965,0.00710994735781709,-831.164075847435
"440",440,0.588622915148926,0.362056127341547,0.00587084699433902,-832.433715983113
"441",441,0.539637721327494,0.705593459403477,0.00602756505517064,-833.633192724876
"442",442,0.306082578675237,0.452688164961685,0.00606551933750285,-833.833317012058
"443",443,0.68626403170076,0.536914785959722,0.00604367111584967,-831.00513633972
"444",444,0.405898223267345,0.624966084193198,0.00756072126102498,-833.056325893376
"445",445,0.423771101766583,0.467559158615807,0.00720872723754364,-832.039784510422
"446",446,0.370166222304923,0.523136482423393,0.00723607289788416,-832.48958752553
"447",447,0.637784925963124,0.474248445617252,0.0074138368167732,-830.147180002912
"448",448,0.629935425001233,0.437218716837152,0.0073177375710717,-830.255785665053
"449",449,0.639524679209236,0.430115151718171,0.00626374105102046,-830.809267089858
"450",450,0.663921137634555,0.428659591594953,0.00640960132194346,-831.836922017335
"451",451,0.465725198824598,0.403695703607401,0.00930666039779911,-833.09103900122
"452",452,0.452060923179943,0.490039178182494,0.00413109473311936,-833.939630894309
"453",453,0.737625386646286,0.643818991487667,0.00494306354514912,-834.235407191973
"454",454,0.522068928627417,0.566024696617577,0.00807741849451449,-832.454093530823
"455",455,0.670424816512744,0.569810862121706,0.00663726489463013,-831.838031843053
"456",456,0.734749928896485,0.617408121428177,0.00862789220357236,-832.599439196151
"457",457,0.736376751305026,0.578124729927787,0.00907392904030251,-831.790514956933
"458",458,0.674974459754282,0.554520216702646,0.00722499880048073,-831.301275228161
"459",459,0.713122098242373,0.540797096323659,0.00668845564735148,-830.712013981443
"460",460,0.702498953083943,0.491249311298325,0.00773702457399599,-830.989657430489
"461",461,0.603864228189862,0.51322681738806,0.00663668547993086,-831.370463089146
"462",462,0.608411162346524,0.44180094996225,0.00860460161390902,-830.456382862824
"463",463,0.647991612942586,0.444204686450084,0.00871052859938539,-830.934554603342
"464",464,0.504862093395506,0.384543031988401,0.00718803565338977,-831.795601056473
"465",465,0.439820323631771,0.598089975751188,0.008430480903028,-833.15683563625
"466",466,0.610787216010711,0.602408875396221,0.00855062777565411,-833.246761861084
"467",467,0.466536319243444,0.35660946778414,0.00610130867823577,-833.107209391078
"468",468,0.466305115074044,0.346997930175976,0.00694815198696948,-832.975950647171
"469",469,0.542583445477007,0.425073004067546,0.00747818325706914,-831.17423514346
"470",470,0.599939307095539,0.466777595690654,0.00577183379380122,-831.11213598265
"471",471,0.57415617272578,0.623336789795642,0.00874762218802326,-833.695957800433
"472",472,0.737005472513307,0.570250270537797,0.00719918574205689,-831.058248301586
"473",473,0.734449718216903,0.537428369233499,0.0085543274907637,-831.404067754617
"474",474,0.695470135012207,0.53926182621936,0.00701678796581542,-830.659147644957
"475",475,0.731971493433787,0.549207314280699,0.00612432777135004,-831.103004566756
"476",476,0.557740192928792,0.486011725451782,0.00636065974076993,-831.417085436555
"477",477,0.613577468173758,0.47707971966878,0.00632736510830067,-830.715840177359
"478",478,0.459496731434107,0.544837666280418,0.00647953799558875,-831.893644138376
"479",479,0.59799963812884,0.361549246256239,0.00952969090569168,-833.532556215989
"480",480,0.528588774432239,0.385112472157785,0.0103588999278395,-832.425963449731
"481",481,0.591998460220127,0.411247581272479,0.00687411773483764,-830.34525993099
"482",482,0.596511536959587,0.469704827662414,0.00973210006374642,-831.648803486612
"483",483,0.617631512521351,0.468238765752199,0.0094689088269733,-831.059445182167
"484",484,0.589481310963102,0.386347945247743,0.00621510405119248,-831.084185179708
"485",485,0.531135259542787,0.429300710166568,0.00668258598090354,-831.397938706851
"486",486,0.635152120409199,0.461054092158747,0.00692971496890969,-830.111374359273
"487",487,0.639368366268578,0.476434497212311,0.00651047503218185,-830.271265965585
"488",488,0.641503205691246,0.488989746351451,0.00753872689996924,-830.300751435457
"489",489,0.611833168978973,0.428578416221089,0.00609148216380226,-830.491107174842
"490",490,0.624918867231798,0.555747530495561,0.00738077680495521,-831.910241411532
"491",491,0.509023509347796,0.41616435347346,0.0089281187739824,-832.238059156777
"492",492,0.554870721161231,0.421944151126732,0.00655753008755343,-830.99884072645
"493",493,0.56312713904132,0.383295156921807,0.0073601424730192,-830.693160808348
"494",494,0.50931387920878,0.400501371145064,0.00603254950061394,-831.973271368117
"495",495,0.522180419699661,0.483035656119969,0.00612098100793009,-831.590699311511
"496",496,0.633376263934671,0.427776392049009,0.0060962483436635,-830.795853333512
"497",497,0.609101358286897,0.418881551804698,0.00635738085039633,-830.472485082886
"498",498,0.38624264970864,0.557635677270519,0.00679272467871613,-832.402704352325
"499",499,0.563123611569498,0.718852982757592,0.00452402627870464,-834.923470975346
"500",500,0.372971617685671,0.474734035150453,0.0063222765068226,-832.500556292059
"501",501,0.413932447399341,0.568568596999163,0.00728610227971658,-832.374552903166
"502",502,0.569041994242848,0.520686104451211,0.00877692720399358,-832.363210697467
"503",503,0.330953730896984,0.342254665857444,0.00557261612461068,-836.226088854489
"504",504,0.385019354093235,0.473451629420493,0.0057935119762698,-832.579313610654
"505",505,0.465365823872106,0.52351639918075,0.00971500927016212,-833.581410787944
"506",506,0.39025085155104,0.414251986069781,0.00854015325194298,-833.250090897126
"507",507,0.355291104868818,0.497137787775229,0.00860995367344076,-833.243844527317
"508",508,0.665743517376077,0.500192663999607,0.00611973613474676,-830.529000540171
"509",509,0.683344872375205,0.497811499820837,0.00690563067004242,-830.346535900983
"510",510,0.630027714877597,0.426150790575893,0.00962123467653389,-831.558945325371
"511",511,0.566921291886898,0.500142486239469,0.00890914555475911,-832.221489398706
"512",512,0.414926933032668,0.495908658312887,0.00828248248571394,-832.515906780854
"513",513,0.587705072285342,0.553647779714433,0.0069489716814212,-831.863061052046
"514",514,0.761740596432006,0.60805726944496,0.00797258521594903,-831.813016317016
"515",515,0.729564876505265,0.510757837822601,0.00880033136390945,-831.989466905269
"516",516,0.451407070108399,0.49666646107087,0.00862070018763344,-832.541233692503
"517",517,0.671582033920371,0.483129052917634,0.00832607924385162,-830.541099644361
"518",518,0.613509127127548,0.465929341807098,0.00560142262727516,-831.00223979537
"519",519,0.684715591687438,0.471850044125076,0.00609043803579202,-831.030649573163
"520",520,0.665795211698717,0.521003134770831,0.00755257951661759,-830.596332302531
"521",521,0.691012865912482,0.561574206444438,0.00555624668002183,-831.903861519023
"522",522,0.694296942988225,0.578934539519012,0.00521033099635979,-832.652602833311
"523",523,0.658837222354734,0.65391611142638,0.00817470011792089,-833.919355814056
"524",524,0.286940833869023,0.620196568649871,0.00846631639287285,-834.655785636325
"525",525,0.637139258854185,0.580898627448467,0.00820483911267993,-832.617479029455
"526",526,0.789566893732503,0.602146389108425,0.0048901363040232,-833.132935175671
"527",527,0.597434757008782,0.599223399211698,0.00804112526780506,-832.853073884347
"528",528,0.795292030132601,0.594193795560985,0.00596723543965304,-832.301976176015
"529",529,0.62356475329522,0.4565961590788,0.00905301114063756,-830.66477987608
"530",530,0.624359987971203,0.458575597911646,0.00931452415819791,-830.827294274354
"531",531,0.643187471146602,0.49194333245116,0.00829958033848963,-830.506139736377
"532",532,0.651940368866543,0.498326294404454,0.00602594535671583,-830.666391683142
"533",533,0.598825458829929,0.385478516696161,0.00852094328630582,-831.465262369258
"534",534,0.601125665542996,0.461193434944293,0.00994589922537893,-831.535834026458
"535",535,0.656159393632969,0.46668629316906,0.00915377208273724,-830.924138363727
"536",536,0.623110487976523,0.45461751835743,0.00845696298813779,-830.365172751995
"537",537,0.643008461026073,0.501079297891379,0.00908391623331497,-831.037148515239
"538",538,0.694258582796714,0.564288455521004,0.00773655565449458,-831.301199930242
"539",539,0.692222326229588,0.473680425029509,0.00454822258700107,-832.806331718323
"540",540,0.691133419998929,0.544612200596823,0.0063730778134051,-830.959153641446
"541",541,0.673561781302659,0.548115848731539,0.00757449557311323,-831.163910657137
"542",542,0.715558554368802,0.508691519033215,0.00823254256224863,-831.186441087445
"543",543,0.627979264906628,0.423068732466244,0.006349833962006,-830.689010679671
"544",544,0.549471834841392,0.389279768826884,0.00985148446435411,-831.694651917562
"545",545,0.429040258196517,0.572806099211612,0.0102952356712178,-834.774294737423
"546",546,0.679514224661019,0.484775482669869,0.0105836589042454,-832.328808967716
"547",547,0.626453127442601,0.514691320153876,0.010016093909026,-832.330536750008
"548",548,0.635449688673933,0.421430988600743,0.0104451844097164,-832.639998610935
"549",549,0.543644597400157,0.332032318999642,0.00556861657201035,-833.06646360874
"550",550,0.525117535593831,0.488743237609044,0.00584919989600966,-831.701380417399
"551",551,0.548463945237095,0.545466800697089,0.00943001868263029,-833.280955967378
"552",552,0.764827738451359,0.591236345013288,0.00964390289349624,-832.524690925534
"553",553,0.755970814924736,0.570930233896267,0.00540013433066919,-831.969376249027
"554",554,0.694984441867001,0.48089256516782,0.00864529848737526,-831.405134951642
"555",555,0.667952886669234,0.490880337628057,0.0051439952121472,-831.282589916108
"556",556,0.688641340251439,0.541750969774003,0.0121222619721647,-834.044617265646
"557",557,0.706132566660138,0.5122627203291,0.00458641556342914,-832.377351426501
"558",558,0.515117050790038,0.600384975800337,0.00643310628882399,-832.24499749
"559",559,0.566456274819256,0.445225238163237,0.00614533155329311,-831.174672649518
"560",560,0.615964648236965,0.477512158969822,0.00797803444388656,-830.562665251171
"561",561,0.65851984821894,0.559565606263796,0.00645838178638237,-831.765078696756
"562",562,0.50137166370786,0.536738087506289,0.00666576488239395,-831.7507501132
"563",563,0.699387280553252,0.494192220411315,0.00605934311281594,-830.955695288934
"564",564,0.718610739859722,0.547320217281063,0.00714031794266505,-830.743597948607
"565",565,0.721644068323358,0.557520212401041,0.00991687649726598,-832.091208737345
"566",566,0.701491424230481,0.611486823133794,0.00531232846232199,-833.238195131421
"567",567,0.516320592211563,0.43293831243686,0.00678454966753696,-831.523002790101
"568",568,0.512925694673391,0.365793288932916,0.00674466349650352,-831.724577604265
"569",569,0.523249661102546,0.405192188923599,0.00824269394531893,-831.594034979074
"570",570,0.627513507326064,0.429393027695481,0.00740675480885571,-830.37989179461
"571",571,0.579726391070858,0.406447381538287,0.0069821520381202,-830.400938405212
"572",572,0.57962979457194,0.380100702051223,0.00953854900660715,-831.752164677065
"573",573,0.538836502338069,0.392433384992574,0.00752226575851231,-831.008685265886
"574",574,0.560298344458643,0.370231912814001,0.00857547629311937,-831.233094127607
"575",575,0.531376835210143,0.417801892786882,0.0064828817078264,-831.431927396383
"576",576,0.504985388702631,0.457071332396729,0.00595709990592061,-831.737742414908
"577",577,0.623718019192004,0.452099975243829,0.00597342924611962,-830.474253197815
"578",578,0.641306680109029,0.481962299652648,0.0071662110870582,-830.195132636274
"579",579,0.702899102529417,0.532647059149103,0.00906939423448,-831.187602948415
"580",580,0.741551233685196,0.563161968541568,0.00794991289972018,-831.164302100478
"581",581,0.709812665976381,0.562541457833298,0.00634306626207213,-831.184350321191
"582",582,0.435194332937507,0.446211221934202,0.0070028912982167,-832.026527051815
"583",583,0.383047735390133,0.512273536616299,0.00977632128803257,-834.006085862502
"584",584,0.505717995637594,0.366514778174344,0.00851946387466019,-831.957340408899
"585",585,0.365853583711809,0.541054927889948,0.00706829037943365,-832.559728752043
"586",586,0.3697597211205,0.537927862754977,0.00707790582607164,-832.50783788579
"587",587,0.710343907618042,0.594373554828934,0.00640474820536296,-832.050224001214
"588",588,0.727276754458285,0.529816404961796,0.00679068583597736,-830.908034885947
"589",589,0.736352022598253,0.540213117032267,0.00739348125611739,-831.022728803725
"590",590,0.668902550506365,0.445386207081653,0.00780904882007993,-831.278842193882
"591",591,0.662056028369809,0.452820047965551,0.00749142953351016,-830.659621279084
"592",592,0.545096490824748,0.554238391647589,0.00858716370904939,-832.666194080062
"593",593,0.563878627866776,0.364343637450184,0.00768454020089733,-831.213864976967
"594",594,0.52546953978923,0.46528130577121,0.00799269888702135,-831.714386963816
"595",595,0.608833221566703,0.4218958014708,0.00855585611037773,-830.576469763792
"596",596,0.612007632285697,0.453647276153467,0.00724891547934947,-830.1851824444
"597",597,0.561852538422263,0.435632636813801,0.00736926880700843,-830.884092947926
"598",598,0.560407196574191,0.532093507076222,0.00609128344389008,-831.744435427399
"599",599,0.543231237175622,0.418188715608814,0.0088118252251563,-831.465591007396
"600",600,0.598261934923745,0.461367652767593,0.00751693788735525,-830.528197258764
"601",601,0.619076681020171,0.431474242844134,0.00894995631354259,-830.747654990422
"602",602,0.56305557867184,0.418076630671294,0.00754542693197357,-830.654611619487
"603",603,0.574614843441746,0.424653577005968,0.00659821406047421,-830.601087444409
"604",604,0.626270560292874,0.478083796205443,0.00609889931056452,-830.632536940241
"605",605,0.624697998951361,0.400637093239517,0.00677215785039737,-831.376782504401
"606",606,0.589165347799369,0.398415085674095,0.00696332216924146,-830.523906538647
"607",607,0.552994814645003,0.495345887703394,0.00700357191170938,-831.442134632829
"608",608,0.751512238254336,0.545726634128736,0.00746659597990475,-831.391435732534
"609",609,0.769640911638036,0.540408425762141,0.0074590451721645,-832.314629987909
"610",610,0.434668099900759,0.534102196029774,0.00382517754690637,-834.641266078606
"611",611,0.751430146126038,0.555248651723959,0.00522199514611237,-832.09461703571
"612",612,0.685473818559112,0.51402502265406,0.00479797903507908,-831.897456661491
"613",613,0.682870724636526,0.526181222124979,0.00994153732659721,-831.70023698074
"614",614,0.663402857896188,0.466490007045606,0.00874882629410019,-830.831930984484
"615",615,0.657949052888395,0.495358363407059,0.00866437388667958,-830.600025597258
"616",616,0.662775109168445,0.481112456059522,0.00877442271889478,-830.652410994522
"617",617,0.66775388472757,0.691784272601331,0.00673038043148174,-834.043921258026
"618",618,0.414718939270323,0.531065010840941,0.00719156586593307,-832.130807074123
"619",619,0.585241053326059,0.446553270354375,0.00850350850811053,-830.779228211885
"620",620,0.634441474004941,0.447010131587206,0.00686614373569667,-830.19005066646
"621",621,0.564546173389807,0.500655253614514,0.00679274854039598,-831.425091195037
"622",622,0.562451963837828,0.449472436310782,0.00693918029471591,-831.050037598811
"623",623,0.566222424735155,0.441341321830296,0.00720429586078615,-830.867195044811
"624",624,0.572284065547228,0.46921135064178,0.00775926051177194,-831.204189488416
"625",625,0.635840114711223,0.457506023891063,0.00807222683676985,-830.241024439201
"626",626,0.623855674507929,0.44972541128956,0.00726072188334283,-830.096746013559
"627",627,0.618822424915635,0.434105150579427,0.00821426561088976,-830.361276302757
"628",628,0.593017542561832,0.438061469123191,0.00922870095771481,-830.892919312031
"629",629,0.627965884266536,0.462206377328119,0.00823315588437567,-830.289787766481
"630",630,0.630587928742229,0.444667208924328,0.00696834955200156,-830.166813263862
"631",631,0.618511135518702,0.47751768841068,0.00993317539474996,-831.518631386229
"632",632,0.648124787577246,0.524803514499876,0.00431205080770491,-833.307597003415
"633",633,0.330851699065603,0.557619917345202,0.00923650170485092,-834.265810605532
"634",634,0.698579491431336,0.562833979501033,0.00529182204553766,-832.087699170984
"635",635,0.563075644584534,0.427077259214991,0.00985609992801656,-831.705625313487
"636",636,0.61254373217291,0.421122414260626,0.00656618636392501,-830.395727585705
"637",637,0.63419261723731,0.561940632027852,0.00743277493430745,-831.984200815528
"638",638,0.448018637496215,0.486223662772773,0.00629773142142665,-831.840683113064
"639",639,0.589233410432213,0.418954323072939,0.00830602464058921,-830.446508680348
"640",640,0.494675503190384,0.646567360631561,0.00827997921218183,-833.543748678141
"641",641,0.601982009610172,0.72529996346982,0.0083802748095248,-835.145858364684
"642",642,0.549559493783474,0.550044029642654,0.00908375198410062,-833.016110665793
"643",643,0.391814281146076,0.478802402221997,0.00439193497571745,-834.003362094296
"644",644,0.704480021142114,0.589015500004299,0.00493114997981256,-833.132015675325
"645",645,0.791999206803945,0.613941396163598,0.0101167964296437,-833.429933415647
"646",646,0.769170897494266,0.656722802019651,0.00954518704517138,-833.927075775522
"647",647,0.821816423010133,0.681285967198834,0.00744539069449994,-833.288894687669
"648",648,0.439646532139741,0.533540918707811,0.00675634765229187,-831.927503757197
"649",649,0.295969442975309,0.433659172613459,0.00556610202723607,-834.643340161735
"650",650,0.633065362681674,0.471458160092751,0.0088535708038691,-830.593848413993
"651",651,0.670828843028096,0.527613703716956,0.00760500668007241,-830.680979938978
"652",652,0.727730254757011,0.583823934782101,0.00684298921804236,-831.383381463249
"653",653,0.499547136234015,0.505300341306292,0.00860515115780543,-832.376427841666
"654",654,0.612859846976127,0.424190068289927,0.00863808595419345,-830.623927085026
"655",655,0.615488066889023,0.484307778184288,0.00790122495061651,-830.696364600953
"656",656,0.667713006667194,0.515445037366438,0.00722536370771534,-830.448655987851
"657",657,0.670486190421121,0.556049768263015,0.00948863881768256,-832.252862321013
"658",658,0.7421960656014,0.611722174600812,0.00778993321850027,-832.024320917178
"659",659,0.749113182909915,0.613554511680359,0.00797027155802653,-832.034172099131
"660",660,0.68426161496453,0.447375246879395,0.00881762117121039,-832.488375179809
"661",661,0.428045589754125,0.51858822678872,0.00751876814635911,-832.109313679647
"662",662,0.453821497715308,0.511162591469512,0.00663470400670518,-831.7885165112
"663",663,0.551199833483627,0.645170289155269,0.00861990761197567,-833.866577784554
"664",664,0.480099661138363,0.571617193764827,0.00709597338415949,-832.094878499552
"665",665,0.748534313686668,0.590909459415405,0.0113345991672754,-833.929831389748
"666",666,0.685959794891278,0.569700831688732,0.00620418543461409,-831.772897684207
"667",667,0.529979097958494,0.465999819164072,0.00685971871457227,-831.422023672712
"668",668,0.540745556881981,0.588347032503384,0.00686801984326306,-832.182807477885
"669",669,0.448243095657123,0.6006092721819,0.00775506715217538,-832.710448483167
"670",670,0.27267175773725,0.452099223202209,0.00771133456594545,-834.398485182585
"671",671,0.364945033005257,0.554224719287067,0.00750713822824894,-832.755259249806
"672",672,0.573198680574687,0.422152096419273,0.0074999520994147,-830.48729043297
"673",673,0.512269667593877,0.427625599971389,0.00862834180333481,-832.051912144604
"674",674,0.548270024197926,0.402838886099419,0.00698588488679791,-830.884181000836
"675",675,0.564925795199522,0.418131569036999,0.00882821794235315,-830.963693044877
"676",676,0.552447741671108,0.426045933539941,0.0103263761839474,-832.293171961873
"677",677,0.641691826037323,0.414045307075645,0.00787521987664975,-831.553161561939
"678",678,0.442392775755975,0.502402007799035,0.00496402011565861,-832.686455645239
"679",679,0.542343862168406,0.6419487526996,0.00877472413938023,-833.939069565129
"680",680,0.699663361909388,0.529022168662248,0.00581911285687804,-830.95323771886
"681",681,0.641740251267998,0.540740748716004,0.00988538459866055,-832.672582629486
"682",682,0.343815905728123,0.775712148274298,0.00595448195702896,-834.243236694389
"683",683,0.351630940934241,0.390491846838838,0.00949986771849949,-834.725295734241
"684",684,0.403127711828556,0.574708283950053,0.00446386492482349,-833.733818194606
"685",685,0.452280877548373,0.391276332457085,0.010193445718798,-834.064402486236
"686",686,0.482815775025905,0.305645562645123,0.00719285908438463,-833.263230207829
"687",687,0.468860289113834,0.418926283263429,0.00690634236674022,-831.96700042332
"688",688,0.477227102740946,0.459400870251325,0.00688428892062282,-831.692274106595
"689",689,0.705114427736808,0.54104500263921,0.00695564281555595,-830.658697573211
"690",690,0.69436462476304,0.522963681218681,0.0065970889452989,-830.526297915109
"691",691,0.703414998012992,0.522513277451778,0.00894209640958857,-831.099977297587
"692",692,0.701398503952673,0.486772856412927,0.00815516775275625,-831.227738891494
"693",693,0.667239040433622,0.477459331294712,0.00803290254661613,-830.418378684379
"694",694,0.684777994621922,0.473076505824141,0.00812669371763705,-831.007925684757
"695",695,0.677828101907255,0.487188093574387,0.00650086970862462,-830.420362773982
"696",696,0.683312906510307,0.544284081039791,0.00840646542134557,-831.117900020458
"697",697,0.687986405462955,0.491140641506594,0.00748303522435799,-830.510708207177
"698",698,0.675420449871545,0.485480346344565,0.00788545646447603,-830.422956712279
"699",699,0.660684012481096,0.47133586105563,0.00594477904003028,-830.574206560148
"700",700,0.647878855405054,0.56698499042119,0.00664514494601134,-831.947101640903
"701",701,0.514476057599697,0.334284113795558,0.00650201245220932,-832.201628522842
"702",702,0.521669304989339,0.526502261411818,0.00653848246170877,-831.665218139738
"703",703,0.67679299086036,0.462984209085686,0.00817317198376375,-831.053869342681
"704",704,0.59288330302657,0.420849386030004,0.00488983930221962,-831.760385115498
"705",705,0.403500390934135,0.442734433128458,0.00584061969788483,-832.581629764966
"706",706,0.589022404798721,0.407544573876678,0.00740406610346603,-830.352946981399
"707",707,0.577684967916439,0.376660930426503,0.00657393395074598,-831.069771853592
"708",708,0.575480280777816,0.496500541064163,0.00653991256031162,-831.372603730044
"709",709,0.615461839827525,0.410113124615542,0.00689621658189314,-830.653423684585
"710",710,0.539907943133125,0.38069077501031,0.00606418297408795,-831.388546218346
"711",711,0.568490793415404,0.416563551311948,0.00621162761849997,-830.821175876505
"712",712,0.330497282422134,0.437715476025748,0.00861250783386355,-833.805527948788
"713",713,0.550986941327702,0.486815542904771,0.0061156916149747,-831.515604459146
"714",714,0.669205599089795,0.549360999086135,0.00879817964494176,-831.671329225644
"715",715,0.737966932877523,0.563561120512219,0.00727045830836002,-831.001780260911
"716",716,0.734912036050882,0.578462037506005,0.00610498954819929,-831.459604445633
"717",717,0.60159504114543,0.376530459846435,0.0088271979861839,-832.218329788536
"718",718,0.506243907590685,0.694653154792685,0.00762371413094054,-833.797364076638
"719",719,0.637654288567672,0.785925819222659,0.00689599659691177,-835.584624921947
"720",720,0.449628574296108,0.707582681131895,0.00857375187637605,-834.724498886145
"721",721,0.453038969471342,0.628923363590824,0.00695146700241156,-832.668664749163
"722",722,0.691826150924742,0.509230819463183,0.00693397095379573,-830.40717924293
"723",723,0.683908448653889,0.467181074651802,0.00720396132095999,-830.939609048515
"724",724,0.291675624890012,0.496427268180952,0.00742652651392246,-833.680628331784
"725",725,0.420959365886812,0.714400189290715,0.00736161532640371,-834.016820772316
"726",726,0.481117102884035,0.719469529212217,0.00743233079951636,-834.053757043964
"727",727,0.36973217346173,0.482313201682654,0.00631747176970734,-832.508930864881
"728",728,0.380229929023536,0.611042217839777,0.00707820958833976,-832.914269452465
"729",729,0.545362530943483,0.391389310161588,0.0084725087075732,-831.04643449099
"730",730,0.550754062209085,0.405505729602729,0.00689153602268021,-830.863717843162
"731",731,0.61521800278876,0.588040940425196,0.00703626454795651,-832.305437476334
"732",732,0.37732497568597,0.649065276544318,0.00681184920150261,-833.27088269043
"733",733,0.635007160128344,0.490481078154547,0.00439671837910641,-832.700566458053
"734",734,0.54262979432656,0.568842018784252,0.00644626185826588,-831.968529513655
"735",735,0.456284221987685,0.588510329092016,0.00596157385308834,-832.271084096261
"736",736,0.78184199893357,0.610588802604902,0.00709554003801771,-831.79559636482
"737",737,0.679853681639684,0.586308639782493,0.00771497133042306,-832.201500514293
"738",738,0.73303610753807,0.541827938533346,0.00776656258440219,-831.008658681248
"739",739,0.465445269144435,0.605004046654021,0.00797348415314426,-832.843622924631
"740",740,0.785038994759139,0.640403676203981,0.00794886480952357,-832.467181870403
"741",741,0.779383090351985,0.564799970509626,0.00499363541861275,-833.031994643297
"742",742,0.72462824184647,0.59357539144112,0.00648617255706548,-831.784660829434
"743",743,0.455912648245897,0.56882549481916,0.00580333534695204,-832.188290107985
"744",744,0.335801524718459,0.492281764833226,0.0072447754440877,-832.903954405822
"745",745,0.614162561020876,0.449658113327257,0.00944605648337876,-830.918474479463
"746",746,0.578929951301647,0.433366892681912,0.007635039298283,-830.503612846654
"747",747,0.544513599030086,0.468329360064551,0.0111677155608584,-834.071516390383
"748",748,0.692454812412679,0.575727019396988,0.0057344358598696,-832.122053119699
"749",749,0.678955616262725,0.589489321248057,0.00876879745041431,-832.738585365984
"750",750,0.773027797945328,0.575115954987444,0.00636165421104306,-831.70077015344
"751",751,0.703566510694844,0.545067565144081,0.00881789737778524,-831.165977861777
"752",752,0.723109916156355,0.579919006871334,0.00732802706672291,-831.299788473023
"753",753,0.753902351715029,0.538416092325257,0.00917963774946069,-832.471440049403
"754",754,0.55359802099741,0.567208437968859,0.0034840864907393,-835.45727971422
"755",755,0.630637161357213,0.440515638575821,0.00903066498934825,-830.814845843565
"756",756,0.589060515464685,0.43128122109595,0.00680985688844662,-830.352155515745
"757",757,0.609628686489932,0.449813297997806,0.00895494623711777,-830.65229471097
"758",758,0.602152849433981,0.463374346485036,0.00820975733265296,-830.622956836714
"759",759,0.669965208616975,0.505296553200024,0.00821610451210771,-830.477671340818
"760",760,0.661665298236872,0.504172293377239,0.00770058222970475,-830.360450949966
"761",761,0.667960549081515,0.529675063841359,0.0062276016061356,-830.984347058515
"762",762,0.687477017530379,0.469642888501256,0.00693566031713725,-830.990741684585
"763",763,0.622541894509138,0.454974007676239,0.00788860693726443,-830.182392793653
"764",764,0.535616410391119,0.483718809998073,0.00880415731860395,-832.217550498127
"765",765,0.562503550830476,0.42176936609786,0.00551956108840053,-831.491909545573
"766",766,0.627883870763858,0.390966339457381,0.0064472664830542,-832.182091763257
"767",767,0.475213665805699,0.385985440624605,0.00639490276411053,-832.362200440799
"768",768,0.533515847828563,0.370224699777441,0.00754402058129199,-831.134708658651
"769",769,0.596301288189633,0.405788972515669,0.00820713330506813,-830.595728198475
"770",770,0.61559266703979,0.590933749960396,0.00576685919799918,-832.48887800089
"771",771,0.774088397598424,0.588732380806478,0.00892258102649899,-832.179309807112
"772",772,0.756013127185615,0.578910132908375,0.0086257444366634,-831.690348069582
"773",773,0.73528184620465,0.584591935881951,0.00816061793448014,-831.474567369955
"774",774,0.743513435321002,0.520847822697302,0.00816912146971171,-831.950626630792
"775",775,0.650237571369101,0.476154004272721,0.00502577505684534,-831.371999554441
"776",776,0.652484312610083,0.49509610334823,0.010288117564177,-831.716477400862
"777",777,0.670539360306234,0.505052955255269,0.00950962535994203,-831.176050950916
"778",778,0.656630503444689,0.507103137537594,0.00602793128566892,-830.764073175054
"779",779,0.711727438672456,0.631859117161755,0.00969770652132929,-834.201609336616
"780",780,0.354887611690326,0.358770816168429,0.00769051898803917,-834.471676007989
"781",781,0.418501797120853,0.702756705980667,0.00757692789755651,-833.990081929071
"782",782,0.440045219593996,0.408438912748446,0.00915960952938889,-833.220877981755
"783",783,0.508496499741666,0.519074317847721,0.00466302982549538,-832.841099869825
"784",784,0.71549654790452,0.548652009312214,0.00898373351484892,-831.322300194471
"785",785,0.652861150213697,0.492179181555536,0.00508751078342312,-831.418505982925
"786",786,0.673976070698982,0.448136765206227,0.00856101615508777,-831.721635942215
"787",787,0.669532446511851,0.566656586811147,0.0063526335042039,-831.844852635081
"788",788,0.76826249326413,0.66452197751321,0.00615374432426514,-833.613691486299
"789",789,0.679781294620134,0.548008309584838,0.00777108486021506,-831.084187594886
"790",790,0.565185582495238,0.468073223664002,0.00763400751172148,-831.259489040891
"791",791,0.570056743175305,0.45501937114182,0.00720495267113133,-830.976460207904
"792",792,0.570356268575137,0.424530571647971,0.00874864775174691,-830.885511787449
"793",793,0.567354359652133,0.378290145581843,0.00750747036177305,-830.805963339845
"794",794,0.567701383183791,0.417101134118956,0.00694765675770257,-830.583242727469
"795",795,0.558692558538889,0.406155291165834,0.00681881330722808,-830.716832563459
"796",796,0.527912526489607,0.440422274634823,0.00977193957651942,-832.676989192835
"797",797,0.550232244226499,0.373931912651885,0.00817709732236317,-831.000030971463
"798",798,0.546197550259598,0.507014976905779,0.00633815148633529,-831.550399525604
"799",799,0.665955739375956,0.521143926565436,0.00570827797118411,-831.14674338015
"800",800,0.493703660125116,0.52540244377747,0.00781416184944486,-832.023063617236
"801",801,0.527722004279411,0.484530555681281,0.00814340086163063,-831.85965470379
"802",802,0.55731992422621,0.387782923678142,0.00762655259121541,-830.691465218954
"803",803,0.594473214964941,0.40218744834274,0.00690712950905671,-830.501618808946
"804",804,0.563691084860501,0.401203234846057,0.00709396170029121,-830.568657214309
"805",805,0.566514292216283,0.486857931020989,0.00578540440468021,-831.620692865314
"806",806,0.609997612950632,0.454449868531841,0.00594789488850913,-830.636913311757
"807",807,0.634233415199854,0.484165327779595,0.009618047401909,-831.191154059547
"808",808,0.655057200909,0.529782679018104,0.00725134963948208,-830.971156991578
"809",809,0.603811160034659,0.519505028405814,0.00633411994504383,-831.507292582826
"810",810,0.681537502717891,0.494260619123723,0.00724790327534423,-830.333871532885
"811",811,0.665522398859117,0.515132494007028,0.00953584634092979,-831.324778003256
"812",812,0.662736361389492,0.558800442931762,0.00565761143411983,-832.095749594857
"813",813,0.698651470045716,0.630928412498388,0.00731090983272538,-833.07928020606
"814",814,0.538460079431714,0.583985059541748,0.00691657186248354,-832.145414464186
"815",815,0.747966284347798,0.595451340027285,0.00656312224226788,-831.570641325882
"816",816,0.772953913638619,0.604085917450639,0.00626965879834183,-831.825278413491
"817",817,0.730523391264476,0.474972928479843,0.00831454927645772,-833.636863239391
"818",818,0.469989254277569,0.47485712669676,0.00723789870998504,-831.754360461395
"819",819,0.462581657888067,0.458789183739366,0.00695112972439109,-831.780820118425
"820",820,0.550351968292855,0.441188040262468,0.00707434815915919,-831.155310547796
"821",821,0.660985473316231,0.521717514404094,0.00744260036523753,-830.671515586168
"822",822,0.663925861164382,0.480011497453948,0.00745037540037606,-830.21855739752
"823",823,0.675124700198076,0.525800403634804,0.0068241603267315,-830.605952847488
"824",824,0.575894511107221,0.597538913723059,0.00725880764035799,-832.435401535308
"825",825,0.727267532752101,0.479717308747522,0.00737554666471492,-832.718093953914
"826",826,0.424696243850031,0.455999947669781,0.00874675624125927,-832.784994314925
"827",827,0.442692876714826,0.485924112958969,0.00573979829874023,-832.079137762157
"828",828,0.416372672568615,0.544342978259684,0.00555275089086455,-832.396911193983
"829",829,0.761205950404146,0.575221611029865,0.00917882201943118,-832.115736313606
"830",830,0.682914170941636,0.508347442681152,0.00914725484899368,-831.008064997474
"831",831,0.671499129680572,0.470236846742267,0.00606522502728395,-830.709007511789
"832",832,0.664625476373558,0.502281005991563,0.00610834233909503,-830.56466224844
"833",833,0.687937763197239,0.509389465895067,0.00599204688248131,-830.680220704756
"834",834,0.669052565203316,0.517655579578571,0.00673827669731105,-830.53084218929
"835",835,0.558520933692635,0.476177248692261,0.00968586358660009,-832.57513688573
"836",836,0.588350758401649,0.415682146180189,0.00564973587020849,-830.935610462767
"837",837,0.573533073145843,0.537521880756758,0.00451139067282052,-833.140703925556
"838",838,0.490302474795324,0.663680392197848,0.00793596053475132,-833.532096146487
"839",839,0.538066339444195,0.519536597020415,0.00615477700485,-831.666957719703
"840",840,0.678233508033716,0.50454786530515,0.00527375861659729,-831.216210357932
"841",841,0.696731909325455,0.573462102430003,0.00992512230709278,-832.604286443434
"842",842,0.332297658886105,0.497935376105377,0.00951910529763055,-834.229914320724
"843",843,0.197532468345283,1.196313156402,0.0115148245677966,-844.151887052306
"844",844,0.226752347831138,0.372278224529089,0.0116588784636896,-840.26294499159
"845",845,0.227504219794824,0.940728637850327,0.00544541102847209,-837.071058893254
"846",846,0.474444795117871,0.568337368770362,0.00555927121448264,-832.252236466239
"847",847,0.435599609164997,0.905055754882795,0.00598649784072236,-835.520400422975
"848",848,0.28773463433172,0.382545085666268,0.00527193934422385,-836.274732136063
"849",849,0.484019883812844,0.496848336167155,0.00871644398687775,-832.474066034989
"850",850,0.597475124211722,0.392830160638848,0.00624989746643132,-831.003988664782
"851",851,0.62820335850357,0.539905671797678,0.00709059565960874,-831.584152966036
"852",852,0.392060519663772,0.448253903063454,0.00528247732590412,-833.066792894225
"853",853,0.463066539715953,0.508108062366317,0.0128009068922698,-837.495729212846
"854",854,0.528119816210357,0.486767491512923,0.00322857934801609,-836.148196633081
"855",855,0.451388494725005,0.567025652710409,0.0102518755844348,-834.591985032643
"856",856,0.414675324349731,0.41775696363586,0.0101032080649418,-834.206670276927
"857",857,0.456577477377179,0.476590830781162,0.00671923174342777,-831.763441958952
"858",858,0.484024188525831,0.58482863240822,0.00622910491127226,-832.128354498873
"859",859,0.526388728791459,0.601814998080071,0.0066424967963894,-832.276906026837
"860",860,0.469077408689621,0.625539049067237,0.00605498416694491,-832.555406039123
"861",861,0.713486366333842,0.554392486176265,0.00771844046970042,-830.87790080231
"862",862,0.465333090480659,0.310311721613512,0.00782960119483497,-833.483448554817
"863",863,0.522754987473122,0.606218990333684,0.00839605535208473,-833.121940407153
"864",864,0.718944844063653,0.549019540260884,0.00512900141488986,-831.829396013376
"865",865,0.717588468526802,0.503691539200722,0.00655232705932329,-831.146862906267
"866",866,0.283811847699445,0.78596540739527,0.00730520146101443,-834.585471184896
"867",867,0.415540296740469,0.423143680297248,0.00735842283053985,-832.431403854791
"868",868,0.489022059348285,0.500517102576471,0.00617685907656187,-831.696828594933
"869",869,0.49645136192612,0.693204293360528,0.00615991456345921,-833.352950295387
"870",870,0.45455445893696,0.542066064169188,0.00753883997296358,-832.105297916206
"871",871,0.498994533140594,0.316889078174737,0.00631323835198211,-833.003108335183
"872",872,0.474549462364282,0.278544244596638,0.00955917158280874,-834.81537656305
"873",873,0.392171134050564,0.238215665000806,0.0080507288123239,-838.2565464728
"874",874,0.484789084879999,0.295484436812572,0.00700235049752705,-833.699556758397
"875",875,0.484244292193629,0.548727928973817,0.00672874067635854,-831.855795833211
"876",876,0.634958480019968,0.495549404628662,0.0098149428017216,-831.519561039626
"877",877,0.607374080210642,0.375185850631272,0.00668645724623459,-832.096982748349
"878",878,0.447527973769839,0.596797993672665,0.00840213533448428,-833.096971511895
"879",879,0.476356032613667,0.544730850869245,0.00491445823785734,-832.659658087272
"880",880,0.626912530133924,0.502601365484339,0.00990254110126255,-831.898913970538
"881",881,0.532125468825268,0.318201133785484,0.0100717594244814,-833.912836901011
"882",882,0.484387754113479,0.40285507925514,0.00422988823082892,-834.329596180887
"883",883,0.568481065371135,0.448689776388131,0.00800186438215093,-831.026375668558
"884",884,0.57298735276798,0.423126700346408,0.00716007693440819,-830.504488098969
"885",885,0.574224942502206,0.42590622354779,0.00572444352998508,-831.113652838367
"886",886,0.618973724733582,0.597071604675455,0.00557364623884314,-832.671850917794
"887",887,0.465155849345628,0.397880215007064,0.0083814803407591,-832.567739329974
"888",888,0.483314211469588,0.557362389082124,0.00563821864568139,-832.127057161127
"889",889,0.68127979085316,0.474773195965884,0.00908019457126859,-831.354720570373
"890",890,0.580372219325233,0.4192670223862,0.00617484598991044,-830.655373838528
"891",891,0.580400319333262,0.410347227307449,0.00834663538724441,-830.540308112196
"892",892,0.524227928371976,0.393741146554173,0.00703717319802638,-831.389077791878
"893",893,0.563565891456538,0.641390865124608,0.00853247906091414,-833.762847117234
"894",894,0.807660359221926,0.654823805416943,0.00925954523593632,-833.369548785319
"895",895,0.795961469837483,0.607231271681423,0.00629347599651676,-832.118669083755
"896",896,0.760651587666509,0.485682708760994,0.00917764633960103,-836.052464518003
"897",897,0.311843976736178,0.539211204396664,0.00531819323543005,-833.875070628532
"898",898,0.464549545936016,0.423224768137122,0.00763806632639728,-832.079164804264
"899",899,0.490319132618361,0.503536521747178,0.00616377171738029,-831.701500976055
"900",900,0.519395670239839,0.416587515781983,0.0065633265226247,-831.569574854709
"901",901,0.381063565662582,0.383526206791737,0.00647830022569803,-833.497995168541
"902",902,0.525961229138448,0.57007884186708,0.00774882445748953,-832.305084173426
"903",903,0.558656670448723,0.38884135309371,0.00924523149466665,-831.229733292383
"904",904,0.54922276524669,0.378326158883617,0.0060032241144908,-831.28802073112
"905",905,0.580949490089734,0.487279155671898,0.00815830133818555,-831.474713469403
"906",906,0.517404512975657,0.44980834306219,0.00651174852627329,-831.517215001107
"907",907,0.652299815210214,0.463585530778523,0.00576946525542531,-830.6649661336
"908",908,0.629630053483812,0.469746943923579,0.00671632318597429,-830.226932458284
"909",909,0.656635385062096,0.443368773323301,0.00829983363881725,-831.038079941318
"910",910,0.457508490497295,0.611016524732727,0.0063006530493202,-832.404480870682
"911",911,0.524781251436011,0.444939816746348,0.00630343789586282,-831.530410268972
"912",912,0.548969868763993,0.575780029489658,0.00556380397651505,-832.294167267076
"913",913,0.557490294350887,0.521443827879065,0.00926574413761006,-832.815863868616
"914",914,0.665621154966242,0.512879921137987,0.00662346658628875,-830.508277374079
"915",915,0.512599794025582,0.585651966048409,0.00712038412228202,-832.201042208473
"916",916,0.449584476704567,0.446921183206858,0.00636074161727888,-831.960982714333
"917",917,0.523582536824036,0.594393850578635,0.00713740715985161,-832.297746194689
"918",918,0.39043766337534,0.630897558835947,0.00693850599135322,-832.995894728965
"919",919,0.698582696320936,0.494997873454715,0.00733916426060306,-830.695365352622
"920",920,0.733769250353197,0.618611401333952,0.00792399815239673,-832.413224587759
"921",921,0.755733904441914,0.555121167270799,0.00651502460081326,-831.397939016438
"922",922,0.689501030338174,0.537671013584684,0.00799751029074854,-830.772261452711
"923",923,0.37569903033842,0.398027042338355,0.00725565486429921,-833.215810999117
"924",924,0.429323023844326,0.507459984396548,0.00700334442942599,-831.9371728128
"925",925,0.667513240770133,0.472889506175094,0.00675672249165183,-830.353035688519
"926",926,0.645034226647731,0.449182711074538,0.00804206841304931,-830.446297980855
"927",927,0.615956259374979,0.408249278970314,0.00809870174067706,-830.886508183414
"928",928,0.612638522198705,0.497707569495727,0.00687503390235898,-830.98464736813
"929",929,0.564631307490167,0.36559585092187,0.00726952281556444,-831.151900384593
"930",930,0.584095714306209,0.595529590749937,0.00768338621465673,-832.595870816616
"931",931,0.495858689273798,0.503881334379088,0.00850783145131318,-832.312914523886
"932",932,0.552415994936191,0.411281084259923,0.00634932979813022,-831.046740942497
"933",933,0.556565026020722,0.407538558213422,0.00636198523445697,-830.927125397045
"934",934,0.546587240549603,0.407577008242495,0.00855634833887812,-831.151865028376
"935",935,0.454270687274356,0.397896252761407,0.00658985231424444,-832.360336186723
"936",936,0.428184480495435,0.467861629143072,0.00666283515917505,-831.965453214058
"937",937,0.478944864372597,0.531140921004508,0.00737381020702262,-831.906177563138
"938",938,0.627415239745581,0.454329438685724,0.00660764905245067,-830.179210661752
"939",939,0.526500635205445,0.509946684786633,0.00676358130786125,-831.572387321009
"940",940,0.665431198292417,0.46543043635707,0.00630878993282034,-830.554377347787
"941",941,0.633957331826341,0.458859384395868,0.00732386494317209,-830.094432608821
"942",942,0.588571609638065,0.495104258785026,0.0064024868684134,-831.314573031457
"943",943,0.710966228952481,0.472644819804946,0.00811866585284356,-832.3076311795
"944",944,0.385979870361265,0.502465046152221,0.00533625264629009,-832.783902363122
"945",945,0.433770331271282,0.612455058229021,0.0055254588834451,-832.728946861823
"946",946,0.326009512214352,0.521867893378847,0.00824877234336372,-833.430833411261
"947",947,0.60975276372769,0.459390420108214,0.00647594630772942,-830.430003719315
"948",948,0.618349679858626,0.578570250472725,0.0082021482173935,-832.62933656973
"949",949,0.523332294753154,0.501681550879609,0.00539621260863026,-832.011354195223
"950",950,0.676301402110571,0.473685220346756,0.00586784798220077,-830.86846567444
"951",951,0.602731111362002,0.407777339171424,0.00915680651395246,-831.112221035005
"952",952,0.550345292074312,0.418350967764405,0.00686910317123622,-830.981622195717
"953",953,0.542393918050917,0.398125819660663,0.00669972977345248,-831.058130228739
"954",954,0.586957991092706,0.415724330914565,0.00477494256839289,-831.997565351134
"955",955,0.576382880962056,0.414271559740122,0.00380562767509038,-834.187873957169
"956",956,0.611327333449563,0.408065707362341,0.00596406108946672,-830.954308615188
"957",957,0.612981226445326,0.454310786174548,0.00652135217384568,-830.308745853824
"958",958,0.654972946665852,0.503838895743822,0.00861060510365398,-830.700859588283
"959",959,0.506959377519602,0.406146643129459,0.0106809896413573,-833.501973942515
"960",960,0.533411662147019,0.362550765853658,0.00786016886585498,-831.238677000071
"961",961,0.566432855084545,0.530388787900333,0.00565059036455887,-831.926130542717
"962",962,0.725185499642325,0.499621685910077,0.00794493071045565,-831.752070816771
"963",963,0.716321003568624,0.524136020086975,0.00748845875023703,-830.73815410934
"964",964,0.736228115252589,0.514374274171287,0.0070792540157991,-831.547852168138
"965",965,0.611537384271432,0.520920358774372,0.00654893336877407,-831.435232379928
"966",966,0.576384650635894,0.439393074574654,0.00758166383075183,-830.632430013646
"967",967,0.451615620271119,0.558680697295308,0.00783983554615294,-832.371451857305
"968",968,0.483151421966839,0.5292580578455,0.00924431021534959,-833.10947748326
"969",969,0.77277971235032,0.59926075882757,0.00594261450132476,-831.928850049871
"970",970,0.762935013928374,0.545762657893323,0.00805222887201159,-832.00402955972
"971",971,0.696708714371636,0.497353334442491,0.0113300235296313,-833.366054524723
"972",972,0.621319854738322,0.489954193460524,0.00823858402454838,-830.798242226011
"973",973,0.691673527972229,0.538230314823223,0.0078525236245532,-830.730385934307
"974",974,0.664988267981071,0.536117906432354,0.00740460383233227,-830.967581110881
"975",975,0.516473227220873,0.390587784549629,0.0076680477233821,-831.554954418842
"976",976,0.553158633787174,0.35313336662584,0.00883620255855405,-831.843304605861
"977",977,0.526424521354525,0.367397759830353,0.00957393025686958,-831.941238410245
"978",978,0.513270510423846,0.399915033461284,0.00653482550579563,-831.709318254048
"979",979,0.511006838955324,0.550459785147548,0.00676948981732254,-831.83423788698
"980",980,0.588003799299488,0.518086972878209,0.00557629616769934,-831.884389427049
"981",981,0.474874467590192,0.817820661470962,0.00658075853649033,-835.034536696929
"982",982,0.429047825769898,0.447586582188799,0.0070697324123417,-832.071679984299
"983",983,0.400484313774949,0.564253556394122,0.0064795510924448,-832.315614976637
"984",984,0.691894373542784,0.491886449204589,0.00614465694991398,-830.765381925777
"985",985,0.445980620061296,0.435026273345611,0.00668865884155492,-832.021442460846
"986",986,0.560795570605558,0.409957372015671,0.00974035007782947,-831.491189148559
"987",987,0.621556855941424,0.467726819011651,0.00873752256144971,-830.592188283182
"988",988,0.619109702140071,0.472135791571154,0.0073333136659741,-830.326603871577
"989",989,0.645067970612046,0.45485343110396,0.00901143508431703,-830.812204545159
"990",990,0.644508505000441,0.505179151427871,0.00659225858781222,-830.651867888692
"991",991,0.717862595160561,0.500855952364937,0.0067328978544471,-831.207732188692
"992",992,0.628658820878016,0.526320882307237,0.00996927114990979,-832.589343514992
"993",993,0.645773784749478,0.434910646966601,0.00785831666473101,-830.791745033449
"994",994,0.533551781605292,0.542217693508443,0.0083799698218291,-832.412065006596
"995",995,0.462104818850717,0.686990247823218,0.00534225089406197,-833.54008743316
"996",996,0.506683314401716,0.787111938866096,0.00382552940754288,-836.864352603527
"997",997,0.492509990780478,0.412962790790227,0.00474040581993978,-833.244842560127
"998",998,0.63099764151754,0.432908376391543,0.0101037576197994,-831.783627135108
"999",999,0.53722236307003,0.364927799786063,0.00925595067602801,-831.656085522705
"1000",1000,0.555525007584678,0.397685103841864,0.00662043958166833,-830.807016131423
