"","i","asc1","desc1","pol1","p"
"1",1,0.346171283328073,30.9291741091896,2.30703123077649,-1406.46475697439
"2",2,0.338168723310813,32.6979734676715,2.30165722245573,-1383.97456183168
"3",3,0.087640120840614,43.1155312291845,2.065635534612,-1327.76209159033
"4",4,1.89519613504844,38.3079746740429,2.01368878104725,-1321.83446352743
"5",5,1.27336210680926,38.7393773807656,1.71915280280037,-1318.02691114041
"6",6,4.84665346177282,37.1119506697673,1.43883977926434,-1310.85910725006
"7",7,8.76170824876971,37.5692075802561,1.43664940983249,-1305.33667128958
"8",8,7.99621280762787,36.871773744386,1.37876045423651,-1302.85153005751
"9",9,7.26813968809862,36.3735421131748,1.38550805846399,-1302.07074479692
"10",10,8.37264168127546,34.6644191352771,1.21100216976407,-1295.41488957984
"11",11,8.46441442894722,34.6772584551355,1.29954344650316,-1295.65937099911
"12",12,8.95316144761016,35.8102830144698,1.29393572731275,-1298.20331744317
"13",13,10.073776132591,35.1738123278975,1.14122369225563,-1294.85149976686
"14",14,10.2322114179377,34.1580155628046,1.15995933309339,-1290.67760580599
"15",15,10.1292804644406,31.1662952758003,1.05426364453404,-1280.73182376019
"16",16,8.92380322595985,28.7464643189161,0.963805898845017,-1271.84121903089
"17",17,9.06106953674763,26.7245575571661,0.748855809175989,-1264.02805598812
"18",18,11.2316290959753,25.9946961580684,0.629699451428117,-1250.29219773141
"19",19,13.5010970585399,25.3220023871974,0.430824936396252,-1237.68835030348
"20",20,15.2226439673783,22.4104234479921,0.246103292837177,-1184.47902205058
"21",21,18.8080493291326,24.3871691554342,0.230158694176704,-1164.31502560316
"22",22,19.3366371616329,23.6126791195045,0.212833014172094,-1151.51001599563
"23",23,19.2164854006572,23.1633622854378,0.11463873658478,-1123.41604027584
"24",24,20.2809582954122,23.0145387887422,0.0406429334926488,-1088.56185667213
"25",25,22.9773838326433,23.3953049664346,0.0135421406940009,-1039.62336977564
"26",26,23.0106955809043,23.3944334920963,0.0111625270076301,-1038.21979527467
"27",27,22.7369454411069,23.6726136323165,0.0116181830412561,-1037.30351928036
"28",28,22.9086989844155,23.5786394063354,0.0124480864681824,-1036.9344595055
"29",29,22.8546743506619,23.3471107156053,0.00886047677247992,-1034.80325181609
"30",30,22.8380457050132,23.3235428320324,0.00648574484973701,-1033.46605401076
"31",31,22.7996509389375,23.57738741827,0.00824915414462223,-1034.64565411684
"32",32,22.8713973115146,23.5203403105271,0.00280020787998459,-1033.49271637165
"33",33,22.9085125355896,23.2517834628256,0.00171559587573426,-1034.42760066835
"34",34,22.496535582517,23.2341593391887,0.00466739825659225,-1032.14495037045
"35",35,22.4944361757971,22.8378945328281,0.00200747389421911,-1032.03089391895
"36",36,22.087571556064,22.8391483293325,0.0102946612800483,-1032.05236494798
"37",37,22.1656266239514,22.7722687982766,0.00510673149883394,-1029.71376547407
"38",38,22.1537672456417,22.5091831401848,0.0031422231182536,-1029.76636904649
"39",39,22.0971883684533,22.8428843628329,0.00855913844795642,-1031.28249652496
"40",40,22.0469991630112,22.4767025478051,0.00187591494511615,-1029.49252523696
"41",41,21.9679487752287,22.503111541517,0.00421565921069391,-1028.42579873359
"42",42,21.8764404325739,22.4445915319727,0.00401020154311428,-1028.07282321195
"43",43,21.8617912669278,22.4874745006949,0.00646980032540467,-1028.66311000715
"44",44,21.801558201273,22.4711709364825,0.00380452287947255,-1028.39419095415
"45",45,21.9200467499174,22.4847323023002,0.00361133389770946,-1028.30082719946
"46",46,21.8056274124092,21.9963435070114,0.0027921965739793,-1029.59228966372
"47",47,21.4709713285739,22.1384165442094,0.00302122242358342,-1027.08304370304
"48",48,21.4683994049784,22.1949272528732,0.00250843776589088,-1028.07175613313
"49",49,21.2694557224802,21.806261450726,0.00141692987556488,-1026.48362638692
"50",50,21.2992834026319,21.8436384727638,0.00529088614845117,-1025.29097419602
"51",51,21.2347769140145,21.7962219154466,0.00587099882961369,-1025.1702159556
"52",52,21.1973230850117,21.7440814150041,0.00639552737816453,-1025.10398703363
"53",53,21.3195621216107,21.7225340914912,0.00419871692797246,-1025.20722389597
"54",54,21.2787851321592,21.7609435619181,0.00218425186550755,-1025.43357070593
"55",55,21.2987447382309,21.5481940020014,0.00463721034783288,-1026.31380001991
"56",56,21.1077970860482,21.8102834517454,0.00529460224705167,-1025.48609975676
"57",57,21.2805716107452,21.5644430240415,0.00588086737253961,-1026.35893496149
"58",58,21.0137271443522,21.6374126273006,0.00818997942387849,-1025.20576723969
"59",59,20.9474536501276,21.4143542521704,0.00193342321475869,-1023.96634023626
"60",60,20.9131183900723,21.3742530873259,0.00851781512402674,-1024.6729771506
"61",61,20.983212095802,21.5366307473114,0.00752808117310129,-1024.50197478488
"62",62,20.9591204872523,21.3344129502815,0.0011706358064881,-1025.02010668035
"63",63,20.833093412738,21.1581010215419,0.00800355778002168,-1024.74196391922
"64",64,20.2085535534995,20.3614089656838,0.000581585368548772,-1024.27250012605
"65",65,19.7414607022285,20.113508717998,0.00837919713321033,-1018.73300464708
"66",66,19.4702788704851,19.83191356126,0.00859277563050878,-1017.45509005193
"67",67,19.3540379419366,19.8191016286427,0.00405887512450677,-1015.15995419454
"68",68,19.2333639314843,19.412283721286,0.00790840754617861,-1017.4338632476
"69",69,18.5861403083256,18.9166351231708,0.00685168857195852,-1011.787797928
"70",70,18.4634737233912,18.8960094990645,0.00880916817244087,-1012.04248465609
"71",71,18.3499899630442,18.8998895537445,0.00405779056067549,-1010.89799466299
"72",72,18.456930592644,18.7077632469893,0.00554412605027294,-1010.89272545611
"73",73,18.4567202770884,18.7825131312752,0.00501516607548669,-1010.38944103359
"74",74,18.3524381982782,18.8013803160444,0.00679646421257499,-1010.52910839655
"75",75,18.2342121777819,18.8161881943556,0.00629499384830068,-1010.81865842594
"76",76,18.5048814129165,18.9322946067087,0.0094820317184256,-1012.65872512543
"77",77,18.4464846698369,18.963763346018,0.00354799145650341,-1011.11880560751
"78",78,18.4132812554199,18.6361696499722,0.00606909349056855,-1011.10001861921
"79",79,18.1976328094666,18.6366740574847,0.00615483506590647,-1009.46373953871
"80",80,18.1590584218551,18.4434833591735,0.00281050617990031,-1008.87644742599
"81",81,18.2080276258073,18.4065025306501,0.00208356062048527,-1009.91665091566
"82",82,18.0877349993715,18.5901405512465,0.00619049077932065,-1009.29374168125
"83",83,18.3749092745337,18.6874303947548,0.00362350004181895,-1009.82229881266
"84",84,18.3536613924938,18.5480704192627,0.00634235621229096,-1011.17941686379
"85",85,17.9272872857224,18.464073796444,0.00226807479304078,-1009.61486093633
"86",86,18.0537905146002,18.4425577602904,0.0061153684102015,-1008.54968004411
"87",87,17.9378789815871,18.1631270239477,0.0055150999282177,-1008.13655578531
"88",88,17.84216138663,18.3433527171596,0.00439314421777108,-1007.85320908274
"89",89,18.0015568402474,18.1833743725363,0.00434551085331864,-1008.48221961154
"90",90,17.8964370873799,18.2936052063064,0.00449787566364169,-1007.39243065898
"91",91,17.895357239982,18.1165455773295,0.00299750636273402,-1007.58930650646
"92",92,17.7141893162808,18.1366994430721,0.00159275818982674,-1008.13620595566
"93",93,17.8034701104257,17.9731084943676,0.00526240928035133,-1007.75042529692
"94",94,17.4904045118686,17.7080182940286,0.00228099679923135,-1005.68207029327
"95",95,17.244396764958,17.5668876500277,0.00328083134058191,-1003.797961631
"96",96,17.2380245852973,17.4448655452358,0.00569510547063935,-1004.34102804055
"97",97,16.8626217648765,17.1128251249922,0.00387099450503657,-1001.60312535649
"98",98,16.5596007759279,16.7962839140556,0.00498422857357365,-1000.06076482152
"99",99,16.282086323832,16.3680979173805,0.00594645527053606,-1000.00473907587
"100",100,15.9907998917777,16.2132208892538,0.00299940058892359,-996.879001358177
"101",101,15.8512958775051,16.0926952541455,0.00475693487209375,-995.950423464588
"102",102,15.4552654624019,15.6138870250179,0.00396247476634453,-993.77272417683
"103",103,15.6035036714747,15.9633591528227,0.00437865934596746,-995.00165519279
"104",104,15.4160561759967,15.6760269960063,0.00413367562874856,-993.435125422777
"105",105,15.4758717788511,15.6086463272673,0.00313832154837142,-994.122336686034
"106",106,15.492241625661,15.7019973189375,0.00492576516120629,-993.927491531058
"107",107,15.3013569885617,15.5472173336992,0.00365616069109204,-992.799457590741
"108",108,15.2201310183943,15.5916247570871,0.0030328256763594,-993.453119515101
"109",109,15.3275160277764,15.4360892009029,0.00418202057817928,-993.334179632916
"110",110,15.0971850368922,15.2355928077086,0.0032554526920835,-991.803190453884
"111",111,14.8161802720513,14.8380541061893,0.00568780383650807,-991.55763156858
"112",112,14.2345019485932,14.0485054205474,0.00595605827513148,-992.448822098284
"113",113,14.104041608359,14.0877616460853,0.00225253765632861,-987.475434846867
"114",114,14.0825531503943,13.9355554754675,0.00310565315240991,-989.406785150694
"115",115,13.6508577396095,13.9175743738739,0.00493977142733519,-983.185309189651
"116",116,13.5851386809336,13.6116393886227,0.00361277062151113,-983.035641203984
"117",117,13.3911602474074,13.483387420486,0.00678775797289759,-981.904089675067
"118",118,13.0446766021655,13.2455084643454,0.00437409084012594,-979.066390089285
"119",119,13.0348538645468,13.0043830120924,0.00792620116192497,-981.54726902
"120",120,12.7686508600351,12.9381262676702,0.00377865287892939,-977.28544837422
"121",121,12.5519510198984,12.6290726552233,0.00536194853553104,-975.724891540855
"122",122,12.3937924954618,12.4833104128547,0.0022513876374534,-975.677780308522
"123",123,12.4479433104515,12.6041971824157,0.0098016558293572,-976.948160619748
"124",124,12.4465190709675,12.6633933548854,0.00448447027916091,-975.352451136969
"125",125,12.4159429407788,12.3080581617727,0.00352275513618285,-976.739447091789
"126",126,12.0882942949351,12.0055178488062,0.00432511827073333,-973.863603541916
"127",127,11.5749655617691,11.8633692768754,0.00761852357258446,-970.822533533288
"128",128,11.6419518226055,11.8767623846049,0.00730759268874039,-970.479794164547
"129",129,11.7099388765323,11.8024745825692,0.0076109169828586,-970.551203987182
"130",130,11.5709579739137,11.7570086713611,0.00383572313868643,-969.501161229055
"131",131,11.7327709246978,11.7711101869916,0.00555915953634047,-970.144826045406
"132",132,11.5367823444323,11.8844743154361,0.00657183158324306,-971.352834893385
"133",133,11.786719205583,11.87950256117,0.00831763892214316,-971.540877560359
"134",134,11.5795128109633,11.8119714107815,0.00926299014976426,-970.927792973246
"135",135,11.5658117040277,11.9089684898874,0.00779636851282968,-971.695654909198
"136",136,11.5646920403626,11.5451627846793,0.00490171928449265,-969.235721901123
"137",137,11.3970518549065,11.6383745171628,0.00904252104361629,-969.669052626296
"138",138,11.5328246406715,11.6432203055217,0.00320845437384297,-969.062915810254
"139",139,11.5714492282483,11.5941750256796,0.00413061403696887,-968.988466402915
"140",140,11.2051269850382,11.3494141493113,0.00444405821679916,-966.45171670918
"141",141,11.0845691176954,10.9784379508146,0.00403110106369161,-966.684236115753
"142",142,10.8267057418203,11.0615904946126,0.00395896404327497,-965.124754656645
"143",143,10.8434916334421,10.852077267992,0.0039406216524043,-963.718144138182
"144",144,10.6597283102446,10.8235898327867,0.00749225291832954,-963.185294854576
"145",145,10.5981648402913,10.8146633783093,0.0100471217797363,-964.514659584455
"146",146,10.6961099963872,10.8037908665482,0.0104108094883108,-965.005016103371
"147",147,10.517033034284,10.5409410193397,0.00634320390690504,-961.427602730513
"148",148,10.3243192562164,10.3834221529402,0.00659355533565963,-959.985659060536
"149",149,10.1714564546906,10.2454202316846,0.00564583083499791,-958.581853131142
"150",150,10.1291800101885,10.0541684996668,0.00507335995464788,-958.776577445578
"151",151,9.74289666891166,9.87696270111366,0.00467362245347088,-955.79951194699
"152",152,9.61856002289823,9.6018421023314,0.00384573249891603,-954.33390780414
"153",153,9.41706344544239,9.45050671090374,0.00652786039473157,-952.959838317674
"154",154,9.20430905909744,9.2367866068947,0.00744866412159115,-951.715877821255
"155",155,9.19157388172534,9.21902835559007,0.0025686079361712,-951.969367725516
"156",156,9.21570703875804,9.16382371738937,0.00619997618519267,-951.513310458964
"157",157,9.13465835462758,9.14957987285726,0.00483731684214467,-950.318569055332
"158",158,9.06605266320791,9.08499610770323,0.00629197143161236,-950.079085925649
"159",159,8.8134345993853,9.05076151345216,0.00623728019192988,-950.833326053268
"160",160,8.99274143026563,9.00065325401427,0.00564822411476527,-949.286558123104
"161",161,9.09219032727172,9.13476978540669,0.00596377572357557,-950.22398953002
"162",162,9.01090208922843,8.97819977035352,0.00408235902376369,-949.404290350484
"163",163,8.92827503426454,9.171867398542,0.00771230086191919,-952.10762427915
"164",164,9.20416431781116,9.34493176581777,0.00377253573649188,-952.210961590932
"165",165,9.40188772116905,9.46616022436789,0.00636781558172939,-952.84947813984
"166",166,9.37633007683279,9.3312626409645,0.00536637427754394,-952.491156499656
"167",167,9.32768460656068,9.45391849998727,0.00702712549522679,-952.934859195795
"168",168,9.49244657985433,9.46037446228156,0.00234351120585763,-954.566010158394
"169",169,9.24843140837119,9.31911685334807,0.00444492622082775,-951.49434742042
"170",170,9.2620019124402,9.31884434548867,0.00426170190095158,-951.543627034438
"171",171,9.26931715462182,9.29611871420374,0.00489876345950947,-951.412799750912
"172",172,9.16904494632727,9.07803141915923,0.00385426675495882,-951.105263484169
"173",173,8.90615948472929,8.72646833978414,0.0031454662676033,-950.383288477289
"174",174,8.66411976168926,8.6847027079657,0.00595602678638268,-946.735365076199
"175",175,8.64359923126663,8.75963749325624,0.00588969104509651,-947.299272208042
"176",176,8.76279696048024,8.77702518965021,0.00500650363975393,-947.335207109576
"177",177,8.52091623486129,8.67032500325419,0.00908548336867789,-948.11494367959
"178",178,8.59189148706727,8.62374493044641,0.00312081781544161,-946.64110624516
"179",179,8.59750724762802,8.38485575026031,0.00570938168771981,-948.625861127766
"180",180,8.05152847407193,8.1256542250441,0.00563214093820546,-942.099644942595
"181",181,8.02125425003977,8.0746979950943,0.00573229065876037,-941.661738745695
"182",182,8.03708888213319,7.92012929782083,0.00407892902213575,-941.675607091161
"183",183,7.98087997708477,7.94878874002731,0.0041876256195561,-940.818072642874
"184",184,8.02072496452177,7.92496651368075,0.00299312343002261,-941.820368710156
"185",185,7.89406223384832,7.9467096474811,0.00504589833073357,-940.539053256286
"186",186,7.9229252340744,8.03317537912432,0.00567906360455638,-941.582002196691
"187",187,7.91374251796188,8.05900215309138,0.00467099563192921,-942.197424362522
"188",188,7.91562950264881,7.97609040610665,0.00550563014144655,-940.83630085044
"189",189,7.91102612319194,7.84455964121007,0.00585487898893889,-940.513259840236
"190",190,7.77603185289242,7.77055525245247,0.00438793339893979,-939.143643971169
"191",191,7.63882432584459,7.6164560309395,0.00492781796626107,-937.911223741051
"192",192,7.57591623055872,7.70285563195765,0.00528040517196238,-939.139787804023
"193",193,7.65400469359286,7.64138946375005,0.0103161030274122,-941.145744993627
"194",194,7.6721809587588,7.7106677496525,0.00346550541900914,-938.982925130876
"195",195,7.69063117048768,7.58847777374122,0.00487258451008704,-938.547290765703
"196",196,7.42766632372996,7.38179719140259,0.00664569414921695,-936.619797846012
"197",197,7.45890511051852,7.3869932415897,0.00675345094054504,-937.037226793741
"198",198,7.26994947433803,7.24876746691724,0.00324035829718257,-935.209428138166
"199",199,6.99303964032331,6.91086212912712,0.0106450142868183,-935.987755703944
"200",200,6.91048442799107,6.82035970493438,0.00142966142104882,-934.921694898536
"201",201,6.83556510061671,6.72068123629663,0.00262247704718201,-931.810613816637
"202",202,6.75827365240226,6.60074946141452,0.00660280912540078,-931.42121035056
"203",203,6.6692760497762,6.60877779469386,0.00457550909438695,-929.354114663501
"204",204,6.67090803078575,6.60330437549479,0.00575202444863816,-929.551207762814
"205",205,6.68086354634322,6.67042673769344,0.00732793395991446,-930.475968812236
"206",206,6.62324496990375,6.67549905161265,0.00738153626702285,-930.607098235434
"207",207,6.74587245243152,6.79969235397679,0.00527335245004414,-931.091657274586
"208",208,6.80033970616058,6.85315165773913,0.00327323395984259,-932.151304246735
"209",209,6.86651868680193,6.8010523318867,0.00426004736675261,-931.126427744788
"210",210,6.87458853962103,6.84227471042774,0.00700826184496566,-931.951384633235
"211",211,6.77706197198409,6.71292025567187,0.00188590146792859,-932.539637289553
"212",212,6.77671544982269,6.81282688470539,0.0114105012119679,-934.536839330101
"213",213,6.64694499854876,6.80249581478856,0.00297591204216944,-933.813316889986
"214",214,6.72273625927346,6.78176151078691,0.00682085415252208,-931.325268159392
"215",215,6.7367973785363,6.69290290585587,0.0067865756788633,-930.584648496723
"216",216,6.69371209874642,6.71274009023577,0.00267087560757689,-931.312356904173
"217",217,6.70663728944344,6.64370376531029,0.00460172543579457,-929.683466415465
"218",218,6.71632302039716,6.58908186270378,0.0046866069460458,-929.972333411485
"219",219,6.59184232255512,6.67645843554214,0.00507095090158589,-930.379782872584
"220",220,6.68441713809796,6.59131397950106,0.00489257536060482,-929.520485907648
"221",221,6.61538784875214,6.6092399818806,0.00283322623185522,-930.105845313964
"222",222,6.57533279840113,6.63572150003956,0.00754004746378301,-930.382849256075
"223",223,6.69716521904562,6.58889297666061,0.00253004490189054,-930.657851896264
"224",224,6.58386696617199,6.41333793567779,0.00543749122563921,-929.401441682361
"225",225,6.62107121711273,6.47103789687309,0.00403275057579938,-929.302426347839
"226",226,6.39829117745003,6.3729929402682,0.00527924602272948,-927.134078498362
"227",227,6.39203247690001,6.3103582770461,0.00571024161594802,-926.984567110183
"228",228,6.33971663384705,6.29071744750881,0.0040988009349245,-926.508307073162
"229",229,6.25979906223602,6.01669465471117,0.00566338434173703,-927.8176819221
"230",230,6.08375983561256,5.85372675989267,0.00423037334922438,-925.431296402891
"231",231,6.01496483641116,5.83564528356958,0.00401489623977372,-923.90023499097
"232",232,5.73720298299675,5.7170380724589,0.00394137596668578,-921.372487561458
"233",233,5.72262599504633,5.68929159398755,0.00780383724607898,-921.434230115191
"234",234,5.63691567869413,5.50171762566642,0.0063463006779469,-919.874220828334
"235",235,5.50994896218604,5.33177582590393,0.00371383308686888,-918.949054496539
"236",236,5.26710027897027,5.13887851356057,0.00472465001324298,-915.690503314358
"237",237,5.32873670819021,5.32397731936514,0.00432141969811086,-917.546540668979
"238",238,5.37794146658793,5.33026045980168,0.00642513439811671,-917.214771044778
"239",239,5.38654681681209,5.16703211405817,0.00648866784791059,-918.257578541713
"240",240,5.23811265528328,5.06134418253203,0.00601435516119133,-915.689762283503
"241",241,5.10353822530124,5.05512640425904,0.0085278517550895,-914.901557379972
"242",242,5.08942831352644,5.04856727806207,0.00614000887810182,-914.076872791123
"243",243,5.01204128190079,4.77104031359739,0.00308111713239067,-915.055421541023
"244",244,4.93989545215506,4.65452989638989,0.00297591350575985,-915.455520739733
"245",245,4.64183183022881,4.30549274204964,0.0108397730963279,-916.475185523315
"246",246,4.03026986483321,4.21596421359011,0.00819992336497856,-909.432883404668
"247",247,4.45401468089747,4.32645248202457,0.00752091623508287,-906.158252851383
"248",248,4.38308392738502,4.30461303787118,0.00780830408972738,-905.55429428866
"249",249,4.36922007981088,4.24386394974468,0.00467376043537007,-904.976564878095
"250",250,4.36012700123808,4.25898941991393,0.00718559909535879,-904.877344307843
"251",251,4.34083511831701,4.26432251204236,0.00559223942919828,-904.716568411521
"252",252,4.32122028701175,4.17451226962097,0.00617748352303023,-904.070210519195
"253",253,4.30607919263009,4.26724414144439,0.00708094869131364,-904.86322550356
"254",254,4.26694188226202,4.11499343771896,0.00560452494127036,-903.351337575838
"255",255,4.16269553821669,3.89277505760645,0.00459340483735141,-903.7951606032
"256",256,3.99011723453084,3.88435760890843,0.0075971448249155,-900.076164196305
"257",257,3.94563049114774,3.86479437641296,0.00398319944072229,-900.513811947845
"258",258,3.96777855583127,3.81782462367336,0.00537451563828339,-899.394200910565
"259",259,3.86737333204836,3.59593426198254,0.00733551205179361,-900.061292693969
"260",260,3.7391565167865,3.51818678993375,0.00397926167328084,-897.260170756306
"261",261,3.61331065837395,3.61807079794119,0.0120818917327597,-899.463235964404
"262",262,3.73279778689935,3.65088515893976,0.011183541294467,-899.022172002467
"263",263,3.70933625600051,3.6162944146145,0.00791881822773797,-896.41784371507
"264",264,3.61205627385917,3.35904889879434,0.00576036493217042,-895.268625434425
"265",265,3.56336478631305,3.36041409504765,0.00522921661987276,-893.784957577177
"266",266,3.466762565857,3.29898791856179,0.00627724656438998,-892.061777223411
"267",267,3.34842242502686,3.17519982621338,0.00870869232450224,-891.239823746148
"268",268,3.12607943141472,3.13285606282334,0.00611157954569008,-890.362027759919
"269",269,3.09264200018922,3.06121317769196,0.00461487547924808,-889.367845691418
"270",270,3.10489332181281,3.03832079876856,0.006924237793219,-887.761486602259
"271",271,3.14154028482404,2.93554549446371,0.00415281428812747,-888.022822396259
"272",272,3.00922491381465,2.68879292729813,0.00642103803186937,-888.006519130623
"273",273,2.46032821569275,2.03970048558346,0.00887194721273872,-886.485222832873
"274",274,1.3083290494503,1.28885350007198,0.00843068446139926,-853.973648205767
"275",275,0.228740359839813,1.06200391021033,0.00865292793189296,-839.197464295034
"276",276,0.276063909034125,1.00763533002912,0.00558487327715962,-839.174662135306
"277",277,0.409051774526107,0.899873128368932,0.0079252300856628,-837.365644424159
"278",278,0.3562185326927,0.566716255930213,0.00718754873366957,-834.554181982361
"279",279,0.543017065029532,0.575088412503371,0.0078949984505561,-833.875862336413
"280",280,0.431610178903813,0.683192576995514,0.00762659075796316,-835.195484246462
"281",281,0.403424569053912,0.42191609970367,0.00815345841144327,-834.280278293439
"282",282,0.616775816458011,0.443745927460317,0.00802487498911954,-831.980139527569
"283",283,0.642213944397684,0.44540289135148,0.0113825422797048,-833.539285693642
"284",284,0.544652132426467,0.455064556875413,0.0099192060500416,-833.869748992663
"285",285,0.4321683934331,0.532417078909827,0.00796756923677559,-833.820110729134
"286",286,0.348768885604137,0.371321346346722,0.00597082351620758,-836.762140998587
"287",287,0.363926691423164,0.826132771004159,0.00812764320048487,-836.763738977492
"288",288,0.403918304596272,0.758314069520032,0.00895226535743412,-836.909370452398
"289",289,0.74589883241865,0.479541439425574,0.00574893959050952,-835.608145916263
"290",290,0.501804935009319,0.367611901165234,0.00973603664211883,-834.011320491328
"291",291,0.497521781201319,0.51344658299536,0.011321339481696,-835.804366912357
"292",292,0.680046408291565,0.489886961850491,0.00756798962263344,-832.052221175258
"293",293,0.672812913085747,0.487872257222146,0.00818470886237606,-831.9966487295
"294",294,0.637413091918166,0.50039229176321,0.00860744504604472,-832.617927547344
"295",295,0.723490226060198,0.500013598291336,0.00610817880940738,-833.375458195816
"296",296,0.718407422411153,0.537363569194269,0.00715307106442519,-832.546920641069
"297",297,0.617627406243817,0.522074865669333,0.00790547633454847,-833.230569795625
"298",298,0.699378515782877,0.498899736565928,0.00819622435906221,-832.205715792857
"299",299,0.329526472930326,0.474981406681467,0.0067991387865541,-834.944424939099
"300",300,0.597278247359381,0.731702035993169,0.00770954698497778,-836.093883410486
"301",301,0.905690720542253,0.703879608719707,0.00655660497175987,-836.269856507264
"302",302,0.518106216136035,0.380158728441756,0.0100007616805703,-833.766146778008
"303",303,0.528089240317043,0.498003424626277,0.00805212409880469,-833.364893964992
"304",304,0.492349966817156,0.430205082972716,0.008490878377793,-833.599619116402
"305",305,0.582433077026452,0.430288773731283,0.0100460047867183,-832.862648526174
"306",306,0.628642340999686,0.425944347625461,0.0104265518539898,-832.917081333585
"307",307,0.607197868273498,0.447031619497302,0.00819941566249227,-832.138167878446
"308",308,0.363119098589637,0.436340060330841,0.00768524803121911,-834.559060413611
"309",309,0.635860932660214,0.458032353377171,0.0119908463253674,-833.937911067876
"310",310,0.384721153963108,0.508591861959199,0.00792947313011533,-834.076249091559
"311",311,0.392181330983741,0.470272322377528,0.00946310240781309,-834.622347009526
"312",312,0.359535836181889,0.51329862513407,0.00959134980923871,-835.034021322983
"313",313,0.606980759261192,0.630104364275565,0.00456702249421181,-836.579672372857
"314",314,0.423738747218088,0.560339993038526,0.00666465050090816,-834.04175031258
"315",315,0.454026285943673,0.44705106919221,0.00634377049537622,-833.999758425005
"316",316,0.564331704252246,0.576417157011898,0.00901342015137067,-834.370521859057
"317",317,0.787325867565456,0.638635398407247,0.00980430044618538,-834.611617127379
"318",318,0.756745101697464,0.580623688999161,0.00824156406301519,-833.026076970863
"319",319,0.752935047571123,0.543111980657257,0.00678294284155572,-833.090846135726
"320",320,0.692643598069957,0.533233016229301,0.00774855260399396,-832.481803550788
"321",321,0.668541066078638,0.546615367698558,0.00876130160741268,-833.259013631959
"322",322,0.672894670848766,0.562195627064231,0.0104432031219289,-834.386782172887
"323",323,0.680117857810814,0.450160373631769,0.00784883838611714,-832.67162570783
"324",324,0.671929971540641,0.498587399163303,0.00928634629199955,-832.322571898976
"325",325,0.668472902104109,0.497500842533812,0.00737368361639654,-832.165318241383
"326",326,0.67947201639339,0.477353509330267,0.00599288208064722,-832.892333460363
"327",327,0.660193873844782,0.463913078885714,0.00534415400443965,-833.57566427592
"328",328,0.64600715316665,0.574902162575473,0.00650083392614865,-834.086273383307
"329",329,0.54294484416532,0.386740081564228,0.00977245708468758,-833.127034015127
"330",330,0.594879557774583,0.378315268097985,0.008698552842335,-832.768350106802
"331",331,0.573365322881917,0.410035525800939,0.0106400748994287,-833.136882613046
"332",332,0.5993964337587,0.423495785989435,0.00619387985204734,-832.840153545658
"333",333,0.45257998419606,0.459694237928008,0.00586360855900797,-834.288917426008
"334",334,0.604374916218709,0.43741587686705,0.00659632267800274,-832.5498701013
"335",335,0.598512860830233,0.581013533001638,0.00601144586561827,-834.336546064406
"336",336,0.716483845511812,0.4618286567912,0.0101883715057302,-834.905603254256
"337",337,0.454306424744713,0.607822224508234,0.00684084399904349,-834.219962404442
"338",338,0.772461915981502,0.573916035630227,0.00654029824519537,-833.47417756461
"339",339,0.550489190404187,0.50918149756762,0.00828144008007393,-833.42585969947
"340",340,0.584004282931575,0.410028253988932,0.00831039899219516,-832.197470340228
"341",341,0.612390347251677,0.378825092572553,0.00825954347495101,-833.193835049345
"342",342,0.613281335081329,0.441606187608271,0.00875425242517626,-832.064087582995
"343",343,0.604968910989225,0.427326187434141,0.00869544252917572,-832.065240249034
"344",344,0.543460372209875,0.384520064154192,0.00697674536481436,-833.152430015773
"345",345,0.582245270025677,0.426639698156984,0.0096928251256995,-832.663036712456
"346",346,0.470104999253893,0.467653103399027,0.00776342424087376,-833.493340751225
"347",347,0.691309305291395,0.458693671161217,0.0080868070723391,-832.812796822856
"348",348,0.617690226460754,0.475937258269401,0.00754339123117487,-832.476578292168
"349",349,0.649929806917454,0.448601479873534,0.0079670143114471,-831.982805401092
"350",350,0.562607577782272,0.434529020514516,0.0101696656389015,-833.429822549319
"351",351,0.359260278639832,0.554253078816565,0.00752119628735446,-834.442004221259
"352",352,0.606166982955028,0.471439148082264,0.00871764289829042,-832.621103634053
"353",353,0.610972397340134,0.518911535919911,0.0100784725161744,-834.082008189852
"354",354,0.613806099603003,0.512547126625205,0.00824337163791983,-833.162050345093
"355",355,0.705975608704644,0.512556229132913,0.00990838741639155,-832.839757212346
"356",356,0.644346017691022,0.445584350803361,0.00780219302886415,-831.963030538879
"357",357,0.609803259196806,0.432720547723033,0.011500063590914,-833.508064121191
"358",358,0.630148599698988,0.480650198799529,0.00513610033105964,-834.30306183635
"359",359,0.532656432728787,0.450370307488389,0.00964349586313962,-833.799683750378
"360",360,0.356736496808239,0.862506273472736,0.00810165285800195,-836.925157779919
"361",361,0.288214821112215,0.449541331043382,0.00800314925846735,-835.674990602922
"362",362,0.376351206795033,0.513026389374722,0.00868290286680309,-834.382525249106
"363",363,0.449551001500107,0.527190916825722,0.00834398618527314,-833.825063930653
"364",364,0.655505540639442,0.449722297968634,0.0097108146554427,-832.539398191163
"365",365,0.646542423431758,0.453596792740618,0.00680742610345056,-832.199987216391
"366",366,0.671960100196182,0.643711696306069,0.00614632677073518,-835.264723808975
"367",367,0.599881938359411,0.402968585507891,0.00590497407511735,-833.196247742545
"368",368,0.499215074983945,0.536752106972014,0.0064922402005461,-833.707373486482
"369",369,0.787443171981266,0.607821533486777,0.00888921908730398,-833.647425925214
"370",370,0.582595655737086,0.337279674291279,0.00754380289014186,-834.520942786488
"371",371,0.554301962533595,0.570027877210634,0.00676691357660764,-833.821572238587
"372",372,0.702139392510699,0.539846636811978,0.00544133575697155,-834.029273703908
"373",373,0.714209750511952,0.62832024549588,0.0127896683567781,-837.743510471548
"374",374,0.790766414874027,0.597389660618089,0.0105777513394617,-834.534042208275
"375",375,0.73890675545662,0.564789119403815,0.00664292643043869,-833.130291190012
"376",376,0.605814303740343,0.527743039070099,0.00878365103756269,-833.591083265127
"377",377,0.571071804009914,0.411877502839022,0.00761941480586558,-832.479786281546
"378",378,0.597244634990776,0.433285503203875,0.00803295773813354,-832.147467875395
"379",379,0.579118479610973,0.556938438393703,0.00713064475874269,-833.659579820392
"380",380,0.50564497907516,0.658064464199833,0.00776630726918795,-834.781237733186
"381",381,0.590936391905469,0.602975203463502,0.00865840805496772,-834.52633365671
"382",382,0.70969759021233,0.458405472311118,0.0102740129492212,-834.740150303545
"383",383,0.520119436238351,0.517962345828555,0.00508127451474911,-834.851750730038
"384",384,0.390978928389381,0.562952333144207,0.00748037766370697,-834.187529427248
"385",385,0.669781864280071,0.54693361690829,0.00810537700508705,-833.15218500476
"386",386,0.764335065506773,0.554960094076312,0.00720514007950655,-833.104809017945
"387",387,0.774052626346227,0.565734806155678,0.00873986877130092,-833.321335238653
"388",388,0.745249667364376,0.553034776665636,0.00891173761506778,-832.871453274247
"389",389,0.741237386661969,0.567225692725289,0.00609150243363103,-833.563858150798
"390",390,0.723405248897626,0.483154808315868,0.00810757314122041,-833.293198019816
"391",391,0.657996882665717,0.50470170537758,0.00890967968251781,-832.425947180676
"392",392,0.662198534044703,0.458680985217431,0.0103323770503489,-832.890216605041
"393",393,0.49481613249577,0.330903050375689,0.0103920443758251,-834.37867813755
"394",394,0.485189835290774,0.317754768451146,0.00809396794544015,-834.532102460234
"395",395,0.517649175573871,0.5173214591366,0.00736820906253223,-833.404278058963
"396",396,0.53839174633865,0.588625025717671,0.00971834542030823,-835.009529663851
"397",397,0.537257129775311,0.44214711046382,0.00970109950323943,-833.731725937433
"398",398,0.544586106609155,0.449295827342763,0.00793552487873361,-833.117509962124
"399",399,0.619243629499214,0.380118458970462,0.00542425435329471,-834.846118803921
"400",400,0.52807533249213,0.589969556290487,0.00850414200633873,-834.246656878908
"401",401,0.750490091628446,0.646155817823259,0.00872082675318771,-834.991118052483
"402",402,0.518897946110234,0.344513691921066,0.0075423998454551,-833.59733083882
"403",403,0.556546368757324,0.434449590979516,0.00761913820273401,-832.939342063087
"404",404,0.574972161602928,0.425525862663644,0.0084397229284558,-832.482723862127
"405",405,0.662219538163308,0.444508021812872,0.00739199256721861,-832.331645736711
"406",406,0.643723817149934,0.475715168836474,0.0060117371974371,-832.923251573949
"407",407,0.648845674023734,0.455002787877024,0.010345914133092,-832.745828127929
"408",408,0.599113996360276,0.461649391021812,0.00596608016535302,-833.430726651958
"409",409,0.620418863465919,0.386451682378379,0.011062427431011,-834.517025160178
"410",410,0.560521302411323,0.418362620527412,0.011492498060047,-834.030461095403
"411",411,0.577748210702428,0.407693052593376,0.00594611205143943,-833.341673328812
"412",412,0.613754421651643,0.480104962985865,0.00703273358219393,-832.764443414196
"413",413,0.597955481815892,0.615967008466008,0.00743607445550254,-834.339444545957
"414",414,0.413419466983997,0.654100161200142,0.00663500199314519,-834.913762354745
"415",415,0.237636819210912,0.607740148336892,0.00669932152021988,-836.96881959194
"416",416,0.54089787676548,0.443404187944201,0.00893612608569055,-833.349399683599
"417",417,0.563223549636023,0.499280038479776,0.00862100340430006,-833.425715512258
"418",418,0.553589285251699,0.471470504587703,0.00822204819414121,-833.181100728279
"419",419,0.500974184142305,0.470623882612429,0.00636624002123073,-833.651358482078
"420",420,0.579734310135428,0.641910227797838,0.0101965777023452,-836.203843695269
"421",421,0.503915960594305,0.448702199851676,0.00731576529152296,-833.37075283671
"422",422,0.563781772776727,0.339925564209056,0.00658904060305167,-834.125769626931
"423",423,0.483417172834974,0.680413855681914,0.00783407887500376,-835.106230505871
"424",424,0.59768018127052,0.533933162693303,0.0070266136997334,-833.467549934436
"425",425,0.475933287897896,0.575794167411424,0.00443209701407503,-836.229032446111
"426",426,0.612865521251775,0.605861071041481,0.0120784425702159,-837.594663450524
"427",427,0.83424657420389,0.710867338628628,0.00508111502586942,-837.942321109422
"428",428,0.546712118236057,0.617859642947063,0.00744382205169965,-834.259724402195
"429",429,0.807390342873817,0.5519292621061,0.00932509294640646,-835.422462304762
"430",430,0.380779294147844,0.615184141577066,0.00740691002699454,-834.683411556776
"431",431,0.566066107046382,0.49886468513179,0.00861413365136739,-833.407635685318
"432",432,0.402427550209356,0.52157780497189,0.00814978557350107,-834.009181132051
"433",433,0.603337362377684,0.349212772537017,0.00788162875891378,-834.661859732836
"434",434,0.556761282828547,0.483187804477186,0.00756308574068161,-833.156858739615
"435",435,0.595650047530901,0.473241511589412,0.0125734956866017,-835.216996564102
"436",436,0.669538814798692,0.498529894438577,0.00592327107297608,-833.055947422542
"437",437,0.615818197524092,0.389436833417456,0.00819635800163144,-832.813847123373
"438",438,0.547654409554787,0.401460458752626,0.00499418078646561,-835.189566597038
"439",439,0.615160492403834,0.444094143848937,0.011449440954288,-833.472761463231
"440",440,0.637625534491723,0.400204429695191,0.0130625481283587,-836.579203931158
"441",441,0.596360994897597,0.477273490272808,0.012320550175022,-835.079698299572
"442",442,0.531181416864079,0.315252797568593,0.00735723538555744,-834.398278168973
"443",443,0.551481918271511,0.618184216474,0.00754516618220208,-834.28397996517
"444",444,0.794013390084196,0.58573286741867,0.00815413444282094,-833.537579499577
"445",445,0.76991342501579,0.493788219091154,0.00877480159835963,-835.884592153589
"446",446,0.701751429017036,0.495853168651542,0.00803001343799362,-832.258445803489
"447",447,0.708488206196308,0.504408261573898,0.00865538309216572,-832.398764241456
"448",448,0.520850681254449,0.340443214280127,0.00800573107148964,-833.490888429142
"449",449,0.505358529219808,0.575918979258852,0.00820842133597261,-833.988859393124
"450",450,0.498115844307172,0.482013139421132,0.00793236839455343,-833.39279610429
"451",451,0.305312832698691,0.543020006489339,0.0064288597501948,-835.446948561526
"452",452,0.558378678327803,0.502515696554915,0.00876611484382714,-833.527730346305
"453",453,0.73622112956907,0.568951100480966,0.00615366822043846,-833.564090720765
"454",454,0.723328962048718,0.421662865991178,0.0087691152976122,-838.027872191146
"455",455,0.362865040762698,0.585304292794987,0.00823112538273782,-834.7456621978
"456",456,0.607500488707601,0.581553098050761,0.00674713302151729,-834.013844771018
"457",457,0.616563066332525,0.497147391594855,0.00997774696717627,-833.44076658804
"458",458,0.571117372801577,0.382554141698673,0.00611397948946089,-833.334689522589
"459",459,0.598091731996274,0.55189489038546,0.00943824614794483,-834.285396327025
"460",460,0.387402221096952,0.44618308299505,0.00911380951947091,-834.557789937048
"461",461,0.37901124744281,0.51748583596675,0.00772445985880239,-834.118251577205
"462",462,0.252237000143118,0.534995944915027,0.00775271430230736,-836.18469332542
"463",463,0.669538604998427,0.498355761678142,0.00744996280377236,-832.150188828694
"464",464,0.435169865974998,0.477428118045416,0.00952093723316648,-834.35656327598
"465",465,0.376222577593885,0.513486477375532,0.00821592326707416,-834.225268065831
"466",466,0.769178712172282,0.549014032832257,0.0104940285904307,-834.382348088889
"467",467,0.688114220668771,0.568569322223971,0.00567477559176484,-834.535597382255
"468",468,0.470789462808618,0.719032867873365,0.00777394297920667,-835.653168562498
"469",469,0.852448316353185,0.708458382178776,0.00964659423559007,-836.052882525896
"470",470,0.722253179123572,0.489358032956927,0.00672058717771002,-833.222268601763
"471",471,0.716185290276466,0.511696278642206,0.00656100015286596,-832.734936340103
"472",472,0.622638054786091,0.419536330846068,0.00704221675108892,-832.265350675049
"473",473,0.619915728010399,0.401942063580532,0.00829175484212638,-832.474049916528
"474",474,0.598048218357955,0.389827198215068,0.00737306571643856,-832.495682712107
"475",475,0.60454295745485,0.39347160304613,0.00844333031417707,-832.432957509392
"476",476,0.666680745274856,0.808127998945406,0.00622125873943695,-837.844397792043
"477",477,0.665960181151478,0.52792508375084,0.00750270161640735,-832.779695850818
"478",478,0.601292207762676,0.470595856598216,0.00812460975668061,-832.628473890079
"479",479,0.429340896084935,0.488262795969507,0.00609846928103029,-834.147659466889
"480",480,0.408326470317506,0.482839450170986,0.00910994555479515,-834.2889202379
"481",481,0.561063173510363,0.499492133157693,0.00693803761336629,-833.301856545367
"482",482,0.658217819053268,0.435928133217457,0.0114972810138217,-834.27202241193
"483",483,0.561856630799752,0.365876793212837,0.00907310258411945,-832.812445375922
"484",484,0.561266376181733,0.428076976922961,0.0108141198492243,-833.721436026847
"485",485,0.563612852114492,0.366539696764898,0.00862079385253118,-832.719784553842
"486",486,0.490971494439501,0.511843833728557,0.00730561810819986,-833.445935871642
"487",487,0.589025585815919,0.447698977089172,0.00672306499570231,-832.853286064145
"488",488,0.60598723724711,0.447659086942344,0.00738798047559741,-832.270242167559
"489",489,0.610895068658303,0.427185541229681,0.00978356827075532,-832.403967755392
"490",490,0.602105497390999,0.429011532237365,0.00883192219028654,-832.122292297649
"491",491,0.597573191126168,0.419363078903494,0.006042462639081,-832.992252615706
"492",492,0.596817282175463,0.415780545877651,0.007144191284551,-832.259202648369
"493",493,0.617760287729762,0.450217346949781,0.00976097925039687,-832.422595357291
"494",494,0.71439411063405,0.508797665112362,0.0105872696424511,-833.47632646921
"495",495,0.695097241998786,0.537020831714743,0.00830850478424012,-832.52820770063
"496",496,0.625625487259399,0.465715925589557,0.00920837511265138,-832.291155319347
"497",497,0.653687161329659,0.488983136323927,0.00656008158227715,-832.552319028949
"498",498,0.674619822436017,0.491461387093497,0.00694272617257952,-832.228640101537
"499",499,0.610542066463346,0.431698178384352,0.0108727549121814,-833.037861347091
"500",500,0.627844633218511,0.471590520970253,0.00684480662155486,-832.473018633905
"501",501,0.673462992857295,0.50399585437071,0.0112670041576965,-833.565626373078
"502",502,0.692080931094127,0.467669904844485,0.00958373627071324,-833.047361432303
"503",503,0.56091601322634,0.590120818847006,0.00747563403363718,-833.972314954242
"504",504,0.37766412833341,0.618078834520404,0.0061693935021587,-835.011480087764
"505",505,0.613238318028977,0.469063168880393,0.00712178061746678,-832.555075054382
"506",506,0.649972131730065,0.454630307327321,0.00803522234525218,-831.929738834147
"507",507,0.602861610703734,0.376816061056162,0.00847984187688365,-832.994854913869
"508",508,0.504168964328934,0.507609287231486,0.00766025152422174,-833.404967942886
"509",509,0.31327429658254,0.578616285936065,0.0085064852655221,-835.380808415914
"510",510,0.489540593700673,0.477552965306189,0.00820201518405771,-833.479069286926
"511",511,0.64621160176077,0.445422394122461,0.0061727267887822,-832.675625272366
"512",512,0.634879575423294,0.442986551014068,0.0063743785563807,-832.484044260529
"513",513,0.598207112095027,0.451380441373973,0.00685747141875281,-832.668399097434
"514",514,0.585794253355981,0.424249975482914,0.0106377560051945,-833.060283234155
"515",515,0.63566101178321,0.491217418495812,0.00707866450639855,-832.592066501506
"516",516,0.658450576946917,0.447328147838898,0.00698114376190841,-832.312079749142
"517",517,0.638338133002436,0.480408986461093,0.00557034846100747,-833.558468504537
"518",518,0.629909523711447,0.421230267544864,0.00524998844657816,-833.923029094556
"519",519,0.607443135136501,0.410843691737642,0.0106285799066253,-833.028129546986
"520",520,0.6431756489619,0.393774614775269,0.00760966814996092,-833.734556402403
"521",521,0.657325488347001,0.412233312738091,0.00911452266289675,-833.665648706896
"522",522,0.515301446689533,0.46691711133379,0.0085442402968316,-833.453971985001
"523",523,0.600415604979886,0.489982028970346,0.00667704820843345,-833.197048426461
"524",524,0.483863396299778,0.479555993484999,0.010380361697878,-834.757222532221
"525",525,0.496793213790318,0.437499734892377,0.00809918490310818,-833.460597424771
"526",526,0.306794403651173,0.529565792236432,0.00837277466956213,-835.177242352787
"527",527,0.79409339379036,0.62600279193017,0.00883143627186258,-833.927709501811
"528",528,0.785562685609195,0.605908343363127,0.0121519950223497,-835.837556986996
"529",529,0.761134231906361,0.554036737006932,0.0122393605146619,-835.613648433536
"530",530,0.693456633150917,0.470225737914317,0.00790054926462317,-832.515707812629
"531",531,0.650338373052566,0.470963561782729,0.0083491253626083,-831.943387541809
"532",532,0.62461256453205,0.444551541933585,0.0118334391934254,-833.781293369635
"533",533,0.654957832566813,0.460585013588301,0.00770711932039046,-831.944426715258
"534",534,0.645088243935924,0.468562781924437,0.00749303534591855,-831.994338674419
"535",535,0.636140221036244,0.475159191362019,0.00979348335040248,-832.525022154419
"536",536,0.582967430172857,0.471333455010633,0.00801764618090255,-832.908505577767
"537",537,0.489721517746642,0.381223177173705,0.00889948884247503,-833.98795597338
"538",538,0.612594758110812,0.45471269886429,0.00791775609206931,-832.16074587947
"539",539,0.628182368991999,0.450289851656001,0.00896905550065501,-832.051479365404
"540",540,0.667155825737331,0.431367523375283,0.00966259055371913,-833.44630198218
"541",541,0.650859785928675,0.494646274231167,0.00903695674577362,-832.365831764109
"542",542,0.507227721648556,0.551430384200367,0.00635476540777001,-833.835220067218
"543",543,0.685952866521389,0.466698038882839,0.00992168161832362,-833.062076730801
"544",544,0.497058382405701,0.305929220248114,0.00798118264706305,-834.561305845343
"545",545,0.493977535815273,0.320329534555201,0.00970914558935725,-834.290739146028
"546",546,0.483610837977194,0.56479950878334,0.00938698642561597,-834.551409129255
"547",547,0.712626822819492,0.632208729004465,0.00791042311419059,-834.799550253203
"548",548,0.71906484879367,0.562438415022554,0.00803937846385665,-832.829434800182
"549",549,0.730919866724139,0.511723792613453,0.00785900542301704,-832.727406026237
"550",550,0.650321239901364,0.475311203901113,0.00905819860952402,-832.120713304792
"551",551,0.702911144944878,0.502259024179817,0.00427533977307341,-835.800937396594
"552",552,0.454615505977824,0.554698561444647,0.00695021281974352,-833.792898659572
"553",553,0.74951961978753,0.534603789097921,0.00927000219728759,-833.238925090743
"554",554,0.382086483420996,0.345638152629825,0.00690685703289657,-836.210174387561
"555",555,0.428920094629099,0.546994319317409,0.00981966287252246,-834.893374370568
"556",556,0.705901189576699,0.562462232837248,0.00634762184172156,-833.578478402764
"557",557,0.596706526660087,0.357652636352428,0.0067804975756559,-834.032885853607
"558",558,0.610125132333433,0.647799572219453,0.00749028235039605,-834.810045530174
"559",559,0.683721676820491,0.691182246606909,0.00804108857587208,-835.909877727409
"560",560,0.176563896503461,0.68800398824324,0.00771414986933809,-838.326227245757
"561",561,0.212124295568134,0.496248025605042,0.00703578988127392,-837.56662198638
"562",562,0.678149281482646,0.483841577319288,0.00924056567635058,-832.286743039791
"563",563,0.67148673152226,0.533587965273996,0.00928181323999675,-833.002672775336
"564",564,0.755384239197125,0.515855819914894,0.012004472888563,-836.175051999457
"565",565,0.668728494775962,0.432587654648248,0.00926017643827326,-833.256115977054
"566",566,0.627518783891878,0.509800677702442,0.010041884420176,-833.5666829176
"567",567,0.677485566420379,0.443709684634457,0.00720985734207748,-832.879984919133
"568",568,0.639728810835582,0.476381846252906,0.00738964161058149,-832.16174109283
"569",569,0.683046956579864,0.436188781985862,0.0110871541849573,-835.063240673371
"570",570,0.498839345014668,0.471227771460593,0.0122577547530899,-836.496816696942
"571",571,0.553104858339432,0.407583556665017,0.0060243297587156,-833.711186928936
"572",572,0.618600224524537,0.456627129956859,0.00750134029537045,-832.155306760174
"573",573,0.636226914511286,0.566809363292929,0.00506781363023051,-835.285666123918
"574",574,0.691787216858001,0.521612209263658,0.00519872841798772,-834.139397333917
"575",575,0.705762861924335,0.503143853362439,0.00735749874220767,-832.315299787131
"576",576,0.467445792405886,0.445820911252676,0.00761271264922877,-833.564973006224
"577",577,0.487831029034049,0.40656962287495,0.00693310349657693,-833.825576374991
"578",578,0.640263093333216,0.565091212159558,0.00764156344604175,-833.731974033723
"579",579,0.619973350424968,0.468920773912464,0.00856240828676226,-832.283236432895
"580",580,0.636281091662621,0.464003053385036,0.00861663499881341,-832.00661846903
"581",581,0.654942346231631,0.467957251712143,0.00829789951398041,-831.928175577268
"582",582,0.357495496859491,0.614649106722309,0.00655893158181109,-835.018648625968
"583",583,0.331521522674495,0.664204010027967,0.00630550747829028,-835.872198446222
"584",584,0.775609065679374,0.617321861069182,0.00941825890275188,-833.98199522662
"585",585,0.333274018319431,0.673224114352919,0.00822753868212462,-835.938493647631
"586",586,0.707020129385155,0.783032986611,0.00777004633156121,-837.65871530311
"587",587,0.240226910051957,0.553419128217038,0.0078857077244358,-836.533268500652
"588",588,0.406191835933246,0.546237963516944,0.00613181906495297,-834.346403000512
"589",589,0.407586542047811,0.421227030798724,0.00897297837274865,-834.480964133058
"590",590,0.442978797495261,0.459172485576074,0.0084465661313922,-833.805790843957
"591",591,0.711892499867966,0.597772477653439,0.00711968743793467,-834.042458689476
"592",592,0.598588334253179,0.530648136659963,0.00806258192007696,-833.439120954982
"593",593,0.620321208731879,0.410871713304098,0.00907103824422961,-832.409475271293
"594",594,0.644792998283286,0.520196310060571,0.0110532829733033,-834.123318089862
"595",595,0.680291847045582,0.443441617891127,0.00920316669485837,-833.271351663855
"596",596,0.618171247210816,0.517767346422171,0.00594096115589447,-833.857654126074
"597",597,0.631923640176846,0.527982516642819,0.00594937002588364,-833.91505617604
"598",598,0.27423096296663,0.599165186864995,0.00669799955245874,-836.176053606021
"599",599,0.462342521573367,0.565494173252071,0.008464849563951,-834.078052562582
"600",600,0.536463839569661,0.59919484065813,0.00685278320646271,-834.060048460004
"601",601,0.689626782996903,0.593218746772129,0.00933574483745142,-834.431317589703
"602",602,0.397961007148647,0.424109160440769,0.00976564825301952,-834.958142827184
"603",603,0.441840692497597,0.432300832552663,0.00744935540458651,-833.82792573081
"604",604,0.529432064913477,0.500107148980024,0.00599143298744296,-833.827273266084
"605",605,0.707448255226375,0.519920271787155,0.00783603204547233,-832.256656274197
"606",606,0.714112389126716,0.50128795412919,0.00920777681889749,-832.76047680442
"607",607,0.688595946402094,0.511225041930772,0.00963924974698445,-832.569283214775
"608",608,0.623492134954364,0.575673730187112,0.0100482827279861,-834.995081175072
"609",609,0.51562541210698,0.490750508181851,0.00780751499677592,-833.333233406913
"610",610,0.54713049073338,0.381489090499961,0.0072199358925175,-832.960496985542
"611",611,0.500406316161531,0.550860876732114,0.00644985871239733,-833.797910189955
"612",612,0.693745533476293,0.628893058439875,0.00884424752207175,-835.05179870366
"613",613,0.310297454245871,0.49100118801451,0.00837482385377922,-835.097799221553
"614",614,0.753526315274773,0.63764990991953,0.00957560970842895,-834.938064574343
"615",615,0.852200753286356,0.670431461436926,0.00825938088575685,-834.831737977238
"616",616,0.857776593651031,0.674418170689336,0.00888766814731834,-835.081144137608
"617",617,0.864062284162536,0.615003609638252,0.00866465820373636,-835.91778463127
"618",618,0.41073224737078,0.325805478555817,0.00750100321355442,-836.103046440324
"619",619,0.594938078208438,0.76446731864376,0.00700818412683799,-836.510036552311
"620",620,0.336832821550393,0.67181565529909,0.00823491942362331,-835.89946272699
"621",621,0.510561954965338,0.646974181047595,0.00864776430299442,-835.010036602057
"622",622,0.477095984628712,0.568832213959355,0.00782483218612265,-833.856121124358
"623",623,0.436886855184005,0.391810432684702,0.00775468626060639,-834.294390340835
"624",624,0.612022009315453,0.473901926934251,0.00758810666091127,-832.532494816259
"625",625,0.720613307300408,0.487152762593425,0.00759701274577295,-833.004570552898
"626",626,0.497104390448501,0.499614194843916,0.0055683107811748,-834.2756513214
"627",627,0.473129766834714,0.571362908451797,0.0109497842100938,-836.019052543266
"628",628,0.312004272403143,0.46613958347503,0.0112088866116223,-836.890368301551
"629",629,0.718148361299479,0.575305573138191,0.00613272329513429,-833.92371859432
"630",630,0.712172649760785,0.565979832395518,0.00739671791508916,-833.079294722637
"631",631,0.77372866842488,0.644640578481087,0.0107986807733926,-835.525533779633
"632",632,0.688215123508611,0.64185456386394,0.00929117478464421,-835.568211692491
"633",633,0.428916246411939,0.3171871968625,0.00749300173658366,-836.057020382452
"634",634,0.425363597042154,0.395685991409135,0.00527857111848949,-835.934294068224
"635",635,0.441233895307906,0.412691054523352,0.00854026840457751,-834.111967863912
"636",636,0.402892184326773,0.517530572319485,0.00562241962159704,-834.734135080549
"637",637,0.492691135036688,0.512699716387482,0.00693189228545547,-833.491459186074
"638",638,0.338363101329018,0.525489380600258,0.0080983473280743,-834.647947559457
"639",639,0.371180037434749,0.438467254985996,0.009869616182616,-835.192527353755
"640",640,0.38242300478816,0.413311226479966,0.00648606442530465,-834.952985218378
"641",641,0.674206471445269,0.647611029374368,0.00800709159940432,-835.104309420263
"642",642,0.377505773925145,0.498348552775156,0.00818486461250976,-834.186784571897
"643",643,0.400420031939029,0.567198852344435,0.00569146066029024,-834.81681281485
"644",644,0.662808154370776,0.555361235086122,0.0102365388870838,-834.247946876137
"645",645,0.4641320868779,0.315102269662158,0.00773513383289746,-835.25467328405
"646",646,0.52584699267669,0.413930312958962,0.0069903086869476,-833.431694043902
"647",647,0.363468145945933,0.518225591577384,0.00700585346147991,-834.32727744384
"648",648,0.625431213437832,0.490845263350485,0.00752376816925572,-832.628527098716
"649",649,0.575451503718904,0.409597787057386,0.0072549947277852,-832.489225935272
"650",650,0.639890484823744,0.506662783918797,0.00956758827611568,-833.008732130727
"651",651,0.668558341182595,0.49390075651659,0.0061299428065051,-832.806727679347
"652",652,0.703249955386146,0.5839560895176,0.00713088424796168,-833.77501644764
"653",653,0.659309011692227,0.650056138565038,0.00784774219877016,-835.068238604154
"654",654,0.592685176053112,0.905881565538994,0.00533154903898603,-839.576374168463
"655",655,0.312672564640234,0.387396750846189,0.00897454801032743,-836.230124393664
"656",656,0.34842800238745,0.519778731506933,0.0087978973559705,-834.735654922419
"657",657,0.457169110419056,0.467603588872026,0.00670705791276077,-833.702176703565
"658",658,0.528574867837697,0.604321806898778,0.00846097816705833,-834.387808675268
"659",659,0.759577780218474,0.554146860037703,0.00736400955032842,-832.973044767945
"660",660,0.630914186491042,0.523997036421113,0.00873833827318442,-833.288921817478
"661",661,0.525194375105101,0.386375866181562,0.00690897956777965,-833.564552963908
"662",662,0.562235850717479,0.479539320259174,0.00889387875879319,-833.382290624636
"663",663,0.564595368993449,0.489982918401295,0.0102467880604709,-834.246113218655
"664",664,0.377976901267172,0.468927808448094,0.00821156167829623,-834.232420330851
"665",665,0.561748849966433,0.459770171203062,0.00916608629546342,-833.320843578188
"666",666,0.62903850238902,0.440207385791066,0.00850243315853857,-831.950157795583
"667",667,0.696285468789346,0.484625627798798,0.00893831751393516,-832.484185987247
"668",668,0.623146712009322,0.491159186113975,0.00734057790324091,-832.712087371037
"669",669,0.741812681612577,0.602199917156408,0.00405982388340402,-837.783336185997
"670",670,0.529595013667212,0.741711089205435,0.00822158638434484,-836.234340038127
"671",671,0.317170429179332,0.402638456679276,0.00718705330447307,-835.849635280903
"672",672,0.511922446540716,0.500093031621418,0.00851139070894972,-833.559775431941
"673",673,0.755544026949881,0.57933322626446,0.00886114650955076,-833.126282015256
"674",674,0.668007811328785,0.60537001208243,0.00763119424182109,-834.328323187373
"675",675,0.593365693191193,0.420188258128874,0.00870924224282278,-832.156845753538
"676",676,0.593152036036205,0.405097021371341,0.00733379882365594,-832.255891767975
"677",677,0.606292256474777,0.444577439149684,0.00820146810467299,-832.122783329995
"678",678,0.639474832743043,0.491435267719113,0.0075308285840922,-832.398436888292
"679",679,0.618165676488238,0.398087895347251,0.00925201265848287,-832.808496753154
"680",680,0.583530505262994,0.399615333105073,0.00804483647161674,-832.220484720919
"681",681,0.599582582878425,0.461313747124949,0.00701966145671484,-832.7092528506
"682",682,0.558823103727316,0.487643248698472,0.00862079223686874,-833.360336924631
"683",683,0.553767678374144,0.466055065049289,0.0083527188454003,-833.179855321406
"684",684,0.412938733230773,0.497248220287926,0.00743792242007239,-833.799947138626
"685",685,0.649272158138485,0.418658034947046,0.0103481616379106,-833.671799950544
"686",686,0.601273040851672,0.436642864870077,0.00612627177024954,-832.960799952639
"687",687,0.533447237842757,0.587928539409234,0.00708747063551758,-833.920234279803
"688",688,0.554115643640825,0.352885221468305,0.00909482365355281,-833.094335269445
"689",689,0.569857065625631,0.478718437798716,0.00912875748863829,-833.41083099194
"690",690,0.673850009165272,0.505925497056612,0.00975145997677726,-832.599992006047
"691",691,0.443854843097377,0.43081269326032,0.00848725004201104,-833.937660975665
"692",692,0.603367802155192,0.405428770549044,0.00937644977344481,-832.408179249294
"693",693,0.5682523662887,0.3798245926788,0.0054886232991079,-834.120787972101
"694",694,0.357351893735589,0.47793875860154,0.00985918846769441,-835.195452315005
"695",695,0.42056032770039,0.504819860371354,0.00730771109419263,-833.755468632403
"696",696,0.465568190664586,0.384825220554582,0.00842316562674892,-834.147635391488
"697",697,0.47836778451652,0.574621872477963,0.00875954047355288,-834.26283521453
"698",698,0.468583209512352,0.466916439701532,0.00652269027145097,-833.721491570162
"699",699,0.488637412801508,0.575502218600101,0.00482873851109218,-835.49082589346
"700",700,0.665010775212969,0.546384266570922,0.0108392250618144,-834.318453709683
"701",701,0.634581425633793,0.633770623045511,0.0092475195268803,-835.385665586393
"702",702,0.465656796536371,0.531565511280111,0.00833500521442266,-833.78377548935
"703",703,0.404828867930867,0.561614835274037,0.00675573498808229,-834.148561774132
"704",704,0.700153543908378,0.491005429539612,0.00802743016553313,-832.284558873154
"705",705,0.688756992979942,0.456521138647871,0.00829655121859343,-832.819575261414
"706",706,0.537042298199861,0.367357084275253,0.00832583257520252,-832.950198612731
"707",707,0.607874498276345,0.354489356425866,0.00875468401627296,-834.629831555505
"708",708,0.573284444402018,0.453140525172886,0.00768310959959293,-832.847707345593
"709",709,0.609336114980622,0.483134222307403,0.00751278336799128,-832.747688589752
"710",710,0.622560785334771,0.476072561007374,0.0118878444975371,-834.132964941741
"711",711,0.647400203476859,0.415645598821145,0.0122272289472901,-835.364550769625
"712",712,0.466738307446894,0.390680115238565,0.0111103980848174,-835.464463226194
"713",713,0.558308995536946,0.371597721071979,0.00528723019563138,-834.618772032616
"714",714,0.580296610501581,0.446814328608741,0.0112099496936566,-833.881406146018
"715",715,0.642556045138869,0.486319446338736,0.00603344424068939,-833.080479094379
"716",716,0.619578640460091,0.486534960000757,0.008698625392128,-832.664538582241
"717",717,0.488182370644678,0.377622299587335,0.00685383655782794,-834.195960243622
"718",718,0.628060652600569,0.550404796349435,0.00759860704255726,-833.553906370657
"719",719,0.462960526355781,0.485595426082616,0.00764772941290837,-833.508089608505
"720",720,0.44778272046149,0.469678965908522,0.00769956191953844,-833.606222801174
"721",721,0.606712619463686,0.352208564587076,0.0117530112213047,-836.638842439576
"722",722,0.571133447354653,0.482768134705641,0.00900937313099499,-833.389372832966
"723",723,0.640544954329091,0.482811181009696,0.0104563461456272,-832.948739628339
"724",724,0.679167052871084,0.465973312551198,0.0110086080085171,-833.657723608966
"725",725,0.642849075795393,0.517931378899171,0.010727075626418,-833.877300280842
"726",726,0.636153834834361,0.428517254436636,0.00597681052873703,-832.973479814217
"727",727,0.599468589442493,0.428421489405153,0.00699835701675015,-832.328167759257
"728",728,0.650876874385239,0.48698716189337,0.00867778506324534,-832.152311257109
"729",729,0.689883046325312,0.476407403162474,0.00867345660645923,-832.392454744696
"730",730,0.557899604010811,0.531185961774539,0.00791481411782501,-833.483916390448
"731",731,0.669260840721306,0.546224402068583,0.0059121533552128,-834.008748077803
"732",732,0.553602466692918,0.544769152562455,0.00715081509095661,-833.550406564325
"733",733,0.518880185452051,0.437385069293158,0.0100309236087329,-834.111636059875
"734",734,0.627931770605581,0.461116188439056,0.0067176426277043,-832.393203424822
"735",735,0.59868896029662,0.595726533397445,0.00733173573056783,-834.085801518505
"736",736,0.450768511829097,0.534459951259282,0.00608799429942102,-834.061429067904
"737",737,0.649215973145239,0.468786225618541,0.00540713475901892,-833.513328725215
"738",738,0.659204622700493,0.435717051382682,0.0111482280833523,-834.008307330769
"739",739,0.679121130867805,0.530752782654626,0.00906130922327363,-832.736041314201
"740",740,0.71842742379609,0.526507574923284,0.00776871036570056,-832.363200700023
"741",741,0.44031128053651,0.674112172812302,0.00637278624566638,-835.095235318071
"742",742,0.548456103395341,0.801661428941813,0.00537156505267502,-837.540917445242
"743",743,0.255714507409615,0.847984634154743,0.0124609346654068,-840.106210354832
"744",744,0.210879350625289,0.814201707472803,0.00844621050088329,-837.81893951625
"745",745,0.350031165608474,0.760820146399796,0.00755376618648559,-836.228801820111
"746",746,0.620720913457802,0.359974370315155,0.00876796561398786,-834.999662487163
"747",747,0.575132335320358,0.495345123517508,0.0119421484940337,-835.648904512954
"748",748,0.704728826308559,0.531551505863371,0.0118086127466779,-834.304273527333
"749",749,0.511894492640485,0.481834357115931,0.0105667583353655,-834.787203633741
"750",750,0.719459152926301,0.572057318439365,0.0111613895487839,-834.371673924257
"751",751,0.384521690714821,0.59989815178138,0.00939140647374631,-835.306572366742
"752",752,0.517424674834336,0.660769940001199,0.00899184588914809,-835.418294495316
"753",753,0.797853372364266,0.589970924802416,0.00847778370183964,-833.662300567974
"754",754,0.715752125575863,0.488609965286768,0.00674739594831203,-832.995019425365
"755",755,0.68351228305186,0.523899171646456,0.0117173505803668,-834.152189474397
"756",756,0.642683944326126,0.470344073703601,0.00809007188856437,-831.966292976419
"757",757,0.522293536505193,0.618733034308324,0.00633174128467029,-834.396681941223
"758",758,0.541165214475056,0.462862164928061,0.00839714709251639,-833.259710738606
"759",759,0.696121150057814,0.605405486912949,0.00704030856043163,-834.346483706758
"760",760,0.787395931003645,0.582567890792206,0.00922736927653259,-833.706375595423
"761",761,0.517987505183366,0.515059984114152,0.00854541712885785,-833.634409503592
"762",762,0.493810727479403,0.671722536295127,0.00600726208148894,-835.13719971237
"763",763,0.397737167552171,0.567215919755136,0.00778222099720324,-834.197457584182
"764",764,0.41431155452069,0.386339167329373,0.0104812256866024,-835.618055186189
"765",765,0.478967334517375,0.751376786553475,0.0114425065136194,-839.327421259275
"766",766,0.241784461394352,0.673376146157908,0.00477895551719756,-838.975480711354
"767",767,0.75085158530991,0.728813744520743,0.00779751310654969,-836.839912734962
"768",768,0.232743633018608,0.653056435314326,0.00867889876864438,-837.046153835246
"769",769,0.764012254967642,0.579435693020388,0.00749696576117591,-833.067601660478
"770",770,0.754333576817781,0.590741767571667,0.0079886900250293,-833.192893462068
"771",771,0.785492397944995,0.632834067550703,0.00723057155591109,-834.122927578947
"772",772,0.810115333594444,0.642222597577759,0.00852340827681729,-834.179959150235
"773",773,0.421562854864539,0.587591753218897,0.00659291831710515,-834.255638470985
"774",774,0.762783647697793,0.552664277459626,0.010491997425239,-834.105531801559
"775",775,0.674981862202382,0.475741650945486,0.00954586622353589,-832.438913904626
"776",776,0.633750219542432,0.510366944231538,0.00932609091641071,-833.125276939567
"777",777,0.64597163360864,0.471650723050985,0.00930002325487944,-832.195651315997
"778",778,0.712147980173166,0.519586164075191,0.00655931646157677,-832.676856807309
"779",779,0.490988443206163,0.494831778364641,0.00606043409519384,-833.861789886082
"780",780,0.468280281768101,0.500635131688736,0.00826670821013647,-833.6250027218
"781",781,0.379831819863041,0.510581217152549,0.00690452308041562,-834.168094908521
"782",782,0.576229993192853,0.44157412419012,0.0102137343607383,-833.261686718646
"783",783,0.583984578527912,0.385727560552371,0.00663095028144826,-832.827986179954
"784",784,0.516935235681594,0.343204187977406,0.0113677296220191,-834.385307410916
"785",785,0.539632393689769,0.413381500147441,0.00773019334083941,-833.082310220251
"786",786,0.493773524817894,0.474772588535729,0.00813949618622004,-833.443353549485
"787",787,0.552562240984595,0.368292945960678,0.00721983711501145,-832.932400473119
"788",788,0.532735016969897,0.516582988903459,0.00885117865522246,-833.747034112557
"789",789,0.530935902926498,0.49555240289108,0.0140912677235566,-838.733671134036
"790",790,0.358085656172653,0.401716467376392,0.0118579739350351,-837.289406943768
"791",791,0.542967114902151,0.412215929653341,0.00751282702465522,-833.058222597545
"792",792,0.552452126376213,0.535888287261714,0.00740911488922722,-833.473287189486
"793",793,0.34153975432074,0.459692202022093,0.00680889287814907,-834.847830545056
"794",794,0.39214698296869,0.507000834343157,0.0106728446674699,-835.596749187481
"795",795,0.735002186313312,0.55766050148895,0.0110856556417493,-834.052767025806
"796",796,0.672881443019072,0.478731769111967,0.00849161440070046,-832.037052335245
"797",797,0.642240782990808,0.483334824705515,0.0059365069310719,-833.13086643517
"798",798,0.699903992985954,0.51997164329798,0.0129069901744488,-835.308139717052
"799",799,0.664581134589378,0.546223339245877,0.00541603296947997,-834.589155848779
"800",800,0.400370287319427,0.659526698001552,0.0107264335907982,-837.146509786547
"801",801,0.812901191993806,0.603060990427359,0.0105077457470526,-835.002346380478
"802",802,0.508571878987757,0.50609636927008,0.00677905427237806,-833.472133549621
"803",803,0.417905326418177,0.605117818265876,0.00975172111158093,-835.441854027737
"804",804,0.652563424755912,0.619600452490828,0.00898428027308846,-834.996048547156
"805",805,0.830669431976599,0.638633963850567,0.00737193529908379,-834.284725955343
"806",806,0.586975025503069,0.54106970115477,0.00715136959471108,-833.515414225528
"807",807,0.656158579307168,0.47935325838703,0.00625205262393059,-832.632310601202
"808",808,0.651312721535284,0.455387219864724,0.0102800882126654,-832.728478636809
"809",809,0.624093537044792,0.499588123909997,0.00748086668100646,-832.822936829215
"810",810,0.654375911802364,0.515360204951393,0.008253446164387,-832.62243563191
"811",811,0.504702126549267,0.347188221416695,0.0109597446890731,-834.368944056119
"812",812,0.563038977994788,0.380786451304142,0.00993519761538571,-832.89908227072
"813",813,0.460475141756469,0.557951493739194,0.00574674658678969,-834.37365221161
"814",814,0.632986812042075,0.540036245906364,0.00785197048634769,-833.396974603607
"815",815,0.368584707860763,0.493309739427401,0.00704630031019836,-834.264977084545
"816",816,0.742503681899773,0.628945581481037,0.00730780502070594,-834.519837045307
"817",817,0.535237791197023,0.633896674237427,0.0072340786686372,-834.417157268045
"818",818,0.778235605735267,0.583070267787197,0.00812856258459181,-833.22390231804
"819",819,0.713317124870075,0.590598497159252,0.0078962795508247,-833.696328267719
"820",820,0.727592632788158,0.517161462940953,0.00659134063961574,-832.88219427337
"821",821,0.414324905953855,0.532720457199758,0.00844608675959644,-834.070334843526
"822",822,0.423800955833432,0.512003986705248,0.00592476670048774,-834.295567650549
"823",823,0.537234749390303,0.608863885318366,0.00847277087832744,-834.452026243243
"824",824,0.764212729211738,0.519066060625291,0.00764945817783037,-833.872868348056
"825",825,0.573721764345042,0.586885811016424,0.00744213975617301,-833.950617798346
"826",826,0.463440747900465,0.673037441116403,0.00745396488082952,-834.938178674473
"827",827,0.717449414420968,0.531375442812487,0.0106096970470239,-833.417471618334
"828",828,0.694432105335002,0.501477723309242,0.0110360796083639,-833.507654769206
"829",829,0.707477515897704,0.505215918684904,0.0069376091926874,-832.456265450648
"830",830,0.721639446618972,0.490365724124154,0.00897625341969691,-833.190771069354
"831",831,0.679270698072978,0.508225661574402,0.00945171562606152,-832.467313453446
"832",832,0.6834477337455,0.481267570590746,0.00718843690725989,-832.196737226225
"833",833,0.635431833131129,0.42161481883343,0.00725223181939698,-832.332995266522
"834",834,0.609714343125143,0.450035099839048,0.0079623174837559,-832.141235968171
"835",835,0.647250469953786,0.413564992933661,0.00735709316719267,-832.912080220789
"836",836,0.462137105940654,0.54571323676861,0.00505569259494905,-835.092021668424
"837",837,0.613465083349044,0.514850152057513,0.0118672020219303,-835.309946267334
"838",838,0.709674015508961,0.517900398864991,0.00633668583092642,-832.80336192126
"839",839,0.436472326371667,0.449600389126454,0.0059320863175645,-834.406537861989
"840",840,0.475600341832111,0.607213604197822,0.00762099886769629,-834.171075144269
"841",841,0.658796539198774,0.414983654161829,0.00855623798236451,-833.397749798741
"842",842,0.52643284006002,0.370083262626033,0.00751163773416945,-833.311647225479
"843",843,0.613100341130757,0.419804823771409,0.00783156067991567,-832.023362548701
"844",844,0.600359865429102,0.444581714872201,0.0070864096439413,-832.433676451411
"845",845,0.647521100183591,0.424847331565555,0.00787040313866149,-832.444917728396
"846",846,0.634169433155407,0.445913564534161,0.00869147042138662,-831.974361639421
"847",847,0.605702892600205,0.421428741162768,0.00896105810471505,-832.125466613855
"848",848,0.5992673436798,0.419491516670935,0.00923216550319616,-832.236322274865
"849",849,0.647581692405935,0.459935396044549,0.00798152726572363,-831.900882028334
"850",850,0.656857925198213,0.446555334719092,0.0098856045587769,-832.724832892938
"851",851,0.539068812535102,0.375910037635456,0.00657774084917781,-833.493539259417
"852",852,0.57662496979107,0.537328950340211,0.0087804488218829,-833.800006695993
"853",853,0.19670054093443,0.879963372792787,0.0108693858705621,-839.378622188933
"854",854,0.333607254669121,0.506305140612199,0.00806578186988569,-834.675684976831
"855",855,0.652248860080742,0.57170287758157,0.00858976412291377,-833.980317466503
"856",856,0.681653275201751,0.587911732281161,0.00753433226980307,-833.984267288224
"857",857,0.691324181852435,0.534498478236457,0.00890776968992774,-832.621559671996
"858",858,0.398889123994833,0.555368624329225,0.00584901721481076,-834.643698212619
"859",859,0.234281377875506,0.519887503978394,0.0059859338380875,-837.49624556078
"860",860,0.349944464063291,0.463058684496957,0.00881643798680492,-834.753252236573
"861",861,0.588053401121402,0.448758322550417,0.00647216364833266,-833.037171921779
"862",862,0.559218160874655,0.362899551119344,0.00866962741061341,-832.795019905226
"863",863,0.524881093528092,0.349292534707109,0.00961503855557874,-833.441206584698
"864",864,0.515225840417,0.357187815535471,0.00718716181792546,-833.736114278697
"865",865,0.581778248402835,0.373182768564555,0.00684211364028236,-832.970731190039
"866",866,0.360836243132564,0.66329142922455,0.00858084915686125,-835.748066783331
"867",867,0.491709329595803,0.459930199381041,0.00924423915247689,-833.878130767591
"868",868,0.463668919638013,0.422561324990486,0.00733546368061355,-833.758274299518
"869",869,0.606797152077662,0.436339986340307,0.00747313078976199,-832.117670864871
"870",870,0.511423639869648,0.481943976759498,0.00610978628222056,-833.767275338272
"871",871,0.667672404122136,0.469047482695705,0.0084633256073648,-832.036011113196
"872",872,0.66857053145751,0.489198373971136,0.0069639338906983,-832.215960455155
"873",873,0.375836427146985,0.777889259330925,0.00811129178925112,-836.504440173077
"874",874,0.938051027451811,0.73995091945235,0.00888878341586489,-836.986033533941
"875",875,0.883943603509769,0.616489480593678,0.00697957366988688,-836.968829879079
"876",876,0.824288029605234,0.609037156450133,0.00830978787342246,-834.20296800432
"877",877,0.769526847719934,0.598607006006967,0.00735026862453364,-833.38032692406
"878",878,0.562069774211976,0.337894178134183,0.00835242405695069,-833.68987061418
"879",879,0.541306331893865,0.593968666866285,0.00811390149522267,-834.136798678091
"880",880,0.62374405412375,0.488724803283454,0.0101600817742089,-833.184856423042
"881",881,0.643154517302142,0.502388009282637,0.0060732161430998,-833.327108470965
"882",882,0.586005687801864,0.487161859258425,0.00741348780094112,-833.051042107644
"883",883,0.674692387671571,0.478508667937211,0.0108428103170004,-833.22655687259
"884",884,0.60479857273308,0.391486859111856,0.00976266352066494,-832.928618600461
"885",885,0.589600492392506,0.442016580482848,0.00996239306705727,-832.852371995428
"886",886,0.660773447250775,0.617068581855652,0.00889005995218305,-834.89923719762
"887",887,0.572888441779892,0.554527606135487,0.00674716903353842,-833.709020704811
"888",888,0.535263024890783,0.662995029334376,0.00794006148870369,-834.930633058301
"889",889,0.526520301349169,0.315243658486107,0.00742245170526007,-834.328011730449
"890",890,0.480277292556137,0.662168556805845,0.00730847530862117,-834.75536273418
"891",891,0.569139769246784,0.597319419369815,0.00952362205137077,-834.976109888469
"892",892,0.662730368888041,0.404251633093093,0.00720260837444208,-834.235330228081
"893",893,0.421488272323907,0.484494201538024,0.00849042990095918,-833.923864908342
"894",894,0.706408429492621,0.510177220894037,0.00911975828541913,-832.475106380611
"895",895,0.716514047929213,0.524774675619215,0.0107066607722539,-833.479955269158
"896",896,0.782198636923247,0.637580919896056,0.00591440440890764,-835.121464177436
"897",897,0.391307853342079,0.683042922119018,0.00930151909375017,-836.247522471055
"898",898,0.761678519285161,0.561790697204495,0.00695935850796278,-833.102752413463
"899",899,0.550433287843331,0.489963102590975,0.00992000904836948,-834.11890104395
"900",900,0.617730647077994,0.450586472215665,0.00545905794175132,-833.610421999444
"901",901,0.649357509020324,0.671617150364703,0.00777163374307821,-835.366574117138
"902",902,0.462934335216269,0.788249586584069,0.00607408040890664,-836.686890094687
"903",903,0.522214915728063,0.312770394272687,0.0094837674985147,-834.307625358507
"904",904,0.4764230988641,0.388107340970438,0.00835980984753641,-833.987667712262
"905",905,0.548464484274957,0.40987648613491,0.00744869286527225,-832.963635353137
"906",906,0.574061868515893,0.399352778722598,0.0100149821398385,-832.765233133618
"907",907,0.610649480928032,0.44486014495045,0.00616685084833542,-832.858857766257
"908",908,0.606332611740106,0.474759119493431,0.00763247081316293,-832.638370631503
"909",909,0.669628884739611,0.410727671995787,0.00905878327810422,-834.463140508804
"910",910,0.393659028584506,0.492412928681918,0.0100203263592293,-834.995311550624
"911",911,0.723670028856523,0.58702753000712,0.0111356016731879,-834.695628789189
"912",912,0.716185928504577,0.490689327199773,0.00813172086751206,-832.748655899354
"913",913,0.358026274589401,0.469227895177712,0.00767680394885713,-834.39528286204
"914",914,0.43408696914946,0.455951885520622,0.00891776725499646,-834.053845429738
"915",915,0.422156091162544,0.629510584001026,0.00813842033765966,-834.727171565758
"916",916,0.580446754146771,0.568058749319173,0.00843480788716682,-833.984379167789
"917",917,0.653311880623008,0.501889558371639,0.00517225198020539,-834.275477636302
"918",918,0.681423765985378,0.499459536720753,0.0128053347211642,-835.011606603233
"919",919,0.648789675489141,0.45167747898604,0.00862871637957984,-832.012265959433
"920",920,0.611445370016658,0.493309297574891,0.00969263497025123,-833.310130686567
"921",921,0.65417549993353,0.422471577543371,0.00681652189762843,-832.972421356746
"922",922,0.659150826457774,0.509846214008257,0.01037694856824,-833.15566333552
"923",923,0.516135375298855,0.437707152405316,0.0108316552316735,-834.72133183208
"924",924,0.492436352768645,0.278976449943874,0.0075718211730907,-835.864793724874
"925",925,0.448171372187583,0.426298980886689,0.00941493557172942,-834.322412887412
"926",926,0.433575978032759,0.541043275487071,0.00563058569112907,-834.538772053736
"927",927,0.251389091908371,0.48696152577898,0.00703476809879868,-836.433029699127
"928",928,0.398261619074227,0.437205554588232,0.00584683758752249,-834.951371594576
"929",929,0.404549651111335,0.484181050128169,0.00630009340742897,-834.223917348512
"930",930,0.465770635576684,0.560468388156789,0.00826332045915365,-833.947762258491
"931",931,0.464333153783847,0.4001631795786,0.00811455307184081,-833.950918980841
"932",932,0.415624451483751,0.650622296293816,0.00645005880488723,-834.915898977759
"933",933,0.583407043355787,0.537924924164088,0.00936493294135842,-834.104700302752
"934",934,0.744809198860615,0.596178766864771,0.00706568508451032,-833.584418142298
"935",935,0.572325134726883,0.477822908076196,0.00696513525049563,-833.15960142745
"936",936,0.717484320760512,0.47772149982718,0.0055561525253848,-834.345601019476
"937",937,0.646775096181757,0.469130372897801,0.00457086729713611,-835.012280557179
"938",938,0.537988234918916,0.583160524849212,0.00779409364980705,-833.931457144467
"939",939,0.601104476329952,0.499562557920003,0.00787318043525406,-833.053662507984
"940",940,0.485292490855587,0.438328774313228,0.00919742284094058,-833.902557247543
"941",941,0.498372390046935,0.305451534741204,0.0104013999812795,-834.735033461068
"942",942,0.499204367063014,0.435468143430054,0.00615149349739554,-833.941067831168
"943",943,0.605151773886996,0.497666367042768,0.00499384258853051,-834.894143342039
"944",944,0.566540764811885,0.536047624483155,0.00617854377201458,-833.824404124353
"945",945,0.431624245434628,0.395260214772909,0.00800566476373578,-834.302211357171
"946",946,0.631478274244296,0.380379890460945,0.00729593272466322,-834.023008613505
"947",947,0.473517810227673,0.516120468258485,0.00749422502808539,-833.514270344784
"948",948,0.389081300629847,0.417259871176048,0.0089190959485068,-834.679272990764
"949",949,0.567225915268194,0.364521263580148,0.00931486628242368,-832.940805811971
"950",950,0.529102357087866,0.44082114428882,0.00955312982423362,-833.738133949196
"951",951,0.590178065710405,0.477840227319151,0.00571717921852265,-833.891524803185
"952",952,0.638727248856844,0.453543939571071,0.0104935486383516,-832.775333039452
"953",953,0.614563816845599,0.398111644770836,0.00884351756060535,-832.578657993174
"954",954,0.554893193402669,0.430867287250364,0.00732848783481682,-832.997085171321
"955",955,0.604053463463288,0.402162179782454,0.0102536494883271,-832.908605483719
"956",956,0.596190513163622,0.368454130317837,0.00802948964732049,-833.136202093913
"957",957,0.535891506591355,0.666079618151344,0.00710890511046911,-834.821458522174
"958",958,0.630566543661491,0.346584930173152,0.00955122907287681,-837.461926957891
"959",959,0.410336567153837,0.282401085222147,0.0147310379291862,-839.077612803588
"960",960,0.449595910885035,0.292962282907197,0.0134543809084991,-837.1867881179
"961",961,0.519028816270976,0.361496198662033,0.00543160922116839,-835.22151270302
"962",962,0.586706196537822,0.467495648839219,0.00800714917720069,-832.81337075145
"963",963,0.711986431715422,0.600409899588142,0.00843085321291123,-834.045053594664
"964",964,0.573170725249191,0.442622755260532,0.0111261823276734,-833.908184509266
"965",965,0.452720362362805,0.426524377554263,0.0106207800549064,-835.111823762064
"966",966,0.479549268805619,0.494579505032915,0.00925170698917687,-834.013860561492
"967",967,0.745580668241448,0.590321197587381,0.0113960823251329,-834.774980215144
"968",968,0.769288195397379,0.628800262482084,0.0081602867362625,-834.057143265994
"969",969,0.462282898856771,0.500030910466604,0.00819405407821061,-833.626731818546
"970",970,0.394082962321902,0.520802974712399,0.00656587186961193,-834.156617423094
"971",971,0.421862008645563,0.459728748840902,0.00906084981404165,-834.195758430354
"972",972,0.386313005660596,0.559507417999476,0.00936237925338945,-834.90673326601
"973",973,0.627798140933654,0.397150336676094,0.00928903622784836,-833.176733695047
"974",974,0.619112413446866,0.51047603962723,0.00605734825513889,-833.687532985385
"975",975,0.59698605668613,0.571478440284452,0.00604034877555933,-834.224117676998
"976",976,0.501673687824331,0.579642934437243,0.0100064287147114,-835.162733549455
"977",977,0.661504277315782,0.473537980470301,0.00893803090067825,-832.079101330663
"978",978,0.650143437964073,0.483088695065778,0.0101197455187782,-832.663131504441
"979",979,0.66703055275541,0.500724493734374,0.00804309640752104,-832.136973531114
"980",980,0.681002607084538,0.497112246908346,0.00840172154377113,-832.074812431901
"981",981,0.62638565936696,0.502607522861758,0.00696741979951548,-832.988230977879
"982",982,0.566270523950423,0.432381391199918,0.00770412215091798,-832.755618225484
"983",983,0.556989862361832,0.404280297490648,0.00782018212243027,-832.675521171193
"984",984,0.563668463363978,0.471745562553365,0.00691015920937571,-833.192609647678
"985",985,0.604876932270412,0.419999260367399,0.0101427064171624,-832.62204390246
"986",986,0.595215712143582,0.417409499921818,0.00689521823181815,-832.388075392245
"987",987,0.589187105706687,0.402682326875463,0.0087399400100908,-832.222969876822
"988",988,0.640764945108502,0.661970414313883,0.0103700763563673,-836.797488128217
"989",989,0.446056091686299,0.74681879732151,0.00688909908914244,-835.956321333996
"990",990,0.39508684451538,0.868768434338969,0.00751855910284216,-836.96649054103
"991",991,0.516691439736742,0.332848841267101,0.00952151002604582,-833.729131670912
"992",992,0.512295105037996,0.370908207386542,0.00887906822863102,-833.553204038308
"993",993,0.41067426814903,0.449578890242279,0.00672527169444665,-834.12886345485
"994",994,0.532700389042712,0.340576408032428,0.00744757927974753,-833.488365190516
"995",995,0.561768714795139,0.332962290801282,0.00775671269561231,-833.978953736755
"996",996,0.555313919587673,0.391231642004494,0.00943985714877223,-832.789000252825
"997",997,0.54936877473945,0.403859248800208,0.0119009438081068,-834.372511945831
"998",998,0.453191259249453,0.321095637821358,0.010062659231809,-835.456227707086
"999",999,0.512834414409603,0.587914025256861,0.00747811178525374,-833.924595757984
"1000",1000,0.50985800101928,0.568403523541144,0.00729759316956835,-833.743588558324
