"","i","asc1","desc1","pol1","p"
"1",1,0.324757372125305,1.10301720075311,0.052274184254698,-919.779317130977
"2",2,0.770782108007978,1.06802553597255,0.01811785436115,-859.051049554546
"3",3,0.0495016357815585,1.0822723853837,0.0143546605990757,-852.08709911375
"4",4,0.715568088132887,0.677904587886263,0.00707483651685762,-835.686124372084
"5",5,0.845333251564283,0.618552243347126,0.0102236124513787,-835.737115700842
"6",6,0.583071303981526,0.609591923261736,0.00763546751813761,-834.251852278222
"7",7,0.538810592932992,0.407121825184882,0.00630893677216658,-833.684906911145
"8",8,0.52346624007188,0.540463493864759,0.00787612809238009,-833.583161056743
"9",9,0.533984400862461,0.404712861598822,0.00833439293908872,-833.136524729198
"10",10,0.643350217251515,0.399406031448239,0.00743056291828849,-833.432024201304
"11",11,0.462348040310883,0.460458460472402,0.00800383898139203,-833.579370845882
"12",12,0.61081723568983,0.580356844352836,0.00572087101176139,-834.58820268381
"13",13,0.385204482166668,0.412761439913579,0.0063830409694951,-834.991019052433
"14",14,0.557795454949267,0.488368391059677,0.0070043229885545,-833.245681859294
"15",15,0.647441711231317,0.536827548796812,0.00864479163424975,-833.318797181235
"16",16,0.601853316091742,0.442323701084585,0.00858905281978591,-832.197483763064
"17",17,0.555211117732546,0.492522155147808,0.0075981928809446,-833.205989105939
"18",18,0.616030536503797,0.569332336039737,0.00763875099039102,-833.803918705753
"19",19,0.464765455453596,0.440374308368678,0.00971679109613995,-834.332850257333
"20",20,0.618119890953712,0.445607678789229,0.00736624800120534,-832.081248862259
"21",21,0.466992602861242,0.337983885189987,0.0100524711926507,-835.003867813105
"22",22,0.535270208021239,0.399907024031392,0.00793396720674539,-833.093724989984
"23",23,0.480932549469212,0.352043730105305,0.008974035381034,-834.333815327956
"24",24,0.59893708766727,0.460112268358681,0.00732950783612391,-832.596013437325
"25",25,0.738633545493323,0.600011948103311,0.00961610360532252,-833.955458754489
"26",26,0.757218531551996,0.550281035742459,0.00851199822552687,-832.984923410988
"27",27,0.674598831315382,0.547738278239223,0.00916637924664034,-833.298113958959
"28",28,0.601425238370224,0.50711885575162,0.0107141161365409,-834.417912746577
"29",29,0.7147251029066,0.519436151436295,0.0103129877600793,-833.193488998833
"30",30,0.634910913840055,0.559387325755647,0.00976013643683141,-834.431607472152
"31",31,0.454636310260406,0.38353509764873,0.00616128558634704,-834.881182750213
"32",32,0.642586899106742,0.690038911559556,0.00882588725687946,-836.098742656835
"33",33,0.797633784257767,0.650149369363405,0.00900111178749251,-834.528418063804
"34",34,0.789781059014583,0.566504038424227,0.00976606067232526,-834.286248081952
"35",35,0.639130094496463,0.462311547781351,0.0074096561966624,-832.006421352753
"36",36,0.609571746702669,0.484143722600026,0.00937203544830176,-833.006968274517
"37",37,0.625919387667521,0.448550679529134,0.00831568726944476,-831.939526935574
"38",38,0.561604394770439,0.415703361047387,0.00649478644311167,-833.197712555064
"39",39,0.625117874267641,0.452370786071893,0.00616437140059328,-832.741093900851
"40",40,0.669035516049894,0.518876803613475,0.0115113868186171,-834.015769981009
"41",41,0.676595140027394,0.499881074114817,0.0109815344613052,-833.313971726838
"42",42,0.692354317690888,0.550697388234109,0.00648107169483853,-833.373145750809
"43",43,0.673661225759626,0.688067859136837,0.0067148820685369,-835.723336900466
"44",44,0.390958600432644,0.418135848904283,0.00756321790542,-834.429890084607
"45",45,0.705643846436128,0.444391003687138,0.00961145606648189,-834.88667862137
"46",46,0.483665656532879,0.439620929089131,0.00651722333762299,-833.770602442207
"47",47,0.417576752127379,0.437828568627311,0.00834144828556075,-834.058490125669
"48",48,0.602883461838104,0.433514836488541,0.00458772928362682,-835.213313384047
"49",49,0.629004521356155,0.443777347854172,0.00536432617115179,-833.583620507029
"50",50,0.647233338648469,0.59541314867075,0.00954636932547526,-834.909877679254
"51",51,0.396462477721743,0.572303184250969,0.00641101142495576,-834.398048413591
"52",52,0.775224927902731,0.573762173455745,0.00659168082071639,-833.487944343227
"53",53,0.74654375467256,0.561019349362731,0.00913025399564005,-832.991243591928
"54",54,0.723763957323721,0.487739410216345,0.00940759791943924,-833.575512387482
"55",55,0.632263499746984,0.522576001681217,0.00811666222879865,-833.123454970985
"56",56,0.522899618068755,0.494783602137158,0.00711816483543732,-833.331433587786
"57",57,0.538112352207639,0.372205056939989,0.00781365762594633,-832.974026500163
"58",58,0.55976059142939,0.373549886708237,0.0112385596829421,-833.731090073901
"59",59,0.57003375164513,0.409088121117853,0.00779617779014268,-832.447255874063
"60",60,0.580646920022452,0.502397127013911,0.00752722143261629,-833.186456715949
"61",61,0.588694125043361,0.35745599353375,0.00816865191066573,-833.451189531213
"62",62,0.55593526585264,0.489970865621663,0.00616025289233709,-833.640693383195
"63",63,0.569149032359183,0.433613677293042,0.00490949705147029,-835.048408961762
"64",64,0.538713782246917,0.423586461275218,0.00744792729155936,-833.155279688611
"65",65,0.534765214925614,0.309177673992727,0.00782538065595397,-834.65504344152
"66",66,0.480800740774992,0.397330471759446,0.00760666229253013,-833.826755124809
"67",67,0.536546182381495,0.490460721551346,0.00711337867903993,-833.285818578075
"68",68,0.650360395700718,0.467133315659284,0.00725966132765875,-832.023673903512
"69",69,0.689374683054986,0.454921691743396,0.00898510072938872,-833.104361654068
"70",70,0.587400851974365,0.379647218909971,0.0110371021869162,-833.723676451665
"71",71,0.589605363169288,0.422078607552112,0.00846127553661908,-832.182847015609
"72",72,0.656593221916226,0.46776333489344,0.00904095285501885,-832.095264252706
"73",73,0.63597980816745,0.398111442240044,0.0117039462661276,-835.19243353993
"74",74,0.652184421580886,0.466791991722558,0.00760874872864213,-831.940762018046
"75",75,0.492404032620535,0.368370341500517,0.0104621154222124,-834.550233563305
"76",76,0.365579428080368,0.441264931979984,0.00915225361464174,-834.831849162312
"77",77,0.457504563091982,0.534145543656134,0.00545781544686961,-834.575964915338
"78",78,0.741616630970866,0.520455783296858,0.00650792953254167,-833.236865502964
"79",79,0.583118754596968,0.467331543953122,0.00790085585424492,-832.857897246887
"80",80,0.644272140362573,0.432015865518993,0.00777196497338153,-832.177057630612
"81",81,0.610023330234781,0.698062834597339,0.00759912285338048,-835.580918020615
"82",82,0.420552914326184,0.445734324928343,0.00805387004285119,-833.927220505672
"83",83,0.620381241762586,0.411680175488985,0.00703761862453228,-832.385172308733
"84",84,0.621120132896564,0.425062029344651,0.0111334305275818,-833.333457159671
"85",85,0.576528750106566,0.356971137028775,0.00674496307123293,-833.507724226358
"86",86,0.545870673394219,0.66148409772702,0.00539924925837972,-835.548979513604
"87",87,0.707981683488008,0.744230990629634,0.00665609526005008,-836.891483992664
"88",88,0.904783124644714,0.651624401010021,0.00707920946659633,-836.814895403323
"89",89,0.286707902963269,0.487537705848387,0.00637686029014756,-835.924953541945
"90",90,0.537832571713595,0.808210303737997,0.00860952406134103,-837.634037250436
"91",91,0.214211075495577,0.573249116496887,0.00701913060728403,-837.400443949547
"92",92,0.659692373245996,0.5539614077927,0.00828883873777842,-833.481941199639
"93",93,0.482315353878609,0.588793913803786,0.0073830176106928,-833.953039146743
"94",94,0.447406058987964,0.366112653941434,0.00780931925648252,-834.588824753537
"95",95,0.55019219440244,0.597946127851094,0.00590929932960911,-834.463901877402
"96",96,0.32814202456924,0.487463707570193,0.0103434480214645,-835.891074529287
"97",97,0.462427750402659,0.576509792230073,0.00605063014576291,-834.250028652431
"98",98,0.718553543460344,0.601307557112909,0.0105206205313088,-834.819712395899
"99",99,0.724878994159909,0.523200525413034,0.00853668578990215,-832.523865910906
"100",100,0.567379655309533,0.676025545412208,0.00764903982812018,-835.103840088982
"101",101,0.490858853242157,0.627060734484917,0.00605332264532308,-834.618515322414
"102",102,0.495013557015734,0.524231456132293,0.00812316319579231,-833.592354318883
"103",103,0.529734941672302,0.505435112820993,0.0068004140874275,-833.420751086137
"104",104,0.745495602240405,0.518622385933137,0.0097503691052503,-833.70410759247
"105",105,0.704026613278719,0.533827622470491,0.00887882724609255,-832.511963544546
"106",106,0.751978979290667,0.556513537661669,0.00738637226760112,-832.839355246274
"107",107,0.757549577969136,0.535717773465638,0.00973712987852553,-833.731395383541
"108",108,0.420427852650358,0.493998159961572,0.00904701646307472,-834.183882442772
"109",109,0.445990575904092,0.491626410074431,0.0109418207038053,-835.48966780039
"110",110,0.408789542714261,0.521423841694095,0.00527437975136865,-835.079676852053
"111",111,0.554746257288418,0.483682096235622,0.00554839760127314,-834.178526313868
"112",112,0.674518282818577,0.53371495740662,0.00573040621502627,-833.880739353473
"113",113,0.741595668635255,0.561020459118715,0.0055518053335114,-834.038609576452
"114",114,0.465821014371492,0.593568367843117,0.0063442632122221,-834.209861781655
"115",115,0.736558350961252,0.533407019430633,0.00803917109792642,-832.602644045186
"116",116,0.687700982712159,0.478146670453147,0.00858975749567861,-832.289849662331
"117",117,0.651278756517895,0.412549751927938,0.00704564888969107,-833.201705074125
"118",118,0.602222439426983,0.407343996079367,0.00839531795202267,-832.129795495925
"119",119,0.483594875560204,0.402907644860427,0.00939021816772387,-834.127881019746
"120",120,0.554226300909973,0.408120759353645,0.0103754281478978,-833.341787777818
"121",121,0.600895932975159,0.410325660743399,0.00575054282565114,-833.297967223538
"122",122,0.589585015806681,0.348732020308774,0.00875261146867637,-834.089575801527
"123",123,0.479303669730003,0.600599127784505,0.00997061354339578,-835.396990933791
"124",124,0.472254604458506,0.50613242571528,0.00649975251150325,-833.683481244877
"125",125,0.591535724661393,0.427456239446555,0.008330591564302,-832.185515500688
"126",126,0.531915970473074,0.350926681325526,0.0072480799849356,-833.402952172174
"127",127,0.566631725654998,0.766328260419883,0.00592693129901554,-836.66532059193
"128",128,0.775452411599548,0.771051493628816,0.00918502764012444,-838.442578326998
"129",129,0.757608665441035,0.767727107909348,0.00995679428865447,-838.885363455667
"130",130,0.640102292411135,0.456300445423106,0.0107806445925614,-832.970608799838
"131",131,0.627551461699531,0.490728369613819,0.00530278921391595,-834.226973962003
"132",132,0.506339501327926,0.644370959617894,0.00700161562091451,-834.519640389174
"133",133,0.406037885607373,0.614630914637449,0.00597931907473145,-834.863506268464
"134",134,0.446237846748819,0.435751943608665,0.00938217921176947,-834.274694985286
"135",135,0.497434187492175,0.465647569355755,0.0103615492351029,-834.618577151652
"136",136,0.573372837020842,0.438691377464996,0.00702868480036988,-832.871767767179
"137",137,0.298766872438043,0.783544271986077,0.00565569143475759,-837.205772864047
"138",138,0.196881414960333,0.598375068712153,0.00831897547761704,-837.672764364562
"139",139,0.891848189688561,0.734628860000504,0.00833370678492463,-836.257115559244
"140",140,0.166587365517977,0.706365502526222,0.00929952887474112,-838.769062369225
"141",141,0.929118994889613,0.692764771837711,0.00625096208453663,-837.302384343546
"142",142,0.676550518651546,0.662395413970969,0.0105761595243683,-837.002737598899
"143",143,0.320379849973016,0.747133447854827,0.00424489839129168,-838.841053279779
"144",144,0.248444723302342,0.599032508542902,0.0127681751023817,-840.235687227133
"145",145,0.335403781328479,0.538340751538029,0.0104934931871596,-836.093531675281
"146",146,0.743469047514998,0.577362351935693,0.00816398846714505,-832.976864783638
"147",147,0.646348454691934,0.397014948708411,0.00700083514918786,-833.829116200438
"148",148,0.445401098702245,0.503789962725426,0.00805236076292791,-833.676096193229
"149",149,0.545606717695968,0.376581283600918,0.00890465854944872,-832.814278330799
"150",150,0.544556245837062,0.493091489431821,0.0056500032524363,-834.095626813627
"151",151,0.51049587986634,0.496364369579869,0.00935049157991021,-833.967522212732
"152",152,0.685198454872137,0.534048351418803,0.00725279708003107,-832.696194598205
"153",153,0.673544422658836,0.479554037684382,0.00643569561600167,-832.477631884857
"154",154,0.35228086119544,0.480493730162218,0.00878707216677203,-834.661463674278
"155",155,0.304871368101528,0.506482466419199,0.00632814346153636,-835.515541860869
"156",156,0.715227505659625,0.489811454592636,0.00963592185408645,-833.272858688852
"157",157,0.590255580190487,0.384804205866167,0.00589503434682402,-833.48802029467
"158",158,0.573150207610918,0.365169405010538,0.00644774137054372,-833.377123580344
"159",159,0.55177590323399,0.647459444510978,0.00781695896167428,-834.711980653749
"160",160,0.429794107402423,0.557046567076417,0.0111880539538537,-836.250970847801
"161",161,0.387655674788865,0.50979508867308,0.0056089618951728,-834.89804707658
"162",162,0.408289498779038,0.680647110884879,0.00756281680237441,-835.25603436956
"163",163,0.875772268119408,0.636728947027502,0.00958239832049025,-836.289609066754
"164",164,0.648181523903246,0.398012676515685,0.0123119466748952,-836.503409360707
"165",165,0.647711848510346,0.618017972240107,0.0098281299767472,-835.522050129433
"166",166,0.633123503068831,0.430947284782323,0.0105781038869141,-833.002169795539
"167",167,0.634126481657968,0.442645693659036,0.00791703216265572,-831.917567891571
"168",168,0.61032335628567,0.552362700346751,0.00778916104837472,-833.619071028769
"169",169,0.474138324682154,0.419377077929313,0.0105329818304364,-834.877721950498
"170",170,0.542635638054729,0.372117186662062,0.00676454557622003,-833.302925880131
"171",171,0.631310903020884,0.607314313187521,0.0108033830021104,-836.193295658835
"172",172,0.465396220639112,0.365483749200545,0.00650653776466066,-834.851161848811
"173",173,0.534842730970408,0.34589578382461,0.0103169078770807,-833.660015013076
"174",174,0.494884569141344,0.402765948251138,0.0097895386408983,-834.19722954767
"175",175,0.490627863925307,0.290100865952891,0.0112049347654326,-835.573857650488
"176",176,0.451130950386201,0.61170352304998,0.0101135050701804,-835.712646652543
"177",177,0.679488831891676,0.549705544466445,0.0100936663401248,-833.671759097646
"178",178,0.55556698910276,0.36794510644045,0.00639124812415578,-833.403690496629
"179",179,0.561518690775068,0.518255752348996,0.00670633946116791,-833.467694201015
"180",180,0.515029288448305,0.499068076714671,0.00599498700660416,-833.849685447291
"181",181,0.415029387853276,0.867824025220851,0.0100475739611987,-838.631946420382
"182",182,0.449294740219837,0.897120536655866,0.00676347898500086,-837.508716255175
"183",183,0.270655525449704,0.699842010676715,0.00630738357176584,-836.772205119439
"184",184,0.965357468173838,0.714772507503827,0.00880957015488342,-838.439849815069
"185",185,0.186237753850153,0.898204049809322,0.00840565678636123,-838.859566575314
"186",186,0.298386001415954,0.621386153250577,0.00725176150073343,-835.759954803407
"187",187,0.449258446609993,0.633127654751267,0.00679935726202404,-834.495649945149
"188",188,0.298292794693013,0.359532897214389,0.0111782052266675,-838.331204388275
"189",189,0.37453594470329,0.426849393520822,0.0100850315151814,-835.379948674842
"190",190,0.68249710617169,0.478655997042486,0.0065985837820068,-832.461697201845
"191",191,0.680937859119087,0.49812736778267,0.00844703376270719,-832.086205397049
"192",192,0.676816850463982,0.490880536695432,0.00749848118962945,-832.055039652153
"193",193,0.667704020283304,0.460199911671847,0.00861895890778156,-832.174186491227
"194",194,0.522195313813581,0.559044139463339,0.00607916454160677,-834.024279495076
"195",195,0.475910350769729,0.517415905149794,0.0100949819304666,-834.74191370265
"196",196,0.443161667301598,0.586228673814598,0.00529284297538104,-835.058130269242
"197",197,0.377032575191547,0.541797373963397,0.00908020547591908,-834.689883557044
"198",198,0.361785245446353,0.361659279768098,0.00799208582393186,-835.802800643253
"199",199,0.53457818756537,0.388175504504073,0.0105091854077421,-833.655648655834
"200",200,0.629005731412302,0.529912895505743,0.00850952904927837,-833.363915145049
"201",201,0.622271684305895,0.520547004180605,0.00672856054264413,-833.373126913884
"202",202,0.611772531801794,0.535431537688421,0.00761059803425161,-833.409113198888
"203",203,0.515480663164688,0.369736303479429,0.0069418751266628,-833.796209102018
"204",204,0.573402484945769,0.387485580222662,0.010464692309862,-833.071123916619
"205",205,0.58969889016454,0.507615705062221,0.0086503690987802,-833.383369423224
"206",206,0.705358895215995,0.494227280479755,0.00830813870869343,-832.384499560819
"207",207,0.716467964099267,0.563557685479968,0.00883256207609781,-832.981554465593
"208",208,0.491070177946846,0.366862414060262,0.00761047807806992,-834.032815931308
"209",209,0.508746167199686,0.515883212063354,0.00751146201152558,-833.417594647453
"210",210,0.758991691217793,0.577985118130533,0.00723626580215729,-833.082996791202
"211",211,0.556271291436289,0.425349556016786,0.00606831055557559,-833.658005870052
"212",212,0.670958116393659,0.423215556444888,0.00758343581864814,-833.474998721378
"213",213,0.553696153536617,0.385847061552464,0.00799915356113313,-832.638347085486
"214",214,0.605923031597253,0.433741961572755,0.0105523797795243,-832.849898394221
"215",215,0.620987788164563,0.444477758982107,0.0060313101435054,-832.850928941777
"216",216,0.649953311330508,0.489510679629607,0.00770337337367724,-832.172257294174
"217",217,0.677898725694111,0.445195849526225,0.00774668570338276,-832.768069693728
"218",218,0.662770600095945,0.519032115014471,0.0086377160592842,-832.612196702871
"219",219,0.65858673623706,0.42778473923293,0.00803984867275815,-832.709454687976
"220",220,0.564858963453136,0.391640119640302,0.00770460234569974,-832.494440154432
"221",221,0.534861801242387,0.467039592540162,0.0075124579130324,-833.199189930389
"222",222,0.486615392853977,0.569445474014628,0.00573337200619992,-834.378392433954
"223",223,0.603525002738837,0.464391280770778,0.0129067012168295,-835.146944097168
"224",224,0.646886984540306,0.498379674539767,0.00446158276479619,-835.649233281682
"225",225,0.679756569765855,0.609855841408976,0.00642780340473095,-834.648511832402
"226",226,0.607033696028296,0.501430616280757,0.0094114578182394,-833.425937782009
"227",227,0.694608003530465,0.477785017964577,0.00763043500663646,-832.380222005895
"228",228,0.676220722063582,0.48406342351331,0.00826455774411492,-832.016646622982
"229",229,0.705929994218868,0.558613105724595,0.00705180933201619,-833.082896601977
"230",230,0.585967662406307,0.629879734703681,0.00607216704889697,-834.780475582304
"231",231,0.456162810538809,0.405372901067247,0.00583893106781098,-834.808758216318
"232",232,0.533881394035917,0.532112942139908,0.0114766341546705,-836.028349246487
"233",233,0.658189990442158,0.513602198823648,0.00721824289333227,-832.645117102042
"234",234,0.661614015070124,0.497631600924539,0.00835062348001788,-832.1552610179
"235",235,0.680280021211423,0.458713054346034,0.00759923713769333,-832.427759782979
"236",236,0.696815063681832,0.551956188638325,0.00792577143535174,-832.852923069246
"237",237,0.708437364169004,0.494891051713602,0.00860771707901118,-832.512241264443
"238",238,0.689367657209633,0.500537300006649,0.00886588962696177,-832.225290707273
"239",239,0.68517175790306,0.510264998347522,0.00916043776536976,-832.361248062266
"240",240,0.715727450340616,0.516617847859502,0.0105717903286792,-833.410521093117
"241",241,0.664555329487551,0.463936001842412,0.0107913333288409,-833.183593804935
"242",242,0.613032161280407,0.521918241701163,0.00819952913979038,-833.297399748635
"243",243,0.492131570525229,0.43840756394525,0.00677873616728824,-833.611841815382
"244",244,0.390469736716325,0.523243869741773,0.00809537733256244,-834.093942054584
"245",245,0.47159999079082,0.576687141418913,0.0101739193349074,-835.32241580533
"246",246,0.491422303278251,0.528759090556893,0.00989153292528148,-834.610716386675
"247",247,0.624148408455648,0.59275251022051,0.00676747568932617,-834.169942722109
"248",248,0.329959478091116,0.664007690849164,0.0073764169071542,-835.695024785702
"249",249,0.650941524556791,0.489606830785004,0.00893373663525301,-832.249883798283
"250",250,0.657023821704855,0.594029054525992,0.00781057173623442,-834.164917958668
"251",251,0.642726908155183,0.473081559148109,0.00736543385568279,-832.08942451431
"252",252,0.658391693652626,0.474733064579585,0.00659134274280608,-832.344531412114
"253",253,0.643296207376523,0.455066102234957,0.00882493347277711,-832.004642354917
"254",254,0.612073415932232,0.418302318333897,0.00724170159938592,-832.154145233318
"255",255,0.46690264789855,0.450904538709812,0.00806416649116969,-833.590097339131
"256",256,0.470391504757732,0.528646928181236,0.00791646912834153,-833.631535368879
"257",257,0.455267468238217,0.476949056623952,0.00755178783030727,-833.546482315421
"258",258,0.641305615322243,0.480316532460012,0.00867631711906657,-832.163761832401
"259",259,0.701934210799096,0.567725251899034,0.00754127542703944,-833.247150919717
"260",260,0.786633550719767,0.54544355920227,0.00803108249883884,-834.061164328054
"261",261,0.392019892562592,0.63567136567442,0.00551013489304361,-835.522769965348
"262",262,0.390013810289401,0.62863870109387,0.00768795695664931,-834.782664864027
"263",263,0.816853623615194,0.614936274503113,0.0106462412629706,-835.119967366995
"264",264,0.809398175244399,0.627253542447107,0.00933067921944998,-834.211000409949
"265",265,0.78104996627095,0.546395280419996,0.00678174341886636,-833.930198560547
"266",266,0.539260080644554,0.444418505626426,0.00477356912749219,-835.432036433065
"267",267,0.341322772782304,0.752013329549863,0.0065199594554897,-836.249864692845
"268",268,0.606033460970054,0.610450512707711,0.0085150847986653,-834.579455002037
"269",269,0.617212727551822,0.57622309429935,0.0103466227567089,-835.267991920229
"270",270,0.62572933722976,0.638356383190204,0.0102032157858642,-836.203564626041
"271",271,0.754594017624667,0.49005701122313,0.00651284301258103,-834.999640909833
"272",272,0.59437234577077,0.531381360460699,0.00969319407583971,-834.183798373663
"273",273,0.355517528995971,0.538283037131636,0.0084057148778002,-834.574196283827
"274",274,0.77352417913044,0.62369404264993,0.00690894178983581,-834.102977256426
"275",275,0.784789441934474,0.623317537089882,0.00840720322388981,-833.798319187874
"276",276,0.807465220536019,0.600443778466385,0.0069658891078673,-833.900655839512
"277",277,0.677720564800221,0.587346755861088,0.00884253543914806,-834.214232242327
"278",278,0.3765934736143,0.411652789172826,0.00693464970283985,-834.832814950282
"279",279,0.546693805007825,0.497169579094781,0.00782618179119276,-833.270147031276
"280",280,0.551863166283848,0.349396326025513,0.0101492415410487,-833.557100887411
"281",281,0.55296766510605,0.448182280822865,0.00717691146358122,-833.114152712414
"282",282,0.57747882603733,0.406391088559505,0.0102058162497583,-832.827996971084
"283",283,0.6025721250121,0.440843316824989,0.00754716921410474,-832.204604853124
"284",284,0.553739154646744,0.470271752286147,0.0106866041393107,-834.454256472231
"285",285,0.465203218769437,0.381139108297372,0.00946451910003627,-834.512306059964
"286",286,0.562491448556521,0.421140828579715,0.00745521343328597,-832.77106648561
"287",287,0.647306186192803,0.401327433590615,0.00857418522914076,-833.585485071608
"288",288,0.581823467520346,0.416163792694015,0.00972309519593308,-832.587187788428
"289",289,0.595509971351259,0.620631223586527,0.00985981685912872,-835.593193148451
"290",290,0.359426950588031,0.59389660241255,0.00922764432636259,-835.340013198812
"291",291,0.802913839854719,0.561417792436214,0.00816683710890123,-834.353821431727
"292",292,0.648824337115036,0.575999691897183,0.00895817617908368,-834.222001607247
"293",293,0.662585172380163,0.450401905130464,0.00936626730787816,-832.508866069329
"294",294,0.606545048590019,0.476851949732554,0.00911622479395272,-832.824121462116
"295",295,0.619861605016911,0.435594879493998,0.00712805337272566,-832.107400099301
"296",296,0.609655124488504,0.374467058269129,0.00842515313136324,-833.338335695798
"297",297,0.644831287368258,0.613833686677352,0.00584236233690221,-834.963133026743
"298",298,0.840487739189274,0.598648585376847,0.0118178549185202,-837.498432510647
"299",299,0.828194688004588,0.652494610120148,0.0112030610111809,-835.869625964904
"300",300,0.864132081894595,0.666837986772032,0.00721502784901747,-835.029976947544
"301",301,0.44322543966973,0.48408120030025,0.0074762840169492,-833.606221053294
"302",302,0.719090845531571,0.55767126674243,0.0121415625989866,-834.927845633136
"303",303,0.73184042488222,0.519353554056927,0.00478876238071877,-835.002651762536
"304",304,0.587962359254144,0.58757992387916,0.0056251375237616,-834.681406357896
"305",305,0.559497698874043,0.575003383472466,0.00594392842114868,-834.254717947864
"306",306,0.788178208068477,0.579132892373808,0.0100288834066122,-834.194454715766
"307",307,0.737990804549766,0.559248335510721,0.0111640434107521,-834.149753124619
"308",308,0.745104512267975,0.560087153264607,0.0110731969814013,-834.153018776416
"309",309,0.518637921880382,0.500276339139246,0.00570366809399435,-834.092232460475
"310",310,0.544524111784975,0.497906955962658,0.00954098400258254,-833.96292725474
"311",311,0.62971877289504,0.383420564017675,0.00821529687113498,-833.696018597269
"312",312,0.492895854105991,0.419987189533526,0.00983844254679882,-834.225495083356
"313",313,0.500529416393437,0.593872230054054,0.00924645666386282,-834.730427180798
"314",314,0.44549702434088,0.594265457568469,0.00407038867713233,-837.231728328816
"315",315,0.516419623188789,0.46580221339998,0.00406658219727875,-836.951919664244
"316",316,0.60685817178305,0.401336002352033,0.00829727439993002,-832.257438400321
"317",317,0.535322839553046,0.319697797176055,0.00827122098277264,-834.042716288254
"318",318,0.541427973619061,0.608764427610668,0.00680239946313143,-834.172447101762
"319",319,0.603690088217183,0.473136870664777,0.011321636419617,-833.999197346955
"320",320,0.694843833262031,0.509990544096655,0.0087970589552581,-832.2622697296
"321",321,0.694304148979952,0.523164990706145,0.00648202520692662,-832.760834583616
"322",322,0.662545130970926,0.473558725850805,0.00588300619225851,-832.917043329684
"323",323,0.484486434661433,0.609463929182165,0.00965537973354938,-835.232658368115
"324",324,0.596752912689111,0.56456843721301,0.00641662635053876,-833.94624139278
"325",325,0.356487640720931,0.513704568112504,0.00711346687610631,-834.384135125297
"326",326,0.726513634480549,0.529235113408364,0.00970705285079649,-832.97470868297
"327",327,0.69492179573712,0.544272342621543,0.00917898951007149,-832.877356046541
"328",328,0.712860587828144,0.534197238818853,0.00660629957045382,-832.761500390172
"329",329,0.751612911710545,0.584052967297219,0.00761942971221125,-833.09700161058
"330",330,0.758927861772463,0.552687526140519,0.00856285584183364,-833.01700863415
"331",331,0.480482421394846,0.322355555728931,0.00991121692558239,-834.632105687294
"332",332,0.438788407555797,0.375922900385781,0.00583033850061961,-835.501615089665
"333",333,0.380316620333883,0.484337966029205,0.00836716170982982,-834.213681679853
"334",334,0.736255441731027,0.490274443158759,0.00786076652914368,-833.614735242245
"335",335,0.456023807160299,0.479625735106256,0.00691850995609006,-833.612716446376
"336",336,0.747500054422292,0.492441130212283,0.00540326922056666,-835.390881809273
"337",337,0.52929266215468,0.507918956186378,0.00556670606407738,-834.224792121865
"338",338,0.744191933991242,0.518514640814979,0.0101173323998586,-833.891226908294
"339",339,0.681123571699086,0.487949597040414,0.00757174997394344,-832.058656710185
"340",340,0.671270285309385,0.486108742933188,0.00780224370160511,-831.988197049407
"341",341,0.670106476683245,0.468557660313454,0.00886547032283524,-832.169621249465
"342",342,0.635313781996102,0.482043819004568,0.00955565611746999,-832.543384641396
"343",343,0.690481580806346,0.532961422696522,0.0102145593234515,-833.163031296984
"344",344,0.719290285128931,0.51252836175699,0.0103465084938835,-833.371645064894
"345",345,0.715231452606377,0.495517888474481,0.00931884003017468,-832.960205796956
"346",346,0.646906207357268,0.495878562497128,0.00698049374647809,-832.541997205044
"347",347,0.67232735744624,0.529634078286207,0.00907919032859641,-832.819861752222
"348",348,0.434065956287049,0.579572443300403,0.00669143702167638,-834.100511415837
"349",349,0.718568406317639,0.510929970849567,0.0100589361552251,-833.183856056783
"350",350,0.641972640935555,0.443597197368503,0.00678495346884665,-832.247940785919
"351",351,0.636902510787581,0.504033719180183,0.00743520723860503,-832.723963889219
"352",352,0.481636738646472,0.445271840233425,0.00786064033395402,-833.495635697115
"353",353,0.40771622011511,0.566601867413357,0.00862168802132992,-834.399132838575
"354",354,0.368953408777028,0.513365322742524,0.00724640424984203,-834.21961499632
"355",355,0.658875361707587,0.51813836942515,0.0106578405028318,-833.525340815773
"356",356,0.694707097814143,0.545169660525243,0.0105449162098875,-833.577782412083
"357",357,0.725320653999686,0.906679405393485,0.00853480414709703,-840.648477284277
"358",358,0.134147650408731,0.840273946752223,0.0119691542137315,-841.758519887419
"359",359,0.291461231525325,0.423599640645339,0.00393407132218064,-840.695912341215
"360",360,0.582060393557501,0.415285415881528,0.0152887140856019,-837.396520472359
"361",361,0.585731572037974,0.366478149270923,0.00600528587871072,-833.868767874511
"362",362,0.518039720020029,0.582489048815013,0.00714616475664379,-833.863215375243
"363",363,0.683664200916158,0.436570058677981,0.00829343917981416,-833.470584371594
"364",364,0.632597604138693,0.42626910714166,0.00824455191048954,-832.101254834916
"365",365,0.499297967330425,0.436113490352051,0.00747109316196384,-833.423465205664
"366",366,0.34451152795916,0.497746789812546,0.00631636149551029,-834.875783270977
"367",367,0.492022149571472,0.583355240904629,0.00876565290188657,-834.329218906985
"368",368,0.675272852831625,0.425222980202605,0.00661954447618926,-833.865412594905
"369",369,0.423299145755565,0.673616396545299,0.00637968338062397,-835.157255415455
"370",370,0.571057141678824,0.513258260060536,0.00837201657317455,-833.426998651069
"371",371,0.307247628483513,0.470319575374197,0.00874281054336919,-835.31570673892
"372",372,0.574033750223782,0.496965655346072,0.00728524232724557,-833.189304119466
"373",373,0.373061564928248,0.553363852458351,0.00807328565584267,-834.377413910488
"374",374,0.69056342389346,0.596386859691455,0.00942696367690577,-834.549985601727
"375",375,0.81313268822181,0.65932466146742,0.00918040307371648,-834.731973984896
"376",376,0.808179051111974,0.591488792716396,0.00869013883030137,-834.002636423384
"377",377,0.610526866926076,0.489896026914689,0.0116378606737798,-834.501899094714
"378",378,0.581146932555221,0.38381860133154,0.00694387642686268,-832.681737677838
"379",379,0.564554186452582,0.442470770695411,0.00705294332542936,-833.015805035041
"380",380,0.681033325172324,0.516676077191583,0.00630041958349295,-832.89802330193
"381",381,0.654509568096966,0.479753930773293,0.00986060567556884,-832.472026244796
"382",382,0.67619093090807,0.484392173420483,0.00606600236618109,-832.783274575156
"383",383,0.717856386975615,0.485264331582961,0.00626877444858221,-833.442922683775
"384",384,0.531880948154626,0.517935376594482,0.00559432014796118,-834.218768856122
"385",385,0.342315870526825,0.560475406104604,0.00678580700016747,-834.77291333171
"386",386,0.595361145202714,0.613283646870151,0.00716317118002269,-834.292785880221
"387",387,0.538625702689291,0.566294631868297,0.00776538415156006,-833.763634122106
"388",388,0.70280849054198,0.551280826503721,0.00661426164108175,-833.159748314936
"389",389,0.629263368050476,0.471647907673721,0.00763949618062064,-832.183825134484
"390",390,0.490764354577536,0.427957847817573,0.00654628264880799,-833.792484673272
"391",391,0.652735643524273,0.427972908412158,0.00805369620221726,-832.5040238013
"392",392,0.535702911017434,0.509078149874639,0.00718906251234993,-833.345645407497
"393",393,0.433472932367345,0.60481902321884,0.00750806308296246,-834.258956053183
"394",394,0.365050483583213,0.640734631203441,0.00669005379330127,-835.138906658695
"395",395,0.785307504833387,0.537142181926816,0.00808431737135848,-834.310615663307
"396",396,0.66378491026231,0.686111247095088,0.00818233048768001,-835.792392192114
"397",397,0.56328590835374,0.703993674802108,0.00759904498440852,-835.494364796342
"398",398,0.469961777873199,0.667553940074736,0.00677366394687617,-834.845242394616
"399",399,0.339470244802647,0.619816846305373,0.00767968000057614,-835.178586085583
"400",400,0.551044960969653,0.539896599605156,0.00900906749328307,-833.987291733284
"401",401,0.679728200869641,0.453616734518789,0.00914018273643393,-832.833476723975
"402",402,0.596796386140443,0.437283568619185,0.00880372540763754,-832.257414184358
"403",403,0.631608908932126,0.572057732652978,0.00742251411930686,-833.831902507284
"404",404,0.803194826401626,0.582047484015168,0.00862375429705088,-833.958124680105
"405",405,0.319558823859054,0.690734743393448,0.00855381163708703,-836.283383881891
"406",406,0.467433353179996,0.432649874221694,0.00645602938957815,-833.95225178656
"407",407,0.61602687018964,0.43816842020232,0.0092417880155223,-832.159891117866
"408",408,0.665814072878033,0.51987161674811,0.00789005510714262,-832.537640289929
"409",409,0.673774946032383,0.493847252565834,0.00819170901020511,-832.028981216452
"410",410,0.702511932092952,0.528866423435908,0.00826274038517836,-832.336481855925
"411",411,0.693038789363103,0.56366710134385,0.00736703741222063,-833.30693443626
"412",412,0.699082764435179,0.461247079729332,0.0086882663035688,-833.175976486699
"413",413,0.616106051901731,0.41162058373543,0.0113238168074342,-833.656367873097
"414",414,0.596321918690377,0.46264938912047,0.0094081272043113,-832.849694028636
"415",415,0.618195656479548,0.413564274485187,0.00721595614975894,-832.259384712561
"416",416,0.609324200456723,0.552826170482632,0.00865366438664141,-833.859001055938
"417",417,0.75632387886954,0.486806938993764,0.00860742479004232,-835.240622602397
"418",418,0.317583252826622,0.484526320568426,0.00519680224212132,-836.534778910268
"419",419,0.305408580920196,0.493473398690517,0.0105367883305642,-836.365372501259
"420",420,0.519960708076253,0.348385193997348,0.00923578206664374,-833.441798905982
"421",421,0.55708065157507,0.339585793695255,0.0072974723550157,-833.657305027577
"422",422,0.584291654842528,0.366118873891981,0.00793465164433559,-832.935159887407
"423",423,0.59105128484633,0.353747189874571,0.00798034840646526,-833.74594119126
"424",424,0.4817860707673,0.599426375622816,0.00712901164751428,-834.048149480407
"425",425,0.624556901212344,0.369751133756178,0.00592238384046054,-835.167746034492
"426",426,0.501476613362037,0.481013253162062,0.00497535426826623,-835.053458164195
"427",427,0.676404966377487,0.451670726961672,0.00833383703839293,-832.538304835147
"428",428,0.670448751063369,0.499595873121301,0.00615935938046573,-832.84042265633
"429",429,0.650847759374867,0.54093896107461,0.00807119182576722,-833.272496887999
"430",430,0.633903406530356,0.479660618076386,0.0100696108556056,-832.764168831382
"431",431,0.620469288954873,0.405614639765318,0.00885518560241273,-832.486184295641
"432",432,0.54483593087432,0.372354560793075,0.0121870835795343,-834.501400817291
"433",433,0.55446555244755,0.400944416117381,0.00562001829044859,-834.128424154953
"434",434,0.586510180784552,0.430180438488194,0.00827282830903272,-832.299341909074
"435",435,0.666208933351225,0.518793126764221,0.00532292862132623,-834.197107556833
"436",436,0.677638163514785,0.478386990086681,0.00694960022606046,-832.232411248527
"437",437,0.553800872748872,0.415296839657012,0.0110251421040939,-833.826193481172
"438",438,0.430211737052673,0.607568755778122,0.0101916217757563,-835.798570290722
"439",439,0.506686222776057,0.4552910845715,0.00628276904580638,-833.71776774823
"440",440,0.478767164740181,0.635962947820328,0.00729899361524272,-834.439154809435
"441",441,0.883877142241406,0.647681049273264,0.00733152832775384,-835.804183891687
"442",442,0.873325859559966,0.637510350932924,0.00497074733427519,-837.369389808962
"443",443,0.320034281520247,0.576642481122455,0.0103689644621478,-836.451020696035
"444",444,0.302856212894536,0.493281861933554,0.00769847288562709,-835.144867831345
"445",445,0.727781940706041,0.551355108942552,0.00710578645146607,-832.733327942133
"446",446,0.293876027446401,0.487330289621525,0.00705143670425698,-835.441042047787
"447",447,0.31914341691885,0.57569756314124,0.00698071526654013,-835.132762114675
"448",448,0.519423202350001,0.425319554526215,0.00647007694003586,-833.675802253927
"449",449,0.492699253311547,0.537045900717507,0.006337448903421,-833.791657992916
"450",450,0.574967221962939,0.360690873686685,0.00665268759642827,-833.396910291363
"451",451,0.563376889015403,0.393359601571257,0.00779375030289501,-832.50289135779
"452",452,0.585813859069064,0.420269633449116,0.00769228468631492,-832.261114418982
"453",453,0.618195558217496,0.463622971181776,0.0074973509961097,-832.264515561909
"454",454,0.614804269435432,0.365745781789177,0.00704853498150692,-834.211413661901
"455",455,0.491973074469744,0.608894372398115,0.00784806426033009,-834.217480359392
"456",456,0.524625741246504,0.356332754987918,0.0116526466695322,-834.391139328095
"457",457,0.512075683600541,0.389376862778903,0.0106588009548896,-834.312970577399
"458",458,0.524799318556787,0.330937242788403,0.0103521720426819,-834.011118174009
"459",459,0.519344212204707,0.414122163047759,0.00606093781672828,-834.044767787254
"460",460,0.384419320296149,0.622902939786306,0.00805429850345357,-834.858169081225
"461",461,0.677584807473894,0.539394880644433,0.00883869706508583,-832.919937340173
"462",462,0.760921931906784,0.526433979958431,0.00927939119711652,-833.872369740475
"463",463,0.75636912426697,0.515935987185154,0.00774878852277197,-833.600072829469
"464",464,0.736504698982231,0.525785890227503,0.00843255234376731,-832.724956343229
"465",465,0.495660129064555,0.507391976628292,0.00519790507471993,-834.72199157525
"466",466,0.488588743501581,0.472454966158219,0.00514494265417,-834.869807709656
"467",467,0.395533665971514,0.536226274697682,0.0118476721786558,-836.972034558417
"468",468,0.564593528729489,0.301400730505091,0.0103858232017441,-837.346816140397
"469",469,0.547153820274304,0.448858894608802,0.00575769445143567,-834.002270610391
"470",470,0.597006262819802,0.374752630525162,0.0109492836524005,-834.085827922508
"471",471,0.547520820647247,0.476956374451561,0.00568606995333814,-834.04274477997
"472",472,0.366122630257992,0.519663018629761,0.0065549067624648,-834.448508472943
"473",473,0.720359414728585,0.620995172562912,0.00652108283797641,-834.782275087687
"474",474,0.592710248147296,0.40673086418626,0.00640069128363045,-832.741315805403
"475",475,0.596352229857237,0.534260791188968,0.00575029481467703,-834.157577086748
"476",476,0.596555252658517,0.571330724592708,0.0085164610409821,-834.053670396612
"477",477,0.716411001249845,0.575485022555893,0.00604691585766995,-834.026891235834
"478",478,0.517807121124831,0.469164458542974,0.00899096243938344,-833.629143337365
"479",479,0.587135791749624,0.421079430302487,0.004507331643423,-835.566174534126
"480",480,0.594460868006146,0.410317835242426,0.0127660683933617,-834.711107198572
"481",481,0.640600259742448,0.508290827453922,0.0120790878803673,-834.696029703532
"482",482,0.675456564279966,0.505795352513556,0.0141115393009241,-836.445581817267
"483",483,0.668408402818443,0.507694549285526,0.0113490299902176,-833.696851821367
"484",484,0.667537692472246,0.480489501790458,0.00629025552613891,-832.569714917688
"485",485,0.675096840488732,0.490271214245274,0.00934934573316788,-832.299184638078
"486",486,0.718351768682772,0.542124675989367,0.00931849676481676,-832.754922488298
"487",487,0.688585938439509,0.504921511227816,0.00653689738041949,-832.532101683881
"488",488,0.381853984598779,0.436218043780291,0.00832034981146217,-834.402753078276
"489",489,0.636211434992017,0.505028822442863,0.00880479887411501,-832.788528423365
"490",490,0.731473251109484,0.560911629086088,0.00739416805280654,-832.788649999019
"491",491,0.722162304087406,0.465346756658165,0.00860219487602509,-834.206059055122
"492",492,0.464767065646399,0.40118202160173,0.00617015987264252,-834.504103768542
"493",493,0.46244558441713,0.485398561000949,0.00684903215516619,-833.592494660962
"494",494,0.689350206084111,0.467606300989626,0.00908332960293094,-832.719553523963
"495",495,0.424333000488315,0.485413835425766,0.00726748812771799,-833.735788634078
"496",496,0.664330303203432,0.520019977074745,0.00723489250374889,-832.68778373221
"497",497,0.706335681517758,0.546711815230553,0.00779352317639092,-832.618722571783
"498",498,0.539771496293383,0.352878325386261,0.00934137703603996,-833.162960891398
"499",499,0.548502379804306,0.506070374339376,0.00622260100942505,-833.657586216139
"500",500,0.610886735159714,0.690516864811087,0.00622845993993707,-835.590464520091
"501",501,0.489733508556504,0.528539170657073,0.00653438930173533,-833.674495172012
"502",502,0.60978435705106,0.481913929324851,0.0125729913739919,-835.107731832429
"503",503,0.697543243809358,0.563047564173641,0.00931390793051234,-833.383161254894
"504",504,0.660453819430538,0.493231103081952,0.00875273849911397,-832.164932566181
"505",505,0.673482261010798,0.495293424635357,0.00796221336783251,-832.035749155009
"506",506,0.608933250083698,0.363826551926597,0.00876468448273247,-834.018150370676
"507",507,0.485401780675575,0.416365661683301,0.007290380043131,-833.659012457325
"508",508,0.447435047968328,0.53832362477068,0.00618532386311061,-834.029246559
"509",509,0.663503340208194,0.498788878979264,0.0055173283968839,-833.592927006036
"510",510,0.706004721266897,0.454877063853089,0.00551689386293023,-834.837319929585
"511",511,0.665469936788043,0.468520499974232,0.0102411090551104,-832.761979637662
"512",512,0.671223739229367,0.494830690547843,0.00690219108326771,-832.285656655945
"513",513,0.719793872476887,0.52978660552819,0.00729400663613873,-832.457110062992
"514",514,0.714567849676688,0.524856362511653,0.00970161030758324,-832.814000114223
"515",515,0.707471376798853,0.513964271119506,0.00755448702678715,-832.268462934956
"516",516,0.69496529795011,0.511389760412409,0.0109077263305375,-833.395390080095
"517",517,0.628182777751658,0.508947533017488,0.00781997935969301,-832.905447042568
"518",518,0.680879700793523,0.500039043251154,0.00629335100337781,-832.674716614084
"519",519,0.689530530173025,0.464176064536846,0.00753468914578122,-832.571224729124
"520",520,0.66590309123234,0.478569896455729,0.00706843202175491,-832.118180688507
"521",521,0.676314264237405,0.582271011963557,0.00699302092664794,-833.989395950556
"522",522,0.510109536584058,0.422888100866317,0.00715674431188758,-833.467634238766
"523",523,0.643135473393813,0.449290578222973,0.0109874463841997,-833.188735655267
"524",524,0.654221808184194,0.54124780319938,0.00528588001921446,-834.733880425095
"525",525,0.597403278663573,0.607869424545965,0.00869842836752672,-834.620841078031
"526",526,0.405177644426532,0.359551435540952,0.00902363609940883,-835.371420967267
"527",527,0.605662823162233,0.593054307727176,0.00666336666173421,-834.161845695607
"528",528,0.387104958652636,0.813395371062663,0.00691407320160945,-836.522961466124
"529",529,0.517041692303958,0.717297334119226,0.00726816844928291,-835.524307720649
"530",530,0.896659562059756,0.708501904952787,0.00930367479640831,-836.131211621686
"531",531,0.90096217407779,0.692092432996026,0.0106105386307635,-837.046905195037
"532",532,0.840697785431243,0.64149196901003,0.0103028478527102,-835.360834703008
"533",533,0.793786995171945,0.629477544953041,0.0101990057603442,-834.60309251871
"534",534,0.805646245946492,0.565955234942222,0.00585399985360137,-835.061141260728
"535",535,0.600566412564384,0.421458097796631,0.00729629385178039,-832.172591785779
"536",536,0.591265652054036,0.426552337799533,0.00928049042811952,-832.361337174485
"537",537,0.64860653906122,0.502286222519973,0.00887307344995418,-832.513458076134
"538",538,0.65834355034275,0.510773298156436,0.00688419187610118,-832.714773026329
"539",539,0.670411284648662,0.456712882977195,0.00776775179817887,-832.207584133698
"540",540,0.606472636023269,0.518220023548878,0.00624631408703128,-833.653789136697
"541",541,0.398230814381296,0.534084914842625,0.00806370831852393,-834.065746260185
"542",542,0.288149702287054,0.545601019072835,0.0100037613953285,-836.377886557821
"543",543,0.634227281844188,0.398294685844001,0.00599888651283538,-833.845675889573
"544",544,0.614658726155696,0.460057075890801,0.0131799465064303,-835.179139335101
"545",545,0.697936453621173,0.468975919916797,0.00343906375148046,-838.713321525683
"546",546,0.603475756508166,0.411258053399678,0.00536122034322183,-833.791407149762
"547",547,0.625553176530038,0.409601816689593,0.00600813874540215,-833.191315729536
"548",548,0.645198904760858,0.472157715775306,0.00754383314680604,-832.014820485943
"549",549,0.642812011532256,0.514907282281984,0.00630950835611152,-833.367851842205
"550",550,0.490779164371019,0.51198565265512,0.0104551392911127,-834.968716321515
"551",551,0.640547374769447,0.452411483688689,0.0107765181667343,-832.984237099157
"552",552,0.622506912583034,0.442439963405266,0.00820867925527355,-831.931497127591
"553",553,0.574174733693505,0.535799082183537,0.00570640790231055,-834.190238117961
"554",554,0.514975721267064,0.53635010899003,0.00771970804280131,-833.538194512471
"555",555,0.577847190309654,0.527158478124215,0.0106757937513198,-834.974609174988
"556",556,0.476267181460551,0.411674080482055,0.0053727696883378,-835.103676947608
"557",557,0.436735485424803,0.6040354982915,0.00573481119599652,-834.7775465579
"558",558,0.671258715941041,0.610999471405129,0.00916941034553843,-834.91081773266
"559",559,0.730262894503752,0.616354884287303,0.00585054418468187,-835.116454962229
"560",560,0.699415031448892,0.627560362395744,0.00761387876706468,-834.710836646883
"561",561,0.506523303956828,0.368205735560221,0.00783435533707322,-833.691406538475
"562",562,0.48648021552313,0.413760627189641,0.00813340858351795,-833.652345736461
"563",563,0.477362114133421,0.395114527946784,0.00877928316223064,-834.008899864896
"564",564,0.611881722943331,0.447281754521,0.0101698463503681,-832.664087707453
"565",565,0.588053467187046,0.376443013737629,0.0113666057424983,-834.089475899208
"566",566,0.524008610636278,0.37971110543605,0.00594503676862477,-834.349652643717
"567",567,0.601015408461606,0.425299920727895,0.00674644408820774,-832.424156182722
"568",568,0.456693922589771,0.471207662189692,0.00839156719793091,-833.68858732362
"569",569,0.514234874207383,0.463253137967718,0.0104575218648236,-834.577578851223
"570",570,0.632998199350224,0.440847988108005,0.00746868930993655,-831.979866869744
"571",571,0.639869726569224,0.482667268336601,0.0102836747649273,-832.851781854794
"572",572,0.659926382489887,0.494321154858456,0.00690160944299382,-832.371654626575
"573",573,0.677800326215278,0.500043512501853,0.00820719353601869,-832.073223655795
"574",574,0.667187630508339,0.436657225155,0.00953675311027627,-833.156306942029
"575",575,0.644288043793114,0.450267240157084,0.0063663362434916,-832.479751113335
"576",576,0.633178891311606,0.451344867289762,0.00877619756430457,-831.988751500761
"577",577,0.636347506182448,0.41947444641361,0.0117246518599063,-834.29541532169
"578",578,0.620623398747386,0.456309368346525,0.0104056980547921,-832.793909602967
"579",579,0.655534752973868,0.472615059914195,0.00901847903363476,-832.086055184371
"580",580,0.626085501323783,0.404802500890868,0.00759948081823136,-832.537255432349
"581",581,0.569192157291751,0.387077946647394,0.00852863873472047,-832.416674030637
"582",582,0.591989080135717,0.460310640359939,0.00784581707871129,-832.632195178284
"583",583,0.638775908396484,0.47756981785282,0.00774177445088671,-832.123036809573
"584",584,0.657648559239257,0.437796505567753,0.0113190551312486,-834.030139343449
"585",585,0.551325600749046,0.380905298479113,0.011867734035547,-834.173100511023
"586",586,0.365711042363929,0.590906761178771,0.00381631872080741,-838.554118948661
"587",587,0.398544503658922,0.828654261880533,0.0122878007163388,-840.850470581045
"588",588,0.400850159982648,0.449286869984863,0.00610303969212817,-834.588377327761
"589",589,0.563903335348612,0.46063512919877,0.00523436621909505,-834.554053103351
"590",590,0.695081127672535,0.55940741823789,0.00965561271322253,-833.458166224193
"591",591,0.709111769364686,0.503215099140124,0.00767887588883578,-832.325232691744
"592",592,0.601089052293396,0.472820869662395,0.0064630998246955,-833.13121283746
"593",593,0.661948852744566,0.454253052493927,0.0102790774861608,-832.92624268438
"594",594,0.616819231116823,0.391943219073039,0.00934269855524658,-833.041536310876
"595",595,0.624120465500145,0.47370085876573,0.00945812536407972,-832.534689496937
"596",596,0.681254072115237,0.464736204213348,0.00897412481445132,-832.506925901971
"597",597,0.597359818675492,0.409586494357014,0.00699912381201296,-832.336036852056
"598",598,0.590023832383913,0.410612561864902,0.0086691467269581,-832.17229238023
"599",599,0.580869281071636,0.406475584801748,0.00795947997404618,-832.23922526646
"600",600,0.60904209625029,0.498376363386457,0.00920197001131142,-833.246806029976
"601",601,0.715858478607001,0.523300789380372,0.00607944864824869,-833.06853633692
"602",602,0.707135079921513,0.479140707618776,0.00897038201712061,-832.967602088006
"603",603,0.562281347204534,0.359933026508265,0.00912980224211223,-832.967978472415
"604",604,0.541038871919946,0.454063362690163,0.00851351237760821,-833.259779259671
"605",605,0.378389121492233,0.508851735834871,0.00819791942462973,-834.191670304039
"606",606,0.407955644446656,0.424097465988007,0.00807769722991805,-834.204590787439
"607",607,0.567997671264527,0.539568361779363,0.00943398478487275,-834.208384141974
"608",608,0.654428278072889,0.434905077443783,0.00719947472118076,-832.430475390733
"609",609,0.483421946692704,0.366165290622603,0.0105644511176863,-834.810342469239
"610",610,0.539953997546683,0.381479463028278,0.0112462572930085,-833.906488218071
"611",611,0.523739440155574,0.515719209012286,0.00642778223174809,-833.610017546213
"612",612,0.43224587778267,0.524164533889847,0.00706408230946933,-833.746104362402
"613",613,0.401742776992969,0.491840541946898,0.00611159683860441,-834.352810804529
"614",614,0.544617824810545,0.54505535612097,0.00669075238860281,-833.645280713069
"615",615,0.615058986199766,0.453037612984549,0.0106046854678409,-832.942535972341
"616",616,0.670275871580443,0.433745960857724,0.00629942564844222,-833.419929010263
"617",617,0.557850652927967,0.411673782176708,0.0079722242934869,-832.698811041682
"618",618,0.588968352868579,0.375447434827951,0.00863962518342746,-832.737384573732
"619",619,0.584027215764573,0.452928666041363,0.00698220386616861,-832.865855428959
"620",620,0.625214234369872,0.546607708573835,0.00756432439470135,-833.511117614587
"621",621,0.751173972779361,0.619848304312831,0.0087539583947736,-834.104039219002
"622",622,0.753529346797497,0.546201858937942,0.00821151904049217,-832.879262703055
"623",623,0.684565492400534,0.450822737001387,0.00766371844525149,-832.822111211298
"624",624,0.61404109028296,0.431141975510736,0.00722929035616969,-832.100474609338
"625",625,0.64631862853658,0.492712335741499,0.00982057086744591,-832.695699977686
"626",626,0.70507296343159,0.51837411624997,0.00780637128272577,-832.238208487458
"627",627,0.648334544486058,0.509289070991567,0.00988463683208934,-833.055667815111
"628",628,0.696878147201512,0.483362656695543,0.00747652775438687,-832.351546950648
"629",629,0.663532256516073,0.538395591137873,0.00765261974320466,-833.049765679396
"630",630,0.77980739921961,0.559703653747573,0.00834158034239615,-833.466251928192
"631",631,0.759472764252759,0.596599584715961,0.00732133862162194,-833.380806629203
"632",632,0.77697792023599,0.565974561846855,0.00655670223972945,-833.572371581266
"633",633,0.67148216688831,0.476398459303591,0.00719772990497014,-832.09823207692
"634",634,0.59055963493531,0.588159252469668,0.00527737260920249,-835.061361023828
"635",635,0.691263270263485,0.575029295621321,0.00778908529404804,-833.577631063873
"636",636,0.266615017988604,0.579852478644695,0.00850453686887651,-836.184728831071
"637",637,0.539866865136583,0.327190409488568,0.0070828732406187,-834.066424075982
"638",638,0.515793313346319,0.435894836335077,0.0104299716231997,-834.411003773712
"639",639,0.364128129397494,0.587382104789509,0.0122276085774841,-838.128451057912
"640",640,0.402838423028405,0.300196895404008,0.0104786353394117,-837.154293109
"641",641,0.525449421839994,0.544659314741755,0.00575302057643497,-834.182747320434
"642",642,0.384703302798618,0.53710280272911,0.00941262541837162,-834.802356143605
"643",643,0.700107888528602,0.465321458357112,0.00697774060077137,-833.044422452863
"644",644,0.710374134418521,0.517567872918868,0.0104883952787482,-833.255291714351
"645",645,0.634502695244851,0.519430693627042,0.00633937726971001,-833.497560177211
"646",646,0.63350109369145,0.49067366801777,0.00847060940736678,-832.454377450499
"647",647,0.681661080641691,0.525063617482721,0.0063145394850477,-833.044000897242
"648",648,0.697265255272694,0.484249141063602,0.0092464005973331,-832.637290780646
"649",649,0.50108549654281,0.481646458882611,0.00617019065772902,-833.757627922138
"650",650,0.518851258255376,0.44616609300463,0.00740804736420299,-833.287126711663
"651",651,0.57597063544594,0.437798334620359,0.00627841288410056,-833.26669253404
"652",652,0.6686261230405,0.538935558138922,0.00959716714659169,-833.325437080295
"653",653,0.662880567112915,0.528600283652883,0.00836033244500366,-832.811038947236
"654",654,0.747206220901368,0.609547544986651,0.00751030617417062,-833.812866229233
"655",655,0.751520276769248,0.551106822131815,0.00814961118344053,-832.803429403768
"656",656,0.330813739355832,0.503687844278496,0.00824520392417743,-834.748841169854
"657",657,0.459730900138828,0.438523982003658,0.00862647084031043,-833.829315509978
"658",658,0.411820786520852,0.542299334186508,0.00709733357473947,-833.935792764576
"659",659,0.393715806064001,0.615866832871559,0.0071921135945167,-834.582018579595
"660",660,0.858379561575244,0.649904901443539,0.00673166882723249,-835.05443203008
"661",661,0.661183001427398,0.618349607067842,0.00760855699456907,-834.528048129052
"662",662,0.826412499798359,0.654384773456311,0.00647226388530598,-834.837973781302
"663",663,0.882351966449656,0.717705117055072,0.00630881638184322,-836.396607781094
"664",664,0.857432508382527,0.593365843882958,0.0049647108918395,-837.947182241329
"665",665,0.755276070144442,0.484600960824285,0.00709029824701447,-835.177843641088
"666",666,0.678406420391435,0.477238576949997,0.007602411624946,-832.076470833239
"667",667,0.668912962142604,0.498992879349594,0.00903530680328273,-832.254210218772
"668",668,0.689287384700067,0.476873525843668,0.00730900406339457,-832.31952159118
"669",669,0.598877379435999,0.40124390362817,0.00727706552158361,-832.309134363928
"670",670,0.583311661861942,0.38958104466648,0.00814739490242938,-832.314069243534
"671",671,0.586350697872462,0.395799808258556,0.00808350827552882,-832.236699569567
"672",672,0.583307845100334,0.387317638835522,0.0101350494111985,-832.918286493866
"673",673,0.479437820546476,0.338420791294972,0.00762193283546476,-834.577500959492
"674",674,0.49415564032051,0.612951641321095,0.00760572980605495,-834.205581410719
"675",675,0.640268567230206,0.50453206064292,0.00790336689503185,-832.616192550309
"676",676,0.711687219004857,0.50686549862297,0.00704826196504544,-832.469585291664
"677",677,0.618249064792972,0.576360877358168,0.00828076576047307,-834.02595185392
"678",678,0.765604917165066,0.611479359865146,0.00815793594110022,-833.605521395485
"679",679,0.742535697553762,0.47509496813606,0.0101072836771394,-835.826498367704
"680",680,0.493036755631849,0.3949336460718,0.0079472475641287,-833.716607869875
"681",681,0.472437871473688,0.385110240421794,0.0075641607759214,-834.052559615089
"682",682,0.439308183896704,0.622145292074318,0.00694005100216459,-834.39928266964
"683",683,0.580221864240851,0.362910578946127,0.007303289573919,-833.093846833506
"684",684,0.388868170724336,0.395725417364589,0.00964569362445405,-835.260566168523
"685",685,0.434306052528292,0.466139002934527,0.00919811430243551,-834.172856221675
"686",686,0.667499201364848,0.486306535046442,0.00974057746130749,-832.442452370108
"687",687,0.714421696545551,0.490261958821501,0.00810831578390914,-832.696357395263
"688",688,0.642410874398253,0.458035646910334,0.00828286852807514,-831.908106034247
"689",689,0.651805573791687,0.483365724897829,0.00886353398104573,-832.135880512238
"690",690,0.547714904004753,0.436203458475039,0.00780646380965042,-833.044783533677
"691",691,0.407838433363062,0.343250765543833,0.00629470494268837,-836.29927325323
"692",692,0.558482379678037,0.369287230276128,0.00471801885019432,-835.68534419415
"693",693,0.570875311288958,0.393441116063413,0.00876674589127211,-832.40177465588
"694",694,0.568986778467524,0.378418128777887,0.00839522655141553,-832.493817536971
"695",695,0.468475605646488,0.385130056640264,0.00691108415466703,-834.266570754021
"696",696,0.439739127585969,0.42960428425449,0.00828649957098502,-833.925514389034
"697",697,0.596755515411914,0.431666254148104,0.00709929975174337,-832.348744591114
"698",698,0.55775005834723,0.508361363567416,0.00692440170389866,-833.354261367716
"699",699,0.649053219424728,0.515572881333867,0.00984902239749274,-833.183656790868
"700",700,0.540429693542349,0.411644801131977,0.00977116807915802,-833.428222901798
"701",701,0.626377274471245,0.434754084096222,0.0108796239868084,-833.080646834291
"702",702,0.616520626470014,0.48260890475656,0.00586260580768795,-833.564140500355
"703",703,0.536434000602008,0.434357950922939,0.00852375619180994,-833.238825786103
"704",704,0.602073415962215,0.422407895662895,0.0105634177963857,-832.864947603085
"705",705,0.581821459719312,0.446710129597969,0.00703248072033204,-832.813029816825
"706",706,0.552795745697415,0.348975814639954,0.00777400575814711,-833.145847746422
"707",707,0.541713378410155,0.386207144147622,0.00784913311686309,-832.907721337991
"708",708,0.523889856565855,0.309349556178538,0.00670861415115351,-834.971622422594
"709",709,0.543475433292896,0.568340984581513,0.00507950697376093,-835.069035004573
"710",710,0.515466253968743,0.530404149500661,0.00705280228232072,-833.497461575899
"711",711,0.356358675740131,0.55600686425341,0.00963325376524465,-835.316978215772
"712",712,0.605372716214219,0.433872350628084,0.00875265660158017,-832.097189792034
"713",713,0.522714118297317,0.49510678774751,0.00828164853290741,-833.427244570557
"714",714,0.512787344988138,0.300904049094106,0.0107326225098278,-835.16021040124
"715",715,0.491531543075811,0.269794049746297,0.00864667576458637,-836.120796860813
"716",716,0.455334325032118,0.428727232983786,0.00845013177935366,-833.856014106423
"717",717,0.619609751760123,0.454713598594929,0.00636387620908923,-832.670943783257
"718",718,0.636773135087719,0.475700393721719,0.00730032559015106,-832.217211776674
"719",719,0.625317704739391,0.434535785694928,0.00859310077950537,-831.984728383414
"720",720,0.602151181068593,0.418357058209946,0.00985415571427151,-832.482088247869
"721",721,0.369894028260378,0.462786709402158,0.00775005356767631,-834.286263535444
"722",722,0.523329226786394,0.353217219275378,0.00663950264038555,-833.898127903375
"723",723,0.586838895977172,0.412853788621729,0.00722475240228268,-832.336179510163
"724",724,0.504973250651103,0.45865861691929,0.00824654454078562,-833.411152292602
"725",725,0.54440302131734,0.363092837260934,0.00867957662374283,-832.873770430005
"726",726,0.551704938514099,0.471288059668104,0.00746600959147829,-833.136800646504
"727",727,0.301875261928276,0.478770997946007,0.00706963258435691,-835.317532380668
"728",728,0.578306675348482,0.492565550860996,0.00906688132315166,-833.458710042139
"729",729,0.666273957283307,0.44797433582597,0.00855969676962934,-832.382580176643
"730",730,0.567533322730419,0.578428870911362,0.00628947226695131,-834.087884125949
"731",731,0.518889005366395,0.690572172356607,0.00724706517505532,-835.136900599756
"732",732,0.548826413803223,0.414336199385716,0.00771440141563842,-832.929696834005
"733",733,0.601385022543248,0.470515269974094,0.00666606474348417,-832.97709935217
"734",734,0.665733648284274,0.466570273280389,0.00667589175955931,-832.321450564716
"735",735,0.685236520402377,0.499573808054564,0.00844601449675931,-832.105014720661
"736",736,0.669742961721063,0.501142887928731,0.00899338846845985,-832.263652429937
"737",737,0.718690487954801,0.535159645021789,0.00713392500881776,-832.532836454943
"738",738,0.748686819370832,0.551253444453543,0.00569523271098007,-833.828314500332
"739",739,0.744325254017767,0.517409080655975,0.00725502528135404,-833.099501688869
"740",740,0.425248205384292,0.476186613951181,0.00852554050862426,-833.915876600841
"741",741,0.633114599933888,0.401822314715575,0.00769865249448744,-832.85646686809
"742",742,0.575886115278311,0.395570770207283,0.00789830565471024,-832.315154183331
"743",743,0.607532155599735,0.387902951737524,0.00722921318351136,-832.753518294861
"744",744,0.583963502154589,0.413146405668356,0.00831390209660157,-832.207065618315
"745",745,0.585071850838691,0.403155548609781,0.00676682392862255,-832.574068474003
"746",746,0.615838782490291,0.448041754741224,0.00732952525632369,-832.141123532621
"747",747,0.621987500256932,0.428567742903633,0.00870344276447693,-832.037763306431
"748",748,0.604910544410327,0.432781373543833,0.00766324245367348,-832.076948770043
"749",749,0.638982172511253,0.466027185815715,0.00873035045660483,-832.025572452656
"750",750,0.591933355689266,0.441395553483523,0.008370500469789,-832.344244476393
"751",751,0.631613078429158,0.531384440375071,0.00821370704828787,-833.304598527719
"752",752,0.607006468572973,0.536860169013285,0.00923645833759759,-833.922806720884
"753",753,0.543793562128762,0.480223805279507,0.00818252979248487,-833.262632645857
"754",754,0.762198339612749,0.617947483832891,0.00797557335292429,-833.817314963038
"755",755,0.758850556668932,0.546718895185734,0.00849791662080188,-833.059241198277
"756",756,0.51846861239293,0.485212927112118,0.0124309134117651,-836.670935984826
"757",757,0.548221205489793,0.493336504196433,0.00669274690528839,-833.382653479071
"758",758,0.565369328135138,0.377964951972283,0.00847707808713867,-832.520292667971
"759",759,0.575611718011791,0.468902476645108,0.00770931873670286,-832.958103859271
"760",760,0.542080813141529,0.450219752125541,0.00662953521747979,-833.381731790896
"761",761,0.701463687796871,0.566050950926734,0.00629166610411785,-833.772352774185
"762",762,0.701006631800984,0.521320762999366,0.0121430853275857,-834.540853622139
"763",763,0.671180380941707,0.449312829277642,0.0052141217505133,-834.115133399901
"764",764,0.622130728854689,0.498268981385786,0.0109401208613491,-833.938875704031
"765",765,0.505893895235451,0.340450123934868,0.00762840721344296,-833.897959460722
"766",766,0.559504069340113,0.352227366805008,0.00863767137444299,-833.074036833311
"767",767,0.55958188895158,0.375817357865406,0.00878624222473428,-832.616804764532
"768",768,0.497952056779684,0.559157028129,0.00840933704267443,-833.927447120272
"769",769,0.723027333858751,0.516772229952513,0.0067119638842477,-832.733639226044
"770",770,0.812331253264937,0.599206577407493,0.00791744810998836,-833.897978036174
"771",771,0.45483705899711,0.540873138158305,0.00760499109795908,-833.698340698951
"772",772,0.431912942541244,0.504780044072036,0.00791597930380645,-833.722000636875
"773",773,0.741977860545241,0.515741399568477,0.00658826491253797,-833.299520220801
"774",774,0.380319654120584,0.460683927012359,0.00826318325397439,-834.252699044273
"775",775,0.621984038931655,0.438088003563567,0.00810842818802064,-831.92669190539
"776",776,0.560141701505775,0.439355278400746,0.00748176690926617,-832.941051875417
"777",777,0.563039915061497,0.441620127492481,0.0125683589676991,-835.2656594765
"778",778,0.562816471255745,0.41213099599129,0.00950330629599184,-832.818171870104
"779",779,0.614490895943837,0.406701460076642,0.0089932286893566,-832.383829244433
"780",780,0.612054166490793,0.430063376602815,0.0131828444524332,-835.084990785502
"781",781,0.601108622295586,0.364084740116052,0.00976678295744014,-834.035650316108
"782",782,0.539203497070223,0.38883586687844,0.00942016840007518,-833.109241030981
"783",783,0.542798259276876,0.410767519566657,0.00645473038054433,-833.519215561787
"784",784,0.642675350020083,0.59308634445167,0.00777214957783361,-834.145377214876
"785",785,0.602344852548548,0.573326652195386,0.00669931164356105,-833.931770132683
"786",786,0.449896866139719,0.559106995595731,0.00790333057357889,-833.881114832719
"787",787,0.60942655400951,0.383001184139014,0.0104062002656279,-833.760784718894
"788",788,0.561603911265251,0.405186366252873,0.00711953881022061,-832.782746778615
"789",789,0.428054127649098,0.434940735585142,0.00950292967630751,-834.480218366699
"790",790,0.549603528268312,0.369130408842267,0.011775210030337,-834.181948962182
"791",791,0.505065743768582,0.348501427114145,0.00832293314495791,-833.730718301187
"792",792,0.520675135134916,0.503001544607323,0.0069385176684836,-833.394511672125
"793",793,0.503885738498635,0.479975430682221,0.00712024601831021,-833.364977277567
"794",794,0.578532055492612,0.505350451225572,0.00763628906353762,-833.215417927146
"795",795,0.561452270815676,0.421636538939145,0.00676722981274048,-833.065210227629
"796",796,0.658952070468455,0.601188350239437,0.00854614291234793,-834.469928498289
"797",797,0.571597416082188,0.407812781194572,0.00829314810133189,-832.37704070209
"798",798,0.641108523048843,0.418105272913948,0.00779506544597097,-832.482862892312
"799",799,0.637314803673483,0.486255861414382,0.00972131471947099,-832.6624861725
"800",800,0.69741538170293,0.604845304847024,0.00912521178012977,-834.565696357501
"801",801,0.570685239570246,0.642675075145885,0.00701679909677626,-834.600774282138
"802",802,0.327723029132132,0.914546696994469,0.00646502001965109,-837.280621592925
"803",803,0.30389238803048,0.900179390039543,0.0101787571388964,-838.166439926319
"804",804,0.383446891376545,0.890424618502973,0.0104152380026091,-838.769776259716
"805",805,0.260000971487811,0.669975190199462,0.00773558210469377,-836.505586247897
"806",806,0.725393742632904,0.608300945898034,0.00847154370596864,-834.090685420738
"807",807,0.733255255668945,0.605247572018113,0.00744190610437885,-833.896135044923
"808",808,0.479910040630753,0.592509562224434,0.00622099418522568,-834.22777952425
"809",809,0.406941876883134,0.745562744608624,0.00946924100040701,-837.182896419963
"810",810,0.794643342902066,0.609671781356954,0.00902714382042005,-833.777461245303
"811",811,0.746002728185036,0.51801238784284,0.00859162576451732,-833.218112562504
"812",812,0.588102459440281,0.434587856236441,0.00853960675708318,-832.341606437446
"813",813,0.584763798891764,0.371895792294551,0.00693964432697367,-832.993877941147
"814",814,0.532988289835766,0.463815480447129,0.00706752867747182,-833.263766127563
"815",815,0.431897219804177,0.482244837976867,0.00722919381392879,-833.693372664004
"816",816,0.700398896369045,0.524610582551977,0.00613778328972091,-833.013660355503
"817",817,0.72489367597787,0.540517169148139,0.00793559843832315,-832.469718981591
"818",818,0.675729804943088,0.488382214771501,0.00822789784153911,-832.010357630003
"819",819,0.653810572206102,0.449880893708169,0.00704998763156111,-832.177192462777
"820",820,0.628832338096708,0.450790834410119,0.00652892330992301,-832.408808703381
"821",821,0.676164114389435,0.45709684810968,0.0070598628277226,-832.469645975079
"822",822,0.619926716391842,0.429410985957604,0.0111479651073269,-833.280436585762
"823",823,0.647561452660202,0.524399005227548,0.00863059201501216,-833.014868921442
"824",824,0.423185129349509,0.397699500197864,0.00688509347245254,-834.526233848773
"825",825,0.295771553564256,0.519631735168424,0.00719492525340059,-835.306118232862
"826",826,0.766152152859678,0.634794559228691,0.00727415151256543,-834.397374137008
"827",827,0.779077046378704,0.610751276605829,0.0072855615582429,-833.61431945126
"828",828,0.773081071336559,0.610625621985486,0.00783005923551595,-833.541182206274
"829",829,0.745009895575356,0.622665689793503,0.00814349762211832,-834.21331450499
"830",830,0.820235591373683,0.717719097327417,0.00779597756769907,-836.418444803647
"831",831,0.739702215682568,0.567428792688152,0.00789666837426767,-832.810922004937
"832",832,0.704716990048319,0.509675917581724,0.00701597191524514,-832.380689700192
"833",833,0.673854731815931,0.554404588149047,0.00961327174895728,-833.6813272736
"834",834,0.690473668518971,0.503048252022839,0.0113757282184372,-833.731897512697
"835",835,0.695216650259031,0.520719643042766,0.0102574507594337,-832.996761856871
"836",836,0.631538559607452,0.541154025084211,0.00466255349479339,-835.737168645873
"837",837,0.744350286852506,0.529413995560835,0.00906517818028297,-833.081090329673
"838",838,0.665009477005993,0.533194552036722,0.00873601864152312,-832.95289037856
"839",839,0.717546121459772,0.503622033708368,0.00876564203344941,-832.647998043835
"840",840,0.678514831021082,0.497510603524933,0.00793614913990911,-832.046766341126
"841",841,0.681908823844565,0.486353875500537,0.00678570683257524,-832.31451281671
"842",842,0.49070221478587,0.449938208502623,0.00698751220933963,-833.498268961912
"843",843,0.53478852081737,0.328756802641739,0.00968045726170301,-833.871345303403
"844",844,0.425026281172335,0.410460492703406,0.00899969651863388,-834.430446020462
"845",845,0.590747870895892,0.388608324051731,0.00901590788017601,-832.490887790701
"846",846,0.588147579080294,0.397833421288807,0.00705127653118331,-832.439295335113
"847",847,0.504860209807669,0.54522442893465,0.00744136365257588,-833.582922581851
"848",848,0.490560602243833,0.409611673666862,0.0087446687176769,-833.776270963392
"849",849,0.52600122755173,0.380806382347429,0.00851471616189381,-833.217040763331
"850",850,0.544970340093641,0.444326178717583,0.00677562189869629,-833.301888159307
"851",851,0.46271763231971,0.672028232640483,0.00839475038552203,-835.246445980749
"852",852,0.343334329744574,0.381974570302219,0.0107205246243208,-836.735032746724
"853",853,0.286837932385004,0.549336328825583,0.00816163899099489,-835.537525058981
"854",854,0.408575850007809,0.667039984033698,0.00640193889290196,-835.153539785695
"855",855,0.827904284013619,0.601878551292339,0.00796457497251752,-834.385635601923
"856",856,0.811801752638088,0.621432082935313,0.00572222905328564,-834.902963098409
"857",857,0.643393457030275,0.420067643721315,0.00629946915388672,-833.03433006572
"858",858,0.53073046028107,0.579929425731507,0.00689531265901599,-833.867836695048
"859",859,0.495208841059951,0.286570677579759,0.0103155349649552,-835.409974484182
"860",860,0.470811593495549,0.419498162258538,0.00639542822346257,-834.0833503353
"861",861,0.479591578360754,0.596404718634738,0.00755776854560333,-834.046712534067
"862",862,0.635461232101,0.409369169184534,0.00725992689366628,-832.70350547981
"863",863,0.594676469190058,0.390269390601768,0.0111729338027787,-833.664752733176
"864",864,0.579536117339496,0.394320950519772,0.00999733128878964,-832.747822822203
"865",865,0.582373762273584,0.47124502279809,0.00806101599361991,-832.917296184419
"866",866,0.692902019500048,0.465317937244858,0.00693062797692677,-832.795549342423
"867",867,0.523932554490194,0.492934807410355,0.0074905819121476,-833.294939202701
"868",868,0.651679866537174,0.455307432471081,0.00894133661446699,-832.0909034057
"869",869,0.638519484681051,0.538760070719883,0.00644163861467109,-833.67408637502
"870",870,0.505118037237759,0.441453139721128,0.00985988093707783,-834.138063140868
"871",871,0.456157504674291,0.408893997111242,0.0103563479668142,-834.944198731497
"872",872,0.676494773421918,0.420628073554769,0.00927182584812005,-834.335268875822
"873",873,0.503798290776719,0.526867601939628,0.00695085354574097,-833.516071646786
"874",874,0.559953340044538,0.536072249871733,0.00881065487111059,-833.832805964316
"875",875,0.604325192275937,0.450592744161424,0.00722838716173646,-832.389327692735
"876",876,0.607051146928788,0.385102241554228,0.00792858808233064,-832.731326384699
"877",877,0.52880752936019,0.570332322816324,0.00711131374240076,-833.758761911524
"878",878,0.402273900597148,0.66127688142489,0.00909580942423703,-835.733466700093
"879",879,0.881979735875768,0.626585849491083,0.0108290280956589,-837.955406822741
"880",880,0.397540695562559,0.72621437433469,0.00601845334518112,-836.064932750928
"881",881,0.554955108547841,0.646951262527958,0.00874865753708102,-835.12005400883
"882",882,0.403155892538644,0.452074186466823,0.0111184307979683,-835.86487316188
"883",883,0.68568214533526,0.544455127513951,0.00586327089404523,-833.833831224974
"884",884,0.757282957838357,0.49895280354636,0.00667936130244915,-834.60262291208
"885",885,0.462805983732713,0.496399656091972,0.00744028906100997,-833.509699217337
"886",886,0.456155410324167,0.488584226751995,0.00580006678382181,-834.221222042089
"887",887,0.565206294851563,0.473719224961742,0.00917469642455079,-833.42542457037
"888",888,0.490595286770647,0.476200206276978,0.0126935782668842,-837.10519540747
"889",889,0.426970072402145,0.412542692633051,0.00651352245142772,-834.454737814296
"890",890,0.597781363341265,0.419487216534207,0.00819145248795483,-832.063395931903
"891",891,0.560926410789933,0.440307953288143,0.0067580107297987,-833.170719291791
"892",892,0.455118388890407,0.589313128335301,0.00770342212052091,-834.063597018453
"893",893,0.752519913571996,0.541991825650192,0.00788608765875197,-832.86932104973
"894",894,0.452552136831092,0.398776978743963,0.0085733881204476,-834.15585704723
"895",895,0.495380870672527,0.554322323662746,0.00693794269036905,-833.685108426646
"896",896,0.472803024113455,0.452448041256135,0.00888637693842738,-833.810042866408
"897",897,0.30519302108202,0.412221004990289,0.00834275838855985,-835.812659437931
"898",898,0.359414551228403,0.457198996338992,0.00782698116739462,-834.4452510851
"899",899,0.698813789116058,0.484603912020628,0.0113453473788691,-834.106228417841
"900",900,0.701610537978262,0.486339637900991,0.0111690890632109,-833.999114397782
"901",901,0.621589582125796,0.41053725374511,0.00839854477447886,-832.278477678162
"902",902,0.601412617848621,0.447741461558202,0.00835283408238049,-832.254376826638
"903",903,0.587099220679682,0.595307439724091,0.00600687160097723,-834.451484641967
"904",904,0.600777604470085,0.49977471098227,0.0067482107793047,-833.252477016233
"905",905,0.581526916097867,0.4259685532034,0.00551681614919295,-833.889690042647
"906",906,0.648396598529514,0.482719617446899,0.00748201144755081,-832.125284869313
"907",907,0.705576245788158,0.57728935381688,0.00611077811132846,-834.15056784625
"908",908,0.70941103423,0.567659071359585,0.00644954887247373,-833.593554156897
"909",909,0.7137884947531,0.474405200309245,0.00745971048898133,-833.181490275628
"910",910,0.643671355063266,0.478622192234151,0.00842124435879877,-832.073153141661
"911",911,0.648100856628797,0.456460861759983,0.00694256580128456,-832.132249249101
"912",912,0.706274410918052,0.63990432729581,0.00687781976042792,-835.01997693005
"913",913,0.689674887205837,0.434152834985168,0.00643682285695241,-834.253870128099
"914",914,0.581266654694667,0.410896768172541,0.00952491257773117,-832.491618713768
"915",915,0.597611257929166,0.385885045948465,0.00725278765123519,-832.629434499127
"916",916,0.591348966659535,0.431138737309332,0.0144331164032425,-836.43065245781
"917",917,0.611991964374779,0.468868477053527,0.0137191366126734,-835.90057184059
"918",918,0.668728242005796,0.530090551966952,0.00732411043929847,-832.830038957482
"919",919,0.608788522775743,0.462537873674028,0.00621561926693169,-833.070672805102
"920",920,0.645801601868638,0.50028557179419,0.010086761028366,-832.99344464075
"921",921,0.702048667416049,0.526679992388256,0.0100327557809831,-832.92599151827
"922",922,0.751920088516605,0.54665612239793,0.00846182198480682,-832.883430137559
"923",923,0.741452103885492,0.509013183514297,0.00873739617806838,-833.339598054421
"924",924,0.520774777000361,0.414867964171039,0.0086281399294912,-833.411278725814
"925",925,0.65476138902235,0.435448781663434,0.00834840058854233,-832.365393394295
"926",926,0.582777315402198,0.438137581277959,0.00675126587754033,-832.838815400455
"927",927,0.668049770591161,0.467341352676805,0.00664967706268443,-832.352769817392
"928",928,0.67447047102121,0.523073347869468,0.00909467954514359,-832.63621664107
"929",929,0.688335236850703,0.455335654241248,0.0112004802645541,-834.507190999094
"930",930,0.667259741884349,0.440920092544528,0.0119000211115026,-834.821385201012
"931",931,0.571533378292033,0.350792121079593,0.00883356327726353,-833.368612597123
"932",932,0.539475876942314,0.439563886688888,0.00804006101762311,-833.145138169251
"933",933,0.623719046955156,0.40989933539665,0.00577877028769249,-833.389058569883
"934",934,0.582832340227971,0.454338538813442,0.00757617342258705,-832.734076928621
"935",935,0.59645420534159,0.496640779432107,0.0056794229663941,-834.006117863349
"936",936,0.65220567397741,0.470396382320884,0.00780486144458402,-831.929238649857
"937",937,0.694177305474713,0.529403430511663,0.00591555203993797,-833.345791692826
"938",938,0.334617324888241,0.523470254968845,0.00643935122469898,-834.928179889298
"939",939,0.665060131376283,0.510679832911731,0.00801496331337512,-832.340199581157
"940",940,0.731122221125741,0.534262411839326,0.00631919892668115,-833.03577145756
"941",941,0.521807560282647,0.473890688008622,0.0089686415292867,-833.614045523901
"942",942,0.580298713926215,0.417227834168942,0.0114645224799062,-833.639652903803
"943",943,0.367183717927471,0.376618967625619,0.00671293798730232,-835.73171565067
"944",944,0.36698270645773,0.567070025973665,0.00654033968986935,-834.594383142806
"945",945,0.402623490210565,0.459461130350285,0.00829099768269883,-834.056587984923
"946",946,0.655860997670054,0.470328166363729,0.00994734574926627,-832.489680379256
"947",947,0.651238034382065,0.435875841936712,0.00875298579333506,-832.351613347807
"948",948,0.657568964726536,0.442730200405797,0.0124901641708861,-835.006408381543
"949",949,0.603494726556357,0.4830135095808,0.0103307946141599,-833.57878019459
"950",950,0.654787337206917,0.469158577620108,0.00647698733072023,-832.40280545251
"951",951,0.601796119536357,0.518661198088061,0.00888390146494138,-833.53201613175
"952",952,0.457256203445398,0.678710649512061,0.00707899866829405,-834.990476437255
"953",953,0.636935017797229,0.50303321639746,0.00815858786409544,-832.639807760708
"954",954,0.617945971450405,0.496112973312476,0.015356352479674,-838.220193488994
"955",955,0.642158652746035,0.446153287912646,0.0131891726936326,-835.292965800596
"956",956,0.35457158820773,0.504251013164042,0.0106415783153354,-835.870504481035
"957",957,0.477989859156328,0.337453856620147,0.00400930635037093,-839.461427831776
"958",958,0.599251769649075,0.707439724861549,0.00855417232767871,-836.066732305678
"959",959,0.570166930554454,0.342993081582228,0.00564223528592722,-835.009376630935
"960",960,0.577330368279148,0.463076150884501,0.00859090865568598,-832.965305418091
"961",961,0.591095190471121,0.396593817589803,0.00761671242030621,-832.272861483268
"962",962,0.595457522345315,0.367074535307944,0.00889727176515962,-833.30601598521
"963",963,0.616836408621384,0.411127985646011,0.0105104957212286,-833.07666014542
"964",964,0.585850085173468,0.361274761546641,0.00614531480849366,-833.95316402254
"965",965,0.524428012888804,0.383083709493965,0.00869488480346839,-833.277687506954
"966",966,0.338168958000389,0.54498878762377,0.00618294533170695,-835.06183719334
"967",967,0.557429509301784,0.392251854317613,0.00949542063417314,-832.772954853194
"968",968,0.614236943355663,0.359717616429018,0.00859733270818982,-834.562406988818
"969",969,0.416970705630802,0.333778501182381,0.00674124344794694,-836.121559703154
"970",970,0.447645279765669,0.783025090519307,0.00692566861293795,-836.440897768275
"971",971,0.563172332181725,0.687489347979064,0.00642931912786844,-835.276875419415
"972",972,0.550758241530543,0.32950216218607,0.00940409425912941,-834.030371661074
"973",973,0.492089539035275,0.364011369029735,0.00626367503447655,-834.726451705166
"974",974,0.552908890297041,0.495403061908557,0.00802046567822072,-833.271216875367
"975",975,0.669968508436462,0.563401891937539,0.0102795620314331,-834.3793737406
"976",976,0.578781868112887,0.369246173263909,0.00706842043103609,-832.94634229876
"977",977,0.567321823310104,0.496000607323246,0.00694465282153762,-833.269588584626
"978",978,0.495502942140025,0.541669464285724,0.00717790132449874,-833.579119214578
"979",979,0.494581255380772,0.45929792108925,0.00851130649553752,-833.539984394958
"980",980,0.365556752687932,0.540194870736713,0.0101510815010277,-835.520550316225
"981",981,0.287035794720864,1.05288555477319,0.00980925429012267,-838.931096266745
"982",982,0.373327343922008,1.10264834642297,0.00529364187352905,-840.137763059806
"983",983,0.316385932554707,0.334954984980052,0.0100218525687515,-837.809002009788
"984",984,0.368846319361308,0.359644256789259,0.00661058778393972,-836.198416467065
"985",985,0.380471188461361,0.571507775468069,0.009230390390907,-834.961663888792
"986",986,0.665900366999986,0.519926714691963,0.0082654693620741,-832.537330003884
"987",987,0.663097761602198,0.475185460641583,0.00732225428797729,-832.025472398572
"988",988,0.611884629317782,0.466328310095781,0.00900538669936704,-832.475550464577
"989",989,0.520551080878877,0.541235912190156,0.00472267423105772,-835.480760036557
"990",990,0.560440394962823,0.482888642547181,0.00603023761424427,-833.712318760231
"991",991,0.711192247985031,0.488778239699763,0.010865154146861,-834.010500053344
"992",992,0.572003050086156,0.351029644712226,0.00631037357994043,-833.978257995224
"993",993,0.520299185080188,0.611888699752095,0.008066363707801,-834.31076169045
"994",994,0.734377464449987,0.56613227838936,0.00719737673945455,-832.923824502322
"995",995,0.527174400000148,0.433384085807081,0.00989517217120265,-833.912829300843
"996",996,0.617731455629495,0.422720539989696,0.00689638847242169,-832.263993381453
"997",997,0.640308720011649,0.420253601009632,0.00989249796661464,-833.002037914286
"998",998,0.654382888846171,0.507108271330794,0.00798912953643509,-832.427726027052
"999",999,0.708662293613889,0.521052274417668,0.00949998182123442,-832.650978392546
"1000",1000,0.724480557289716,0.50773984838503,0.0076905838982495,-832.617242446205
