"","i","asc1","desc1","pol1","p"
"1",1,0.0235428781012424,1.47196402261617,0.960230256462203,-2613.43707727704
"2",2,0.0401442534290011,1.48829165256953,0.939045257824053,-2561.21927241104
"3",3,0.0268786370255083,1.53063973620522,0.896319126585907,-2449.15890246699
"4",4,0.0267370375260162,1.55610954721424,0.896627167226778,-2432.39157146334
"5",5,0.033034379770891,1.91346000501033,0.881686392094189,-2265.92323809549
"6",6,0.0330848368731411,2.03952944573532,0.864891231858026,-2192.83090149847
"7",7,0.0330921177431923,2.07274388495729,0.865106328815659,-2183.47196084256
"8",8,0.0310322695427674,2.079479581111,0.842702595371054,-2141.44814343482
"9",9,0.0317404262669012,2.73017435610133,0.572312226317055,-1544.45893512556
"10",10,0.022746531117586,9.45650744456107,0.362488717224394,-1202.18362216994
"11",11,4.38346252481189,10.2075723331887,0.198078034377714,-1152.37661354448
"12",12,6.12154670809132,8.72461993212181,0.0110805911318274,-1056.08791955738
"13",13,9.53592084214965,10.5393866405017,0.00680615266842339,-986.249572223826
"14",14,10.9217484657512,11.4735879008802,0.00778898779202333,-977.904207182483
"15",15,10.9374310590154,10.7907503755806,0.00648591119815676,-973.315092209249
"16",16,10.5971586494886,10.6417920041665,0.00568293397665105,-966.62189501059
"17",17,10.5150891482881,10.6911996597411,0.00584475581035564,-966.184478282897
"18",18,10.6695472462804,10.7862128809281,0.00516016991380683,-966.832541412369
"19",19,10.665654640756,10.8281536011672,0.00341239822286288,-967.177776991786
"20",20,10.6085004313714,10.6783420604318,0.00378916649907987,-966.279573197394
"21",21,10.5400010337468,10.6246694326776,0.00451531981430547,-965.738093098253
"22",22,10.3581797448632,10.6660316360626,0.010698589774451,-969.26668546909
"23",23,10.4595423267223,10.6024750377377,0.00617003040922501,-965.691720119593
"24",24,10.4550601446318,10.5952265876177,0.00656217453947228,-965.819396033799
"25",25,10.4270322253333,10.5016057227857,0.00144466619824556,-967.296737865981
"26",26,10.2887629861413,10.3452141209385,0.00169045395769142,-965.721001175012
"27",27,10.180128288465,10.4270272165263,0.0077280562496187,-965.346207197266
"28",28,10.1681915835123,10.5066285578508,0.00512407383926399,-966.578981863599
"29",29,10.3340798575183,10.5099952610694,0.00482202350853307,-964.700573574453
"30",30,10.4555529721431,10.5196952453045,0.0049511732972849,-965.199589906174
"31",31,10.4601328212372,10.4419335405378,0.00470459836267567,-965.76580509482
"32",32,10.2996648582874,10.486615957636,0.00514494964032702,-964.594928049965
"33",33,10.4330283193578,10.5672144288193,0.00523521084469546,-965.16557783558
"34",34,10.4720328413713,10.6396921785092,0.0060524829928263,-965.877725760397
"35",35,10.5466832533301,10.6874707444802,0.0046781638453781,-965.953337423475
"36",36,10.5146090290607,10.6718817567618,0.00592152535178363,-966.075586641591
"37",37,10.370522431522,10.3712373313684,0.00616939300701381,-965.481633341608
"38",38,10.0881035758342,10.1594095815221,0.00274058483725222,-962.853632418805
"39",39,10.0743367363546,10.1559361570779,0.00656002243388951,-962.867074233611
"40",40,10.262835282345,10.3602328325035,0.00750940012338884,-964.869830597806
"41",41,10.1457441552548,10.4018553220593,0.00277620401263637,-965.566367054604
"42",42,10.3967133870611,10.5118544002775,0.00350310097546259,-964.877272468152
"43",43,10.2698095340907,10.4850112443473,0.00366181892969588,-964.976471532136
"44",44,10.3361586050893,10.5821335053076,0.00476630505948524,-965.681696795793
"45",45,10.3033281860773,10.1944283785647,0.00438872487073578,-965.930794189602
"46",46,10.0082441226934,9.99012815338254,0.00603461657263594,-962.706701481194
"47",47,9.81030551624221,9.84823582242563,0.00475900818969916,-960.195443973401
"48",48,9.78989937278585,9.8429008968167,0.00502300090565066,-960.055411981018
"49",49,9.59691470211414,9.47281684547476,0.00357771165599519,-960.241141617396
"50",50,9.5266338862549,9.52969270763235,0.00368867745926076,-958.02354384975
"51",51,9.408285055414,9.338882599505,0.00413720008445376,-957.680143954157
"52",52,9.32706863296995,9.37112909861059,0.00470829570649168,-956.276277336049
"53",53,9.21029194866769,9.13807367718794,0.00373567796583141,-956.021523779323
"54",54,8.88931595423616,8.66789686658111,0.00461221436277547,-956.837260775329
"55",55,8.53325665619889,8.69631237375938,0.00751537579821132,-951.749280099583
"56",56,8.5668377760666,8.57355335374705,0.00741001776977881,-951.265397670387
"57",57,8.52693289146589,8.50980900628573,0.00300838534836165,-949.932282315319
"58",58,8.45245821347458,8.32448338447912,0.00264544223836986,-950.59138456802
"59",59,8.10898847423368,8.1867485563041,0.00541409780802568,-946.380173478829
"60",60,8.03858276804127,8.06647343702824,0.00504274636215756,-945.380062370451
"61",61,8.01239403073897,8.02084576733509,0.00403777048637714,-945.024755463218
"62",62,7.92294463230673,7.7851463903452,0.00345116472987562,-945.440054438928
"63",63,7.87571409245677,7.96229699151971,0.00415609948364656,-944.402663696253
"64",64,7.84982963245445,7.71653621906177,0.00291676025505107,-944.878697099623
"65",65,7.59383398582867,7.73092793788461,0.00607174239375841,-942.993877823963
"66",66,7.72522202684555,7.70058165606762,0.00514175823440988,-942.576539861947
"67",67,7.69616243618883,7.76061625532403,0.00626502470103001,-943.002216375183
"68",68,7.80868391731565,7.7381886557423,0.00715813338592297,-944.922243337604
"69",69,7.52344124254359,7.50275299992228,0.00322368322924778,-940.785797194153
"70",70,7.32172790999918,7.36530868971149,0.00570774679692978,-939.246285424381
"71",71,7.32325245761322,7.2981775489542,0.00229638502084562,-939.798350525074
"72",72,7.26582437713829,7.29858085155332,0.0011071102898773,-943.087252355
"73",73,7.2528815048274,7.14560062188534,0.00929834034166976,-942.30512544417
"74",74,6.95102037078809,6.83270489669333,0.00815002102175839,-938.284299542869
"75",75,6.67428689804088,6.60141404185031,0.0078913864986563,-934.608482113773
"76",76,6.39804902483362,6.39073159570875,0.0032144206111403,-930.11246176799
"77",77,6.44203750399045,6.4134433606134,0.00511338659128528,-930.271967553014
"78",78,6.33754038662818,6.3082619572815,0.0028710136669863,-929.594894021538
"79",79,6.34921864462851,6.32836719494012,0.00520753234768978,-929.40240633521
"80",80,6.34445813284153,6.29473463271672,0.00486705150314318,-929.192114660428
"81",81,6.17155175571003,6.11076142284507,0.00291307149980803,-927.749556520127
"82",82,6.18736572900262,6.09040261443897,0.00517544503606145,-927.869372231366
"83",83,6.02347123648471,5.91358430776935,0.0021388145996161,-927.197857750631
"84",84,6.06276797293777,5.94395680514195,0.00233635101140444,-927.36770172096
"85",85,5.89312318906335,5.75334757753704,0.00323747461805553,-925.002053249872
"86",86,5.79608546903795,5.7783956537134,0.00405882245926357,-923.667573935699
"87",87,5.77960656144096,5.598415955864,0.00174975198406343,-926.141913424266
"88",88,5.58226889437903,5.5547506856293,0.00430330279073294,-921.339931729934
"89",89,5.5952715291138,5.56480790915439,0.00598753187933553,-921.950883356811
"90",90,5.63462590434604,5.55495876335246,0.00241665987182276,-922.621654886206
"91",91,5.41829845314386,5.14423577550628,0.00469309293244833,-923.277383632194
"92",92,5.28069069157286,5.15753373152667,0.00530418508326036,-918.281572906397
"93",93,5.31667297763553,5.16698388853526,0.00336873851018506,-918.710294043879
"94",94,5.27427036931299,5.19907434665682,0.00387898966538476,-917.78090343467
"95",95,5.24516960546375,5.20601923071816,0.00443973394697318,-917.643772898943
"96",96,5.2280412990196,5.17713690702569,0.00471767201727078,-917.401938976157
"97",97,5.10951657767542,4.91761920215714,0.00376831713898694,-916.938157923114
"98",98,4.90017994301044,4.68095908182894,0.00400984885820847,-915.114796035918
"99",99,4.84066684930493,4.92714899385448,0.00287299468497219,-917.014017064593
"100",100,4.9983961357945,4.87968981707779,0.00787667249134266,-916.902126975695
"101",101,4.94811959076947,4.90182387079209,0.00254157841380675,-915.290734288135
"102",102,4.96053360962114,4.79436653688671,0.00656475364911825,-915.960476588517
"103",103,4.95007184964069,4.94471593584607,0.00454514383486935,-914.873796088645
"104",104,4.93784410932204,4.75491411018459,0.0042518073459318,-914.76940379989
"105",105,4.92016609046286,4.8363027636786,0.00445723628277514,-913.780335396671
"106",106,4.80065103624783,4.68717415207087,0.0041446398821482,-912.392190365767
"107",107,4.76938339975129,4.60670989690159,0.00363424008256667,-912.458913553479
"108",108,4.72036239899836,4.62774798759123,0.00736041938187628,-912.934706797748
"109",109,4.7109084108875,4.51310510982866,0.00281456106664712,-912.731668500391
"110",110,4.63723433972844,4.59989344417388,0.00186283517941209,-913.289482314377
"111",111,4.7382622890755,4.59372501156622,0.00828414216653862,-914.484922663565
"112",112,4.63293442158859,4.5964206970985,0.00847644775342411,-912.971829739533
"113",113,4.53023704878369,4.58021559820306,0.00975941560118476,-914.183074911716
"114",114,4.50839960195298,4.36544919357797,0.00532653631304607,-909.305585839543
"115",115,4.37895270003487,4.35894109448895,0.0046567659011744,-908.186033578071
"116",116,4.36152324027973,4.38299392683651,0.00391528318388668,-909.10278153249
"117",117,4.42944837123577,4.32792546693692,0.00688735042641219,-908.993018465425
"118",118,4.28758322696125,4.19978382650076,0.00605244884148549,-906.68736475208
"119",119,4.29023476418899,4.24831413450441,0.00478132328566797,-906.767706767581
"120",120,4.34178327689541,4.26865937529413,0.00582527490303437,-907.332083249886
"121",121,4.25022445451546,4.10288126001801,0.00566729063982042,-906.201598969518
"122",122,4.02780524075265,4.04466462378583,0.00440147823488237,-904.958786362359
"123",123,4.18389980882628,4.1201943304783,0.00292996562081679,-905.949516234619
"124",124,4.22830131011449,4.06691828321773,0.00361226461457844,-905.808298546411
"125",125,3.99260184382206,3.97342154549812,0.0038042077820511,-903.815630617376
"126",126,4.02318365392633,3.86728215552125,0.00564648016922764,-903.237900156377
"127",127,3.83186928108985,3.58403102741367,0.00319332965353626,-902.524518192728
"128",128,3.49489405347054,3.67979082472659,0.00452827741409424,-905.756600515677
"129",129,2.82627091303875,3.18261580971408,0.00341191386359894,-898.814647178488
"130",130,2.25683277029439,1.89115136339995,0.00486943221018278,-882.302276491029
"131",131,2.12915741312758,1.91411769490603,0.00553735693322439,-871.563166716675
"132",132,1.98460806825291,1.75904263301643,0.00564694463431484,-868.689418648699
"133",133,1.88457854805291,1.64260914453027,0.00433293142740263,-867.09582981363
"134",134,1.08224647276098,0.709413649911462,0.00489033388787064,-857.429749140219
"135",135,0.199422240242631,0.716533764467715,0.0106437854216622,-836.803291235688
"136",136,0.252348301170161,0.696796945574348,0.0103465575412771,-836.566598077798
"137",137,0.274267121783036,0.5122753738072,0.00857786238591068,-834.219139323968
"138",138,0.619746999887324,0.459214854529677,0.0102374035489687,-830.76934589249
"139",139,0.460964164095668,0.310161784358513,0.0106343371008854,-831.104167463156
"140",140,0.522712325751016,0.39605571935332,0.00598820557263268,-829.56874515495
"141",141,0.594935694782281,0.363725046162382,0.00845165242689715,-831.600493239404
"142",142,0.496794585325733,0.363843959965911,0.0110337512499777,-831.166231174517
"143",143,0.482931410863084,0.347421104737074,0.00491618825835954,-831.159997708712
"144",144,0.532587433218368,0.405499211507999,0.00782606710725825,-829.173008623855
"145",145,0.545850160246567,0.399835229680412,0.00652009466492001,-828.870074466649
"146",146,0.546813507290281,0.437850311007974,0.00711565709383081,-829.580737314972
"147",147,0.620693897903773,0.45362739912657,0.00658164392776642,-829.043539959334
"148",148,0.603375608302396,0.402364375920104,0.00890452089807339,-830.148338866427
"149",149,0.439543070231904,0.308333743675933,0.00902530653526206,-830.737801273917
"150",150,0.402491994018215,0.350840213368022,0.00869841036490934,-831.88872997662
"151",151,0.328450551623139,0.840472786907842,0.00749099512053472,-835.076981600591
"152",152,0.288633109355739,0.784487295883912,0.00745539726346594,-834.452105127737
"153",153,0.261555687487398,0.594920191137488,0.0089772003690224,-835.145410963923
"154",154,0.397796280306141,0.434954810298169,0.00492258491187241,-832.146541303245
"155",155,0.582433223398064,0.384592720692806,0.00597312622208133,-829.534768192398
"156",156,0.520610540711693,0.478788790652257,0.00681606298166665,-830.659728532499
"157",157,0.576240334786906,0.45101386178635,0.00697075699111974,-829.281365704607
"158",158,0.636167764844224,0.478868344161309,0.00532609573565951,-830.050173507324
"159",159,0.717267580215514,0.476467265293202,0.00711342553880127,-832.855260070119
"160",160,0.459217191822648,0.42536962359887,0.00665048311201917,-830.580300547591
"161",161,0.471281337091971,0.502767248381068,0.00676390869545346,-831.147658400209
"162",162,0.673142669575123,0.506891970980502,0.00700777380679991,-829.79423758058
"163",163,0.592066354167871,0.5707383393644,0.00689659733793296,-832.089574318042
"164",164,0.490619823942542,0.562709228512475,0.00914427066729002,-833.56898514333
"165",165,0.41782106198297,0.438033576981241,0.00797943862274262,-831.424330727823
"166",166,0.474476632514034,0.272963360853248,0.00946582731139819,-831.70730004921
"167",167,0.438162797461948,0.343811246908924,0.00917320732386756,-831.286164908292
"168",168,0.47465893775193,0.340630753726086,0.00655873009635957,-829.796277389732
"169",169,0.553575346064689,0.359698858327617,0.00694558507881483,-829.17872768501
"170",170,0.503008218141385,0.354944892762334,0.00785795630851791,-829.052111262406
"171",171,0.48921241595531,0.364315905630028,0.00725695507545711,-829.488045179977
"172",172,0.589722223097585,0.367776920151536,0.00781350103942089,-830.62101189653
"173",173,0.581075297411178,0.424379629997828,0.00762032640728962,-828.756620177764
"174",174,0.563312397084994,0.495597090937289,0.00924329743346993,-831.804172121538
"175",175,0.466285453473693,0.493220363001529,0.00740962094980154,-831.260675270223
"176",176,0.626829065244416,0.470870784188419,0.0100034389249198,-830.668945862546
"177",177,0.630418289754962,0.506291767168822,0.00769192785829447,-829.97275184387
"178",178,0.654321084793357,0.514562809570575,0.00831544504229587,-830.161050094992
"179",179,0.502255309088294,0.299088734251577,0.0073727137838331,-830.374195780665
"180",180,0.493728733751882,0.380916666023135,0.00724381063582179,-829.644439177814
"181",181,0.512546627380192,0.368455689576929,0.00844725249432863,-829.155365277909
"182",182,0.549532262385032,0.397768840344473,0.00815390080927309,-828.844630977226
"183",183,0.542159997983347,0.405519908119872,0.00933134042606047,-829.642678599129
"184",184,0.496611407933571,0.387600501724146,0.00534059485031808,-830.599783303462
"185",185,0.596856776622641,0.388146219716413,0.0094169643825923,-830.847555235375
"186",186,0.516722186725796,0.438289640959819,0.00690015476396315,-830.139727636476
"187",187,0.43870554902944,0.481610084241923,0.00430982515151154,-832.748679163068
"188",188,0.626044852858265,0.456594991236199,0.0116543170145656,-832.479037074836
"189",189,0.549678315652667,0.426665636611516,0.00743947892027342,-829.221670200262
"190",190,0.623940613967475,0.438224557025254,0.00720041200367222,-829.182492142586
"191",191,0.464280760799603,0.47293736306221,0.00484149921641174,-831.790813291627
"192",192,0.386288800111541,0.48939145769192,0.00702794736727095,-831.622192628215
"193",193,0.452749553162558,0.511505859785402,0.00679988218648262,-831.321090943222
"194",194,0.467547566585355,0.429497513097298,0.00511138925659905,-831.298716579078
"195",195,0.612635534115186,0.457663129524091,0.00765096288182276,-829.050579559815
"196",196,0.587824741581703,0.402936584868712,0.00934514223255517,-829.88137740263
"197",197,0.589773747028443,0.420801335429513,0.0089275997434214,-829.373714845034
"198",198,0.592368212118116,0.419920718802529,0.0080835240395956,-828.968588942034
"199",199,0.589754872719823,0.394879435469339,0.00723540430423638,-829.167323001034
"200",200,0.537045775438467,0.341413764223879,0.00808073605561191,-829.536599416212
"201",201,0.53285146085776,0.384387339308674,0.00809115040640065,-828.879142234271
"202",202,0.528861669050181,0.357518510030479,0.00641359603461632,-828.974387417987
"203",203,0.529686333150723,0.346619069827198,0.00640160029702643,-829.192936166087
"204",204,0.463236833156218,0.457399112027678,0.00640639965975165,-830.761636728443
"205",205,0.504918095569482,0.429660650259111,0.00672535205852011,-830.170647313227
"206",206,0.628737759075201,0.463177444474772,0.00548711304223577,-829.728320699795
"207",207,0.612892007253425,0.497647814419103,0.00892827729942497,-830.533204964422
"208",208,0.519830887661704,0.436006612509002,0.00594012918718832,-830.301574799072
"209",209,0.576746351853166,0.398873110462341,0.00895591488892083,-829.406459589797
"210",210,0.552438683693733,0.379698472196034,0.00688399654499591,-828.707270754986
"211",211,0.409899054715538,0.404857199529123,0.00561283369650469,-831.429610874246
"212",212,0.488934051589586,0.501937468526236,0.00618434271283705,-831.07468995852
"213",213,0.679391597462401,0.485266571303143,0.00430905681763102,-832.206124373641
"214",214,0.555065848721163,0.585035201842732,0.00892163806693886,-833.702777008507
"215",215,0.675636819761664,0.465130114507101,0.00888536987727577,-831.381890722416
"216",216,0.480959012290007,0.466648469586821,0.00802852605060228,-831.193760023442
"217",217,0.411407877280694,0.378247957557489,0.00784907962216549,-831.276442114212
"218",218,0.576565942621732,0.409083701766382,0.00724030926532132,-828.665054776789
"219",219,0.573738949496817,0.441313151488595,0.00719551564805517,-829.069093668764
"220",220,0.554386111661789,0.419668730278995,0.0050052054737865,-830.291467751487
"221",221,0.473880141588023,0.321290579372018,0.00991754990425269,-830.381760335576
"222",222,0.495559923668193,0.346709302003672,0.00876191369013977,-829.420567576346
"223",223,0.521968033388142,0.337479953629868,0.00953659028080874,-830.066924509999
"224",224,0.548529445779283,0.415436743316738,0.0116035386595281,-831.779259403919
"225",225,0.580553796799559,0.430647193700428,0.010574401687233,-830.706422715309
"226",226,0.597604339556901,0.396772071086228,0.00417446056881292,-831.956880224551
"227",227,0.432104832555183,0.528334474115176,0.00749781423434131,-831.858876507023
"228",228,0.710058372017286,0.550231977237192,0.00622538165065118,-830.749829040451
"229",229,0.699540269379113,0.523741185602203,0.00637392145407976,-830.372991128092
"230",230,0.682149615304983,0.506791756623655,0.00672681568732609,-829.960468109766
"231",231,0.673288289336136,0.508178766691199,0.00598939548746941,-830.046968512078
"232",232,0.67556312965718,0.511126396395279,0.00597454136629382,-830.102023581231
"233",233,0.657844240157133,0.440976899439354,0.00857552113891481,-831.180416123522
"234",234,0.525208883625224,0.360653954449515,0.00670196065455311,-828.85025577032
"235",235,0.533134782915879,0.338012605172913,0.00694519674364304,-829.413408303706
"236",236,0.522180967530246,0.39539859212167,0.00577093622853176,-829.729353546146
"237",237,0.610642412687646,0.439307525530371,0.00550724457551351,-829.522685557885
"238",238,0.618474255079628,0.448939815023208,0.00755848040945453,-829.030938753705
"239",239,0.314743366747413,0.42707132166169,0.00560590796751061,-832.882735530884
"240",240,0.611510269200609,0.432857386437826,0.00938166457760345,-830.001907609688
"241",241,0.568900436958741,0.41363226692568,0.00639385661089724,-828.81388893672
"242",242,0.608857527994916,0.464499219604039,0.00767534500386497,-829.167726270599
"243",243,0.60034100519955,0.396624619314221,0.0074377106905,-829.554457284891
"244",244,0.489032340197232,0.418043722007943,0.00660895304870723,-830.243805101064
"245",245,0.432904686701834,0.45358979975669,0.00653369710933982,-830.94815252195
"246",246,0.359723625839883,0.404840859838693,0.0070489362805414,-831.773159919656
"247",247,0.506916210991637,0.472592874871333,0.00564759495408146,-830.906920938485
"248",248,0.541820991808343,0.439572729980046,0.00664730156918421,-829.784212496876
"249",249,0.544383521072649,0.371975048560066,0.00625346671249779,-828.933150750371
"250",250,0.534595859861473,0.322778642757583,0.00634906077447435,-830.438183016202
"251",251,0.402866167290109,0.515280469140658,0.00678164680246964,-831.628553952089
"252",252,0.632075445405746,0.575341007287326,0.00570045088149376,-832.356092664197
"253",253,0.730880175149288,0.572320123952695,0.00593861273477728,-831.390844378393
"254",254,0.641147118759517,0.549850481255411,0.00668700027199405,-831.270446180447
"255",255,0.635226694702129,0.545069230608005,0.00697175199686492,-831.180499857459
"256",256,0.475036804859009,0.95192117736538,0.00644207884363773,-837.902579708795
"257",257,0.341644952690378,0.462872201254504,0.00780978484559172,-832.325339337555
"258",258,0.657174403807756,0.48494732592576,0.00433967682855503,-831.65974295799
"259",259,0.545043119416188,0.391974098696521,0.0089469696714547,-829.20736139482
"260",260,0.49981762483749,0.324761528315328,0.00814299235692756,-829.36614939381
"261",261,0.49398475039037,0.339762088321643,0.00832863204669953,-829.270309235382
"262",262,0.53686693507189,0.428920132880714,0.00606028487168998,-829.8655642071
"263",263,0.476206733106674,0.39412156144667,0.0083458258213407,-830.544128275411
"264",264,0.474467730264187,0.418158150492911,0.00798615266634159,-830.687485482519
"265",265,0.543691616249106,0.376048386137528,0.00443861026586973,-830.990831178305
"266",266,0.428602922064906,0.530903488019574,0.0072317231992515,-831.777214145964
"267",267,0.42777123473963,0.399357856427649,0.00699442617985179,-830.844378588411
"268",268,0.641107826102891,0.488519270827453,0.00864093838152701,-829.882748051567
"269",269,0.609971919494005,0.443628282798137,0.009678534616619,-830.130468288647
"270",270,0.607870238574971,0.44992699127783,0.00484837387691775,-830.334776758405
"271",271,0.647972138608317,0.463891633997554,0.00446560888821356,-831.339183601703
"272",272,0.658521701676662,0.549417383078788,0.00531696739370198,-831.726409305549
"273",273,0.39295396868893,0.478156867178692,0.00742311870895498,-831.623756411893
"274",274,0.598634828592168,0.565220393184425,0.0078917579238879,-832.352505948342
"275",275,0.746288427544231,0.576267494631089,0.00802075906108305,-831.674115188651
"276",276,0.454774368787326,0.478491129488436,0.00707247398766395,-831.049534874614
"277",277,0.449623850414535,0.373502167448824,0.00700574400862856,-830.517103171435
"278",278,0.46221809901268,0.33936085086503,0.00659712385691101,-830.154002344995
"279",279,0.475333990887609,0.410639827292715,0.00697908198486282,-830.3321542546
"280",280,0.601206452426996,0.460033523969261,0.00772672504576194,-829.158467188081
"281",281,0.629173683621153,0.489793832743053,0.00740207820515051,-829.483786789948
"282",282,0.653711094321374,0.486287128790944,0.00697260931032255,-829.450896065708
"283",283,0.619877924924399,0.445616220943033,0.00979693971565321,-830.405747647328
"284",284,0.572959976376409,0.418661427648495,0.00707684751301866,-828.693090387965
"285",285,0.519668826636765,0.474786135912198,0.00705181550217655,-830.643901285726
"286",286,0.368030507855982,0.509079160134932,0.00513245570438311,-832.386248059245
"287",287,0.633560301327513,0.488407064586912,0.00877342386485149,-829.95231796552
"288",288,0.64022273144034,0.443021476638132,0.00626924109127236,-829.708212800906
"289",289,0.643680605489453,0.431657979383676,0.00611944040725462,-830.3149624265
"290",290,0.550651464934537,0.390577050035594,0.00726815597004712,-828.633622740422
"291",291,0.573681937906208,0.453920634933576,0.00746776732607268,-829.42520381645
"292",292,0.657273384376144,0.481793889390539,0.00806977029573161,-829.773639517604
"293",293,0.654978904317809,0.52473240085439,0.0081414277293858,-830.341565430523
"294",294,0.701277354697728,0.578764431999925,0.00602800504874634,-831.59613485167
"295",295,0.350836897853323,0.441790972294118,0.0054582766944879,-832.258436296971
"296",296,0.352087688377475,0.60647936884582,0.00740160500029207,-833.291795947964
"297",297,0.708667179050522,0.596162358845485,0.00683463420175461,-831.883335485997
"298",298,0.758833160627484,0.667318073870231,0.00706312386820904,-834.061156793341
"299",299,0.225583639959423,0.805367850119833,0.00592621075397237,-834.652067067268
"300",300,0.416978858949595,0.451944742811847,0.00453079694549972,-832.477526095951
"301",301,0.591303942316143,0.437711496095217,0.00691835689756115,-828.811671540254
"302",302,0.610745543370249,0.528276666669905,0.010095868404151,-832.635512724984
"303",303,0.635057614090687,0.428442519452408,0.00486251249262599,-831.093318940264
"304",304,0.604766748058011,0.449065284683089,0.00594777307672858,-829.223651867394
"305",305,0.584552152390042,0.41171378671198,0.0058178569022097,-829.137613076802
"306",306,0.589688395906351,0.404817722694285,0.00930083382110543,-829.858349318341
"307",307,0.552179389132706,0.358444011799412,0.00598720969343938,-829.509098267056
"308",308,0.552518080244032,0.415374790588702,0.00952644525199308,-829.795310304273
"309",309,0.581817362197588,0.425728975578445,0.00846445438866149,-829.059653417545
"310",310,0.551909855328807,0.514562428011476,0.00559800304371509,-831.325985489697
"311",311,0.672245118829251,0.50595005177958,0.00652806260218913,-829.822933012437
"312",312,0.676540944763354,0.493371278349139,0.0100304385303527,-831.66525586174
"313",313,0.423419742421495,0.388128674552567,0.0100877544044521,-832.774964431134
"314",314,0.59202869635875,0.390450661008834,0.0109669373036333,-832.05312927829
"315",315,0.517704287928909,0.38162307121982,0.00826363843439786,-829.164505943535
"316",316,0.562823362249028,0.425424417638044,0.00642710313511538,-829.053983185423
"317",317,0.604983261503824,0.489786931658551,0.00839963358421892,-830.150549301136
"318",318,0.670486011811626,0.493151809202365,0.00987961722759555,-831.328579012194
"319",319,0.645856490299523,0.479499966830244,0.00660981308168757,-829.367113052521
"320",320,0.605969261652412,0.39884913645742,0.00625442154993235,-829.797585898225
"321",321,0.518809949096012,0.338118319022724,0.00626753787048558,-829.34346129902
"322",322,0.495308324901293,0.351177606506314,0.0117901359644362,-831.799762441509
"323",323,0.462375036059585,0.375062858921171,0.0110214374272402,-832.500176766361
"324",324,0.529896115528882,0.355408848840512,0.0110779891036705,-831.154630855774
"325",325,0.508210712259218,0.339361628646466,0.00700188630138733,-829.037097678671
"326",326,0.539516765638196,0.349628397956865,0.0100683689281645,-830.574552466651
"327",327,0.525697942604922,0.399454805654621,0.00624962922797616,-829.40761376719
"328",328,0.545148065928455,0.403293294700131,0.00785990744908418,-828.878178504093
"329",329,0.556263172349637,0.392842551252165,0.00843827463456973,-828.929558158786
"330",330,0.542881136288672,0.394575411247847,0.00776882649742985,-828.775118253812
"331",331,0.519211088301867,0.383067966495425,0.00641351741240812,-829.192335786643
"332",332,0.528376656454642,0.359659234195498,0.00741549842700025,-828.780770032347
"333",333,0.560940938185394,0.345943916386908,0.00551799035102257,-830.817864336602
"334",334,0.373942583701672,0.449007423628235,0.00893313998912124,-832.649268744649
"335",335,0.388253848792198,0.34628087444388,0.00808146069593856,-831.875555671171
"336",336,0.413603474598083,0.259091871359778,0.00557370446778962,-833.164360467931
"337",337,0.446323635653975,0.338154169001283,0.0054709097991674,-831.3740809366
"338",338,0.550880120948826,0.432784038237484,0.0102309562469907,-830.798974118077
"339",339,0.628861523447115,0.494224962160803,0.00613621725647987,-829.806429047464
"340",340,0.630121710861986,0.451139026379324,0.00639324861902094,-829.236843657974
"341",341,0.583028391727606,0.444526635917378,0.00612943414873394,-829.251592721149
"342",342,0.602595009780512,0.478216215241565,0.00616455828288521,-829.761286698813
"343",343,0.368531556401333,0.416671081255711,0.00780942845539606,-831.849315416909
"344",344,0.404063131230291,0.587542821756839,0.00637857221976892,-832.361898091348
"345",345,0.432659635305006,0.334091953974347,0.00730757646389344,-830.83282083302
"346",346,0.427707065220145,0.298200127292033,0.00859510910559237,-830.981721260385
"347",347,0.465569469414722,0.371018418490265,0.00759520319549377,-830.24697592257
"348",348,0.551850294911323,0.42768997073322,0.00921333218560099,-829.87208742394
"349",349,0.615380425804071,0.43315559499446,0.00867255959641665,-829.590079030812
"350",350,0.587597963574738,0.393712903022763,0.00582760852674965,-829.499940996907
"351",351,0.600296646889612,0.386350119765221,0.00617819344441673,-830.140954314383
"352",352,0.576150582941302,0.443953059558207,0.00814792533718409,-829.266825591528
"353",353,0.483392463031626,0.560205997202281,0.00596069485175457,-831.835701523896
"354",354,0.687589401526731,0.479364664000605,0.00566804541759493,-830.9953368658
"355",355,0.470815290496362,0.401178841688856,0.00463296995701732,-831.885498078371
"356",356,0.483194970977417,0.288603548293309,0.00525355951858421,-831.688483093756
"357",357,0.462218127781461,0.441743131579803,0.0071285225896823,-830.705116443197
"358",358,0.610393709714006,0.441811556297266,0.0085653020255693,-829.34321981319
"359",359,0.559891048473029,0.360413835042289,0.00829936494254648,-829.647089776245
"360",360,0.451561574994365,0.29230041811111,0.00835266232147488,-830.261302790797
"361",361,0.410172699567273,0.448298873239817,0.00515003484745812,-831.763580991084
"362",362,0.546051096340334,0.509334512007328,0.00687870561047322,-831.01643064749
"363",363,0.707378992261586,0.513890557179505,0.00626053145596077,-830.7215414583
"364",364,0.730380920589072,0.537354464589235,0.00760059329974849,-831.270948507888
"365",365,0.69381500340837,0.502482846625194,0.00525978072951466,-831.049462288472
"366",366,0.41924828215609,0.509839939941859,0.00947766894268171,-833.393047836902
"367",367,0.598618752387496,0.450524750263062,0.00584171537268819,-829.350092498227
"368",368,0.631562822000926,0.473221082536157,0.00766847103554202,-829.262674890843
"369",369,0.642147385120098,0.493677568341226,0.00570258813043968,-829.943206406591
"370",370,0.444825660564845,0.432707457174116,0.00632977064207819,-830.775261125572
"371",371,0.517393089537888,0.384950227537259,0.00864698708365326,-829.378980621944
"372",372,0.376180055742373,0.30646320991663,0.00610417895451409,-832.850697631997
"373",373,0.372406509171842,0.331782507721313,0.00806223809254113,-832.315138436984
"374",374,0.421502432247795,0.284928694517782,0.00890771170029639,-831.24080811291
"375",375,0.484978089824967,0.452136030057237,0.00607855452839973,-830.652585014697
"376",376,0.525338219996249,0.348161832162734,0.00448170404878202,-831.24275310818
"377",377,0.495404529996866,0.342078531303919,0.00518224393485911,-830.435087282536
"378",378,0.498727415580868,0.576778289783721,0.00784885065271746,-832.627682302667
"379",379,0.454922565987438,0.556464677434193,0.00694093175866868,-831.893587168436
"380",380,0.625488525532703,0.496304488605598,0.00744451399325446,-829.702459956635
"381",381,0.601130827207451,0.451042652043207,0.00758771300874703,-828.975312900344
"382",382,0.643837751544884,0.475385920380491,0.00755613323443622,-829.365263310814
"383",383,0.618708263881953,0.520145292251116,0.00935007947088317,-831.51118119583
"384",384,0.669783801351265,0.496697322160523,0.00757628451616601,-829.805622053641
"385",385,0.628408474920158,0.429308581822999,0.00797311191965951,-829.76624332931
"386",386,0.446900008028181,0.351632005937515,0.00680473385378177,-830.555874530958
"387",387,0.375941964098719,0.693467783993064,0.00761621172146913,-834.417638598956
"388",388,0.808353582619952,0.594384692269439,0.00712260787974153,-833.670693841889
"389",389,0.406015386784588,0.97014480988056,0.00739158125690691,-837.221973324181
"390",390,0.445327150161089,0.493697822636013,0.00672552941965918,-831.167340509113
"391",391,0.667818868150437,0.511548931113493,0.00654551564186393,-829.836102590384
"392",392,0.66013478909301,0.516533579763134,0.00607756887057843,-830.103467992766
"393",393,0.674883746690723,0.50609202688212,0.00736472249997827,-829.853491000821
"394",394,0.656935059788096,0.476658346066352,0.00890580273961466,-830.297110746952
"395",395,0.599023437768534,0.480824610005798,0.00571446790903571,-830.185904076475
"396",396,0.44440052129688,0.34911228997053,0.00992349804176248,-831.633331944632
"397",397,0.553612392821806,0.405868186691636,0.0104781437226711,-830.449993450183
"398",398,0.433467803747249,0.25252610744601,0.010965657420203,-832.721854498509
"399",399,0.46073887946689,0.288432046962412,0.00566818298744775,-831.136590989806
"400",400,0.462557659589137,0.438676443502385,0.00870707377292666,-831.496323034878
"401",401,0.509805213654317,0.508164527336354,0.00581464795291362,-831.196453583047
"402",402,0.520047144249897,0.405793320465126,0.00594526256045868,-829.842537530734
"403",403,0.581846869178323,0.436513579059056,0.00372809316022863,-832.758929158508
"404",404,0.60266943565238,0.474256046054885,0.00753007233603701,-829.446105465856
"405",405,0.588387133308742,0.419839100700519,0.00686623959999021,-828.730400692057
"406",406,0.584429892643367,0.466546555224884,0.00786034793425772,-829.644112703315
"407",407,0.558914438319542,0.464282524776123,0.00566313796431208,-830.471236322086
"408",408,0.618701718025094,0.409410666683162,0.00570718137869062,-830.23503676882
"409",409,0.489641788740655,0.340911194299846,0.00605213728664363,-829.681216516128
"410",410,0.491368815120878,0.322576013552937,0.00821452473877092,-829.408304905878
"411",411,0.48989145003128,0.364740073196082,0.0127054471240575,-833.038701992344
"412",412,0.516901680629314,0.364010584344172,0.0105659924370975,-830.483951257188
"413",413,0.485577370303138,0.38939909193691,0.00903017112930338,-830.588131052643
"414",414,0.519562836899468,0.371159617272459,0.00523983701778734,-829.995019080824
"415",415,0.562983190594844,0.391169515509551,0.01046275816322,-830.516662752624
"416",416,0.561221168460425,0.407864988873044,0.0115040173264469,-831.530562713756
"417",417,0.523049578103309,0.35888727367019,0.00567752287945374,-829.455940590834
"418",418,0.54858265121993,0.389067455351066,0.0113842026016013,-831.330120760704
"419",419,0.490973470902936,0.355152115320034,0.0102177912923637,-830.475768585661
"420",420,0.497361833818489,0.294663628335667,0.0081324492680225,-830.580461802251
"421",421,0.438094249296151,0.307242611426729,0.00741278985915608,-830.578608982697
"422",422,0.371677076577865,0.597381845326415,0.00648329381126347,-832.692550396683
"423",423,0.367921481641381,0.503229965950163,0.00745187012098931,-832.060535552063
"424",424,0.527270789655374,0.494933596050504,0.00711493509613828,-830.911648963788
"425",425,0.58151759625858,0.529914794006229,0.00781486035226775,-831.562496125757
"426",426,0.585410484871794,0.3466826401961,0.00604506612454958,-832.041356555768
"427",427,0.464986711399322,0.361660100186827,0.00766419584818135,-830.168912285829
"428",428,0.48439729263412,0.348068642258337,0.00753278464782172,-829.393402180479
"429",429,0.561776149182444,0.651577627984914,0.00691604059994341,-833.657407205497
"430",430,0.258668644554588,0.726000515827746,0.00565833123389286,-834.284933667416
"431",431,0.461334363304233,0.429210593339052,0.00653262835793691,-830.588824550173
"432",432,0.356304227757205,0.462524066096666,0.00688835067364415,-831.803910081939
"433",433,0.65141227782337,0.505071887074556,0.00645897445164691,-829.743245081548
"434",434,0.681806270616282,0.503178501448505,0.00732968099896595,-829.996235949346
"435",435,0.525322128552675,0.560257166849043,0.00595505434081689,-831.849205687308
"436",436,0.737915474221182,0.579643778536896,0.00604270150769767,-831.516338843956
"437",437,0.686639535888165,0.590535817939862,0.00876260868996311,-832.53734322025
"438",438,0.767408122311988,0.540958955461242,0.00904566522360957,-834.155236040785
"439",439,0.656312184477821,0.498209247362371,0.00886179073329262,-830.222834915106
"440",440,0.642685895893227,0.471039000094281,0.00816282028491321,-829.566468987787
"441",441,0.632269323531453,0.514150157112459,0.00774435549306596,-830.210631013372
"442",442,0.70198939131944,0.569367407961728,0.00886341270779172,-831.625253609333
"443",443,0.736568833585397,0.518522415637563,0.00929468235609034,-833.254572765421
"444",444,0.383357141580209,0.273137604870749,0.00750014378516554,-832.794034129381
"445",445,0.528818079922307,0.562818489092279,0.0080406263849334,-832.512117532792
"446",446,0.550861576428067,0.525132100771133,0.00600403368420053,-831.308112219812
"447",447,0.52551973245459,0.504862020024969,0.00712038341683887,-831.070853729852
"448",448,0.6515489096647,0.448574604086648,0.0087585050807669,-830.629796676881
"449",449,0.565737575821122,0.429898009217703,0.00539126593481717,-829.810917202875
"450",450,0.544648110001699,0.380613986176332,0.00691736148396992,-828.672136112625
"451",451,0.540557477852022,0.448668956428054,0.00677936779916502,-829.988907662012
"452",452,0.622888060903547,0.436381747865887,0.00773824622921861,-829.300321072172
"453",453,0.543742438944339,0.351738147194275,0.00625262492957275,-829.378247105414
"454",454,0.45846305673197,0.397592590199785,0.0054914564851143,-830.988836081628
"455",455,0.393734991916484,0.404457902286092,0.00597688987602978,-831.432035076622
"456",456,0.511062390150233,0.369108542151476,0.00731121248632917,-828.980449040976
"457",457,0.547696424797332,0.338387428393497,0.00765768186376994,-830.003348689003
"458",458,0.475688421270193,0.310389514120817,0.00609634803499194,-830.088597737344
"459",459,0.501804243263335,0.327058708579493,0.00710762919012942,-829.232872832342
"460",460,0.511994751483981,0.328746244136191,0.0088201546982748,-829.682799010313
"461",461,0.544055179017824,0.365925808176011,0.00771951823016885,-828.856759536299
"462",462,0.553441139168571,0.400536387035157,0.00687473417924973,-828.693773512685
"463",463,0.567514387993338,0.393161303789877,0.0082138896311007,-828.926179300734
"464",464,0.575200493682863,0.443128367140997,0.00572587449545762,-829.621745849933
"465",465,0.629953402089205,0.440050749455571,0.0060536929590856,-829.51841478053
"466",466,0.659629081207994,0.533487920280422,0.00854269690549028,-830.734554919626
"467",467,0.678754825785004,0.517343656075908,0.00927695418892277,-830.932350284781
"468",468,0.661313541654169,0.452754109372919,0.00489024133043212,-831.386350508938
"469",469,0.628735084538735,0.472458523217405,0.00531731902704487,-829.979079014867
"470",470,0.633892239900091,0.431956485687273,0.00443568067172238,-831.606869271683
"471",471,0.393975165700314,0.363327138116609,0.00999640158057312,-833.065005660802
"472",472,0.590661433551455,0.371273089848405,0.00825383762086373,-830.643165189475
"473",473,0.466742820217012,0.390971707198691,0.00821810063434862,-830.629402740331
"474",474,0.578632605339667,0.420536917216287,0.00989677218771637,-830.013518538016
"475",475,0.337075280969568,0.356769100343317,0.00548625179613761,-833.24270690732
"476",476,0.518255199139108,0.359600306361897,0.00539836383716717,-829.783240808262
"477",477,0.545811850139004,0.352302351734144,0.00521775315592579,-830.251172787246
"478",478,0.454587201469679,0.444633375227614,0.00464486944199743,-832.005495615883
"479",479,0.612970997432311,0.413572591412903,0.00528975916175795,-830.196802917218
"480",480,0.553473135495352,0.528371366074237,0.00596530141797339,-831.367700711906
"481",481,0.633272028518341,0.44778122604891,0.00598686671262126,-829.512629069299
"482",482,0.588861423618656,0.569971436948864,0.00728119542673058,-832.18770054363
"483",483,0.352662165580782,0.430055612793099,0.00813223511192775,-832.257423321906
"484",484,0.351952689679008,0.442072567677991,0.00674922299848232,-831.818344677531
"485",485,0.386295625861442,0.470446399416942,0.00829745124715208,-832.144749887343
"486",486,0.464429373103579,0.424630093365349,0.0060841990926146,-830.639316422798
"487",487,0.517918417947826,0.387144017512592,0.00936156703873365,-829.795207718911
"488",488,0.524049727150536,0.381152049593343,0.00603626945731989,-829.263107454891
"489",489,0.558076596968863,0.438379220439223,0.00661580984576433,-829.402891133894
"490",490,0.589051884504777,0.407975839578617,0.00677564037576056,-828.853563109889
"491",491,0.605345066611302,0.44944071166398,0.00672686771622131,-828.928338170979
"492",492,0.610199154384126,0.403442892814884,0.00620122920801144,-829.819050039965
"493",493,0.483121602367569,0.442319749300288,0.00804509138931208,-830.891425956085
"494",494,0.495445083404629,0.429305841622621,0.00554616312393098,-830.703619814452
"495",495,0.548746018839917,0.435898927671059,0.0082299147872624,-829.683721784003
"496",496,0.582483332399354,0.454835802877091,0.00695470745617935,-829.261026429902
"497",497,0.543068878025045,0.44715686547131,0.00658948444553825,-829.942119310527
"498",498,0.474493837431539,0.34971114091865,0.00610763929677836,-830.129129902899
"499",499,0.51417117010822,0.351386600784816,0.0080545805761809,-828.970323030871
"500",500,0.518263623397824,0.321270077568426,0.00794273114218477,-829.790366696576
"501",501,0.453329415189833,0.297575455988307,0.0132610481716106,-833.732258947095
"502",502,0.454550144413219,0.339128659178905,0.00425672336253992,-833.133959155824
"503",503,0.547111402762386,0.392539561162113,0.00559970932879987,-829.347355907
"504",504,0.522238547272828,0.425828284603885,0.00760374764071348,-829.893125099664
"505",505,0.56845666630123,0.395304971145063,0.00720377278830426,-828.679762102089
"506",506,0.561186121370268,0.398054885854271,0.00836329582156184,-828.902361810632
"507",507,0.483558193249297,0.274234811005217,0.00734354021927843,-831.368919041171
"508",508,0.477165105958967,0.385055995199682,0.0103987640248569,-831.725890821715
"509",509,0.473859719302662,0.438747005252471,0.00742332258195652,-830.663467652158
"510",510,0.357613632372574,0.320742931274363,0.0088831497331852,-833.146111614956
"511",511,0.417762801907619,0.348793265783243,0.00523687618250064,-832.056215756052
"512",512,0.532324345251868,0.396956536176531,0.0111965824003801,-831.240791732709
"513",513,0.53813841845709,0.362033443544965,0.00613253565032867,-829.092058480263
"514",514,0.514420232486523,0.361965013480403,0.00609795954780433,-829.237588527273
"515",515,0.565529478343456,0.657270019877262,0.00614304743440602,-833.662293596284
"516",516,0.840669765864299,0.652168898099838,0.00772641928863667,-834.31069988869
"517",517,0.524237919671331,0.45493364020595,0.0089257914418231,-831.157677132575
"518",518,0.593746085407292,0.492637708236864,0.00628250197523681,-830.314394864665
"519",519,0.660370150614963,0.453218868760089,0.00812083482500836,-830.520494228504
"520",520,0.655517080935716,0.456746135472916,0.00497261028420177,-830.914924508595
"521",521,0.66467591025472,0.471650988438072,0.00914301450294887,-830.832990432723
"522",522,0.659815096587265,0.546898738659442,0.0102447493064539,-832.422576853731
"523",523,0.704402092762086,0.531412290931621,0.00503768754242775,-831.416352442678
"524",524,0.449720896324335,0.441562069100116,0.00650926719327313,-830.752622133977
"525",525,0.45469851252003,0.467310806790249,0.00602571613897004,-830.956530414744
"526",526,0.405335884006489,0.429096230724657,0.00845065497943515,-831.808860930866
"527",527,0.414421529091576,0.259277052669042,0.00832771431144642,-831.605016918818
"528",528,0.440761706625078,0.253210399328718,0.0103077632879544,-832.386582502595
"529",529,0.425887483727861,0.26723547080007,0.00954003950038309,-831.45133206472
"530",530,0.456546779579106,0.364847131114312,0.00814516729050165,-830.540706981703
"531",531,0.395903586221337,0.449051985617018,0.00509407130361415,-831.966803885568
"532",532,0.518064942973312,0.423421021226541,0.00446658235439517,-831.810008861136
"533",533,0.558865728366908,0.377882168827783,0.00409782972461104,-831.759549762171
"534",534,0.556141886136434,0.338026644432624,0.00729663691264669,-830.425471780401
"535",535,0.530370814620909,0.379065471259975,0.00717841555350608,-828.746858880578
"536",536,0.518551715469068,0.323377130193994,0.00608324841355288,-829.954795218197
"537",537,0.447242843103353,0.492717567201792,0.00638110703010559,-831.131404801054
"538",538,0.69188467888153,0.495609953502412,0.00712057820488674,-830.400668638753
"539",539,0.631164008797276,0.418529468904699,0.00770719273021307,-830.227687109264
"540",540,0.543741157184562,0.359780954858538,0.00659442260260603,-829.010953568884
"541",541,0.547170735603252,0.454196954540888,0.00717700475341084,-829.995506778886
"542",542,0.580128056983228,0.415203380446316,0.00676273796989485,-828.702400251943
"543",543,0.580925092479152,0.376390665213184,0.00579111097339019,-829.91555128415
"544",544,0.525211115645733,0.360009944686769,0.00961551913811721,-829.713825736333
"545",545,0.542357417853902,0.404081412233581,0.00561116168861173,-829.561486963283
"546",546,0.51064656464711,0.395539325377839,0.00688820331849898,-829.502040760522
"547",547,0.538597292951957,0.328104549169378,0.0079809643081054,-830.26707116226
"548",548,0.436775315143656,0.270280780969596,0.00747091770527593,-830.941068357308
"549",549,0.430200345060204,0.426579113151039,0.00752403581160836,-831.023301043856
"550",550,0.664301814702775,0.423930412689586,0.00684198487953778,-832.079240732915
"551",551,0.387951474669292,0.393628513955748,0.00849182345692098,-831.954468550813
"552",552,0.560818767221531,0.41548127738834,0.00788026598383236,-828.851716751185
"553",553,0.576389472721496,0.399364961627979,0.00699335780760303,-828.73737953254
"554",554,0.610212519357844,0.426458671052894,0.00797472669312027,-829.209385758518
"555",555,0.542568605844403,0.387390419435963,0.00575017860055471,-829.23375524125
"556",556,0.54464077425445,0.427156870206465,0.0092407832608422,-830.047027956402
"557",557,0.553658296042652,0.396565842783502,0.00884187480327243,-829.136904322253
"558",558,0.450178606106329,0.328356003771051,0.0092988960605351,-830.704801818445
"559",559,0.449044117619103,0.352021753156804,0.00758283705960755,-830.487030645743
"560",560,0.429348682090902,0.457742459299736,0.00857496628077497,-831.877095446017
"561",561,0.446145092768603,0.436521221803957,0.00843759924563582,-831.436395480524
"562",562,0.335011844988972,0.391290032021368,0.00776915598127109,-832.437922348979
"563",563,0.596820184932923,0.39828497404143,0.00771097872819087,-829.410705817462
"564",564,0.597468186602496,0.471687334317118,0.00524474848522097,-830.395859468729
"565",565,0.639647777778349,0.493136429611551,0.00758377665660568,-829.523450712043
"566",566,0.605500613803465,0.439699494829029,0.00640672764357608,-828.946373639405
"567",567,0.584377077818724,0.502021884669131,0.00784889302592018,-830.797212365312
"568",568,0.372727249967444,0.476506225136133,0.005907982926045,-831.729454154393
"569",569,0.598356261441349,0.396054337215062,0.00773468965082189,-829.565871426815
"570",570,0.562557298821362,0.438791412122216,0.0056633887285296,-829.823465006714
"571",571,0.565174901936315,0.392018546388986,0.00516852696734933,-829.750520252995
"572",572,0.561207284363825,0.377439860885172,0.00685008657398558,-828.866889270751
"573",573,0.522906588641489,0.427953947528052,0.0109176722397648,-832.048886443384
"574",574,0.610091784496025,0.398617009401535,0.00930712207765708,-830.972019731207
"575",575,0.454537673633119,0.262098527283156,0.0106553910082059,-832.492194464551
"576",576,0.405862597716303,0.279128645934066,0.0115831910219967,-833.043623976834
"577",577,0.402886751024398,0.275226969000317,0.00924788207040558,-832.036166655099
"578",578,0.386157001865236,0.360795834673635,0.00579771555059979,-831.952603911501
"579",579,0.559491456889933,0.421930196291731,0.0113924873645379,-831.543256509619
"580",580,0.574006844243031,0.425960712957797,0.00722537649269563,-828.768130365964
"581",581,0.544387825565857,0.35789330864497,0.00669691433600963,-829.046126712243
"582",582,0.54127220922735,0.336526852649954,0.0109276756280729,-832.108493573759
"583",583,0.503193928648889,0.461162771496517,0.0119006013584252,-834.831424665786
"584",584,0.667760341946987,0.466487849639484,0.0113227609977242,-833.437993606056
"585",585,0.574669825762458,0.369866732266178,0.00835388022808823,-829.885527694306
"586",586,0.50939362108159,0.343969014064627,0.00817331705016429,-829.079359675041
"587",587,0.531284369391124,0.475370390878776,0.00802257772354425,-830.924139581059
"588",588,0.58202762834043,0.42153463985356,0.00654423734518715,-828.771612357044
"589",589,0.530196526842888,0.376440734241014,0.00800876824090165,-828.830018071445
"590",590,0.542013337663815,0.433955882358009,0.00648023963296056,-829.692337762414
"591",591,0.461564629926225,0.33297580397812,0.00819681213046569,-829.991908202111
"592",592,0.469275121951783,0.306591776267501,0.0106433392781297,-831.083204783405
"593",593,0.470099898363469,0.350384632612991,0.00822720162121437,-829.96046347472
"594",594,0.52483122902505,0.341647578436978,0.00715303553518511,-829.08554606493
"595",595,0.533927584627111,0.43386861090644,0.00687519165217083,-829.780665280814
"596",596,0.533846705848089,0.392762916905598,0.00807453057136611,-828.961384126263
"597",597,0.575028916179369,0.439289654419978,0.00765210857551831,-829.042359196391
"598",598,0.571461467428002,0.387533320142479,0.00619153527200974,-829.047624498151
"599",599,0.584179807421283,0.39703368866593,0.0074042275147122,-828.959967041337
"600",600,0.564781059182202,0.385967196058094,0.00661553816921696,-828.812145809913
"601",601,0.584229233004157,0.454503673618043,0.00669599002340325,-829.260042313343
"602",602,0.635480812194769,0.498234122588349,0.009550717991853,-830.684363433388
"603",603,0.689880971905561,0.555457954925972,0.00449055486197081,-832.654833626448
"604",604,0.537654229619402,0.44289967459447,0.0047949355682117,-831.281077666245
"605",605,0.606766467652881,0.527020304202403,0.00838943895927082,-831.452451490072
"606",606,0.444510058618448,0.457106673028593,0.0087027896906986,-831.851491180688
"607",607,0.484649450619346,0.30187523710213,0.00833858491645526,-829.956420816668
"608",608,0.472588464476083,0.35451546268686,0.00775542141316911,-829.856117409458
"609",609,0.561255250851823,0.414997788857208,0.0058856643727774,-829.184966279561
"610",610,0.488398636095834,0.655527038677644,0.00618179449797898,-833.339088998622
"611",611,0.642373068588701,0.603059936031878,0.00741612558030348,-832.955190382421
"612",612,0.721350391936955,0.604577088292289,0.00631786841503169,-832.153027472993
"613",613,0.779113126595024,0.595892575609069,0.00431954066793259,-834.306955138926
"614",614,0.229133669401806,0.671739373742317,0.009329862286782,-835.502645999815
"615",615,0.296334005525399,0.704983208143001,0.0074660441817931,-834.111105506278
"616",616,0.288836868090696,0.567731773362777,0.00818475289519011,-834.109290978169
"617",617,0.682133015257528,0.495545136087009,0.00542591428324181,-830.623615110346
"618",618,0.675713901646821,0.55270642203997,0.00641766293952328,-830.858408162035
"619",619,0.396214101644326,0.444709991444029,0.00755906299912155,-831.465224479255
"620",620,0.608977150029415,0.452579830025705,0.00819350413551338,-829.176825393933
"621",621,0.616367800359515,0.449180339197037,0.00689968460975043,-828.951860127749
"622",622,0.602137652161406,0.44192563853032,0.00790886549071246,-828.9730352422
"623",623,0.527939982675186,0.424584046369414,0.00801298200164293,-829.831931618599
"624",624,0.562757272831746,0.470314115002719,0.0066222770286183,-830.141913071275
"625",625,0.524677820910976,0.5764211869754,0.00818862897378046,-832.876649903726
"626",626,0.37675275728173,0.534934642164554,0.0056315158549941,-832.129021647178
"627",627,0.710410355163467,0.533902236607615,0.00790948266987343,-830.758829455655
"628",628,0.627175290240455,0.489379123179774,0.00749889238752194,-829.506598325647
"629",629,0.685276298248363,0.554121632811125,0.00692588499445574,-830.69312338923
"630",630,0.692742631352887,0.495063097664429,0.00725814554276516,-830.47070068996
"631",631,0.683885439417831,0.488344588750767,0.00896657910879388,-831.102614981298
"632",632,0.551363943565979,0.38967904804986,0.00664041636652,-828.705485634644
"633",633,0.543885914649962,0.382832608893969,0.00661979621659651,-828.736028716043
"634",634,0.546155457233067,0.359937223193528,0.00721982556745096,-828.972851933712
"635",635,0.541190792631283,0.401584812093344,0.00976241813613226,-829.899718956421
"636",636,0.52325873048665,0.315088211643522,0.0054508509744949,-831.076070930072
"637",637,0.457800710331853,0.458197885021075,0.00508904099955428,-831.481065279795
"638",638,0.413276343613315,0.658447554396271,0.00367076365887391,-835.905992436159
"639",639,0.442438001768632,0.656481733030471,0.00466229736007058,-834.097163078905
"640",640,0.417060332214976,0.280965284557271,0.0150812145160435,-835.940539620294
"641",641,0.439391008083528,0.310256718632384,0.00799354371942746,-830.528491949881
"642",642,0.546936707022112,0.515443022240148,0.00728984689601502,-831.219749626467
"643",643,0.499473319014654,0.59321529433141,0.00823001968807346,-833.210193497723
"644",644,0.778006239195621,0.619970586094986,0.00954609080556119,-833.635550151107
"645",645,0.713329475826975,0.651011486968321,0.00615456750573925,-834.082473309291
"646",646,0.710226546701784,0.571345278667866,0.0054547946662169,-831.687787232865
"647",647,0.709659973910575,0.554150985074943,0.00793858448325582,-830.859027167416
"648",648,0.72328657703431,0.486037278967228,0.012193169216831,-837.626196218211
"649",649,0.629704070744478,0.46442901938685,0.00961490090661831,-830.33598696451
"650",650,0.553474460599151,0.421768714520823,0.00894951225439984,-829.534701870251
"651",651,0.6002250791718,0.398295751593582,0.0052161455707435,-830.318520414714
"652",652,0.547726354175553,0.335855906791919,0.00688524351601921,-830.110064117518
"653",653,0.48207048989602,0.330498554470367,0.00861017742046587,-829.554716112741
"654",654,0.494061458798196,0.327171015308932,0.00589255095844608,-829.793523694301
"655",655,0.511327948472549,0.410362468201364,0.00609853679780834,-830.005745335413
"656",656,0.615262290173732,0.45204475003102,0.00807994807510622,-829.162412719272
"657",657,0.549872697970724,0.370980829804491,0.0042314287362516,-831.490073493229
"658",658,0.524644908162703,0.36781978853167,0.00826761054911539,-828.933864933575
"659",659,0.523294345643992,0.381717574096112,0.00653696343079529,-829.030475968571
"660",660,0.556169173900604,0.431702084504844,0.00827548538917781,-829.400554285692
"661",661,0.611502969105685,0.47128514408748,0.0112247404137311,-831.882194895917
"662",662,0.563664966117315,0.397920081952045,0.00426197341680632,-831.232887443836
"663",663,0.542136391239106,0.361047530028559,0.00617513917125866,-829.127487445295
"664",664,0.588035238715667,0.475951769098639,0.00693236224129435,-829.771116603415
"665",665,0.455309672235348,0.312862374982792,0.0077856852980667,-829.998273688388
"666",666,0.51771322127421,0.340903628794298,0.00579634418838025,-829.585511451964
"667",667,0.417787035927298,0.549325977108356,0.0063106199152751,-831.832164365172
"668",668,0.743695922360856,0.59555991632093,0.00861649084583373,-832.150973199465
"669",669,0.729185518611742,0.597284580672056,0.00916047266220588,-832.502873275184
"670",670,0.394697381638454,0.405848113291276,0.00468311233308061,-832.620687693752
"671",671,0.478177669783323,0.594333439510993,0.00725491977883433,-832.560328634718
"672",672,0.623665856922479,0.374581571485323,0.00634378602652096,-832.718122898639
"673",673,0.440635384987453,0.474917048687544,0.00602701707740552,-831.091540714735
"674",674,0.66999318393131,0.478699466981385,0.00665658034592639,-829.907125325444
"675",675,0.619832894711944,0.490850532225273,0.00832371006231199,-829.885950862614
"676",676,0.659260710132331,0.492246645587627,0.00573180743263478,-829.950177641593
"677",677,0.642930583072263,0.464734654814918,0.00455461186705124,-831.081322354919
"678",678,0.629266894949213,0.49638955998262,0.00973786189540591,-830.836574245602
"679",679,0.610457104540436,0.433964873936377,0.00735770269522199,-828.948864825256
"680",680,0.597426059528739,0.438505243342586,0.0089664488144247,-829.461284519873
"681",681,0.575460151279286,0.38092181936262,0.00559062136915913,-829.708419207259
"682",682,0.597896269711329,0.377902337195039,0.00763800082655833,-830.436665419411
"683",683,0.604591433365276,0.501231560346454,0.00867573693284509,-830.700361107177
"684",684,0.608221511785975,0.402881414459179,0.00615285166192692,-829.772456913879
"685",685,0.62990921853463,0.496022668496702,0.00608222579819043,-829.868939134753
"686",686,0.678967827517241,0.51949747095501,0.00664021774245218,-829.98759093071
"687",687,0.418375183686919,0.506984106514733,0.00606511926771678,-831.450479109528
"688",688,0.377424955093995,0.470544008269319,0.0060003687822314,-831.625447501835
"689",689,0.448216768405207,0.37172478124666,0.0080017885396546,-830.724464902673
"690",690,0.516967589387719,0.462427996836556,0.00781844916729591,-830.73475311824
"691",691,0.668531100745905,0.515931832102266,0.0072738559587473,-829.866560253094
"692",692,0.709132387452792,0.561258734243583,0.00669495259087069,-830.811072645034
"693",693,0.749295743614534,0.617091782421391,0.00668549789112881,-832.225854025918
"694",694,0.691679230150732,0.577723367989003,0.0078204964354694,-831.52432940841
"695",695,0.688301826628138,0.58634663460862,0.00705921665679463,-831.817625034071
"696",696,0.475438294250866,0.289990198625046,0.00708220503521417,-830.232711352412
"697",697,0.468389239408049,0.429563992767515,0.0065724247765266,-830.526155650218
"698",698,0.3344452408093,0.353921814556214,0.00723977882758757,-832.66767741515
"699",699,0.524725421589405,0.33887371026999,0.00836815555052223,-829.404392259822
"700",700,0.54218855327809,0.426006565419213,0.00615234167495849,-829.638820784818
"701",701,0.459551836639862,0.453450071773391,0.00652496001882281,-830.750629748193
"702",702,0.645786686489925,0.464157437532947,0.0088376249254382,-830.086723910955
"703",703,0.710246127868235,0.505398197511004,0.00572616112505933,-831.26991990937
"704",704,0.462542870068767,0.447526639951451,0.00635729085126461,-830.706001687917
"705",705,0.67233415720752,0.445314438053017,0.00628993770128616,-831.332829074469
"706",706,0.447923140639059,0.341066850627188,0.0103656068244859,-831.653150824715
"707",707,0.401927951980125,0.28867491022698,0.00832398680688382,-831.929785065118
"708",708,0.489127267054356,0.288717951339888,0.00695125444489134,-830.612175852058
"709",709,0.443748783695144,0.355546728845021,0.00683320195181572,-830.617925011644
"710",710,0.507266045072354,0.330287584360486,0.00646023191056025,-829.357715330859
"711",711,0.481579142395261,0.399357371601213,0.00771249278541,-830.266399219531
"712",712,0.518707825684562,0.387111107392509,0.0082278772634994,-829.228298015869
"713",713,0.374257873574705,0.405864168416557,0.0055586447940096,-831.952518133132
"714",714,0.529336219010203,0.407806228391456,0.0052870580692291,-830.252523578463
"715",715,0.580000620616465,0.472961525895272,0.00539941176092994,-830.581259637363
"716",716,0.446929077470103,0.365350051745752,0.0077614064630433,-830.640054763198
"717",717,0.606494861269578,0.406665084783527,0.00635843418813171,-829.484065750416
"718",718,0.525469641847146,0.342719496308727,0.00562995253482146,-829.748251716472
"719",719,0.521662653704436,0.351440117531378,0.00667465775527463,-828.946736726342
"720",720,0.504106401368485,0.36835905902706,0.00779333525013678,-829.16223787512
"721",721,0.511322015336539,0.398008521489882,0.00876137651141304,-829.894072156165
"722",722,0.521970421564294,0.409020412659646,0.00697906836324874,-829.48529864634
"723",723,0.613901165833522,0.410039894364385,0.00817725100500825,-829.899506980886
"724",724,0.502200877944734,0.491631478708523,0.0068068573475066,-830.908410966283
"725",725,0.608275311536149,0.452707878780318,0.00817610270042004,-829.168891204808
"726",726,0.541225474923598,0.37416742341897,0.00664592379457611,-828.757949410966
"727",727,0.513946017367936,0.354517199964838,0.00585709672237569,-829.406678198368
"728",728,0.514593778099276,0.564210560100216,0.00470758962448801,-832.75638814845
"729",729,0.402305376411282,0.527725121243965,0.00578505797159568,-831.803980483712
"730",730,0.49739615780284,0.350537875609594,0.00813129796268594,-829.186991632272
"731",731,0.493737666526158,0.312885157263107,0.0128222734770662,-833.49580429834
"732",732,0.448257375896336,0.298858691860217,0.00378344523724344,-834.921790972292
"733",733,0.507297450530093,0.388950947454505,0.00573943129641624,-830.009698615491
"734",734,0.588847724715559,0.416099069054689,0.00800382387990345,-828.917037995985
"735",735,0.582256494459938,0.365678994388892,0.00555719181353792,-830.712025607785
"736",736,0.48881738642585,0.315995492626063,0.00571872571834929,-830.177044510568
"737",737,0.513204615068137,0.359454249564273,0.0060577287408837,-829.274245277635
"738",738,0.557667446501111,0.365598184739085,0.00663677817121001,-829.144044423272
"739",739,0.533278220118601,0.347543616493965,0.0093167559031103,-829.864163050323
"740",740,0.474658311124293,0.339742867877442,0.00757421945776644,-829.585087529429
"741",741,0.486338026873669,0.291374479664826,0.00737384232503215,-830.326953703832
"742",742,0.472130160545764,0.294721509243295,0.00867851413565987,-830.191471310384
"743",743,0.486669109662589,0.374480101443518,0.00730912191954274,-829.728539003059
"744",744,0.512146048598186,0.363673981846037,0.00681993464219507,-828.973162527625
"745",745,0.550576544475042,0.419728827985039,0.00621389525038721,-829.272307132498
"746",746,0.56060425484182,0.37050612444031,0.00632032999679045,-829.170681559243
"747",747,0.5542314962757,0.392809981060101,0.00863376638877736,-829.020006770291
"748",748,0.552700180219686,0.378220519813917,0.00781077212185198,-828.790474052411
"749",749,0.532614078957358,0.397714192317946,0.00598981635516109,-829.36203366577
"750",750,0.591068838249392,0.420701168343487,0.00857404165447289,-829.178617900679
"751",751,0.557594758916682,0.399425943580076,0.00610609917862335,-828.925246956143
"752",752,0.568546252492825,0.397528257629955,0.00661557355194177,-828.725119919107
"753",753,0.483257200312899,0.463268254045089,0.00621717710116433,-830.716194698479
"754",754,0.552065661397593,0.524304116563559,0.00547104025059767,-831.54397132078
"755",755,0.383155958810854,0.367936099113789,0.00945228166127899,-832.764628178248
"756",756,0.558541822500893,0.427994059733648,0.00532150013833221,-829.987529714282
"757",757,0.573475452508337,0.407109316657275,0.00878754724315274,-829.172895553282
"758",758,0.57344538878418,0.441888778673523,0.00670490113782481,-829.142887270315
"759",759,0.621495198050193,0.431595946051938,0.00648851893825445,-829.282022606545
"760",760,0.554836379883604,0.453763754444964,0.00760299514596805,-829.882149110559
"761",761,0.629604252382934,0.447689322189358,0.00643652268317262,-829.248213154111
"762",762,0.556976112806191,0.420311129651772,0.0080934213675162,-829.052964764142
"763",763,0.558163113600342,0.404109736024961,0.00753331727913341,-828.681143535212
"764",764,0.602542909303021,0.453276415624894,0.00951008888556848,-829.986441322868
"765",765,0.636057745127741,0.454121488846047,0.00495845185864477,-830.419881335249
"766",766,0.626170662743791,0.460251874621694,0.00633903545834815,-829.177698468406
"767",767,0.63339122625942,0.478275038914967,0.00812880999957903,-829.477334533598
"768",768,0.611785622629493,0.499091508571438,0.00654936941703574,-830.091381755197
"769",769,0.634498675953301,0.430434485385422,0.00911783111190682,-830.716301465966
"770",770,0.521886448475137,0.489007819751029,0.00470345542699515,-831.90881898594
"771",771,0.318863567782266,0.514345982340866,0.00882003675783469,-833.704117846941
"772",772,0.393879736214565,0.521667806909786,0.00944915927909638,-833.671055966038
"773",773,0.709982989278683,0.60125599758007,0.00612395033526092,-832.272854801942
"774",774,0.559430071067599,0.374991092495377,0.0081920715817469,-829.096039505459
"775",775,0.507416226207441,0.362368463948512,0.00688551240893114,-829.040162940088
"776",776,0.539810222411432,0.395501060108434,0.00671314042481746,-828.850697656002
"777",777,0.586225161013398,0.393426569296684,0.00843450996931092,-829.480412490276
"778",778,0.500337543581388,0.315858314832758,0.00788390239998614,-829.568700782119
"779",779,0.503056157988266,0.334411911811197,0.00743891325387553,-829.085452862432
"780",780,0.521538894153788,0.381057175943528,0.00626247393920002,-829.181918468012
"781",781,0.572020699867269,0.458127910350894,0.00716292361800572,-829.570162349502
"782",782,0.631988625720854,0.478806412341774,0.00712481706352451,-829.246125840122
"783",783,0.561246678096888,0.360154281179823,0.00687918439442468,-829.427871311259
"784",784,0.554812660529482,0.382424712182471,0.00836027034498915,-828.955880631364
"785",785,0.538824658352143,0.451968021477198,0.00711775305494187,-830.084282949893
"786",786,0.563872993898539,0.360530084932586,0.0094026964248017,-830.515045344513
"787",787,0.560107439954532,0.391088220977177,0.00521214087863439,-829.686118634943
"788",788,0.577958821785341,0.43274202193255,0.00875836797149838,-829.303847873106
"789",789,0.533177563613929,0.41398125228189,0.00602796298906373,-829.649848305637
"790",790,0.6163829574731,0.494510052822327,0.00873357844148714,-830.252966202539
"791",791,0.673709216886095,0.492243382578571,0.00598599233968613,-830.048838943704
"792",792,0.649335312426219,0.451653710429322,0.00796402857801541,-829.975498617726
"793",793,0.328944126082594,0.427632290936169,0.00499174556697044,-833.162291230793
"794",794,0.427255259419436,0.366301086321166,0.00802904006202496,-831.094794946849
"795",795,0.46387076456239,0.364849906257401,0.00814609298363952,-830.350734125889
"796",796,0.449950921599379,0.421946782789306,0.00528896885899667,-831.252956199286
"797",797,0.403796166130757,0.338552473943588,0.00749765383058462,-831.466182399424
"798",798,0.523589833243819,0.380586077072038,0.00721030478113446,-828.870532785573
"799",799,0.481096283302348,0.4547532764103,0.00551776295577757,-830.970401553657
"800",800,0.659421736082308,0.533455698780256,0.00700759417902654,-830.338229325007
"801",801,0.661997384982494,0.580028694784182,0.00610820858133673,-832.163663528
"802",802,0.384427312233858,0.564492840905359,0.00442045273510988,-833.457807052328
"803",803,0.659160266215389,0.630499693197216,0.0106370559424373,-836.383839642163
"804",804,0.700836499319699,0.564050987600069,0.0114818353851118,-833.964535169548
"805",805,0.747632934003789,0.581470837296483,0.0115058264471476,-834.888705531138
"806",806,0.719674235011749,0.585195693283871,0.00742190629505802,-831.401822951177
"807",807,0.631011147260442,0.495647064758677,0.00724942983338393,-829.594265481301
"808",808,0.663740065677493,0.52368798682279,0.00429677359517396,-832.361344614966
"809",809,0.635759623447199,0.467931907099564,0.00847259639356018,-829.613983932686
"810",810,0.632375072552739,0.474592342574619,0.00901158462570735,-829.933101460654
"811",811,0.631415326837611,0.415580504471845,0.006977573825761,-830.239781938729
"812",812,0.574350370949714,0.451140373149634,0.00676957033540582,-829.353048200393
"813",813,0.617040141437851,0.441588968490803,0.00758146470707162,-829.048733502248
"814",814,0.600131159417517,0.473075023221172,0.00815840588272614,-829.624448979138
"815",815,0.650042067167624,0.451720746894647,0.00748708521526372,-829.836405663374
"816",816,0.540654912177922,0.367566347990881,0.00764895486625972,-828.778663024635
"817",817,0.534793488061842,0.365548756260049,0.00766151187071376,-828.768297697481
"818",818,0.437984124206074,0.390334663834229,0.00678105862541422,-830.70471953474
"819",819,0.553032377106202,0.387709880320788,0.00966940882956907,-829.71651751897
"820",820,0.512448263360574,0.31376782267861,0.00844827482445929,-830.146802946318
"821",821,0.509459915335364,0.47121202477564,0.00766624669712855,-830.860697468094
"822",822,0.641527035423726,0.489831935238332,0.00687065904814452,-829.413457947363
"823",823,0.628815179451423,0.500322220589352,0.00923879880917892,-830.560107860532
"824",824,0.545816421703769,0.398608575929772,0.00785588736255821,-828.803406801182
"825",825,0.558061851226853,0.402015856360041,0.00692660403194758,-828.662085094858
"826",826,0.570870786785698,0.426636447641195,0.00608833014749579,-829.106891300804
"827",827,0.617834704797134,0.435399528610504,0.00598098654663778,-829.322000233319
"828",828,0.526697367504556,0.443771953260421,0.00590053245324826,-830.348621731214
"829",829,0.6430019099355,0.464917245458575,0.00620083583796388,-829.457057670421
"830",830,0.616625630532016,0.448988656867517,0.00648590556376717,-829.022990434882
"831",831,0.591513821530574,0.418335638688053,0.0091790739860396,-829.592769585467
"832",832,0.58789802234025,0.47712570232613,0.00586077528238813,-830.18609264505
"833",833,0.576045232104544,0.429045607017946,0.00856707583087992,-829.164094945049
"834",834,0.572628100393575,0.409866755328166,0.00682779740929633,-828.669577844577
"835",835,0.561741286981524,0.435217108845595,0.00728732158389904,-829.15952222704
"836",836,0.513895612087987,0.370869494972097,0.00615724424900767,-829.281668354999
"837",837,0.536645108450988,0.376390605821981,0.00581827766020131,-829.198568722138
"838",838,0.565223208894899,0.433253982019268,0.00576817341742491,-829.55321493008
"839",839,0.409631655704372,0.287797703772808,0.00622783644314704,-832.191198919876
"840",840,0.500585439279701,0.432665995126551,0.0054771174667388,-830.738898374941
"841",841,0.608358457485314,0.461947504555804,0.00703422709551954,-829.060977998546
"842",842,0.56798294340597,0.427701616358489,0.00573289433313848,-829.412434437844
"843",843,0.596165636754764,0.495962666981844,0.00616990888397523,-830.414685947206
"844",844,0.616075565198697,0.436901022731906,0.00653187006066284,-829.056502411679
"845",845,0.591710247978509,0.435808721933762,0.00777230922119423,-828.870351314872
"846",846,0.58720150193609,0.482272946330129,0.00759922781015943,-830.032301310093
"847",847,0.608343980937166,0.416641633806225,0.0088250992089809,-829.825571621485
"848",848,0.589251071459261,0.404315180570303,0.00507468691554117,-830.008666008491
"849",849,0.430375095365801,0.467667800524208,0.00855796314167986,-831.947610076674
"850",850,0.509242782372368,0.294914913768253,0.00577544384278088,-831.567539839193
"851",851,0.444134187230897,0.499361571040951,0.00669469480396703,-831.221500730545
"852",852,0.555187866258375,0.429997710406786,0.0145867414515241,-835.829273811762
"853",853,0.521824539082263,0.354598950250187,0.013649274086582,-834.168687902409
"854",854,0.485415701312948,0.345061296983058,0.00435557499347487,-832.127647816726
"855",855,0.460058959654489,0.620767364321565,0.00554288395744302,-832.849444986601
"856",856,0.681073169045433,0.536035432318984,0.00553989109164006,-830.824961669
"857",857,0.465535316031779,0.41004176009639,0.00808958538215425,-830.774010549237
"858",858,0.566868471288599,0.416365616858602,0.00505361543458238,-829.961469706418
"859",859,0.419603775539159,0.425818034765365,0.00537950469059026,-831.460786837259
"860",860,0.550895997469431,0.354067020902102,0.00715681240972175,-829.300267720195
"861",861,0.542792201187674,0.38907844495815,0.00698172623914365,-828.69228612728
"862",862,0.524335194554418,0.381583761445153,0.00906752526680637,-829.403479507787
"863",863,0.511174128884776,0.375463130466965,0.00931766445972655,-829.709689560295
"864",864,0.519881678964078,0.402935289631893,0.00557585352468784,-830.083574427033
"865",865,0.60439562880959,0.462170600457202,0.00336744482339652,-834.081090110961
"866",866,0.621275834649886,0.436254261074704,0.0121450030977588,-833.295884051369
"867",867,0.592547923874544,0.414581317224238,0.00811832495012187,-829.040761907643
"868",868,0.549033273298446,0.420339082323473,0.00789247676438518,-829.152874358367
"869",869,0.561804047313187,0.398171324925863,0.00537521206978109,-829.488787598572
"870",870,0.585322188115057,0.406017499039032,0.00731433789058662,-828.805669647329
"871",871,0.573338704825438,0.391845298344638,0.00864318079937185,-829.266048705225
"872",872,0.338200009966572,0.464504542786787,0.0042526866572437,-833.952254607555
"873",873,0.565264447781488,0.382734195140489,0.00820600251878548,-829.056333691267
"874",874,0.519998789669143,0.39492675043834,0.00633196189548291,-829.421819294096
"875",875,0.400238210529633,0.545791774153536,0.00687691251238997,-831.971959227052
"876",876,0.732199008850467,0.486494438668889,0.00516818526126168,-834.078502371812
"877",877,0.288998657643192,0.500761123493992,0.00450866193194905,-834.440334426629
"878",878,0.279678416671795,0.495752553897778,0.00652689215785042,-833.204812677015
"879",879,0.369162112747286,0.514727471622511,0.00576991457339525,-832.002393070477
"880",880,0.422701502325206,0.429540025294507,0.00891166906714193,-831.986915233941
"881",881,0.623741171694203,0.464715129937151,0.00584282777524307,-829.44491148747
"882",882,0.608216605786526,0.438467189841697,0.00722328110686297,-828.875012512679
"883",883,0.507146755824674,0.379808233750601,0.00807256361109658,-829.338889249503
"884",884,0.569004258329128,0.456734993706134,0.00695361118825041,-829.606184043615
"885",885,0.490233172453721,0.294392390607668,0.00819908839830085,-830.373884571015
"886",886,0.488211580902594,0.405875787851523,0.00683946852497222,-830.123889802833
"887",887,0.388747379969014,0.317845766251126,0.00945963009506164,-832.750675986586
"888",888,0.382680814457824,0.291333428765151,0.00904385642030626,-832.812098162563
"889",889,0.461150785627206,0.29943220610737,0.00856693611311144,-830.073881110465
"890",890,0.471384485416136,0.262465182102597,0.00464207467851113,-834.189531699127
"891",891,0.483881579046923,0.6015118261276,0.00826717844657264,-833.38606064533
"892",892,0.599968638836791,0.365603239300546,0.00716276465747638,-831.379253186362
"893",893,0.457937551713685,0.356060851902507,0.00914757820884434,-830.827417393464
"894",894,0.534026727033826,0.363869605213932,0.00614801071884779,-829.04264538379
"895",895,0.523536476373644,0.349351856110908,0.0089388614005476,-829.403475297909
"896",896,0.524748752407421,0.401620520870697,0.00610508063142857,-829.552646821724
"897",897,0.576366058665886,0.377252635905716,0.00687789890554937,-829.298398822341
"898",898,0.341293434274315,0.533153603448429,0.00583595241630686,-832.423408406428
"899",899,0.413214469259783,0.340328641126064,0.0109496869521059,-833.339283367466
"900",900,0.455518639949836,0.295959312125323,0.00877995224766706,-830.261616955502
"901",901,0.436456837567217,0.375166026371088,0.00710491571027543,-830.726266216086
"902",902,0.497155471360956,0.304510080146947,0.0071447533186594,-829.937187977629
"903",903,0.484940480334165,0.365798824821538,0.00874183220031074,-829.943115203042
"904",904,0.548218356530819,0.393178033369957,0.0090589274090533,-829.266925041276
"905",905,0.534224317630617,0.391020870074165,0.00727287398573988,-828.812024878969
"906",906,0.572249689484445,0.430740576709572,0.00874661473962058,-829.318733803441
"907",907,0.569843933308066,0.407065509442571,0.0086701481369282,-829.081158799718
"908",908,0.564883664413383,0.416366413025279,0.00582957455148035,-829.196126285814
"909",909,0.566342798371272,0.371168821676058,0.00847364019555761,-829.548376738072
"910",910,0.496203494380385,0.327552810246368,0.0117418048676775,-831.902164930781
"911",911,0.481437269736261,0.323899110394397,0.00983538549762416,-830.234765847146
"912",912,0.474516807936752,0.320933484063759,0.0114545130230335,-831.625377195275
"913",913,0.475052504594027,0.335286688646916,0.00763404674537959,-829.535035805462
"914",914,0.492549541961205,0.339124355921985,0.00729053416156689,-829.158829801031
"915",915,0.511272137867995,0.43798786687765,0.00636332567905089,-830.253770628304
"916",916,0.59269601518001,0.421346134822679,0.00684628863987419,-828.767065829639
"917",917,0.556290295978796,0.427315307607887,0.00539646586026028,-829.939333625435
"918",918,0.445532342775636,0.434838444472443,0.0068771454132568,-830.760372649371
"919",919,0.563335989561893,0.378908400546073,0.00672991764086633,-828.895609581346
"920",920,0.444715249963211,0.41750552663336,0.0070748221107373,-830.711968350216
"921",921,0.549480108364256,0.398936246200623,0.00686569092102044,-828.721161637538
"922",922,0.556319975636014,0.498596342031085,0.00961826666867056,-832.339286487887
"923",923,0.659483602806005,0.480326947484813,0.00533664600485631,-830.276886321966
"924",924,0.693882222209955,0.47374498904624,0.00825139597085468,-831.696604117921
"925",925,0.432904532939033,0.408977130885039,0.0061593550492881,-830.883674461583
"926",926,0.661794653195309,0.534721568734984,0.00563484315213861,-830.887141983064
"927",927,0.705594525228732,0.583153778616882,0.00829542833696698,-831.711251834888
"928",928,0.731874349776255,0.50905972308738,0.00606236235732851,-832.186555901631
"929",929,0.46308606396034,0.466781072722625,0.00554988728741762,-831.121991861699
"930",930,0.611763149223925,0.526291148286521,0.00826245406286438,-831.264113846424
"931",931,0.613873658004939,0.403122842329353,0.00543822475380076,-830.493595503359
"932",932,0.566393702941537,0.434241496229918,0.00556647924245942,-829.721717743526
"933",933,0.528919813979572,0.528095278644622,0.00826179366202701,-832.047638613698
"934",934,0.604243244778552,0.403296754752406,0.00626405409338116,-829.545201157089
"935",935,0.585032333589984,0.432399721953522,0.00838510862003254,-829.072944714139
"936",936,0.587757943990035,0.43619623117845,0.00865085651176051,-829.239382019759
"937",937,0.594172945995834,0.412250502313906,0.00621536291305195,-829.04421709341
"938",938,0.465695639475564,0.31210351467186,0.00567149804103315,-830.637940064016
"939",939,0.469501656857159,0.481609850920678,0.00605134333816762,-830.978501784568
"940",940,0.620850867542327,0.468231394228742,0.00820408251341371,-829.363589150511
"941",941,0.635613162708986,0.468160069762928,0.00775876097865807,-829.30158745592
"942",942,0.63740370939626,0.547376036451239,0.00871843375401949,-831.763660193174
"943",943,0.662621810910141,0.474665017013906,0.00638237814077554,-829.785851683548
"944",944,0.574988516764201,0.473571088502368,0.00577134670784144,-830.374651492238
"945",945,0.448371413076778,0.450777458676078,0.00781772290128947,-831.153617471717
"946",946,0.69047099623811,0.548135570568798,0.00620696619484136,-830.663391181506
"947",947,0.642522183643887,0.467151341950514,0.00864355489932522,-829.844781161655
"948",948,0.394318666420684,0.389011399812742,0.00912073074778132,-832.324045862645
"949",949,0.428226897142204,0.408965905619447,0.00555483405971024,-831.250300455095
"950",950,0.638368523830793,0.392881483025799,0.00515292106691338,-833.14288582187
"951",951,0.411782812600312,0.6948900165592,0.0059018364984654,-833.988892517736
"952",952,0.314233303602291,0.552875249120631,0.00702465687964687,-832.958544480612
"953",953,0.418411176702348,0.596094664841775,0.00500583781523834,-832.918535279266
"954",954,0.64374956863703,0.506811868523789,0.00954390559235326,-830.82507680705
"955",955,0.680598478932101,0.532908441772031,0.00539993260171789,-830.88143731583
"956",956,0.547144916530063,0.340709155046931,0.00573149422792295,-830.301192047078
"957",957,0.508326319039476,0.413140256298734,0.00900209344277829,-830.511241588129
"958",958,0.61370065867768,0.504797153987708,0.00699165479064391,-830.176948780289
"959",959,0.706267994459819,0.490470236944542,0.00910402712418698,-832.343475688421
"960",960,0.55752161523156,0.502230395550773,0.00754151821381413,-831.006454754543
"961",961,0.481346494317894,0.444641075854668,0.00525708512371345,-831.119266910637
"962",962,0.581152874398598,0.425268103643067,0.00898298150242711,-829.349807161422
"963",963,0.531040102183584,0.332246719038707,0.00647776879665846,-829.715563260153
"964",964,0.417366863165792,0.428089016878164,0.00757748018856099,-831.182756339836
"965",965,0.391032274766917,0.349489700900855,0.0103866613479512,-833.465366402699
"966",966,0.388576587378605,0.25544916033002,0.00759109950198734,-832.768030001161
"967",967,0.349407513798474,0.603005425073024,0.00744815802135996,-833.29492839779
"968",968,0.291769927041608,0.440987308825776,0.0077135391490583,-833.123007911962
"969",969,0.287040409774877,0.409040052700098,0.00590239915001231,-833.486954100852
"970",970,0.436659245328578,0.432321256204662,0.00719747278981793,-830.885791359653
"971",971,0.612163302824633,0.45285161364686,0.00763054985090575,-829.00297387985
"972",972,0.621809525453626,0.428575324242997,0.00662586324755519,-829.333283128245
"973",973,0.56019901846805,0.408844307154387,0.00952269166952881,-829.637057307172
"974",974,0.560285131007295,0.410150945126985,0.00494864329124751,-830.113827497108
"975",975,0.598703571108568,0.42906990128674,0.00647156197437151,-828.87431794913
"976",976,0.506744999676327,0.393544262709501,0.00608327518289509,-829.854645878385
"977",977,0.593204976846201,0.366240538118042,0.00669900668646026,-830.824218455956
"978",978,0.483264604980638,0.492679682033069,0.00675530968674276,-830.988587648829
"979",979,0.447011731273444,0.420184600759011,0.00639334382966444,-830.700435180012
"980",980,0.630613142399764,0.461254888510528,0.00718223205985429,-829.120245968684
"981",981,0.579594216400841,0.388582448679228,0.00675098796954711,-829.045433787392
"982",982,0.533199516522716,0.39960158450133,0.00731369066357946,-828.977696119726
"983",983,0.59040549547011,0.44969941234175,0.00988616715030146,-830.285590428602
"984",984,0.61227577167556,0.416921208152351,0.00561107237167101,-829.783114462328
"985",985,0.372941863898087,0.474207331804679,0.00536824854553305,-832.016758202337
"986",986,0.475407112019711,0.440887429961706,0.00557557874668445,-830.887819694599
"987",987,0.628243294577579,0.454242863064659,0.00801251587662902,-829.309986245766
"988",988,0.635328110452028,0.465635077550303,0.00910330499659332,-830.019275513032
"989",989,0.628107343827951,0.496173268995452,0.00811783594379804,-829.839669799855
"990",990,0.651671880142728,0.460741478429073,0.00492847378265249,-830.759543115154
"991",991,0.577430783892212,0.465761148707554,0.00883191964948686,-830.187647826951
"992",992,0.636195859570923,0.52668881632842,0.00577575534916996,-830.922695392215
"993",993,0.679815442847234,0.502235878564533,0.00683347741689512,-829.916121324683
"994",994,0.680012623135124,0.516687580249939,0.0081269652330445,-830.221881587336
"995",995,0.644190210027484,0.457688019780195,0.00865289735929649,-830.016757338343
"996",996,0.60536558358937,0.41286934319492,0.00943789978596149,-830.284922933888
"997",997,0.583325686867963,0.556057325841727,0.00408613648425452,-833.815043685903
"998",998,0.483624449102704,0.592669598162573,0.00877721900265769,-833.715288899645
"999",999,0.486857706557315,0.418350184235381,0.00537387738666137,-830.858900519603
"1000",1000,0.398289053799913,0.413405621228491,0.00729736344463763,-831.269535084968
