"","i","asc1","desc1","pol1","p"
"1",1,0.0748755479867788,12.4043443559133,0.514841938215262,-1197.71750980636
"2",2,0.370092517325936,8.86207794364038,0.356586315095938,-1152.03006674874
"3",3,1.59593626509853,7.57301272748418,0.248245568553374,-1114.57550319232
"4",4,2.27347684384897,6.52642804988875,0.163611143522082,-1073.46024210456
"5",5,2.1648751479781,4.7885405328297,0.108792232147834,-1020.47849533599
"6",6,2.19646696243432,4.48371429899439,0.0692192160645373,-984.533944719394
"7",7,2.59295617011743,4.3632667800771,0.0193232745311282,-947.050324839317
"8",8,4.46247821169875,4.43100258827143,0.00660237318231453,-907.377874214397
"9",9,4.4100287928991,4.28364325112544,0.0059684260530031,-905.982030486315
"10",10,4.23818191895842,3.98324106119752,0.00640121061073213,-905.646504967093
"11",11,3.8992016704475,3.74539024166653,0.00850757586133263,-899.320994932505
"12",12,3.72089218625876,3.52759138262319,0.00646412618917812,-896.007381955067
"13",13,3.45802313955272,3.450956369326,0.00709883626153161,-893.183909718349
"14",14,3.47011729268699,3.35882413873341,0.00768328115562794,-891.72468080105
"15",15,3.44836536401223,3.21892960565377,0.00555254948866905,-891.97299340104
"16",16,3.3137181739004,3.17215994685867,0.0037444063070706,-890.142105490083
"17",17,3.17602939731542,3.11039153928509,0.0107392321609143,-888.747005690449
"18",18,3.08502153590585,3.04020526287826,0.00506067283552068,-886.412636854353
"19",19,3.16733179175858,2.8872477613356,0.0061902458925769,-888.340808603232
"20",20,3.14694253575309,3.11684229319028,0.00921456853046343,-887.909477231136
"21",21,3.24235114403027,3.15341476625372,0.00487697567741534,-888.314731566954
"22",22,3.30286503316428,3.18086421698079,0.00436655333137503,-889.361249380811
"23",23,3.25774472735804,3.0431200152204,0.00804095252601083,-888.836950027397
"24",24,3.23536052853281,3.18948737663373,0.00459525749197576,-889.367092553725
"25",25,3.28585814330034,3.0564998929449,0.0101468854326976,-891.360152502519
"26",26,3.17956141097811,3.03961945405005,0.00647500207715894,-886.202345319322
"27",27,3.15237918968567,2.94400428003962,0.00703294107502983,-886.280845902188
"28",28,2.93847203167094,2.83355849212272,0.00579542531714201,-882.042774058264
"29",29,2.91680904701596,2.70238261612353,0.00892085388358109,-882.703651947446
"30",30,2.8239738208851,2.57413623880889,0.00392787017639224,-881.699116389081
"31",31,2.48920457315015,2.31687324005535,0.00438741830685139,-873.091794430664
"32",32,2.24553966369275,2.26393830797254,0.0132176053535968,-874.475050008248
"33",33,2.30010404025418,2.03823006941134,0.00691193222835494,-869.131105025891
"34",34,1.90602920176214,1.62813057384551,0.00526436990973696,-859.973092558502
"35",35,0.534468498835133,1.21403394923933,0.00692282872272043,-832.043988237052
"36",36,0.448694192226155,1.15982099891018,0.00671129454787638,-830.046402035408
"37",37,0.393273954693848,1.14426580760678,0.00769341202616597,-829.143571067764
"38",38,0.349961676425945,0.87517127211825,0.00768707719026029,-829.092998990394
"39",39,0.337810442072873,0.995529487409857,0.00833522850360522,-828.605283674483
"40",40,0.209778867631105,0.729902575572315,0.00723744467274552,-828.618850988258
"41",41,0.186378385316127,0.982673145548771,0.00595648475982049,-828.229022848126
"42",42,0.180797982301461,0.99353223197088,0.005384103897184,-829.266848671984
"43",43,0.235300771014634,1.00647683657172,0.00960629696666879,-827.83427278235
"44",44,0.26026913738005,1.01634258748363,0.00928993853899236,-827.864180485132
"45",45,0.214340995498522,0.882887052069343,0.00771716104474901,-827.493657051049
"46",46,0.213399420572113,0.888625440515247,0.00541708053187984,-828.430886326639
"47",47,0.130613540040071,0.845725292704454,0.0136059419690436,-829.272910285648
"48",48,0.110198498178567,0.818463532689657,0.0114774975257731,-827.892367969447
"49",49,0.0458457550242421,0.801131188417305,0.0112856856105813,-829.1345081742
"50",50,0.0792011406605654,0.862835031488913,0.010770299223621,-827.819254873531
"51",51,0.149257260606134,0.96986332329423,0.00648469543453453,-828.900634143907
"52",52,0.329016042576232,1.03759212499448,0.00924915200504798,-828.825235385044
"53",53,0.216181163514577,0.813128225066144,0.00819207448410659,-827.928406138073
"54",54,0.156201903891154,0.687798343672132,0.00842587615852892,-828.344046951517
"55",55,0.187109329551876,0.647264808089775,0.00902144611244263,-829.0247937669
"56",56,0.108009948204651,0.701336130199058,0.00639388546392029,-829.768667628818
"57",57,0.108158361092868,0.864694100419011,0.00942961001824295,-827.092518374546
"58",58,0.212182285051462,0.802373803362491,0.00630104752677455,-828.382772940538
"59",59,0.210871403420182,0.912382526772568,0.0102630184991958,-828.002623155887
"60",60,0.226852629297901,0.882920078826589,0.00819424742929783,-827.632361223695
"61",61,0.219511830330729,0.972631124792863,0.00818245311500184,-827.15567349726
"62",62,0.232060119494456,0.970855692703333,0.0076033449059594,-827.173607179997
"63",63,0.185413639105296,0.820633245315575,0.00858914481597606,-827.608999346698
"64",64,0.0777892865381877,0.663604117634846,0.0112618618407625,-829.597177688975
"65",65,0.117867981185274,0.854653217650909,0.00918217363962956,-827.089305045936
"66",66,0.134972122487318,0.903014538523284,0.00843909452082839,-827.032088053748
"67",67,0.157105141208236,0.852062866554335,0.00995260669769101,-827.431094000625
"68",68,0.209422157568176,0.854173409674918,0.00734928525637839,-827.649092109178
"69",69,0.189586616045179,0.969887601230819,0.00868644874891221,-827.261322914716
"70",70,0.218053687872547,0.865019510773144,0.0075236436853693,-827.620584029335
"71",71,0.184247772159614,0.886901159549221,0.00730904338395417,-827.369171412305
"72",72,0.179008287195377,0.878598348180843,0.00943442428905711,-827.395679088713
"73",73,0.225675173316385,0.925882645471027,0.00714114365476815,-827.377647786489
"74",74,0.137559161578892,0.835524840816226,0.0115176889003103,-827.970359151707
"75",75,0.0480872592685742,0.79933752084535,0.00941490927198314,-828.82885843562
"76",76,0.0730946137110912,0.836743435424952,0.00756817951639527,-828.31202338085
"77",77,0.158131973036105,0.812947324543879,0.00961347599598457,-827.545102423932
"78",78,0.162011793010115,0.842689126260043,0.00772176019379282,-827.442177111966
"79",79,0.0841141706434571,0.863892715087695,0.00862130653707781,-827.610720217309
"80",80,0.0772983671433047,0.7897901328572,0.00994634621845563,-827.947621886712
"81",81,0.106691358883208,0.799232644035939,0.0105031618649189,-827.65299137848
"82",82,0.130291148673479,0.835571609568444,0.00786138378521451,-827.428677628855
"83",83,0.140554728528314,0.823372483141365,0.00937176912773011,-827.341027393794
"84",84,0.249750698349235,1.02603902271738,0.00750310565046263,-827.405874132216
"85",85,0.214626083110698,0.747148725717173,0.00875639757099884,-828.460077962823
"86",86,0.25234052951511,0.758104588324309,0.00913532747834709,-829.098166242775
"87",87,0.261358947914777,0.85892401559456,0.00539208800520048,-828.614954293481
"88",88,0.318485358432724,0.980082735801858,0.00643107297306646,-828.017123095044
"89",89,0.35414218217888,0.803755275332839,0.00608099410742884,-829.406523495621
"90",90,0.233779465446177,0.843141361281728,0.00892355107123395,-828.114298487261
"91",91,0.171473858951184,0.8139708468128,0.00864865942305317,-827.533313405113
"92",92,0.404167145257552,0.833999678098443,0.0075198454800005,-830.224075300529
"93",93,0.229775859138526,0.832147827802827,0.00961233074323171,-828.393055941067
"94",94,0.181680794179479,0.715230110323499,0.00920030006589364,-828.34782170366
"95",95,0.102568332227713,0.68334668911556,0.0122004611108445,-829.494928468173
"96",96,0.0944422918780025,0.676992027160153,0.0100629183573333,-828.688182328413
"97",97,0.180292958158213,0.822878205243855,0.0102717947457509,-827.95611095728
"98",98,0.132115841229458,0.672359941833623,0.00841676758780719,-828.454927765562
"99",99,0.128621722300076,0.840075622192294,0.0122626034929826,-828.294395996028
"100",100,0.146385008239476,0.872649429375635,0.013466240807808,-829.218723937639
"101",101,0.0654508897116814,0.788123649070001,0.00658886927666512,-829.848449873709
"102",102,0.34154185750291,0.758790762820115,0.00648234418644003,-829.681791684417
"103",103,0.240048274247977,0.793670675620219,0.00682400047265358,-828.367076464065
"104",104,0.155941989177115,0.796804150081329,0.00843496338251412,-827.546327662144
"105",105,0.129540042494044,0.892870528709769,0.00845460539435952,-827.027188138101
"106",106,0.104620255212457,0.679924453438918,0.00995833240152791,-828.510141534125
"107",107,0.103706826067605,0.897659800565314,0.0103630557284829,-827.588148522235
"108",108,0.17987613202029,0.66608224134009,0.0106062701139368,-829.283586396921
"109",109,0.0938493196292828,0.892178685216673,0.00914533382282073,-827.663321369878
"110",110,0.197445649127147,0.846313336359763,0.012544930716505,-829.603311562227
"111",111,0.0722955035387989,0.857256571005433,0.0116714183098765,-828.299080513069
"112",112,0.153734509844891,0.858544796867178,0.0105210571515621,-827.555762176475
"113",113,0.132384414458019,0.796479659216784,0.00735404124820745,-827.896198067597
"114",114,0.112791630519347,0.822113039231408,0.00727696909202869,-827.906157789799
"115",115,0.212800886919757,0.9241801119628,0.00876559258835065,-827.385098427503
"116",116,0.180496363073833,0.907872043401162,0.00956165306159821,-827.293350918085
"117",117,0.203109232269396,0.889423503276534,0.00829370171630952,-827.393233083577
"118",118,0.120443733166066,0.836237642568541,0.0105024164031898,-827.419605344875
"119",119,0.0635949897118451,0.842705503316987,0.00958714933095366,-828.047610479233
"120",120,0.231697632946572,0.947493301498158,0.00672580151423903,-827.371102474681
"121",121,0.174309273607898,0.946896727329635,0.00738884465313142,-827.20930292066
"122",122,0.335759655456954,1.00648185955767,0.00596329327824343,-828.289141307805
"123",123,0.293555619389932,0.977713789013595,0.0089724790138612,-828.311713145571
"124",124,0.228725932850367,0.727297418216922,0.00616142286059451,-829.232538686418
"125",125,0.233450099701252,0.972794061477118,0.00925743212822239,-827.57789099306
"126",126,0.347860828578148,1.0128623650936,0.00657036952978001,-828.296150204559
"127",127,0.222235898201508,0.788006433753128,0.00663774588532833,-828.375089678424
"128",128,0.239024304184444,1.05324380288835,0.0104855327901206,-829.269521783919
"129",129,0.232190653128164,0.94206157715971,0.00615546687560813,-827.614552268843
"130",130,0.334544660170422,0.821568450831959,0.00571602190511027,-829.140438754354
"131",131,0.254221464930846,0.723108098180743,0.0101453694985267,-829.955859646256
"132",132,0.253662030206453,1.03782434053544,0.00679029856061268,-827.600749070428
"133",133,0.218882477344662,0.832003011721424,0.00776621701521039,-827.814800067025
"134",134,0.193845188479461,0.946617450792618,0.010513208304789,-827.730319321661
"135",135,0.222963515249085,0.921677299330058,0.0102554594399484,-828.156060078778
"136",136,0.169433036513406,0.884026779971448,0.0090184873560781,-827.185222770152
"137",137,0.153497508324587,0.784339524576775,0.010280167781777,-827.841816395956
"138",138,0.182777378257391,0.949672348097184,0.00780796694646239,-827.086007146668
"139",139,0.24583995051717,0.716667139000768,0.00403416175205376,-831.870360250824
"140",140,0.315755361431976,0.954434876847953,0.004232934658504,-829.781458981136
"141",141,0.246590122219677,0.8853650870738,0.0102325018447942,-828.733429929929
"142",142,0.241059305347133,0.885234776199717,0.0112142087223842,-829.310479973208
"143",143,0.155460875773087,0.926170770986374,0.011296164130298,-827.785891212037
"144",144,0.14943035537317,0.870566989922115,0.00721281189011831,-827.442578224543
"145",145,0.185373326827872,0.736911842783094,0.00694038400816532,-828.545473601316
"146",146,0.177764872795873,0.90012101126351,0.00827348836450172,-827.121770112437
"147",147,0.13584490221385,0.888738519427452,0.0125180056305848,-828.292174537333
"148",148,0.106776060366093,0.883472523054715,0.00680473003193599,-828.102341509186
"149",149,0.295467276497904,0.879372781853173,0.00761255300391328,-828.276825604827
"150",150,0.266717235716622,1.04579773313931,0.00768806539465536,-827.58675333631
"151",151,0.311996822268933,0.990890979611881,0.00529724876046267,-828.457222006056
"152",152,0.394289529811444,0.852909826989214,0.0060811273153822,-829.541965963832
"153",153,0.343381623738813,0.842298233460721,0.00583862224634952,-829.030070747424
"154",154,0.172415205204191,0.838727553125596,0.00590716425848409,-828.475648319421
"155",155,0.231614170434682,0.939899295956625,0.00867660502766694,-827.501367182919
"156",156,0.133441460726524,0.950651097218583,0.00853570592380098,-828.057056592031
"157",157,0.206095009451833,0.964449578547596,0.0115681625652966,-828.547578020715
"158",158,0.188883096429727,0.971040174229938,0.0123398489383707,-829.031819250983
"159",159,0.187536320836792,0.911314262881704,0.00575155660798972,-828.053535879126
"160",160,0.145550384895132,0.961597889952899,0.00726488869745017,-828.312472540576
"161",161,0.200452271401492,0.910256457255956,0.0079034241948902,-827.242339568992
"162",162,0.151064094653665,0.919874149061105,0.00768700577005064,-827.152950630356
"163",163,0.305686594049341,0.859857636665831,0.0077796063313449,-828.59137917045
"164",164,0.317120627824546,1.04864858804051,0.00394375200334799,-830.309264361307
"165",165,0.473798861486211,0.961960137483094,0.00421330358840971,-831.567124036297
"166",166,0.522187327722677,0.737607939379025,0.00717588396917235,-832.546607171603
"167",167,0.109943631655944,0.79102814946005,0.0116229654090199,-828.141967848046
"168",168,0.101800972150303,0.856709904091111,0.0070049130170466,-827.980090088925
"169",169,0.190598629894951,0.975344139462392,0.00798653320842884,-827.28496276895
"170",170,0.198053307935467,0.852224428104073,0.00717037264090027,-827.647664497307
"171",171,0.270663813966991,0.995080633986023,0.00945390684670764,-828.12203053124
"172",172,0.229587250140585,0.898701647593586,0.00742037358128462,-827.523156701354
"173",173,0.206872335762715,0.950545955976944,0.00956929085084902,-827.448363757898
"174",174,0.132503934968064,0.733180909366628,0.0109881652555681,-828.306328732783
"175",175,0.188907111789588,0.955279717034969,0.00738104839347968,-827.147601229172
"176",176,0.196505662133062,0.965095755080955,0.00895556314788027,-827.231199275813
"177",177,0.186462226280612,0.935972090567431,0.0083411801712328,-827.036897908721
"178",178,0.193927343449912,0.842353786573039,0.00617268133720117,-828.164719989962
"179",179,0.216463976258541,1.00610825883343,0.00485520626123999,-829.037738648488
"180",180,0.351815881387741,0.929544313246756,0.00840322925455939,-829.156767617638
"181",181,0.130081359107488,0.900536418305708,0.0063800458844246,-828.069760011908
"182",182,0.23819975050096,1.03522140060938,0.00640885344220122,-827.914344566365
"183",183,0.227094776710738,0.554706725704398,0.00959517483746896,-831.058429591304
"184",184,0.150900861955221,0.941095539843569,0.0120156543350195,-828.414252657805
"185",185,0.219636903114117,0.849015042650348,0.0124132863893754,-829.988706186516
"186",186,0.223266342097139,0.897024141880066,0.0116860394271159,-829.238162514808
"187",187,0.0857403446597179,0.821640071479708,0.0150841699135372,-830.517551169169
"188",188,0.207627861341163,0.84584909104542,0.00391863664076878,-831.00799147282
"189",189,0.297741904088003,0.997563244404305,0.00522493652458416,-828.387333417425
"190",190,0.259824121075681,0.878006328734284,0.00887804134634242,-828.262277660937
"191",191,0.398793377849489,0.616430980511723,0.00590323120223657,-831.839761202054
"192",192,0.15670225351982,0.776090623471905,0.00699655909828675,-828.166442977847
"193",193,0.149562725213077,0.662844086020436,0.0107429622201931,-829.008600788851
"194",194,0.150225433202837,0.974290730440445,0.00724495183664673,-828.611934036828
"195",195,0.279965669101999,0.945895645732433,0.00899253946691665,-828.259102009727
"196",196,0.200039332137621,0.972582049707133,0.00725988265073781,-827.216296734141
"197",197,0.262775388009186,0.994107390675413,0.00674177819252561,-827.371770779119
"198",198,0.285692379453388,0.960998250308166,0.00851317810336209,-828.044679117351
"199",199,0.271192991019957,0.905791133074713,0.010710344493376,-829.442476982323
"200",200,0.181781209262214,0.736732128977411,0.00956401568430091,-828.262653375929
"201",201,0.207962557631953,0.964860777348585,0.0103520821670125,-827.820006257769
"202",202,0.219019411083282,0.979417104922451,0.00745420896880409,-827.139235403678
"203",203,0.226180809234979,0.988002736540962,0.00672752334452781,-827.277773500157
"204",204,0.253391765897354,0.953489998160287,0.0116587491066766,-829.594729803681
"205",205,0.244672222155569,0.993761109460346,0.00714819455990644,-827.218213368134
"206",206,0.228732930352416,0.876392872699446,0.00734962078350207,-827.64053956788
"207",207,0.26728546429863,1.00004998225955,0.00742340701171576,-827.361920342515
"208",208,0.222487635915257,0.949020631889983,0.00630186400567812,-827.47315708848
"209",209,0.250191842837082,0.946512412213333,0.00947379168224638,-828.054757095421
"210",210,0.237257476633462,1.05172694286408,0.00585288287143806,-828.731952442559
"211",211,0.305361352387476,1.0252007901555,0.00680926783969278,-827.699646393335
"212",212,0.294979129569947,0.957522063021075,0.00924185359116248,-828.580271085717
"213",213,0.221929320973136,0.917760243053117,0.0068407541535336,-827.460935419328
"214",214,0.300957476118511,0.912268274604806,0.0077288520636789,-828.183518725212
"215",215,0.182119117664429,0.897267296078472,0.00651238827870297,-827.622572030176
"216",216,0.162262595629285,0.788590207166224,0.0124260688250519,-829.142233804199
"217",217,0.130550945053578,0.83878475354831,0.00656655935851926,-828.161020621153
"218",218,0.169155597429281,0.857574633054479,0.00661261666934541,-827.832648280849
"219",219,0.299882806482546,1.04440651326779,0.00704745479802632,-827.609910923822
"220",220,0.280580784376679,1.00378635053426,0.00730360590793689,-827.47949283167
"221",221,0.278665239291866,0.866187734182985,0.00730907954495564,-828.119564909735
"222",222,0.255922987185311,1.03731844747839,0.00837125511827575,-827.669578473043
"223",223,0.252723599741651,0.924449317792994,0.00635220752898472,-827.709258479934
"224",224,0.223960469544869,0.626050239729992,0.0129972466558484,-832.755475038601
"225",225,0.0828625618908368,0.853113201892444,0.00819847244703947,-827.711357705594
"226",226,0.201742307694153,0.899610523122007,0.00641801602200875,-827.670089325297
"227",227,0.198128722801487,0.791060731171754,0.00916927971736,-828.012426910101
"228",228,0.146959964395557,0.86890803278175,0.00842925038374533,-827.107738785134
"229",229,0.244534806878612,0.783635568064156,0.00599584433456921,-828.794861584084
"230",230,0.30625734241418,0.863415591113458,0.0086419432150235,-828.959129025942
"231",231,0.298577196459129,0.838215749056112,0.00721319938980393,-828.526059193868
"232",232,0.40688467508337,1.14058885264165,0.00872616559803954,-829.803256086348
"233",233,0.427528117541391,1.15921691877429,0.00648135587892963,-829.658470606135
"234",234,0.357635454395753,0.928200278140382,0.00695601816407875,-828.673855222995
"235",235,0.32047757144991,1.09850099640304,0.0067085548301648,-828.152747164189
"236",236,0.346610365019478,0.985530249439258,0.00616602157026402,-828.378319393777
"237",237,0.266566123622137,0.918203299995329,0.00961653527153176,-828.533059836725
"238",238,0.183273353542358,0.896906002819812,0.0104096887605629,-827.708212913169
"239",239,0.196018088074078,0.960517573879905,0.0133080507202517,-829.786944502575
"240",240,0.209692911777207,0.876818836626731,0.00673096380087783,-827.679422031547
"241",241,0.163341762295519,0.700746595119046,0.010025678641398,-828.46333068116
"242",242,0.0645853375230125,0.876548375835254,0.00916261618106397,-828.677152506658
"243",243,0.104367948125256,0.85714638648806,0.00928236019129761,-827.133734534665
"244",244,0.0843215471709678,0.90193447156207,0.00844152531175042,-828.522920231337
"245",245,0.245587311304253,0.957184738154788,0.00618168835599626,-827.58242527692
"246",246,0.312921736964364,0.981860043406303,0.00815724970656159,-828.193849877324
"247",247,0.339316119648006,0.988026836186953,0.00849511764281607,-828.738185101605
"248",248,0.307077408394329,0.815430452090965,0.00512761195612783,-829.323552940196
"249",249,0.176714572964909,0.757109763528521,0.00748772831982644,-828.110489859383
"250",250,0.124341072238761,0.757748660279646,0.00812991018494592,-827.852164398845
"251",251,0.129069594203868,0.770321123462318,0.00766378533242422,-827.929225597198
"252",252,0.115563709797074,0.851854193623536,0.00718512850431411,-827.712131386569
"253",253,0.317831274051389,1.03665913992674,0.00559880285402715,-828.225974903936
"254",254,0.256212141441123,0.969533131532529,0.00520509503243446,-828.240389678692
"255",255,0.27864658205186,1.03944863611554,0.00757934477369721,-827.496501111958
"256",256,0.302262270970659,0.987391358729118,0.00955850558413634,-828.772233526657
"257",257,0.152623350464436,0.936001305431678,0.00637574958267598,-827.953449519132
"258",258,0.282552624557263,0.815143576139301,0.00850471458431628,-828.880457554932
"259",259,0.0474253529771863,0.842144624944178,0.00943031176487406,-828.960228449781
"260",260,0.312450527434813,0.99781774805818,0.0112957309667184,-830.361117371377
"261",261,0.361171473201068,1.09529100350723,0.00904511554663105,-829.1316669066
"262",262,0.369790784422632,0.989377321396952,0.00753364690535314,-828.795092721855
"263",263,0.330325997980656,1.08278176644315,0.00810756767670215,-828.203209375042
"264",264,0.291468931875312,0.868440302184229,0.0100134136231336,-829.550997740332
"265",265,0.136288997204299,0.815500758067248,0.00905798329829183,-827.349996957916
"266",266,0.108182197165889,0.818447768100516,0.00747554030218364,-827.85755716711
"267",267,0.186887859649633,0.907181240719484,0.0108101127574706,-827.91225119056
"268",268,0.294256029080122,1.05212410991364,0.00648288037423243,-827.675409612291
"269",269,0.25347689951286,0.888611866752286,0.00862936171826174,-828.016514389575
"270",270,0.163720117403798,0.859301455788658,0.00840476517015715,-827.253075042189
"271",271,0.163167980809858,0.931702389605594,0.00835957429595727,-827.035397256314
"272",272,0.181731093437301,0.760337137900376,0.00822232711303518,-827.963659743859
"273",273,0.114331127654333,0.774108263814696,0.010326472543984,-827.741356371788
"274",274,0.0956999568882062,0.905549409986888,0.0105387016732325,-828.104675822061
"275",275,0.138556601027,0.840510231533236,0.0080548999605808,-827.332124130815
"276",276,0.178554535668539,0.689874886610685,0.00889960105530131,-828.489286866969
"277",277,0.177736835195099,0.856225086700799,0.00796982921661811,-827.383682405263
"278",278,0.221130987820443,0.960981105659371,0.00684075780559798,-827.230006506104
"279",279,0.20250116420242,0.981137267910491,0.00848238555380546,-827.27736974958
"280",280,0.355396793526872,0.981319382940766,0.0056865632995256,-828.653988836084
"281",281,0.331188389944415,1.08232061262383,0.00581661676998402,-828.302326338381
"282",282,0.296268423650505,0.79345879548134,0.0056575772949842,-829.116344182594
"283",283,0.270066921860973,1.07318553486116,0.0077267743642125,-828.123685595861
"284",284,0.296087562684274,1.03792997959304,0.00500574061547817,-828.545044626098
"285",285,0.270469632020307,0.9850632546909,0.00635904634961803,-827.559018359397
"286",286,0.223353517678466,0.959962732324859,0.00777438472363577,-827.156412056601
"287",287,0.371631965218754,1.064530504497,0.00564244185806746,-828.883365686324
"288",288,0.33464625390064,0.853696822468283,0.00390769674355192,-830.754332527314
"289",289,0.23346550346065,0.793442176816367,0.00729673536988003,-828.242210558423
"290",290,0.258593989651024,0.896948936848426,0.00807451342120646,-827.862318708005
"291",291,0.0657838003896818,0.900995847137304,0.0110978275257767,-829.818032925459
"292",292,0.0882198739686026,0.844229875425588,0.0104268043140232,-827.462481503307
"293",293,0.0911345126867249,0.927089690713076,0.00948507648689708,-829.100322098377
"294",294,0.171902946012503,0.819814389944299,0.00797957340621891,-827.548422319707
"295",295,0.178825322351724,0.827031798284002,0.00676847796064327,-827.924748012302
"296",296,0.13082414191226,0.742998405910846,0.00716995133609626,-828.403298668632
"297",297,0.164538535207938,0.919466285804134,0.00905361895121055,-827.020204126172
"298",298,0.127512261044235,0.876663660190194,0.00890750034874045,-826.991457547112
"299",299,0.146644842985478,0.789931186333629,0.00955345016783869,-827.571691361377
"300",300,0.208195557166599,0.775400462873867,0.0139300587230671,-831.666168750485
"301",301,0.197538981448379,0.946734674391276,0.00523373193520372,-828.346949297094
"302",302,0.177605583611405,0.945126860250419,0.00585597940449967,-827.967395348136
"303",303,0.244173462274121,1.06664819469545,0.0137361268830755,-832.382475721363
"304",304,0.258766239963486,0.707443056471967,0.0145930683602988,-834.732583097848
"305",305,0.116930882417804,0.912248400918828,0.00463671580234906,-831.092328364846
"306",306,0.1994908753332,0.944417146226862,0.00514907046287684,-828.432537089672
"307",307,0.286891883408896,1.05827886132631,0.00536153031837682,-828.342577374207
"308",308,0.312969758409227,1.00287825918448,0.00561449225863138,-828.224403249923
"309",309,0.205281443413625,0.663527940942594,0.0081979615745663,-829.033453128984
"310",310,0.126556110369177,0.960836013269088,0.0111755291210422,-829.284763613359
"311",311,0.260347638065703,0.827763621675138,0.00467664737015619,-829.564614694158
"312",312,0.283740005864138,0.801890824060471,0.00485686020027251,-829.596157794298
"313",313,0.511571056706499,0.947695727147798,0.00506296891359948,-831.385757056116
"314",314,0.35624851198464,0.897491222153034,0.00747316421801459,-828.958604916369
"315",315,0.407067907300628,0.793157613899404,0.00467411078103492,-830.712028043714
"316",316,0.539241230686221,0.637789094532405,0.00473109393847781,-832.749924384599
"317",317,0.556161642554002,0.712297178859043,0.00374368084839685,-833.698233983304
"318",318,0.249070919888214,0.822118662391695,0.0123707804102731,-830.866870970024
"319",319,0.10371449269353,0.760657257473188,0.00969592456714709,-827.774292543985
"320",320,0.0766548651303289,0.797549811591025,0.00981644863501185,-827.884028878192
"321",321,0.0752891787512091,0.80445753070665,0.00993019862204926,-827.855792020646
"322",322,0.0594509719217502,0.858259815822304,0.0102922493587505,-828.511770372138
"323",323,0.209708376715463,0.943912472249659,0.00659257339441928,-827.343974981488
"324",324,0.23201168982573,0.990051884842833,0.00711628721965812,-827.195310999408
"325",325,0.256938789414691,0.813819263692768,0.00804008812418077,-828.375395107652
"326",326,0.0665182239809535,0.743039961362952,0.0137790343971354,-830.470172267173
"327",327,0.111896585458275,0.920496914175587,0.00725517833011126,-828.33762158893
"328",328,0.240010984924263,0.974954200312468,0.00565116216310552,-827.79182717009
"329",329,0.239665461992785,0.812166905985911,0.00685594093116252,-828.204796949062
"330",330,0.133418991493613,0.750855114769711,0.0108910655163067,-828.133741581231
"331",331,0.0807655131596265,0.74182707035603,0.0107641491219613,-828.42888371535
"332",332,0.0757575034472796,0.808502573253791,0.00980559060842357,-827.803059684309
"333",333,0.155047458227749,0.866385400026561,0.00507799047932121,-829.389229798493
"334",334,0.451600558257886,1.05217708866043,0.00578722562976717,-830.053100104269
"335",335,0.305021333522799,1.01651608813268,0.0080522138722374,-827.90536063857
"336",336,0.261554824215206,0.9480084659734,0.0073410597992868,-827.53256573086
"337",337,0.161661219424338,0.753936291113077,0.0105706094973479,-828.236664450765
"338",338,0.063927361126459,0.730310384210553,0.0091560831955532,-828.895381228356
"339",339,0.198982652673884,0.848815254858916,0.00593534861780489,-828.28028900742
"340",340,0.274655012476914,1.02081890843851,0.0105225757039829,-828.817559224236
"341",341,0.234502397059929,0.988404304328146,0.00647306166908205,-827.340204126173
"342",342,0.188461170040755,0.932663600700114,0.00816942752274843,-827.045889094694
"343",343,0.316931892099336,0.890974373628928,0.00827011686512428,-828.745401630948
"344",344,0.216253816602311,0.999778033718566,0.00561290876878118,-828.113053094278
"345",345,0.319018404155859,1.07235098561687,0.00636784101376003,-827.943143490292
"346",346,0.2884107916089,0.962155933016929,0.00592652926994308,-827.946896804136
"347",347,0.179018367327662,0.862235447467988,0.006127662864158,-828.106781445988
"348",348,0.364151317613892,1.13521398139445,0.00662125587875875,-828.731554579389
"349",349,0.386331634672691,0.883226064726011,0.00668646764748185,-829.282517338597
"350",350,0.113929222298538,0.896266408763937,0.0129015514163851,-828.59796709365
"351",351,0.155806412061957,0.8681363666471,0.00758558271296709,-827.317889875536
"352",352,0.0925275652341331,0.70624615521289,0.00695567120822067,-829.437740204016
"353",353,0.252897040853295,0.911394456147203,0.00456998715885498,-829.218473396878
"354",354,0.221998692419084,0.842812024863876,0.00419750396234033,-830.33792765667
"355",355,0.250198227979384,1.02151572272724,0.0135065836273232,-831.137245393782
"356",356,0.374493351507857,0.932618990971503,0.00469875315123108,-829.673812416939
"357",357,0.164994736222357,0.921260493463171,0.00911955169341863,-827.032877828795
"358",358,0.15239375420288,0.892334647478196,0.00978988458549812,-827.129103571711
"359",359,0.122955962233441,0.851292987790415,0.0100187274386816,-827.206492835176
"360",360,0.112964917067308,0.905967109638956,0.00847550098029788,-827.445868712097
"361",361,0.184187609610136,0.811983358859575,0.00869580703925233,-827.65388218148
"362",362,0.211486692041809,0.689827505418715,0.00943567417119055,-829.062637961666
"363",363,0.104770846774321,0.819351960980474,0.00799070265478811,-827.629794797573
"364",364,0.104827160624498,0.828492852759986,0.00790894614713158,-827.590990161694
"365",365,0.156039950711741,0.810764220174463,0.00697018316222712,-827.941609007486
"366",366,0.215930018874366,0.743076544026584,0.00756945543891925,-828.479070283835
"367",367,0.138099920916624,0.929791898153374,0.0111770142403728,-827.867521880845
"368",368,0.18829513117422,0.869573547498692,0.00767511530515447,-827.407423756746
"369",369,0.24051635353357,0.834633956519281,0.0109584938132035,-829.388384167072
"370",370,0.132511838657089,0.863839096008823,0.00869095784197501,-827.066821021722
"371",371,0.14072952376365,0.87421247940342,0.0068424730181026,-827.642605326793
"372",372,0.123896422999511,0.86764261519052,0.00970231597987948,-827.064686480236
"373",373,0.111225660371335,0.861506949735579,0.00947005252822832,-827.082316184135
"374",374,0.126423577239848,0.849542300145091,0.0114944838880099,-827.773791674057
"375",375,0.175771487048621,0.946821239434234,0.0103987324931103,-827.559080232546
"376",376,0.132953509452988,0.779820105272047,0.0125491020133443,-828.898453474917
"377",377,0.0811326485121102,0.665464636689895,0.0107919503259103,-829.294750815883
"378",378,0.175377908899504,0.607915764632872,0.00794350604700888,-829.43149523315
"379",379,0.197002853873969,0.952453492457718,0.010489189532935,-827.758035669646
"380",380,0.211085987860536,0.94103761310444,0.0117778565122004,-828.821782679273
"381",381,0.125118901700143,0.616312703183156,0.00684614097008049,-830.028192845234
"382",382,0.121008584565828,0.921044923426926,0.0130726130470497,-829.082077640306
"383",383,0.112409146810329,0.653477073966861,0.00587426390750573,-830.937282413538
"384",384,0.243932571070606,1.07318727397194,0.00875819220406708,-829.046204322034
"385",385,0.282720863682793,0.896683988909426,0.00894954061196841,-828.530387631531
"386",386,0.47826743701332,1.15046846614398,0.00650950240464164,-830.644267993634
"387",387,0.316162834704639,1.05960231029348,0.00632365262483927,-827.882876382242
"388",388,0.400042619852795,0.782599728406414,0.00665517450556819,-830.244974661667
"389",389,0.311429741557486,1.10262865924895,0.00656789973233591,-828.317558348353
"390",390,0.293796438896308,0.732473939059761,0.00705229254011295,-829.434386403495
"391",391,0.104144427621171,0.772939419117647,0.010828507734735,-827.934532411204
"392",392,0.153085971002944,0.867998745673101,0.00814570684843987,-827.176715549848
"393",393,0.081973170379345,0.837281862566579,0.0101463696335006,-827.530650446523
"394",394,0.184248302866704,0.964081119191345,0.00659867942231532,-827.549429193635
"395",395,0.215234266296087,0.927692814110506,0.0078676407694359,-827.258811896878
"396",396,0.159365064104252,0.836375310460904,0.0100399688078069,-827.55538154687
"397",397,0.19194365763707,0.948528237562708,0.00993447329266693,-827.450790373352
"398",398,0.186326582497989,0.929214165428547,0.00800567849269833,-827.047488673892
"399",399,0.18865903277378,0.867670707670954,0.0119488005026639,-828.857521947388
"400",400,0.117013544603943,0.831857205315929,0.00854282593549925,-827.302136291221
"401",401,0.366210323402047,0.595049594037145,0.00919173782279318,-832.639890420931
"402",402,0.504767249934576,0.594048938088054,0.00556013485211016,-832.49633188857
"403",403,0.316355292333631,1.08963131722626,0.00596186074507224,-828.262168779263
"404",404,0.31433851818218,1.01419687615401,0.00515604769790346,-828.564447309081
"405",405,0.307513060485827,1.07912869458411,0.00673350681683397,-827.895079962546
"406",406,0.312429836937538,0.997096833909264,0.00731593316947459,-827.899864005253
"407",407,0.179514303160001,0.868844022413686,0.00982605841992772,-827.564549514585
"408",408,0.138002039051,0.695388057448281,0.0100288676599774,-828.307098219886
"409",409,0.105887216940091,0.763617154907972,0.0145169683548424,-830.524149915722
"410",410,0.155181323342652,0.708449571967219,0.0168930507483555,-834.70459236909
"411",411,0.0724265256984141,0.719936223270591,0.0114292021583214,-829.080343140959
"412",412,0.151430267243328,0.651232073518411,0.0124910267257678,-830.394148676773
"413",413,0.138183353006303,0.764590547322674,0.014183666610465,-830.478887772063
"414",414,0.0813045189884427,0.633541678260254,0.011562365015702,-830.161547289824
"415",415,0.145650568781327,0.660636807093123,0.0100896317310821,-828.730179680254
"416",416,0.139754864738914,0.68289194431902,0.0103593126652065,-828.546326186059
"417",417,0.0856295689718171,0.754173986570412,0.0101803017113405,-828.102658629808
"418",418,0.106179892052123,0.881842145447699,0.0110756943850386,-827.536075820642
"419",419,0.136607422903439,0.771443366924278,0.0123319069744365,-828.838319982407
"420",420,0.13937246618453,0.935849997826366,0.00806723356484879,-827.49006631442
"421",421,0.162958526527461,0.761218136981434,0.008945629542588,-827.794437615423
"422",422,0.171158367027571,0.807502456369141,0.00780058417186767,-827.651628511757
"423",423,0.157938124747277,0.749854484159673,0.00940683920702592,-827.877371475588
"424",424,0.1212631523346,0.537317979206342,0.00830473121391609,-830.697396361862
"425",425,0.130085977307727,0.910964107030422,0.00974784672114067,-827.188542749256
"426",426,0.179883606437825,0.928968500227003,0.0113995628951257,-828.055474925228
"427",427,0.193622563439993,0.912865066434025,0.00945465804867912,-827.401383674849
"428",428,0.234970573611966,1.04442327999101,0.0119898791835969,-830.155924588263
"429",429,0.219860286937285,0.903382952087593,0.00672426118742675,-827.565016374386
"430",430,0.240193255638325,1.00890528620861,0.00886338296138172,-827.544587707143
"431",431,0.300357864849861,0.86408101411366,0.00668416329706247,-828.322108842402
"432",432,0.0608697824891389,0.665280404096711,0.00644678606639616,-831.697385274255
"433",433,0.154190311589568,0.688732137898574,0.00713395247210748,-828.82199458411
"434",434,0.235507977300782,0.773627467352459,0.00543822946492507,-829.276147194546
"435",435,0.206818520395182,0.76864235031019,0.00781465371709964,-828.156400602396
"436",436,0.126108339409283,0.782155880083251,0.00926081164497572,-827.527932883075
"437",437,0.12492440585545,0.763707643372168,0.0110685461815793,-828.081491056672
"438",438,0.103293611479836,0.822467708031682,0.00893406433111261,-827.375320354794
"439",439,0.132256185559728,0.817263332853846,0.00920416044731528,-827.3353182584
"440",440,0.128160746264252,0.783104869180478,0.00987720108195573,-827.589805515249
"441",441,0.115000966773965,0.72710348774547,0.00954783936377048,-827.941247690764
"442",442,0.139779248403442,0.910211337384958,0.00874657759673327,-827.014777215895
"443",443,0.212238230245008,0.990470480800062,0.0101492354871231,-827.920001166143
"444",444,0.284145832565882,1.06921215857721,0.0102937238098102,-829.066348521783
"445",445,0.209020937396124,1.06776333639846,0.00698087945003844,-830.369775180792
"446",446,0.368797812167079,0.997849590618949,0.00576151587244546,-828.771855718368
"447",447,0.38809520398528,0.930276816118107,0.00631352017401036,-829.056255323997
"448",448,0.218449517368132,0.97106020654449,0.0105045808134113,-828.028319572433
"449",449,0.194597807083953,0.860056283822294,0.00665524196693458,-827.781578790843
"450",450,0.451802751527703,1.18222311701183,0.00673301833672516,-830.160280429155
"451",451,0.381444052204,1.07719925887394,0.0065755506390506,-828.750026311198
"452",452,0.333474680948585,1.04545115533439,0.00895131253073293,-828.690233503766
"453",453,0.214746725270794,0.718406053449021,0.00862184120353476,-828.673067413048
"454",454,0.18178378845949,0.774251634805438,0.0109713614499225,-828.598129856434
"455",455,0.131458474623772,0.828629074803766,0.00919299756762506,-827.270292155681
"456",456,0.12574936644514,0.907806180067849,0.0108320863602249,-827.50101825358
"457",457,0.132335082739231,0.875664897191239,0.00779722303660105,-827.192335286435
"458",458,0.207621001329759,1.00826375110072,0.00894080717413204,-827.827427627634
"459",459,0.287712270787438,0.880221421487921,0.00502169507168927,-828.883011062305
"460",460,0.405927558941542,1.11121779349121,0.0074060847087008,-829.244802314318
"461",461,0.392971370295442,1.13292188679232,0.00802867797954246,-829.20032905475
"462",462,0.32644582225696,1.15212660743477,0.00670763004728782,-829.60430206068
"463",463,0.407736831610758,0.934528774264652,0.00383929265317696,-831.286831355593
"464",464,0.294767794008104,1.05861761683519,0.00548065940348154,-828.224582061322
"465",465,0.303262045063204,0.966886627296523,0.00998741507293379,-829.194128871222
"466",466,0.153633336589468,0.849662278027886,0.00726906755795425,-827.553332706617
"467",467,0.171941742367421,0.714531244597715,0.0101148923713314,-828.48257464099
"468",468,0.168827957131496,0.946658551685009,0.00493878185025605,-829.188100142089
"469",469,0.299891735459324,0.927487689734799,0.00641632923636774,-828.000971486765
"470",470,0.159476359942203,0.915339351839786,0.00632632320169082,-827.735954446891
"471",471,0.36642287633892,0.910651688428418,0.0035276081873961,-831.575511149912
"472",472,0.278543330308928,1.06115273069121,0.00569985350769856,-828.193418783117
"473",473,0.395845014880006,1.03832897641339,0.00730415444002444,-829.075250799248
"474",474,0.208642800875383,0.778091588578048,0.00624096714994671,-828.624136163475
"475",475,0.207816500013474,0.771722492772929,0.010331314592046,-828.734598082582
"476",476,0.132289690784948,0.902515923165591,0.0115578248741892,-827.737065268753
"477",477,0.121982621605922,0.839879128394198,0.00781197237652921,-827.44015975249
"478",478,0.195454103284267,0.734049100702569,0.00862424853162103,-828.295114119062
"479",479,0.141733276794395,0.950852962719166,0.00735791666150622,-828.056644752677
"480",480,0.183306549899062,0.830437410642962,0.0075784225015721,-827.615872758227
"481",481,0.144546536945201,0.942387813464088,0.00604096046145742,-828.59632817888
"482",482,0.14750393617309,0.925319019704684,0.0117544732962103,-828.032117152131
"483",483,0.136623999642422,0.920787281842948,0.0116541156266231,-827.967431003921
"484",484,0.157928515138361,0.78097989628782,0.00795958437182212,-827.733112514666
"485",485,0.108925098238971,0.862278814182697,0.00979230665783135,-827.121002526643
"486",486,0.20439186257968,1.00088850695461,0.00967804263679868,-827.945846074339
"487",487,0.237421107943608,1.03194839151241,0.00508731384203401,-828.823032888614
"488",488,0.262371224727229,0.969680191660124,0.0109594567410014,-829.129600696933
"489",489,0.26114058676708,0.867128016973083,0.0119570640555275,-830.503190688973
"490",490,0.161435604128455,0.870779287511335,0.00737601307990214,-827.383223139022
"491",491,0.141176298213086,0.796135398393116,0.0119835946722021,-828.494620971659
"492",492,0.194993439257725,0.741917169869796,0.00718739445694907,-828.432798524418
"493",493,0.189536478544437,0.854236569568997,0.00730417735942546,-827.571085534331
"494",494,0.177166220148717,0.997283320328656,0.00974209471407499,-828.455620490628
"495",495,0.255491252076149,0.898467830657621,0.00893327806738535,-828.111517824067
"496",496,0.257019927094745,0.816799797612356,0.00581224415171825,-828.637817189742
"497",497,0.185850689398356,0.965330709643252,0.00770627719831886,-827.219105152161
"498",498,0.232408847583278,0.983913638810958,0.00723180264388444,-827.170244420806
"499",499,0.208884557243046,0.964523529848119,0.00828891975504241,-827.12228354584
"500",500,0.2269530619793,0.936882424433863,0.00919745097944922,-827.63449354409
"501",501,0.155481113935726,0.809887552836829,0.00654463604667914,-828.230374195471
"502",502,0.185878576940782,0.846970261352568,0.00605037446150315,-828.241368151619
"503",503,0.426238314017478,0.936041680083557,0.00737898122124853,-829.916282760215
"504",504,0.339994221610753,0.839466907190809,0.00572956484286212,-829.050589221588
"505",505,0.236103964870376,0.853446340156517,0.00925667289192653,-828.214479325512
"506",506,0.0666901020561326,0.80304020965468,0.0092437176779107,-828.094554303027
"507",507,0.20902024951208,0.852224751802272,0.00489760193199933,-829.259812957221
"508",508,0.267562557022779,0.724929089537136,0.00615869978307363,-829.448376133878
"509",509,0.893824231117011,0.719089858881346,0.00520629747368012,-833.806173612041
"510",510,0.114346148205584,0.618491979595892,0.00521027149548429,-832.588502902477
"511",511,0.642036857117838,0.924646317913559,0.00527199806272697,-833.780191341486
"512",512,0.180033591435247,0.844022772952354,0.00879578796714257,-827.45746952748
"513",513,0.116912036758929,0.886422789321926,0.00978221916072715,-827.103066334009
"514",514,0.0906128285318721,0.860537392805724,0.00971364590959304,-827.332826890411
"515",515,0.131558111551761,0.889066309433624,0.00831503531461645,-827.031518212416
"516",516,0.141413281525302,0.789405347255494,0.00906340598438465,-827.50589157672
"517",517,0.137056962044365,0.88283135435676,0.0133527035199485,-828.934937431161
"518",518,0.0646701412547178,0.750592994579138,0.0099772240054147,-828.634472701889
"519",519,0.0243018105489928,0.789493200059142,0.00981219740974769,-830.686038515559
"520",520,0.0360344215654068,0.827819132021266,0.00982534373001248,-829.625826171675
"521",521,0.200626785292256,0.973755746252672,0.00929188679551525,-827.392580832363
"522",522,0.178077136202064,0.978812454675124,0.0114958054262661,-828.663916679226
"523",523,0.280642728196714,0.878705200047069,0.0102218007615237,-829.420290781773
"524",524,0.0463739268948578,0.860362857633447,0.010002505467705,-829.470457552286
"525",525,0.169719342798642,0.756594572824258,0.00771516453612462,-828.011753701157
"526",526,0.13073853374126,0.851126047641458,0.00974450268532947,-827.188186166941
"527",527,0.0845648501768789,0.899317203834921,0.0077731525663273,-828.681867851831
"528",528,0.115276798280405,0.901973103003318,0.00867021789730543,-827.283615929371
"529",529,0.161756322992715,0.763159815189236,0.00859537052810208,-827.773234065693
"530",530,0.207918402453375,0.952172820162101,0.011903742448647,-828.815717975659
"531",531,0.227721684573354,1.01814871206198,0.00499801665849658,-828.839943864412
"532",532,0.212833634894293,0.818106779637657,0.0116475134130209,-829.384547044302
"533",533,0.122227648747522,0.849023126358952,0.0120188648729832,-828.030508419502
"534",534,0.13060462287559,0.841943481459197,0.011827863110108,-828.037979441787
"535",535,0.177025079689239,0.780942801759148,0.0108503519204023,-828.412218452883
"536",536,0.178756189010287,0.923449773087183,0.00685171933248942,-827.314092049702
"537",537,0.211860975303396,0.921865549794512,0.011035421350946,-828.420951639105
"538",538,0.132378646141494,0.832839144681783,0.00694686369245244,-827.904949016958
"539",539,0.207831904013854,0.62286508719947,0.00667632667658515,-830.020398218241
"540",540,0.10599685580136,0.661941095533103,0.00579872292823754,-831.088329751404
"541",541,0.139236126758189,0.785629824736586,0.008276657524194,-827.599328589942
"542",542,0.115208291080357,0.891027750485691,0.00777693999368353,-827.3895746676
"543",543,0.206100213130205,1.00332339217026,0.010077873190312,-828.155453586482
"544",544,0.265770267468116,1.00742913764978,0.00956760629975823,-828.071131687129
"545",545,0.420191744681868,0.997449485224493,0.00518116754412772,-829.798692190986
"546",546,0.30222125401933,0.975123481441841,0.0118674159414479,-830.807738649578
"547",547,0.336302183018499,1.03588265788759,0.00421627062244058,-829.96498222743
"548",548,0.277618394785513,0.914551505406489,0.0095876406041394,-828.718819487859
"549",549,0.147768852761715,0.869508246059893,0.0103767387799939,-827.374950655212
"550",550,0.111119573415509,0.858723961787423,0.00988636671168121,-827.135399759429
"551",551,0.118602391649894,0.905153409911058,0.00692855742086412,-827.955615827963
"552",552,0.222054109903029,0.975804723546727,0.00978081231281343,-827.687157599617
"553",553,0.312144043613529,0.855291322123695,0.00663502820472915,-828.50307709655
"554",554,0.432293310719525,0.481303149608041,0.00744403451046233,-832.920172073743
"555",555,0.47186559733722,0.856369805709057,0.00678075383974963,-830.922567637643
"556",556,0.267917500959001,0.831076238362637,0.00791667563669265,-828.355369031122
"557",557,0.0793312688330304,0.826152992179689,0.00730658745829829,-828.365654102133
"558",558,0.270406358609905,0.851742451953997,0.0080931792790552,-828.28664341285
"559",559,0.22732954023955,0.976384581358365,0.00723124613877082,-827.155630038195
"560",560,0.140606208259275,0.670165546011645,0.00825359978804992,-828.50711475641
"561",561,0.272838459947926,0.798377012799592,0.00808713771183671,-828.721601605147
"562",562,0.0525429336991756,0.779452686675757,0.0140436405133897,-830.66447094092
"563",563,0.142931966409108,0.981299433280222,0.00703387275078916,-829.437645963257
"564",564,0.437683571120021,0.941697303228371,0.00645958833154407,-829.828657334369
"565",565,0.330373614180488,0.977766005078319,0.00714214712575274,-828.158026056985
"566",566,0.36788313887727,0.900659000020327,0.00488493316577012,-829.507063979371
"567",567,0.259514263500998,1.00310040137254,0.00977557361673524,-828.114135258208
"568",568,0.261138451215267,1.00726486594709,0.00862433741669317,-827.56819749178
"569",569,0.262678127181355,1.00164619949166,0.00570607792625816,-827.771980767089
"570",570,0.276162587116392,1.01604848765065,0.00628378336027876,-827.545240815941
"571",571,0.324197221883201,1.04153659937906,0.00663951399270875,-827.917595642735
"572",572,0.461692700618115,1.0353379258981,0.00653687216793953,-830.133775771517
"573",573,0.2606977210312,0.763270215389431,0.00558859094179605,-829.301377182775
"574",574,0.273324930546357,0.77449862340331,0.00678134940318667,-828.808259941153
"575",575,0.134284292629518,0.878281534268781,0.0112934431227582,-827.586226358217
"576",576,0.0948835282094557,0.786067702859594,0.0130336225763435,-829.081367148759
"577",577,0.0527504327307418,0.75389058635174,0.0107885882043332,-829.195604623047
"578",578,0.163885443319874,0.865743427463814,0.00912736315124658,-827.249739449425
"579",579,0.11620692473842,0.840332743881682,0.0114468351068719,-827.746832438137
"580",580,0.299367536581548,0.828595348393774,0.01100338729344,-830.852164194594
"581",581,0.318003708096927,0.831184038836464,0.00935867166973972,-829.880303034171
"582",582,0.287960223141916,1.03354107927188,0.00756580416086767,-827.53164030916
"583",583,0.330458296968214,1.10156349291689,0.00865463703452781,-828.573801268201
"584",584,0.408947361756355,1.0986250029948,0.0062586561714754,-829.272577723797
"585",585,0.317255853385361,1.08310376714535,0.00686599051640263,-827.933866360765
"586",586,0.27122438091766,0.76637150644785,0.00718427031249391,-828.846124674262
"587",587,0.083328305467057,0.871972898091766,0.0101145978482013,-827.675310729056
"588",588,0.138933898186843,0.747330305051435,0.0135176959677731,-830.016293325288
"589",589,0.0849522745171191,0.748748418073127,0.0111010664325535,-828.407317120682
"590",590,0.101306160194256,0.912821704495817,0.00915151266746212,-827.952127282569
"591",591,0.209258763822587,0.949872006810115,0.00802395786041486,-827.109742017268
"592",592,0.205981534532323,0.939049282606754,0.00778153927404525,-827.12411653728
"593",593,0.327420654711206,1.17972751250342,0.00737162557215522,-830.862929420049
"594",594,0.366342289055271,1.04737796917711,0.00471222187264218,-829.594384623321
"595",595,0.514420770672349,1.03353494379255,0.00651824105305459,-831.182694146485
"596",596,0.335624885986966,0.887553768993549,0.00557743623089262,-828.775976084447
"597",597,0.178770785695852,0.709391587256033,0.0117846680449541,-829.584901757264
"598",598,0.169316528516535,0.955050741003351,0.00984439496228379,-827.476383325294
"599",599,0.196974725504461,0.558594316133754,0.00902330073972605,-830.380417581453
"600",600,0.160769541486069,1.00114739580062,0.00641377977118865,-829.76472584674
"601",601,0.281686971020301,0.927091336309859,0.00791446253183801,-827.929492956002
"602",602,0.162553781021365,0.932581885528733,0.00989847614208656,-827.254587841392
"603",603,0.188762629953623,0.734687875821889,0.00747634619864371,-828.359291820366
"604",604,0.100604750579728,0.689813044879495,0.00947087311571666,-828.393913137356
"605",605,0.193918559848922,0.784037325186742,0.00938304771357418,-828.054671949874
"606",606,0.0840156763975596,0.885819352834195,0.00904698860531848,-827.912214465682
"607",607,0.128463704935906,0.823760608608474,0.0097903113685752,-827.351134526635
"608",608,0.0580188685290942,0.813298460562633,0.00988695453163125,-828.266466612166
"609",609,0.12363055871808,0.944780334648878,0.00687712689218764,-828.906446960362
"610",610,0.570774646416525,1.19430361577549,0.00751851723290701,-832.972623963362
"611",611,0.575791358575811,0.673616961007567,0.00451269746503951,-832.972930124996
"612",612,0.424614288256026,0.630528867220931,0.00684321052082794,-831.884702765675
"613",613,0.387119576959417,0.596918526435574,0.00977644122599536,-833.302929243069
"614",614,0.277709186091238,0.808961645051311,0.006849154044007,-828.529545573243
"615",615,0.137508454611397,0.951590462724212,0.012862006397796,-829.484501092257
"616",616,0.157593922142906,0.910608196708694,0.0135983613119779,-829.365993744954
"617",617,0.124989651496128,0.888535026290104,0.00993786897245253,-827.086977285029
"618",618,0.138116100969575,0.888104988352994,0.00875888612500316,-826.967802594212
"619",619,0.262979723221275,0.945330920691121,0.00705504660117768,-827.5553924747
"620",620,0.195199077747069,0.957120027790924,0.00933315305743229,-827.283569650142
"621",621,0.234429908007116,0.969679131248032,0.00739391195411191,-827.19202279703
"622",622,0.213474703937084,0.966281790968342,0.0069684866162562,-827.183837411308
"623",623,0.279007457464781,1.05341145636613,0.00878417665080495,-827.967134801592
"624",624,0.253862189220197,0.870846475833649,0.0074554969699823,-827.866230173001
"625",625,0.109048783986189,0.874745419815664,0.00799403710434238,-827.313347660007
"626",626,0.24596706915077,1.02586074072901,0.00851521701456072,-827.602385830595
"627",627,0.248533183051086,0.991050307741623,0.00525154202257935,-828.112638207059
"628",628,0.338634494837161,0.922667001509337,0.0053506328571926,-828.786420500955
"629",629,0.203150474512917,0.938464160503543,0.0108735854521747,-828.076248530164
"630",630,0.179514010669575,0.914016303618017,0.00973977407096334,-827.307916512771
"631",631,0.161364767619348,0.824550465421241,0.00998045855848414,-827.613133850167
"632",632,0.154608259107401,0.664422232249837,0.00820342072863312,-828.603714370316
"633",633,0.224625957038081,0.819186387907217,0.0060167843568995,-828.426636595807
"634",634,0.185919552790069,0.806664242987458,0.00613954989899281,-828.463486862165
"635",635,0.251668772571773,0.701578617806093,0.00618593783415719,-829.616483504074
"636",636,0.213335263466613,1.02079698092718,0.00696757294957857,-827.97146419809
"637",637,0.330122082360462,1.11942025101649,0.00701866059105877,-828.473400104492
"638",638,0.372140692172951,1.09832865338393,0.00744918123474526,-828.634382104565
"639",639,0.267423384583989,0.939678135972662,0.0053557146362699,-828.264563968326
"640",640,0.310275564620005,0.914401124308311,0.00546113992058328,-828.50749034288
"641",641,0.174616112108245,0.902427076237578,0.00959640783591676,-827.259644402232
"642",642,0.127287437954474,0.687789327134466,0.00651268045744873,-829.497582132075
"643",643,0.201118949886586,0.979718194406311,0.00925987837532902,-827.448131189072
"644",644,0.342505458150664,0.97757070185503,0.00950222257758857,-829.505210131442
"645",645,0.231052301265485,0.878540082760798,0.00972216875712119,-828.216341408806
"646",646,0.166768078564158,0.942977053188593,0.00829487043833557,-827.110569319296
"647",647,0.179783718062538,0.766334464596137,0.0073883923944059,-828.08718874901
"648",648,0.077092635539302,0.718929313345603,0.00960142630561582,-828.547828120645
"649",649,0.168136659336483,0.821132998589473,0.00975217166731003,-827.633975008969
"650",650,0.127667603869256,0.853794619066413,0.00769570320341605,-827.370339748657
"651",651,0.194568748357345,0.864833502305528,0.00792265965184997,-827.443344692832
"652",652,0.106533630924798,0.733949895494241,0.0115198125770023,-828.521630897371
"653",653,0.148984655874183,0.939120892895696,0.00918215836600521,-827.304106342328
"654",654,0.195954487402318,0.725537653023812,0.00711277277153572,-828.613962494679
"655",655,0.15890319250707,0.804833693006771,0.00583241619792079,-828.890762034818
"656",656,0.283531942125798,0.791141274909858,0.00713902648783532,-828.746346548605
"657",657,0.0883599459136799,0.898325697290228,0.00893014541005959,-828.083373222519
"658",658,0.0908331852280868,0.769580323837113,0.0112519540977433,-828.221206948253
"659",659,0.134555724633071,0.870743346125333,0.00451147237031271,-830.638366139788
"660",660,0.173211624061503,0.847327329537176,0.00832644046505484,-827.375152177866
"661",661,0.149388653219415,0.715886226213712,0.00923701359820115,-828.047485160946
"662",662,0.125409000560327,0.725466093102595,0.00923254469713503,-827.91182480907
"663",663,0.0913102845953493,0.627685490244869,0.0101451407256334,-829.453677374203
"664",664,0.189861105172409,0.592169066050155,0.00652822839192421,-830.472004262336
"665",665,0.165887846726848,0.914325016567479,0.00936307145822168,-827.078856484098
"666",666,0.161577923764211,0.85937482690799,0.00847186694153224,-827.236986845113
"667",667,0.269303503085734,0.74144623432314,0.0056814049296045,-829.513626827653
"668",668,0.391718975038694,0.921443701873547,0.00737994864079687,-829.366453484722
"669",669,0.239460868375794,0.848049823330568,0.00478857130943383,-829.301581479614
"670",670,0.216353482506744,0.916954516916471,0.00888121553380559,-827.498231652264
"671",671,0.192986430381676,0.81954084123497,0.0101950520067322,-828.127532821818
"672",672,0.237311242575527,1.05134332716679,0.00970235788602242,-828.796428123952
"673",673,0.276273896804392,0.984017593720378,0.00572381372735702,-827.894784159823
"674",674,0.247335754891037,0.915221059597973,0.00550609383097029,-828.193353925377
"675",675,0.184381256467335,0.989592674890343,0.0112701164308337,-828.734253577252
"676",676,0.190071063246877,0.677816164420523,0.00856707214015606,-828.711713890702
"677",677,0.104255428961911,0.735315573224273,0.00793004704523902,-828.274757012892
"678",678,0.137056763687154,0.515563569471586,0.00823045832592133,-831.105907789971
"679",679,0.143273927933819,0.847167178773555,0.00915903048420056,-827.208100305499
"680",680,0.171320870116082,0.885967910557782,0.00978047766524389,-827.360782732388
"681",681,0.0787887178268464,0.892951554807575,0.0109640601581054,-828.585437969986
"682",682,0.15137589389662,0.768422956654305,0.00904354529322252,-827.674934733695
"683",683,0.208224764276084,1.00051146967408,0.00875543036203042,-827.591668411909
"684",684,0.33703857719954,0.800730364070391,0.00755647201772064,-829.445058129298
"685",685,0.257420780879874,0.798442180441754,0.00695137993524068,-828.434749248864
"686",686,0.24199873244923,0.89508705316329,0.00718637360947037,-827.635731297221
"687",687,0.186304724580465,0.938122482467923,0.00741375127486871,-827.103911263638
"688",688,0.260194767967197,0.908369282175741,0.00770941421352314,-827.744349218471
"689",689,0.226173779446243,0.877749634431741,0.00941681545205163,-828.007488480982
"690",690,0.118413109144153,0.873382582034105,0.00892899633311632,-827.024972576098
"691",691,0.156768626633374,0.951740842749145,0.0113929090744681,-828.208964612327
"692",692,0.143988816216527,0.958475763916997,0.0100994615201471,-828.12703903903
"693",693,0.211608712120314,0.893168290378089,0.0121515503979413,-829.371369667958
"694",694,0.180990470802981,0.954529772925406,0.00527246991169268,-828.557022789595
"695",695,0.187117989142423,0.942425859822339,0.0101164055190703,-827.476359661476
"696",696,0.158188454543538,0.644341497526799,0.00835033693543189,-828.806900977649
"697",697,0.1004019880304,0.924592426730004,0.00863087582793704,-828.505603665251
"698",698,0.207769370485612,0.896025930795955,0.00817222456905682,-827.390384127776
"699",699,0.268924819002165,0.910625897388285,0.00660691737380359,-827.801414875922
"700",700,0.136207975906623,0.879426415723961,0.00623308252556022,-828.119943691932
"701",701,0.187811575291543,0.816090160919897,0.0105210860501074,-828.216574355088
"702",702,0.120795756903453,0.720360488913248,0.0108448740221186,-828.312023393781
"703",703,0.114428194533242,0.728215880313413,0.011038263070816,-828.32554088105
"704",704,0.113148432802258,0.857082469281065,0.00765239112299261,-827.439717140384
"705",705,0.215402631973499,0.947839362201127,0.00913027294644918,-827.398882602121
"706",706,0.172317155435059,0.706180974121969,0.00733457313631822,-828.580256675401
"707",707,0.166418475643075,0.740680998150813,0.00809605338251844,-828.02067272659
"708",708,0.149184243744468,0.673963683241716,0.0104754695298678,-828.755278603809
"709",709,0.130926902482411,0.761551571943046,0.00834705466129918,-827.743641697607
"710",710,0.166691578625704,0.744829037086567,0.00903829078749185,-827.943576783613
"711",711,0.145613419195527,0.889358920574443,0.00922027450278658,-826.997140731939
"712",712,0.199923424279706,0.905465812469263,0.00666920015405189,-827.51643667579
"713",713,0.242593034060026,1.05055343232361,0.00512292266744911,-829.167488806226
"714",714,0.356011363893156,1.01964270043946,0.00651460676585115,-828.403455047409
"715",715,0.319431992150152,0.969976120708831,0.00713881076249837,-828.043070238967
"716",716,0.194019890476997,0.93548131399646,0.00647558033921083,-827.424060506996
"717",717,0.376481684187284,0.818601363994187,0.00779929782943328,-830.029892693879
"718",718,0.394488778444526,0.974838391887742,0.00620446480952724,-829.038510212715
"719",719,0.278494660209697,0.897458368708928,0.00512113406563233,-828.671082065656
"720",720,0.418534838696708,0.997374304919992,0.00737667303437554,-829.564035876633
"721",721,0.175788640315826,0.81462411261714,0.0121880511120074,-829.048545023601
"722",722,0.151837612187094,0.760957334720883,0.0087787964997273,-827.724340102604
"723",723,0.200865185225024,0.585664313780306,0.00893165819482134,-829.967138805821
"724",724,0.158009250847315,0.885995654534576,0.00942575415991899,-827.129814556838
"725",725,0.136213473723664,0.859990459582785,0.0107147388145874,-827.443520595502
"726",726,0.118581594989579,0.895352496012619,0.00711653640972459,-827.706062712762
"727",727,0.174373739098212,0.851141881410063,0.00843057557455273,-827.360999686284
"728",728,0.232833122291975,0.865418200830419,0.00810474887239756,-827.77082285422
"729",729,0.197520790056162,0.793634290454804,0.00977277322919117,-828.172217201438
"730",730,0.193921102317729,0.93095932406465,0.00710113321636407,-827.20307467425
"731",731,0.139978264434634,0.857859161358149,0.00844175778751796,-827.150479485695
"732",732,0.157196694644392,0.842668503709926,0.00616075465873835,-828.309154037593
"733",733,0.29912593343603,0.834718418239204,0.00837745463593925,-828.928914158539
"734",734,0.226992829540523,0.853960153030557,0.00848264645418679,-827.841970458946
"735",735,0.292706277360903,0.838338619196573,0.00613263718402075,-828.527640604119
"736",736,0.206725109176165,0.965996688173048,0.00787084773358019,-827.093112568765
"737",737,0.237272840295387,0.920577025643152,0.0112827334625653,-829.112243008503
"738",738,0.321143991196304,0.880297851122509,0.0049186761452514,-829.15751970303
"739",739,0.291658911562869,0.723178816709344,0.00657840033500225,-829.539412518574
"740",740,0.312658664676425,0.902043271815971,0.00784742015355967,-828.433813277136
"741",741,0.315899183132589,1.13883871075712,0.00695971746892438,-829.305929517646
"742",742,0.409616587978984,0.995348427061711,0.00558790517113872,-829.412714908294
"743",743,0.40678059374101,0.912645187129283,0.00508724013522045,-829.775190928568
"744",744,0.309863591728312,0.826918395285395,0.00535808484167104,-829.082172705559
"745",745,0.22600139597414,0.788866431018601,0.0105581934040576,-829.103650001362
"746",746,0.202312634506976,0.953200790067718,0.0114814399472742,-828.419541136021
"747",747,0.233752830251793,0.821177170573574,0.0111621798443167,-829.470277714681
"748",748,0.192285936537877,0.72382234238268,0.00887968600527627,-828.362098771775
"749",749,0.11634124092702,0.84034662011786,0.00931560290427317,-827.184065007119
"750",750,0.0864213559439783,0.882671313524523,0.00769544028424562,-828.166527087056
"751",751,0.157403907272517,0.902554877101064,0.010809205324817,-827.506050553146
"752",752,0.133214655725355,0.877533973238312,0.00884479639382977,-826.990532519475
"753",753,0.154460491838824,0.78287310333979,0.00971767201440701,-827.699003466131
"754",754,0.229861583580031,0.907766026256724,0.00621869291571999,-827.763190434654
"755",755,0.179962173776382,0.691403250182855,0.00761983596673409,-828.639982136976
"756",756,0.29428857488741,0.751267164213472,0.0076400031582495,-829.328964584203
"757",757,0.177626135149232,0.912714803858973,0.00881792488039432,-827.086652736648
"758",758,0.171699676312346,0.936075249810984,0.0100683552505631,-827.345278410334
"759",759,0.169816801350694,0.655081087741718,0.00751949095744695,-828.98549134683
"760",760,0.119183849212385,0.900562489681184,0.0102226411792462,-827.29441133944
"761",761,0.0978206042098956,0.880065354430631,0.00860671976461657,-827.402516002621
"762",762,0.16735517729725,0.898753449441482,0.0100094061074976,-827.317618640497
"763",763,0.143810517066463,0.895299989802803,0.00915442536756047,-826.972292968514
"764",764,0.163934055917707,0.94255801998684,0.00571407476220862,-828.336705438636
"765",765,0.2562182959171,0.810337307734001,0.0077044597871846,-828.336093751152
"766",766,0.0803802724367286,0.669805875414508,0.00657255468213636,-830.611521065561
"767",767,0.190625943326358,0.666933310950935,0.00949366480775814,-828.970923881543
"768",768,0.117268755866114,0.824587294325285,0.00930118430300787,-827.289158602079
"769",769,0.118741419748262,0.866675433073683,0.0102908943890639,-827.182521619797
"770",770,0.114274660326958,0.877396986344192,0.00945216145433489,-827.05495415322
"771",771,0.18039781706535,0.809310132652799,0.0112380262189452,-828.521327422661
"772",772,0.149504510649983,0.736647961117564,0.00964285249597397,-827.946180899877
"773",773,0.124932757055574,0.861318399377136,0.00820146178171563,-827.161625254626
"774",774,0.137572467544547,0.689150715110313,0.00836873336424179,-828.297121096293
"775",775,0.0678625498650157,0.823782750610375,0.00834032953574847,-828.12927131353
"776",776,0.534635220554264,0.907085310956357,0.0072068777848786,-832.142100902593
"777",777,0.539425289197001,1.05736440143898,0.00641899567222747,-831.707885182965
"778",778,0.43542613851661,1.15553517943714,0.00675679209299444,-829.773457549543
"779",779,0.581075688526725,0.93599287886581,0.00409018034787711,-833.501830577871
"780",780,0.642110514613967,0.729133606475523,0.00554963560589019,-832.978342650905
"781",781,0.479331600915383,0.813607401896969,0.00748646107567957,-831.747636006332
"782",782,0.551128862091552,0.985119730025522,0.00426833494269306,-832.816514463899
"783",783,0.147735561210273,0.978186267164396,0.0138729586336112,-831.06041196138
"784",784,0.162314839963148,0.716245345541789,0.00675502718577401,-828.820703603951
"785",785,0.238674569722041,0.52840390509503,0.0089423292158025,-831.42420899793
"786",786,0.175673565870843,0.77721219326988,0.00882619605803794,-827.79284057889
"787",787,0.204582164684747,0.878932232483231,0.00945794106989705,-827.71805046611
"788",788,0.170095245285742,0.955825788717602,0.00780595915822146,-827.291422762483
"789",789,0.207291439056508,0.946642526549017,0.00881096165433825,-827.224157316934
"790",790,0.172213913599613,0.6668994281901,0.0093678900907094,-828.705942801893
"791",791,0.168111320110424,0.669633208085508,0.00641000982689304,-829.574871980674
"792",792,0.325251169540305,0.486930982886673,0.00907952514542365,-832.550257399597
"793",793,0.359464499862847,1.1201246771197,0.00656576292331429,-828.53686965254
"794",794,0.341056116964934,1.02802418792492,0.00765914520236761,-828.296422044376
"795",795,0.211574039211977,0.695561904824308,0.00946322556348741,-829.022016882556
"796",796,0.0772040888559299,0.702438334247081,0.00959330719401518,-828.713981071108
"797",797,0.0429490905645021,0.733221002182436,0.00756075709248789,-830.732707185754
"798",798,0.521989864497151,0.815666974080128,0.00384757631875221,-833.014243521743
"799",799,0.498190000978585,0.887614942100194,0.0072008124071685,-831.470093396617
"800",800,0.23682378287793,1.06090660884765,0.00765495538458688,-828.573496836933
"801",801,0.404761396444068,0.899643297162666,0.00639246956297346,-829.441369402863
"802",802,0.411928996919353,1.12984139060719,0.00736235137430169,-829.348103388848
"803",803,0.412516782589302,1.11281725102904,0.00618606200968381,-829.364514344397
"804",804,0.452220483099524,0.925614901542948,0.00612700169019401,-830.111050949198
"805",805,0.429749077985825,0.980798738558503,0.00818167349455142,-830.250881591506
"806",806,0.195577820997421,0.91318662914489,0.0063133753300012,-827.632515115279
"807",807,0.231420046979866,1.00366668223199,0.00628737359482059,-827.522807743111
"808",808,0.220805342213995,0.727804012999221,0.00990709899619417,-829.096331961344
"809",809,0.178058593188403,0.912475538998778,0.0113602433625418,-828.049694943596
"810",810,0.088285983544435,0.742348138251384,0.0116678596837302,-828.664619187117
"811",811,0.232535593641251,0.93486707302738,0.0113023229081843,-828.955016825519
"812",812,0.20534694981219,0.888026942800828,0.00783093323035684,-827.40230404989
"813",813,0.147929983681319,0.87134007568582,0.00926212532032285,-827.104436668468
"814",814,0.218843563904439,0.794689181010332,0.00912957364561506,-828.270528371318
"815",815,0.152684734501108,0.689509796377439,0.0107657069539698,-828.760029969142
"816",816,0.129682808578751,0.76434923960994,0.0107675594319357,-827.970023649377
"817",817,0.0796285808282051,0.738316319399313,0.0109485268643266,-828.541635035327
"818",818,0.109488062891192,0.733961287340475,0.00829630062054959,-828.076698331858
"819",819,0.211822651069952,0.765152791538359,0.0100914572416988,-828.734197142729
"820",820,0.146852951906047,0.757168493690837,0.00941701040651146,-827.751811436064
"821",821,0.132186215545739,0.687717742219825,0.00838793955810596,-828.311800990286
"822",822,0.198029723413957,0.949273549463397,0.0107781698135077,-827.922555106545
"823",823,0.219781245603649,0.960862249819085,0.0101665566023555,-827.865843668763
"824",824,0.332363704198912,0.994585545529949,0.00963722473439148,-829.344867961875
"825",825,0.197940362423698,0.816687368963057,0.00761695439871997,-827.770278455564
"826",826,0.12116499912573,0.846458268642039,0.0128416528597906,-828.572348812505
"827",827,0.0876208644951343,0.834269879278539,0.0134080894077489,-828.986815046005
"828",828,0.107140442998733,0.890677891470854,0.00663092880991419,-828.319632198606
"829",829,0.0728754604220351,0.859857734369024,0.00646678702579942,-829.400978218406
"830",830,0.260271315500249,1.01645990044743,0.00751968944332228,-827.320027380694
"831",831,0.272238719278971,0.98568649572352,0.0132546985431301,-831.41568161132
"832",832,0.109428275745252,0.792411067669499,0.0140532880232722,-829.854934554451
"833",833,0.114219031159101,0.839855225368847,0.00903037404271369,-827.194205443209
"834",834,0.0983534569555262,0.865832551181639,0.00945255836153608,-827.206350469942
"835",835,0.140636561513676,0.589785525837864,0.0111417081719564,-830.274703666075
"836",836,0.174445934294991,0.686960560176531,0.00727505474396252,-828.796143072068
"837",837,0.175400095561815,0.79736280905818,0.00856503780302602,-827.656935491636
"838",838,0.14099836500234,0.916484507282478,0.00829977154495205,-827.097734753923
"839",839,0.150139860611557,0.74520347318699,0.0092185310938134,-827.831734799045
"840",840,0.133777918508949,0.950740572042199,0.00854685305548545,-828.045949401022
"841",841,0.178652849079963,0.928442579563413,0.00522219929794849,-828.5672463594
"842",842,0.295679806642158,0.783018293515708,0.00579222409856113,-829.149965274814
"843",843,0.156428172304128,0.711638725309366,0.0120291053037166,-829.369634262439
"844",844,0.117634451216598,0.801394450973406,0.0126514725208616,-828.71646218909
"845",845,0.0549499185159118,0.842008643701763,0.0130300004100067,-829.567436483858
"846",846,0.181598191277705,0.951712114498323,0.010688485545629,-827.749159112336
"847",847,0.112331481099156,0.873698287458542,0.00927444546548855,-827.057429874847
"848",848,0.125430515975884,0.907459106349965,0.00911949012278315,-827.146056691678
"849",849,0.14228194486226,0.909616139619981,0.00893249804541583,-826.993911373076
"850",850,0.153253749132904,0.939178919846855,0.00825213885212822,-827.235302486078
"851",851,0.258240512365884,0.970494730377632,0.0128813339176613,-830.746526520176
"852",852,0.279737392323182,1.11295150590287,0.00615503548766275,-829.572590842419
"853",853,0.437848313931329,0.99468387405072,0.00577586005113465,-829.789598950677
"854",854,0.268354518662918,1.01901114528316,0.00566810062518916,-827.83071930368
"855",855,0.199576028181121,1.01995303291616,0.00761002276429366,-828.291621234461
"856",856,0.268124253860577,1.02159446135674,0.00926950357844513,-827.936275146577
"857",857,0.27141920562588,0.993546931806498,0.00904085316292867,-827.92120661928
"858",858,0.193679806689616,0.65459234772416,0.0100576170348508,-829.356831627436
"859",859,0.184718908710566,0.991278204986856,0.00633595338534955,-828.254939239001
"860",860,0.30302762354008,0.926966871813268,0.00588010162834003,-828.186536907194
"861",861,0.344669271588235,0.686549960882927,0.00513411184381696,-830.982906518162
"862",862,0.284999954524042,0.831632258976244,0.00555601853809787,-828.78270262225
"863",863,0.189137576940879,0.927013360222007,0.0102570434959326,-827.580612988366
"864",864,0.277767992586381,1.08346334041823,0.00773094421232596,-828.2738195753
"865",865,0.325299784413289,1.03591523125646,0.00637874507401616,-827.988090818397
"866",866,0.244698337934702,1.02048395739107,0.00461024396472156,-829.090575138225
"867",867,0.339402503084564,0.811925230689383,0.0039972421505769,-830.881268731902
"868",868,0.26252198470579,0.970897142779927,0.00931445404328883,-828.037552628175
"869",869,0.320763742254481,0.978396393892785,0.00936098179713575,-829.001381560285
"870",870,0.332336762004942,1.03043355291359,0.00649797825579367,-828.07068263783
"871",871,0.235972536624216,0.868924651361654,0.00908147015713749,-828.057505413525
"872",872,0.100060763185617,0.829578555122477,0.00954348196814189,-827.319654018328
"873",873,0.194338354299559,0.878398031941926,0.0129845252561063,-829.753025245817
"874",874,0.163347975749454,0.969784076234203,0.00557272521275621,-829.052768099685
"875",875,0.237639867827793,0.977968257955442,0.00840393168686887,-827.317240099962
"876",876,0.19224041524469,0.785295513465817,0.00530470249045172,-829.426845905165
"877",877,0.264061283228914,0.85577257420996,0.0075124683736666,-828.065882195874
"878",878,0.213357015187596,0.945158464637389,0.00709375497923219,-827.206004150416
"879",879,0.200638229735248,0.830513723062952,0.00678918802686789,-827.917473810661
"880",880,0.100403904521418,0.706745780890631,0.0117004446984356,-828.917749249983
"881",881,0.10856552756724,0.675852499864241,0.010219487438653,-828.583212678577
"882",882,0.104727066912367,0.764629016389595,0.00715296870574098,-828.522758721801
"883",883,0.0911082205668616,0.739816182411171,0.00784551986651913,-828.502449018062
"884",884,0.184081009262522,0.939755887363211,0.0103382268668846,-827.542711188908
"885",885,0.231445414912432,0.729165258524045,0.00855846663267076,-828.814151092121
"886",886,0.273973014183018,0.892816686080256,0.00653044916677144,-827.941279278982
"887",887,0.200098949649628,0.598570243952898,0.00375995920440847,-835.164940454794
"888",888,0.661060640474856,0.553703673143405,0.00735674439761521,-833.133849417254
"889",889,0.200737609572645,0.826662531303963,0.0071904098604198,-827.8095773631
"890",890,0.0533078751079663,0.729501073369053,0.00853051941408845,-829.560043562692
"891",891,0.3631579918678,0.742355331808663,0.00854376705454495,-830.987149700807
"892",892,0.348289705386037,0.945963138437047,0.00383241353882668,-830.730270454704
"893",893,0.438258114510033,0.980279719667762,0.00535283961490454,-829.971542783971
"894",894,0.164627062072344,0.725582088139184,0.0107162997453936,-828.554475486307
"895",895,0.0880917374376274,0.694067253535493,0.010043316608532,-828.596012316431
"896",896,0.136009738376619,0.643391236759287,0.0096839471203759,-828.786169300558
"897",897,0.14316610290179,0.814268452822312,0.00984611432813364,-827.478291345815
"898",898,0.110820565679488,0.863207631326233,0.00847736104134204,-827.154035492674
"899",899,0.127424635283487,0.754199936926392,0.0101166166727518,-827.821606544025
"900",900,0.0756087604597306,0.796010706435893,0.0133833942075114,-829.416045444485
"901",901,0.112466523123333,0.918681607616735,0.0121757937841111,-828.634936849605
"902",902,0.180241098000886,0.927107929912112,0.00962888095282275,-827.240315168121
"903",903,0.132207432140621,0.820565452805707,0.0110362418174723,-827.771597915503
"904",904,0.146023916830172,0.793082746213641,0.00762177633285779,-827.751865873424
"905",905,0.138965061013933,0.711183291453117,0.00845228923624276,-828.08868414569
"906",906,0.176631932735033,0.796294810004997,0.0072574290240244,-827.907040145015
"907",907,0.34838935433619,0.791570002174397,0.0082471480617919,-830.051781838946
"908",908,0.328815560232705,0.972185455910555,0.0082467869999134,-828.502603316452
"909",909,0.311678714931783,0.836057639160508,0.00695179850029433,-828.658728067257
"910",910,0.127369631538553,0.658198018578532,0.00725168402664503,-829.155579126743
"911",911,0.151920010796086,0.765433462791153,0.00712341787783569,-828.178802366508
"912",912,0.0865323557578125,0.839977842628237,0.0105778923424487,-827.533687044181
"913",913,0.139992859750052,0.852631461675538,0.0101569389417421,-827.332181456618
"914",914,0.275954762102372,1.03018298213138,0.00977643725677554,-828.326770747026
"915",915,0.350668720604871,1.05677649745913,0.00665935696267218,-828.269053453905
"916",916,0.445829273098722,1.20054872093414,0.00681840958117917,-830.176893645548
"917",917,0.431294769785911,1.00794914784392,0.0066517520805316,-829.598879856648
"918",918,0.226611358805669,1.00766076922642,0.00918415291386731,-827.67668536381
"919",919,0.318576642196861,1.04514957739988,0.00793070548293255,-827.973554907189
"920",920,0.334993199424988,1.07316169850508,0.00679773424158077,-828.024125261507
"921",921,0.33387160434477,0.971701821788655,0.00406655454640287,-830.173180048174
"922",922,0.242242713996594,1.01620033345559,0.0123690789927683,-829.911057893194
"923",923,0.19809265473182,0.675475446457074,0.0103329674476014,-829.347562359246
"924",924,0.0774512329994076,0.690874160683464,0.00848657193590897,-829.015731231376
"925",925,0.142731612035505,0.653056023675722,0.00814873963611321,-828.715922294092
"926",926,0.23629314686253,0.963943877848914,0.0108347630022093,-828.54164199845
"927",927,0.276047889909254,0.962330710934496,0.00574455720976787,-827.957813129076
"928",928,0.29688793768924,0.883588438729558,0.00735884531127196,-828.211395864587
"929",929,0.187818876809862,0.897881211604646,0.00466724120941385,-829.432445100003
"930",930,0.240198752772319,0.972228946292486,0.00927663320395071,-827.675286343133
"931",931,0.225877513221065,0.96316792856883,0.00860117846034839,-827.298237626354
"932",932,0.227766625251247,0.881212079890843,0.00553876296156723,-828.340004410021
"933",933,0.370836235059804,0.940807929979427,0.00857784540487159,-829.548401534872
"934",934,0.375859853487636,0.971851352943586,0.00874351885542146,-829.60361825593
"935",935,0.306194649110055,1.11398582391964,0.00601350684306899,-828.913055206882
"936",936,0.332012902074114,1.06657770510635,0.00764451062428614,-828.059694937538
"937",937,0.387655545743323,1.04246004842322,0.00899829745942576,-829.769732970528
"938",938,0.402043728930103,1.08375235705194,0.00764172444694442,-829.257606215646
"939",939,0.274292187473397,1.01301262279996,0.00719793287798995,-827.388324005428
"940",940,0.31582392569944,1.06466896972942,0.00986291543209958,-828.946612510941
"941",941,0.242939049335142,0.601063313220128,0.00540715372861862,-831.632560947387
"942",942,0.555897496898417,0.561255065908826,0.0116409671173574,-836.758502589827
"943",943,0.72029249511696,0.576556438366473,0.00542596419524751,-832.824963924975
"944",944,0.46731234112558,1.16069090430265,0.00819571860859352,-830.836706295292
"945",945,0.442142539904804,1.15486073049853,0.00545929335541867,-830.308715356468
"946",946,0.442918786826846,0.862816481854034,0.00611937382804026,-830.223050776061
"947",947,0.204538305097325,0.875999909501661,0.00718450464251593,-827.537362417119
"948",948,0.148362965524864,0.903806851783348,0.0117389401029717,-827.902936480935
"949",949,0.181097139852817,0.53646706823208,0.00552361018493796,-832.657704183891
"950",950,0.612704490071923,0.714120785465968,0.00372046169261744,-834.189240759544
"951",951,0.277154412567807,0.58458933062424,0.00810326311948881,-830.952513175156
"952",952,0.172583764293134,0.88255798711957,0.00591477910771185,-828.165737204567
"953",953,0.162202079310287,0.718987785120104,0.00818100235744996,-828.150053970876
"954",954,0.130091391544825,0.849489999812874,0.00608527305759174,-828.535027833398
"955",955,0.23311872970458,1.04715918597228,0.00618825203756021,-828.50758402761
"956",956,0.367409336831449,1.08712113507424,0.00661388034044307,-828.507643067566
"957",957,0.278318768064371,0.93505348373354,0.00757313017007754,-827.778132077343
"958",958,0.158657227724456,0.88057235616271,0.0093003706098983,-827.1443559591
"959",959,0.258597023334412,0.928694881471294,0.00809006258668991,-827.70901442645
"960",960,0.274281757724723,0.927143228899087,0.00640459353715888,-827.806261712449
"961",961,0.190096328486706,0.90366131145563,0.00816179137199892,-827.199229943171
"962",962,0.171894453641013,0.874154913407839,0.00771272101030017,-827.299582004024
"963",963,0.189932073903792,0.876469614110032,0.00966850344768511,-827.609112872003
"964",964,0.110507649066968,0.83032973136808,0.00987976700618624,-827.306704121994
"965",965,0.0691950869788416,0.858647052035931,0.010527135886397,-828.072026596328
"966",966,0.161377941643364,0.956904807835436,0.0109249930003014,-828.028122971465
"967",967,0.226123363074234,0.974513346597538,0.0101437948251968,-827.918018105555
"968",968,0.260341373788077,0.991709929942158,0.00664167992219659,-827.380510954024
"969",969,0.342467111152283,0.898729120878185,0.00495063291676012,-829.211734762591
"970",970,0.315504955581473,0.856317168413204,0.00811341218546042,-828.891475285409
"971",971,0.244634216110131,0.889079336092578,0.00759619861398454,-827.690366139359
"972",972,0.208063193074274,0.81874154494342,0.0104546506958418,-828.512149621273
"973",973,0.191578836827492,0.626069243813036,0.0101852619784831,-829.72104049426
"974",974,0.0885660931481304,0.667422756670094,0.0123011407766904,-829.928248397571
"975",975,0.171350845736734,0.948175631716442,0.00952132029684661,-827.274723375815
"976",976,0.130496361948389,0.786386886930238,0.0074151075786691,-827.939097879096
"977",977,0.0531635033669515,0.837244058316043,0.0107243323966035,-828.615189562466
"978",978,0.105403490291068,0.862376338494032,0.0113629718696197,-827.590266689469
"979",979,0.122506211248961,0.861473017593037,0.0108368889554116,-827.387864532656
"980",980,0.116284351826141,0.729104623942154,0.00561210933428358,-830.413165802143
"981",981,0.144451329701998,0.950562154950869,0.0109098478219249,-828.149707714696
"982",982,0.238798490665228,1.00906161100255,0.012683283980058,-830.094888582043
"983",983,0.2321103779806,0.955703879920778,0.00856252376644173,-827.388905607031
"984",984,0.437753665549462,1.17930478018197,0.0101342476158641,-831.517385917777
"985",985,0.305839309134787,0.916334073874813,0.00747401862872822,-828.155547666587
"986",986,0.285659383413602,1.01034762483859,0.00833933804150728,-827.751087509406
"987",987,0.256536255805194,1.04855564859429,0.00834777942575178,-827.857884308453
"988",988,0.257990377255718,0.952021296496864,0.00909819748847701,-827.959048774708
"989",989,0.181775955872136,0.900042671356039,0.00613851184705228,-827.839852023519
"990",990,0.423817821056353,1.1305054001532,0.00646799979142887,-829.536951091099
"991",991,0.3828316880182,0.910491068537869,0.00629672894503032,-829.06008265934
"992",992,0.121890416482554,0.829234028567994,0.00744554683501874,-827.68765035866
"993",993,0.215836101198476,0.944921436341279,0.00851050775424154,-827.249861800938
"994",994,0.162153049997572,0.851776884309063,0.00712863907112701,-827.601922339968
"995",995,0.141266275262197,0.850823549569716,0.00711433532272893,-827.640367012541
"996",996,0.138053868174654,0.741456909554008,0.0085193855976682,-827.844154004165
"997",997,0.112229631410504,0.887612705652377,0.00712504770531264,-827.769497174363
"998",998,0.125704261119356,0.949151919647202,0.0130542918307422,-829.88229526001
"999",999,0.142576942010265,0.848305308637835,0.00553194933850729,-829.062935242849
"1000",1000,0.235975536719756,0.964957653992216,0.007041046631085,-827.247823693424
