"","i","asc1","desc1","pol1","p"
"1",1,0.443092519947803,0.881620646535531,0.0239423022838298,-866.650359464001
"2",2,0.350389866948605,1.07912655977376,0.0218299630436143,-858.693998437092
"3",3,0.331725171039811,0.760814627283718,0.017830438285771,-851.990670808568
"4",4,0.173061332295761,0.861733170938813,0.00909007096999994,-841.308112396583
"5",5,0.209864380948637,0.72675618383672,0.00602829975563305,-840.232884688494
"6",6,0.613997838178508,0.390755011791721,0.00831959801047313,-835.865457418263
"7",7,0.611963794794668,0.444835350850261,0.0097989765508633,-835.668112992311
"8",8,0.546305884945723,0.402135899874651,0.012527710487606,-838.537757786542
"9",9,0.566375120898753,0.403073994302116,0.00499579779376831,-837.56922664423
"10",10,0.554149030662604,0.508007228757347,0.00600891097323592,-836.457259214062
"11",11,0.591572172999416,0.388781549430065,0.00729897521009858,-835.535025971231
"12",12,0.645447361236806,0.641381956977797,0.00900936686252899,-838.242395278607
"13",13,0.646842052060478,0.636670949084023,0.0068819134218125,-837.433252655416
"14",14,0.36801968469952,0.577532143272953,0.00552670812342305,-837.621160240475
"15",15,0.649463585610492,0.420186465770541,0.00936962542582292,-836.232504685225
"16",16,0.438761619998605,0.698037296246425,0.00929791959850455,-838.844893076811
"17",17,0.4500708884028,0.596602490441189,0.00496281385336261,-837.674347080389
"18",18,0.779277984988002,0.57399447336772,0.00805802752128527,-836.22299112204
"19",19,0.690421320230197,0.462342187596416,0.00751738733405694,-835.610330399544
"20",20,0.593050282429662,0.480433058100425,0.00711726801170965,-835.859095204418
"21",21,0.692351783608744,0.502502204101801,0.00503826291863567,-836.737834203082
"22",22,0.685361882112225,0.516657222829566,0.00925185572171916,-835.524362857781
"23",23,0.734977734171425,0.568215084447616,0.00646578235279635,-836.04825446698
"24",24,0.304160399656012,0.748034485053165,0.00680054965984027,-838.323471084534
"25",25,0.530420267249853,0.636782309759894,0.00884544271950123,-837.74124961392
"26",26,0.44720674086551,0.551671687947243,0.0075818283398663,-836.572534914107
"27",27,0.789396916413261,0.581893851993979,0.00798605890363895,-836.405610217034
"28",28,0.743093857374818,0.584312363686635,0.0101205619764558,-836.875366782211
"29",29,0.729193920463259,0.523190038400687,0.00986724946339124,-836.308781372602
"30",30,0.66593196261336,0.491891547957816,0.00607100794709728,-835.554957859778
"31",31,0.709430771589933,0.496236544791801,0.0110428022411836,-837.173099564398
"32",32,0.677004690952219,0.489812719067021,0.011172542541078,-836.720765280161
"33",33,0.680129685711252,0.50704127225419,0.00894055693294597,-835.304357975267
"34",34,0.669338300398276,0.508855912997023,0.0064455133888137,-835.505158046858
"35",35,0.38809931306689,0.696000511225372,0.00827028230880049,-838.229137044171
"36",36,0.553353326170534,0.809363498082332,0.00700091299769596,-839.574151616449
"37",37,0.523602288841754,0.77644713723877,0.00673951743717472,-838.82733820724
"38",38,0.519322807496853,0.689386015158934,0.0075090227403306,-837.63616008219
"39",39,0.462595573668558,0.330677147977907,0.0102784050991905,-839.065901550045
"40",40,0.482863656410651,0.58355702722488,0.00833671053888345,-836.92442892578
"41",41,0.466344734408585,0.553245289385882,0.00663936177390696,-836.427713432897
"42",42,0.67563770910763,0.415992268928322,0.00776385747693953,-837.202432785094
"43",43,0.365375441014236,0.454732065585963,0.00669276005849404,-837.841022476133
"44",44,0.438823678185862,0.480057259179304,0.00623439436697097,-836.856379048659
"45",45,0.638099058718382,0.489587670019718,0.00490146315824868,-837.230844641515
"46",46,0.579908922969099,0.515387157967493,0.00561336127054272,-836.7505375536
"47",47,0.640932658372424,0.478683394296888,0.0105080826055477,-836.137287856725
"48",48,0.607678586042723,0.415746985310644,0.00771388138830988,-835.108049367239
"49",49,0.595341106957827,0.425660035172093,0.00740902325385446,-835.208201374473
"50",50,0.604315388424962,0.421636766745187,0.00906687764053587,-835.342337804091
"51",51,0.607455637641599,0.459011477064562,0.00649909320951794,-835.629230952428
"52",52,0.677084909131231,0.485591057196238,0.00649003094118908,-835.238592132165
"53",53,0.690568803766262,0.482850333110875,0.00855731503016961,-835.313089641704
"54",54,0.636960931332705,0.468676577959842,0.00779413977103487,-834.969081438586
"55",55,0.59156487589368,0.475103136731033,0.00725595283298934,-835.809932838783
"56",56,0.622470095709964,0.402219902021476,0.00827055791444326,-835.646292091969
"57",57,0.537538041382824,0.547264691799541,0.006581665618262,-836.33933690738
"58",58,0.592820468604563,0.503193134113054,0.00711141542543322,-836.024302267784
"59",59,0.570190757932124,0.562946919918959,0.00667768170367171,-836.437713163859
"60",60,0.583668974125412,0.610377012504691,0.00640328322936262,-836.922552728643
"61",61,0.373508947123307,0.699673350195397,0.00654054556171622,-837.840526605967
"62",62,0.85209177576879,0.602221617722366,0.00499195746851366,-839.976527239968
"63",63,0.790003358600443,0.530796002120143,0.00433957184850297,-840.389513488517
"64",64,0.575670646401107,0.64842850228868,0.00761147349665466,-837.354481929971
"65",65,0.618835854189016,0.616133730716266,0.00687081455733686,-837.049741209478
"66",66,0.804944517067397,0.60955862302031,0.00867898298414793,-836.857046732957
"67",67,0.516381995062592,0.32415735131487,0.00891430936509647,-837.311084511518
"68",68,0.499627211413505,0.780227566431209,0.00573066535235091,-839.054898609609
"69",69,0.552335442999634,0.74329520054478,0.00597816354393674,-838.590616785638
"70",70,0.586686841036905,0.666873152393748,0.00727388425439125,-837.554896840665
"71",71,0.580358571910895,0.417299617864073,0.00895126728305588,-835.566967074207
"72",72,0.621214131190052,0.49145955514658,0.00891978735569173,-835.830118883804
"73",73,0.677909407160836,0.477031168574644,0.0104381285567867,-836.223005918208
"74",74,0.612636282314586,0.481382187818349,0.00890161839608274,-835.79282811054
"75",75,0.630063487652401,0.488091285305875,0.00646675676001872,-835.693886597087
"76",76,0.651217847827119,0.481238789773288,0.00586754512898795,-835.73529021269
"77",77,0.653927434316771,0.490280933773097,0.00954700014493376,-835.55089387542
"78",78,0.675403511185562,0.479386952355856,0.00809084437982593,-834.998429529033
"79",79,0.604623003415279,0.489008678240821,0.00770001618700235,-835.794363879741
"80",80,0.70368986766239,0.484187924657207,0.00595437880759302,-836.013569775605
"81",81,0.485869512692185,0.654753844904793,0.00890428920613331,-837.939832076923
"82",82,0.44001041279997,0.494114852572825,0.00501598623419992,-837.75005799704
"83",83,0.48637812929752,0.474722741564965,0.00938201042452242,-837.313948320782
"84",84,0.727754408843654,0.530032263821402,0.00659076180459346,-835.603360701554
"85",85,0.696423164416653,0.532397247398405,0.0079635889188422,-835.317895913428
"86",86,0.506773626925339,0.4194836350642,0.00824509586394654,-836.735905806611
"87",87,0.637272052570352,0.448513933174307,0.0117665817254591,-837.157027597484
"88",88,0.617734626906926,0.436963665228714,0.00585634949985844,-835.778550358571
"89",89,0.652843175184804,0.502196459942507,0.00716573293317527,-835.321773512384
"90",90,0.670816686908291,0.497454503701297,0.00762831293139432,-834.995286695597
"91",91,0.715337180549038,0.498443220742455,0.00708031157988031,-835.512607413656
"92",92,0.742551825066939,0.636645979076678,0.00796637442083274,-837.535996486052
"93",93,0.670270771386339,0.511111112003555,0.00827614658799292,-835.23518297624
"94",94,0.510765880897755,0.410098581928975,0.0128251353449401,-839.960178844938
"95",95,0.656062334842915,0.530602692556376,0.0101885664057433,-836.735522642483
"96",96,0.48688825064921,0.577817848664695,0.00596088022399498,-836.681964990586
"97",97,0.536055489936778,0.414253605752479,0.00833318525666352,-836.353053027799
"98",98,0.614071368076609,0.459170418657799,0.00830117632066076,-835.225495116139
"99",99,0.597180573281669,0.458749423093312,0.00918978813388095,-835.816898420953
"100",100,0.599933149099869,0.462886203173876,0.0112623306513549,-837.139645193849
"101",101,0.58541755613348,0.456490353103571,0.00686648762990431,-835.807804506552
"102",102,0.642351000486568,0.445108201449526,0.00687670476066715,-835.079397534705
"103",103,0.616339607882539,0.411156617459193,0.00797583209816201,-835.238659781828
"104",104,0.56943984936469,0.417487583569818,0.00793419233353177,-835.606095740314
"105",105,0.591057393511474,0.446255081381936,0.00909770720316398,-835.714335838044
"106",106,0.608385463229421,0.424568227675633,0.00896362656043677,-835.27530066635
"107",107,0.62382306523986,0.444971616412938,0.0104162224319662,-835.984524375237
"108",108,0.563147470966673,0.416203411454182,0.0102886641287609,-836.558283309614
"109",109,0.59134582865356,0.420284211755848,0.0100333488714169,-835.925692379008
"110",110,0.598672341103322,0.486109603858356,0.00419147319840863,-838.861715496428
"111",111,0.459011561681124,0.661133128400454,0.00879607339732,-837.944480673611
"112",112,0.21553798472609,0.681602459946563,0.00728922016072669,-839.795664381121
"113",113,0.872278446194077,0.640994843181434,0.00804635144325092,-838.502308257793
"114",114,0.242831871777985,0.831455610035704,0.00773108647142655,-839.318224893455
"115",115,0.431624484798438,0.795620166943846,0.00644843847157552,-838.699512175669
"116",116,0.324553337507773,0.599549460730086,0.00625604893256097,-837.869498801273
"117",117,0.428493202567523,0.533243208941053,0.00862158741030495,-837.125197926239
"118",118,0.429989221134753,0.4745928340436,0.00779483807230021,-836.894143296842
"119",119,0.65606013173328,0.491474062140071,0.00529968218384798,-836.441088006464
"120",120,0.514893561319,0.315728885036522,0.011736821716383,-838.994910713189
"121",121,0.499673536610117,0.337035493293731,0.0115941310211175,-838.634210810601
"122",122,0.514557539313429,0.351162734061561,0.00688875321699746,-837.137642400278
"123",123,0.513591611845081,0.529342828848509,0.00760507343535213,-836.332241559584
"124",124,0.456322638874462,0.607030571561656,0.00583040034671187,-836.942598017246
"125",125,0.47995843460389,0.518564854333512,0.0096882413994105,-837.630708734208
"126",126,0.486498749780485,0.461204237672295,0.00694548233663695,-836.483251168089
"127",127,0.659204546086439,0.544815900833862,0.00658649304831432,-836.267959925057
"128",128,0.784215389497914,0.575570724166195,0.00860106177176102,-836.484264924558
"129",129,0.282573644707669,0.702224859676446,0.00664758856544955,-838.483004561801
"130",130,0.896575502517634,0.687899440684481,0.00552743736747871,-839.786247385214
"131",131,0.572995625821956,0.630375719327335,0.00666851945553193,-837.03288557641
"132",132,0.460675954233667,0.483951802198496,0.00617435628033346,-836.708448823238
"133",133,0.588946636232022,0.559680906154597,0.00937858165599889,-837.370256322095
"134",134,0.469611315331975,0.484668877669121,0.00811423040945292,-836.667274986919
"135",135,0.608757457529212,0.442990244557793,0.00925588590784275,-835.422346231078
"136",136,0.627385190201672,0.435680803005999,0.00662386145138924,-835.206928586923
"137",137,0.657063529235624,0.435676370883819,0.00677544718369653,-835.531485589654
"138",138,0.641692151723306,0.510987837866888,0.00542369276372993,-836.766443827717
"139",139,0.501363322507069,0.411343977571511,0.00539476928582226,-837.764825094755
"140",140,0.450136218939895,0.536888887962126,0.00711919283049416,-836.456838381068
"141",141,0.692485241522774,0.495718621905509,0.00842385960781745,-835.170396851397
"142",142,0.661268018595892,0.474777367306794,0.00763026903814766,-834.892744922968
"143",143,0.64611510609421,0.49831232587114,0.00683353385324242,-835.452379319276
"144",144,0.64243078937783,0.455987562805084,0.00602605416362575,-835.508951836114
"145",145,0.632223051613171,0.436815309335389,0.00887968393657794,-835.198505452472
"146",146,0.603834789957329,0.450384444892112,0.00846489832323117,-835.323660250995
"147",147,0.616927237747606,0.408195109726301,0.0105120931605583,-836.483764325742
"148",148,0.634134149428893,0.437435996580214,0.00823223521236261,-835.021024967192
"149",149,0.608079812875031,0.379316998224172,0.00565081553808416,-837.074002129981
"150",150,0.502500532749045,0.410033382766235,0.0134053168736161,-840.780603679786
"151",151,0.562680252325794,0.430841049173076,0.00648179401778738,-836.161593166195
"152",152,0.548614011467717,0.542063074861823,0.00746421033016042,-836.314408606907
"153",153,0.558692590493668,0.591110177997027,0.00746732045893099,-836.66244886317
"154",154,0.766136821797741,0.638392651444836,0.00823070958245087,-837.318024083679
"155",155,0.71857148552981,0.579264509590245,0.00824475882516768,-836.174053383799
"156",156,0.764184256170028,0.542712843744207,0.00687125348538178,-836.207218928041
"157",157,0.396830217425474,0.563262667537054,0.00624983455553697,-836.922144781032
"158",158,0.706469618649071,0.561422761689408,0.00993437176195951,-836.544648925549
"159",159,0.705904220059235,0.513663246683404,0.00724118864664471,-835.180702135631
"160",160,0.647526641626509,0.390372766893972,0.00740601120893507,-837.250549266898
"161",161,0.524955253033418,0.465740754263845,0.00658301859328652,-836.332934478729
"162",162,0.625077563211589,0.494888606568345,0.0102591664858036,-836.528467600066
"163",163,0.671589191808488,0.49252164813055,0.00951966211379169,-835.484830543829
"164",164,0.640904258905957,0.466475136164672,0.00804825468943117,-834.932522176679
"165",165,0.643740978690165,0.497672144061297,0.00851189626240766,-835.410658926727
"166",166,0.547326955369943,0.450105108717147,0.00898245286958421,-836.540429433168
"167",167,0.689282062605283,0.468342023747035,0.00818315577575126,-835.474839602113
"168",168,0.671548854845395,0.513500687610759,0.00662101218731729,-835.468608292096
"169",169,0.618675959831962,0.424472404122778,0.00815052314062084,-835.06582745797
"170",170,0.608528186970506,0.432285176231688,0.00817522015793195,-835.06323958384
"171",171,0.630861353676101,0.41810954504055,0.00718460464314038,-835.324462084855
"172",172,0.630246839600097,0.503986537670782,0.0078638948997501,-835.673838020763
"173",173,0.633984890480842,0.466239430781582,0.00952237529997897,-835.462172452974
"174",174,0.644776200023963,0.565971479808542,0.00422418839914041,-839.201628241999
"175",175,0.626684224959143,0.453678282143671,0.00898138859219009,-835.193719365316
"176",176,0.595000018341605,0.500678954554778,0.00819109647523886,-836.113845783611
"177",177,0.729999458438936,0.571749769719234,0.0119591082174917,-838.228617179791
"178",178,0.821632933728381,0.59620873537863,0.00688058056612773,-837.280074733665
"179",179,0.417943777886288,0.461962129849685,0.0055787952250741,-837.634538809523
"180",180,0.317768349831747,0.525642317668033,0.00702028797799121,-838.005807279532
"181",181,0.792369346902468,0.646058733786662,0.0103687603008501,-838.222242224159
"182",182,0.848370978596187,0.628836558864226,0.00936229914395004,-838.283325522145
"183",183,0.569836448257309,0.634861800597848,0.00763952738709147,-837.180354580876
"184",184,0.657848006619154,0.602082342184561,0.00606275108629237,-837.280906233141
"185",185,0.668531126432427,0.509728204285302,0.00834000183568678,-835.243007400122
"186",186,0.674537519786536,0.507654412398082,0.00671935375321214,-835.296967114557
"187",187,0.452599144526889,0.40319500815785,0.00749537134306994,-837.369838710573
"188",188,0.38030292804894,1.07527797256137,0.0077335939358718,-841.243772987563
"189",189,0.248667698016789,0.55051408751222,0.00652579623490881,-839.749216670611
"190",190,0.694946499944718,0.49974213142887,0.00864028114395427,-835.246615356837
"191",191,0.648335743348594,0.521459982267343,0.00856126823470673,-835.867224754574
"192",192,0.660387358631445,0.495953950240831,0.00793240486766918,-835.060417607841
"193",193,0.687930532349387,0.505378568547333,0.00820874438032283,-835.079468668607
"194",194,0.67945746150551,0.505115350531864,0.00781484348146485,-835.035424440921
"195",195,0.680233093010249,0.50157311458825,0.00787455445233849,-835.007437893162
"196",196,0.656310437825794,0.55209673831126,0.0100752343384683,-837.24289724862
"197",197,0.659453150140325,0.472918419333634,0.00796037608391087,-834.901738376067
"198",198,0.678528522583993,0.475450695105959,0.0087116382537451,-835.242846976331
"199",199,0.642263435512821,0.405917615845245,0.00661711175380688,-836.256018576584
"200",200,0.597389775968375,0.426019587343232,0.00856249099350948,-835.238979317956
"201",201,0.506829879232294,0.466722694358011,0.00613983416153486,-836.590732446378
"202",202,0.528151860647132,0.531482112554315,0.00783205790320442,-836.379975277407
"203",203,0.768677289657039,0.599660213132839,0.0077517844208955,-836.234025088814
"204",204,0.723865302097297,0.631687637353519,0.00860347753580774,-837.739663591233
"205",205,0.576182374933779,0.67160596924946,0.00462570102339725,-839.038382167998
"206",206,0.647426277047428,0.52812343215169,0.00697354318694791,-835.958132241948
"207",207,0.361572825730164,0.620048545480157,0.00568828720448444,-837.687329437328
"208",208,0.598755425426759,0.560482112059836,0.00672943800709275,-836.457990025332
"209",209,0.41396933438185,0.378692727187382,0.0093511057522377,-838.914469889683
"210",210,0.508213031546289,0.380549442740145,0.00704619307920424,-836.996194067581
"211",211,0.562943920947654,0.39551295443105,0.00776403256215577,-835.641335027163
"212",212,0.566776026458087,0.404093908959218,0.00800418821675518,-835.582836040553
"213",213,0.628988768626752,0.446713334250488,0.00744432472315429,-834.9325985619
"214",214,0.591384467752696,0.53375827789449,0.0072088669229871,-836.221961430534
"215",215,0.549972248027461,0.553748809368172,0.0110999506610552,-839.059765091861
"216",216,0.679661209684237,0.501485187658122,0.0101987902887,-835.961985014682
"217",217,0.695456640019966,0.563280117563367,0.0103875342683795,-837.047627406117
"218",218,0.636293296724054,0.552674347892515,0.010676509388053,-838.040959979891
"219",219,0.785838903112821,0.629515457514662,0.00854593920683259,-836.938142150005
"220",220,0.778575068827669,0.641291332414511,0.00817119548194985,-837.247657434081
"221",221,0.816267144361318,0.590954198181718,0.00567786609402057,-837.864368095004
"222",222,0.619471177934765,0.565587369434256,0.00570954592017691,-837.010465920618
"223",223,0.531714305492214,0.462292830338318,0.0057512354214793,-836.76901846783
"224",224,0.468552898989884,0.506592929554768,0.00857518357633634,-836.862538912482
"225",225,0.421389728794609,0.591238768566568,0.00869717191101073,-837.404899389572
"226",226,0.758744149520847,0.55250297467373,0.00732139710357899,-835.85905403428
"227",227,0.737810193932273,0.504491694593398,0.00671993092313842,-836.212996768638
"228",228,0.527017923354863,0.514165131387002,0.00681603236592704,-836.222151864898
"229",229,0.575964817645972,0.651799087931327,0.00763650176742553,-837.405259304639
"230",230,0.424433698311643,0.651886843375149,0.00651444265613771,-837.132874549625
"231",231,0.489286109282189,0.400524559844239,0.00986742430659687,-837.867215510068
"232",232,0.636343091309608,0.523753682168247,0.0111157056149641,-837.655910487945
"233",233,0.47541019752243,0.447860368186477,0.00817583488870088,-836.818332154662
"234",234,0.636757812998153,0.412966965108826,0.009034889405423,-835.915397695371
"235",235,0.578867865729176,0.405649715231072,0.00707711498933115,-835.491487601449
"236",236,0.627940406592542,0.658534202986589,0.00563238949109071,-838.081223950231
"237",237,0.303148974737036,0.555500470865538,0.00759118369989765,-838.271478774192
"238",238,0.626559431922087,0.464233880513619,0.00840326202007212,-835.114816958621
"239",239,0.550069899734673,0.526584011767463,0.00996440366023422,-837.651614133159
"240",240,0.656705638548262,0.476419824830363,0.0100055719659074,-835.710805744005
"241",241,0.635835450001528,0.430536750552438,0.00588906416560676,-835.802667822448
"242",242,0.61515916194301,0.364683793910328,0.00526094150190659,-838.639866312748
"243",243,0.52154339808338,0.530015330698295,0.00505834837820399,-837.324693265246
"244",244,0.737200511944365,0.536006984009654,0.00587501103132982,-836.184422465005
"245",245,0.438767451207462,0.57513628261335,0.00792474862651241,-836.806118762752
"246",246,0.509888142482301,0.347617127126719,0.00900117050080845,-837.099859341377
"247",247,0.543730341506401,0.350980039051463,0.00999075913447706,-836.893048566937
"248",248,0.545341050742332,0.490668479335447,0.00968587932069139,-837.205000535312
"249",249,0.445350556767493,0.564083050025875,0.0080939930222631,-836.810228295891
"250",250,0.538026054769553,0.423178856821388,0.00654756925669783,-836.456083205115
"251",251,0.60744017660151,0.629796972806724,0.00909987376380065,-838.039278538124
"252",252,0.29912461220536,0.70989609242572,0.00628082919349162,-838.384848511176
"253",253,0.415323838288829,0.664072606626623,0.00636976495003527,-837.305399737245
"254",254,0.498908591878583,0.700370183308987,0.00797139974049482,-837.924426802883
"255",255,0.436414249535101,0.815652086309298,0.00534814875951226,-839.450390566745
"256",256,0.495518542631034,0.805688506268087,0.00535719547841499,-839.693787607315
"257",257,0.52931398374348,0.310469179964383,0.00901452581312951,-837.934654124794
"258",258,0.528509412702514,0.514444491979118,0.00835452279571422,-836.530572404175
"259",259,0.381681712786543,0.468830586042981,0.00602825242033206,-837.673455938853
"260",260,0.554156449377453,0.643120775533325,0.00764845932718195,-837.223665440638
"261",261,0.47205134861107,0.712611215183718,0.00791910234638185,-838.033971669411
"262",262,0.352632032109239,0.649336902803003,0.00878538793020112,-838.430336267633
"263",263,0.397169267543718,0.424350038988533,0.00886413237639398,-838.190108045284
"264",264,0.295574976642361,0.990105873481946,0.00738197672356081,-840.078790374827
"265",265,0.329558737648469,0.482021641624536,0.00690632660573621,-838.126000152705
"266",266,0.399357489449209,0.452715569550366,0.00598850446375406,-837.662597861047
"267",267,0.723788190222158,0.495206927443805,0.0072504990961558,-835.832639645097
"268",268,0.479623980271497,0.61502748770212,0.00674264976323273,-836.697497540258
"269",269,0.699983374435761,0.487873647635867,0.00593636870835133,-835.876124327373
"270",270,0.655462025321472,0.472415778813831,0.00800955830342921,-834.902163354788
"271",271,0.680512704714902,0.450734676917384,0.00698632255141943,-835.709661082574
"272",272,0.55791246424264,0.474505126716008,0.005491533056791,-836.87715026877
"273",273,0.541343768644006,0.558974408451349,0.00946145988637147,-837.490686499531
"274",274,0.544307982718234,0.470969846557768,0.00786560009100506,-836.203541105237
"275",275,0.556593551781704,0.34506880731776,0.00570589224949045,-837.60007945493
"276",276,0.551268138813788,0.606576007211568,0.00571599929795167,-837.091193522837
"277",277,0.463109435362391,0.62674353038523,0.0112922910593607,-840.160529826114
"278",278,0.593157822290429,0.325681566492432,0.00803428202014354,-839.321278600238
"279",279,0.529828092863478,0.390250476013647,0.00566624589410194,-837.412614018852
"280",280,0.585379437856239,0.515481155872219,0.00790723771046431,-836.208571864566
"281",281,0.652031312155434,0.520883940272726,0.00921125725615819,-836.022692676186
"282",282,0.6755651899142,0.573299151395579,0.00813902332774413,-836.589134761128
"283",283,0.773406962603929,0.574036884675406,0.00618067191016145,-836.488946937668
"284",284,0.693918188209668,0.591448661347467,0.00911648654263932,-837.175820064668
"285",285,0.81444446284065,0.641373205117195,0.00828177274248548,-837.139595125021
"286",286,0.795940898458622,0.51520557126804,0.00529487067552829,-840.153945119264
"287",287,0.691672518826458,0.481686351595197,0.00835673210763936,-835.2948280945
"288",288,0.682989034147233,0.507617235444741,0.00780381749567158,-835.04852925606
"289",289,0.693393236166619,0.472125065706895,0.00827856563978411,-835.524718213493
"290",290,0.504912137014186,0.583579155897118,0.00793266512821967,-836.706298356613
"291",291,0.521340115663284,0.457886322494497,0.00823042676780463,-836.461899852324
"292",292,0.549326874251166,0.425121214684861,0.00937631734709774,-836.511756717671
"293",293,0.592430025473429,0.395566229124525,0.0087117136814404,-835.500672046331
"294",294,0.597520423009973,0.397451110455761,0.00675746891210792,-835.553971859357
"295",295,0.578651067694648,0.447102161713288,0.00759234403660526,-835.705524334418
"296",296,0.58876031622667,0.44670838307321,0.0142724219093286,-840.085377015675
"297",297,0.585908222017854,0.412472099644136,0.0042442549399031,-838.724276003722
"298",298,0.532173402849834,0.588720529827726,0.00908292252695542,-837.439853602189
"299",299,0.389323816427467,0.574349404086712,0.00941792148598824,-838.114447210953
"300",300,0.550104985721861,0.459627588573,0.00666525691040166,-836.203439715525
"301",301,0.469823281191243,0.470580214634607,0.00652221668511935,-836.606739957523
"302",302,0.598015069526704,0.500867512155581,0.00933751893891328,-836.592096918677
"303",303,0.602349998296124,0.436340201685172,0.00839141566600491,-835.189247315101
"304",304,0.594868855689366,0.40715510001976,0.00557164930741696,-836.347096024002
"305",305,0.612555952584876,0.426269490394471,0.0134241749944695,-838.93774531728
"306",306,0.601774869011233,0.451790672547976,0.00606801750952553,-835.930692730265
"307",307,0.606690014267158,0.48986557750342,0.00791162479113525,-835.797726752485
"308",308,0.552147644108697,0.487999363786271,0.00761308644907694,-836.141008765774
"309",309,0.339118877128654,0.653771386358922,0.00713218337496185,-837.83270978659
"310",310,0.48046379854218,0.352456371504345,0.008510181363564,-837.81384162824
"311",311,0.607529249954812,0.55844775670573,0.00760069373418546,-836.464871015923
"312",312,0.704709625111734,0.659535346183567,0.00736372572422462,-838.057610118528
"313",313,0.636438691242457,0.394710152477771,0.00740089061372824,-836.401214327773
"314",314,0.535116224971522,0.428331467706589,0.00856490910957011,-836.463049247733
"315",315,0.599254361451728,0.667451397982686,0.0109233803701285,-840.368461108574
"316",316,0.876634555546437,0.679898764968948,0.0101339339955268,-839.307157391097
"317",317,0.542625168555948,0.839945755805616,0.00939380918515151,-841.48493637131
"318",318,0.421677905903823,0.889956502132723,0.0110146818041263,-842.208511585892
"319",319,0.365454468567421,0.934810392839699,0.0103303313788746,-841.125518520921
"320",320,0.157710869455073,0.866842506124256,0.00735785482424536,-841.737870814392
"321",321,0.246112505549666,0.881442731622344,0.00859381576227714,-839.739394102706
"322",322,0.466797898498018,0.897926512992026,0.00867476877278182,-840.64809532939
"323",323,0.324720057161303,0.874633853334943,0.00484524044688312,-840.419387387987
"324",324,0.382897210347805,0.909787896790881,0.00913076390804243,-840.123190971261
"325",325,0.393361156129778,0.554069335872987,0.0103186496553929,-838.867985440973
"326",326,0.727206354299783,0.520963220548099,0.00561910834379952,-836.331381302157
"327",327,0.735233690272334,0.584541999398155,0.0106776866897707,-837.319034256301
"328",328,0.754060515414243,0.557292842799952,0.0100885835794963,-836.726562450868
"329",329,0.707041708018428,0.596120397018475,0.00731117458326932,-836.770340898337
"330",330,0.712095523507204,0.545096733291761,0.0102250421754298,-836.385701886244
"331",331,0.702858400959564,0.568311595127086,0.00646447237539377,-836.373593424555
"332",332,0.768050914647873,0.548837180882522,0.00612403873042458,-836.57302524645
"333",333,0.464936951714212,0.502275640073696,0.00872847877820154,-836.973928622664
"334",334,0.745195335908746,0.599099173490589,0.0076818373775216,-836.353238902374
"335",335,0.499170769127153,0.591233316647445,0.00589736091876337,-836.779336865501
"336",336,0.486934412234496,0.567073698251261,0.00968810141019936,-837.825133632007
"337",337,0.47363367956009,0.30939629880385,0.0120803041077721,-839.768468613442
"338",338,0.423309362870077,0.584437917117415,0.00360870368589318,-840.458423756168
"339",339,0.598483216385995,0.646137117416635,0.010810175251093,-839.900751265715
"340",340,0.475545789619041,0.524292924633803,0.00615220678195661,-836.518127983147
"341",341,0.754489104381114,0.652463978784713,0.00700118042754431,-837.929799495297
"342",342,0.593767099582321,0.55059801966689,0.00656513787593649,-836.412197395188
"343",343,0.505189229697077,0.43350087874561,0.00668933751513991,-836.609359576287
"344",344,0.387532526250653,0.5695159060281,0.00772087012514281,-837.061148165556
"345",345,0.684458566637355,0.481711518150172,0.00726270315544275,-835.079426751707
"346",346,0.636453696578845,0.46514918380489,0.00759294413109335,-834.947406405814
"347",347,0.647527589409831,0.463017571711305,0.00760496968095923,-834.880695703423
"348",348,0.641966602470603,0.505018427590539,0.00643842388815048,-835.820700806861
"349",349,0.66923802469597,0.483954816264911,0.010058578815081,-835.793833725175
"350",350,0.671896466692193,0.473355206436534,0.0107005140706598,-836.375572399792
"351",351,0.671342828662789,0.425903005169241,0.00701507154749042,-836.395288671731
"352",352,0.56418155908239,0.388718503304949,0.00753474830729222,-835.652798055862
"353",353,0.562269042582784,0.352706818516614,0.00856379893908443,-836.372030393998
"354",354,0.54619108912901,0.485795594125754,0.00900508092582857,-836.70861445917
"355",355,0.510013689678566,0.501492470991417,0.00871137995869553,-836.752619618384
"356",356,0.467180923258198,0.857229107078431,0.00553384616587432,-839.982852503176
"357",357,0.346940634539869,0.448393619750204,0.0078839402194444,-838.279238300072
"358",358,0.546067406345572,0.529358084868185,0.00633914796216245,-836.346798092408
"359",359,0.52287891529428,0.445334565471147,0.00816867420603778,-836.454092973284
"360",360,0.342868135112632,0.669399680970169,0.00671398896452976,-837.849549919627
"361",361,0.564849652104148,0.620289451128702,0.00610215935945982,-837.048127837895
"362",362,0.784364483059854,0.559887745927663,0.00583421949035968,-837.132373438954
"363",363,0.493799366572305,0.79197539534801,0.00560480228346321,-839.293833533429
"364",364,0.499995597046934,0.551102953638926,0.00857135367386473,-836.855489696012
"365",365,0.73924615549575,0.546394500625511,0.00908152701322131,-835.896852704875
"366",366,0.715291547007787,0.535575729647393,0.00642568279652218,-835.628422686111
"367",367,0.743313069086236,0.543969255308567,0.00935453881362746,-836.113704537768
"368",368,0.681390834686633,0.450018622261973,0.0107463300917187,-837.295029893399
"369",369,0.613390401311333,0.447933462658315,0.00953700107800196,-835.534437081766
"370",370,0.661936087358263,0.498155127502507,0.00964183736114651,-835.634023503561
"371",371,0.642786251290064,0.453045381855919,0.00614751679150878,-835.419128894382
"372",372,0.66723614044766,0.490456264373671,0.00960168240200858,-835.51865314072
"373",373,0.65997351301844,0.434842947010395,0.00762266755613162,-835.504767336878
"374",374,0.658216319623834,0.525092041184246,0.00722166779578301,-835.700533151621
"375",375,0.707965259092766,0.523240777118544,0.00929829913672115,-835.634566843752
"376",376,0.70642431644931,0.578190803724015,0.00770372787180129,-836.273551827369
"377",377,0.397483801156781,0.505100866514229,0.00794952817828633,-837.097137858886
"378",378,0.525303424588653,0.410456048064422,0.00704765434976425,-836.509353193565
"379",379,0.632474683076825,0.640247590102029,0.00743651117832751,-837.453968702678
"380",380,0.533424925045019,0.724449611424453,0.00786033726488734,-838.317282652678
"381",381,0.440159283388992,0.582391828394896,0.00679564112030464,-836.595453914056
"382",382,0.412231523302125,0.641037519907717,0.00626449329631432,-837.148924350386
"383",383,0.382151089656063,0.453066545232723,0.00680805204243502,-837.581363079123
"384",384,0.540736427525758,0.374957038638076,0.0100483598871925,-836.690763419556
"385",385,0.56284076431771,0.493752643835457,0.00434894248271596,-838.511136285479
"386",386,0.540678096305194,0.693769249598375,0.00775911515570725,-837.856934220499
"387",387,0.590713753052719,0.424904586561183,0.00967697200056179,-835.751912244929
"388",388,0.547513626947522,0.385182562507396,0.00938852649977434,-836.248406656484
"389",389,0.550996968811864,0.376607200476669,0.00750366800500886,-835.939555332789
"390",390,0.651592392635671,0.523190132479614,0.00826127110386961,-835.779445930251
"391",391,0.648103344380173,0.527819846204284,0.00663871062200744,-836.052690216275
"392",392,0.42851409017788,0.592389234137155,0.00958179975287751,-838.086253802897
"393",393,0.799073630471968,0.605006213732884,0.00649261444975384,-836.799357588081
"394",394,0.772966536846601,0.604480887670919,0.00554422587726493,-837.397707909668
"395",395,0.771453797078813,0.569069880454324,0.00646349177927007,-836.292697791927
"396",396,0.474887437841301,0.612009466631513,0.00584020659381752,-836.942196353141
"397",397,0.499360721218127,0.68566437182067,0.0071466282081394,-837.452454118908
"398",398,0.798818281599391,0.508526931932704,0.0067369531722669,-839.937967191244
"399",399,0.279622498065123,0.501124518541698,0.00847864786917572,-839.425519157481
"400",400,0.491608254312127,0.413404897083145,0.00802448888918613,-836.888362800903
"401",401,0.456427989455975,0.620653374887131,0.00671460362567902,-836.769385130498
"402",402,0.466087812712687,0.288156707310876,0.0109624642724065,-839.672273719596
"403",403,0.494953112697459,0.620801739289285,0.00700641095830862,-836.747052717005
"404",404,0.386752486196788,0.43367150479006,0.00750606711289649,-837.7607383749
"405",405,0.443462226746014,0.513876997835975,0.00687949125388956,-836.512379428256
"406",406,0.557586923293985,0.410736402926668,0.00702209875889441,-835.950768188417
"407",407,0.621714384606133,0.538033506757966,0.0060761895195677,-836.550896764284
"408",408,0.581301132981013,0.522210533236251,0.00860730709773517,-836.543219107519
"409",409,0.694419757241182,0.523241744132869,0.0111356416040522,-836.867633216079
"410",410,0.703402275852138,0.51206655170782,0.00785220071775401,-835.137034995789
"411",411,0.717746753611399,0.539124487833972,0.00855911759065891,-835.476048763345
"412",412,0.683480152308435,0.551749543048176,0.0103145159442952,-836.881056312534
"413",413,0.652543390885264,0.46975771741956,0.00560893550862985,-835.896662533025
"414",414,0.670258596387099,0.507355278076972,0.00766496173564306,-835.12532265528
"415",415,0.397284387806736,0.45794468967823,0.00854135377808901,-837.656435249371
"416",416,0.500617802013478,0.488875316104923,0.00809460871307031,-836.489172314502
"417",417,0.527261141220215,0.471169906192507,0.00631692551884637,-836.401946131233
"418",418,0.486427450208017,0.588707741588746,0.0075482347606665,-836.613931929281
"419",419,0.650991447465539,0.490526587268616,0.00685420991597894,-835.241053998929
"420",420,0.663858826537771,0.436681813809954,0.00887875819049041,-835.867099955126
"421",421,0.59917158591711,0.406607265011954,0.00816876292801659,-835.234036240827
"422",422,0.552584951919286,0.428020030265457,0.010189429526196,-836.918233065199
"423",423,0.534956743781913,0.42609047077167,0.00561145165471091,-837.116327817146
"424",424,0.582661604640903,0.677009574911845,0.0098501833360139,-839.291070337777
"425",425,0.640133935081844,0.37786166747107,0.0117289623933219,-840.274090278891
"426",426,0.548711638727531,0.383456864948849,0.00535253303401656,-837.441812984692
"427",427,0.583948943585103,0.723283302111593,0.00728583406712878,-838.353265906092
"428",428,0.595127930670318,0.437824976698291,0.00729376733371075,-835.32144156274
"429",429,0.603396671688266,0.442900494326851,0.00726233702695839,-835.230315212445
"430",430,0.480803865153687,0.583296860575038,0.00583532198806994,-836.77984945342
"431",431,0.387884594539669,0.859084087095079,0.00649798909445994,-838.986105956217
"432",432,0.343204590633641,0.872503706098236,0.00744981204237688,-838.917984571088
"433",433,0.359072274351549,0.460987309859917,0.00805356942793635,-837.963895467937
"434",434,0.692571891105138,0.501546265514428,0.00535607030935401,-836.298228679121
"435",435,0.665862401785145,0.529646723752003,0.00707512225514963,-835.717965953627
"436",436,0.482784779718257,0.501062647052724,0.0099703101792764,-837.83153495667
"437",437,0.277723743131471,0.970326441727118,0.00994987014454977,-840.827288608296
"438",438,0.429382771015642,0.990591550624547,0.0100523218338747,-842.002682110876
"439",439,0.407730212434318,0.575706106421551,0.00569027233574972,-837.129345501073
"440",440,0.649445940030149,0.53003003879324,0.00562508037941323,-836.756097096893
"441",441,0.704653077551967,0.52329093382643,0.00789430916865615,-835.185489967859
"442",442,0.614496431378847,0.534473110699867,0.00561451296120675,-836.859205016897
"443",443,0.727041609320542,0.539155626740557,0.00495934989985337,-837.191869135296
"444",444,0.659278292467207,0.389572107158773,0.0113496849295118,-840.331532815774
"445",445,0.397415039432763,0.296939346800413,0.0102379653868043,-841.557194121165
"446",446,0.562717486478872,0.491734151871273,0.00718926058961184,-836.079776091138
"447",447,0.726730410409027,0.536601452313456,0.00837629515589809,-835.475297717217
"448",448,0.706815523131178,0.531826734251905,0.00780678991568562,-835.258978192718
"449",449,0.767531576718903,0.544086816210906,0.00761813016931348,-836.216057699905
"450",450,0.600459368718343,0.486036887948012,0.00890500460553623,-836.108402438285
"451",451,0.710836135013657,0.552305137561563,0.00870527963383871,-835.724514498727
"452",452,0.568332652020582,0.394697073671579,0.00966026135247091,-836.003460524101
"453",453,0.544587795136386,0.404295104648165,0.00711640653546324,-836.17809730765
"454",454,0.580998984188414,0.445127209510917,0.00697664427864105,-835.74523645296
"455",455,0.566420572734582,0.499661069553338,0.00721812448283372,-836.090580117374
"456",456,0.537278264662306,0.603251780276563,0.00747930736423756,-836.72882492796
"457",457,0.718260548511251,0.492694659227597,0.00603914783145292,-836.183788400888
"458",458,0.486492362704206,0.519909533350755,0.00699460119179908,-836.30879365185
"459",459,0.370493294330923,0.544653658235856,0.00715351444492109,-837.105975172091
"460",460,0.577524350202153,0.36232235779863,0.00699002287788989,-836.264706993833
"461",461,0.594341507782477,0.58669008272785,0.00770978722143659,-836.755080916269
"462",462,0.644387428970501,0.481374348461686,0.00761882044375615,-835.035493733278
"463",463,0.447838611447095,0.691199813887414,0.00887272602575828,-838.379064270722
"464",464,0.537160586470261,0.589866411506673,0.00702719175822098,-836.552265855394
"465",465,0.745216397612094,0.490784302142383,0.00650321384666212,-837.201950919695
"466",466,0.560338258663073,0.447585980046312,0.0106095207701322,-837.305079301514
"467",467,0.695461364361983,0.571200818796367,0.00555658425876298,-837.228815639699
"468",468,0.485731895302212,0.7028439998184,0.00591429032569644,-837.803141817289
"469",469,0.911092881850467,0.716989528592014,0.00669176120533002,-839.412889627632
"470",470,0.916637542033153,0.843661211794325,0.00708694448926372,-843.163103913518
"471",471,0.396680627692873,1.02813052561451,0.00707557836163586,-840.765898461428
"472",472,0.320302173660789,0.99280170099771,0.00966668558995075,-840.808232520603
"473",473,0.282141067309823,0.433587024601724,0.00879381697568777,-840.336392529472
"474",474,0.309137651989782,1.00702775846893,0.00828274716314129,-840.307617216704
"475",475,0.347007495872505,0.516269417483001,0.00781970664453931,-837.660009450038
"476",476,0.397583824819586,0.660190716675425,0.00908679560126396,-838.387784733394
"477",477,0.799873266442748,0.582671646086903,0.0059848069272739,-837.185645539473
"478",478,0.61042432047409,0.378259754266411,0.00774834551834866,-836.244516371879
"479",479,0.573647889348124,0.453381828100363,0.00819375721171874,-835.905297772037
"480",480,0.467025417747122,0.535568352935466,0.00814259301262492,-836.668127354959
"481",481,0.410161739069426,0.518094015407186,0.00655901625882884,-836.786127099177
"482",482,0.527709901331293,0.516352760811723,0.00624844497189907,-836.370431001724
"483",483,0.584690578819743,0.480916690445524,0.00644204377504842,-836.121084117967
"484",484,0.725571954441109,0.551115125831039,0.0113262400091566,-837.372411829217
"485",485,0.726364805248952,0.52460715565668,0.00635663428847427,-835.717990666135
"486",486,0.696166693808052,0.503764169761577,0.0112220434163845,-836.935764274863
"487",487,0.720925563585478,0.508556027635319,0.0085246226920448,-835.614085875765
"488",488,0.711665886786872,0.513111135291991,0.00942344623358279,-835.768677871964
"489",489,0.662760513547078,0.45411291298567,0.00796940553973253,-835.104576898513
"490",490,0.643450784422166,0.457668698555847,0.00608787990719836,-835.45798789577
"491",491,0.620399862090761,0.393856703949391,0.00667547645437821,-836.043430400309
"492",492,0.533038297870666,0.447334571250912,0.00948516761232457,-836.989619670442
"493",493,0.464459141730042,0.466712350332581,0.00629065783300306,-836.749926983388
"494",494,0.531371060248516,0.3937000109026,0.0074061213735697,-836.391183121682
"495",495,0.540589502764527,0.436413626421859,0.00801993006201896,-836.25265161025
"496",496,0.546756629011902,0.476461495583988,0.00730683587791478,-836.122381600772
"497",497,0.607449902813299,0.456604195011098,0.00873332444687274,-835.409906713923
"498",498,0.670944706093304,0.432415640068648,0.00743431459057045,-836.008206520167
"499",499,0.620667964429377,0.43379922810087,0.00730164481124275,-835.005350003866
"500",500,0.532362432136677,0.577820737695251,0.00748429154547719,-836.527045499295
"501",501,0.633097686564684,0.580063811873416,0.00714656584809386,-836.671209769743
"502",502,0.676252900614658,0.498396154874089,0.00703896274342985,-835.070235607366
"503",503,0.697405459472455,0.556772251039809,0.00788152976407274,-835.831337088696
"504",504,0.740777776751494,0.523255920103411,0.00624390666882112,-836.10465086682
"505",505,0.708273004932855,0.57560156809825,0.00934797329566512,-836.581503024111
"506",506,0.709669843247626,0.514697405056511,0.00625627319363414,-835.594180412562
"507",507,0.371755860786684,0.617680825218782,0.00366662087621635,-840.753799063546
"508",508,0.371489702018498,0.588018816509629,0.0104599266453499,-839.371554343647
"509",509,0.710531045983737,0.525410671194615,0.00686080756266989,-835.339864093584
"510",510,0.686327195069828,0.494539785925418,0.00639150839146065,-835.338137087757
"511",511,0.723507053358448,0.603333733368361,0.0104151114042329,-837.807006656109
"512",512,0.808433047449058,0.617381864735294,0.0146796631636976,-842.718957299782
"513",513,0.642056692804741,0.403544899846378,0.00809034550964295,-836.216488821702
"514",514,0.538626756476652,0.443135572482019,0.00829170263401539,-836.346637967833
"515",515,0.625320860348257,0.417037802895004,0.00733941989343454,-835.237263673004
"516",516,0.618274909001547,0.414105003251661,0.00954649074193862,-835.728435652903
"517",517,0.564506164127224,0.389860303136905,0.00716025688698356,-835.724107776698
"518",518,0.522939197434887,0.333307167054376,0.00817748188192616,-836.930988119608
"519",519,0.525545253138985,0.335713571173179,0.00919405031036747,-837.00864495429
"520",520,0.508283416904859,0.478142753419344,0.00821271401102622,-836.507058077775
"521",521,0.722431760784697,0.486169352960484,0.00891328363127131,-836.425901813156
"522",522,0.513654033814865,0.400061705460878,0.00843824332938586,-836.787476730587
"523",523,0.603642190483114,0.566411196524347,0.00371538866199609,-840.270069948903
"524",524,0.791020961510769,0.586015871236901,0.0116944830883719,-838.840526594944
"525",525,0.754019773781895,0.576773196238214,0.00456827014187873,-838.389221506
"526",526,0.582146879606866,0.452047453675088,0.00677556752128041,-835.851176490377
"527",527,0.663100318104357,0.505778644002326,0.00776551460804398,-835.178692531464
"528",528,0.671337098881472,0.446729416846456,0.0057233774640642,-836.26361660026
"529",529,0.660258687139992,0.475381629919735,0.00806876028672208,-834.916414434604
"530",530,0.644924791078671,0.502674896917354,0.00508403786614039,-837.054172475528
"531",531,0.718046723910392,0.503343584440243,0.00585674131619203,-836.111620421061
"532",532,0.699639557850382,0.445165532381892,0.00741644481189747,-836.80780540493
"533",533,0.481101141520257,0.431558844476993,0.00680451418402537,-836.784480796286
"534",534,0.564766561183774,0.393331924690247,0.00890491967730912,-835.757719283837
"535",535,0.553198345018495,0.377578386516408,0.00815757437291733,-835.862595824761
"536",536,0.587734305130379,0.446032207426992,0.00777211928995504,-835.513223542664
"537",537,0.6259032975216,0.448505881216769,0.0077212247265243,-834.935113002586
"538",538,0.585204933049634,0.382313843124626,0.0106316140039959,-836.753971547808
"539",539,0.574028068485364,0.390021343563726,0.00583051119849043,-836.40599773805
"540",540,0.614715816776842,0.441108978154478,0.00825131547113061,-835.041244703858
"541",541,0.602063914373587,0.451257006178149,0.00828445438160454,-835.335455131457
"542",542,0.639576371005955,0.409554916749173,0.00802123100761683,-835.82801387741
"543",543,0.654500976662119,0.606896420864077,0.00654547506054592,-837.130456015542
"544",544,0.309984424473918,0.837459790724801,0.00935975819050574,-839.563950505343
"545",545,0.562802626620666,0.616834577680278,0.00723740357432538,-836.869239672603
"546",546,0.747259929314433,0.587689295637532,0.00704944460853492,-836.145596884105
"547",547,0.773422702982267,0.604389447890026,0.00676529857017514,-836.497440314041
"548",548,0.767965834384266,0.602515664955256,0.00974938980128564,-836.941318099453
"549",549,0.770126837986658,0.545618265305248,0.0104722637979262,-837.677371328117
"550",550,0.683414189951901,0.509682527945468,0.00665655144117255,-835.291504058838
"551",551,0.714721167484402,0.545016270489886,0.00828147891283146,-835.472318720045
"552",552,0.690549558539228,0.548904271763305,0.00915897067706677,-836.047590959642
"553",553,0.711630846004597,0.468378008714227,0.00907511533029488,-836.728393023137
"554",554,0.678314778937299,0.570720716248487,0.00551584420826777,-837.342301635935
"555",555,0.772995446161303,0.554565575849199,0.00557315760158959,-837.102893461794
"556",556,0.597062058490407,0.554878551389169,0.0049033139655276,-837.733366764772
"557",557,0.633463420229914,0.446300805159649,0.00671507359094012,-835.115399450955
"558",558,0.64885261789069,0.474823429981717,0.00746152325919263,-834.935152887259
"559",559,0.651714590868284,0.452697147328407,0.00757859404271183,-834.950898101492
"560",560,0.656681477934289,0.471326288462283,0.00679218766800063,-835.050612983233
"561",561,0.428587039318897,0.517951054583185,0.00540206549318339,-837.273139245535
"562",562,0.720973348208751,0.542336191419626,0.0105430392117978,-836.619684601529
"563",563,0.630323929685708,0.47829600624938,0.00562921011592549,-836.206130608728
"564",564,0.611591747143751,0.447461334713696,0.00806631905441514,-835.099348282977
"565",565,0.597553228303034,0.456766570368121,0.00898711752840659,-835.696588203335
"566",566,0.68699692172866,0.441117466966128,0.0064735021608031,-836.562172570826
"567",567,0.327480168035912,0.537402606966528,0.00710470129120971,-837.768058469465
"568",568,0.655056008507061,0.467529336733966,0.00781934628113185,-834.885728010301
"569",569,0.674925377796049,0.488958947427472,0.0113680804922211,-836.881738061911
"570",570,0.6418799381491,0.478320194962345,0.00930238702732322,-835.401316651604
"571",571,0.653785518432605,0.473703860396151,0.00911814384054311,-835.217221928574
"572",572,0.698425825303796,0.478491695445645,0.00843388935514455,-835.561479047625
"573",573,0.673775164618097,0.546381462935003,0.00698747052749323,-836.008407806934
"574",574,0.464012764019052,0.425348331665916,0.00806104566426633,-837.065066599476
"575",575,0.593279777965522,0.739441852065765,0.00829850685514195,-839.087877757534
"576",576,0.420808108884342,0.57220056195482,0.00539527567271298,-837.268436533927
"577",577,0.497495665558415,0.582405328011702,0.00884053455090974,-837.219786112838
"578",578,0.752859391423295,0.547143534424282,0.00845260750392809,-835.901564729336
"579",579,0.683996126296526,0.543761310945135,0.00839962665826905,-835.771659176164
"580",580,0.639391461119229,0.525577823291291,0.00822072928002927,-836.014895410796
"581",581,0.503875125972076,0.329895336429673,0.0101329633687612,-837.782724276604
"582",582,0.482497425818315,0.343413273304621,0.0102059749853724,-838.351462476179
"583",583,0.591405362107616,0.583600957251447,0.00642833073992019,-836.699044330525
"584",584,0.759299434774403,0.554351879353318,0.00659105982052532,-836.048197346801
"585",585,0.6374223633623,0.533674283087407,0.00851699439196736,-836.282848899654
"586",586,0.530687575393579,0.583946372905781,0.00657524016742949,-836.527549112288
"587",587,0.548864134873393,0.558964236067444,0.00755800954214123,-836.431081146806
"588",588,0.55902954939716,0.360898179765481,0.00730785721825727,-836.113148157391
"589",589,0.315455792757151,0.560362552566638,0.00854209025740808,-838.428790682863
"590",590,0.431614015907677,0.462052953447721,0.00904851202837842,-837.55102792129
"591",591,0.459734209487358,0.607065475155496,0.00882773736927843,-837.452143673819
"592",592,0.413827143528611,0.539707556193539,0.00668697472773664,-836.68829852006
"593",593,0.536339163537545,0.589940307509567,0.00817289449014872,-836.875974574191
"594",594,0.480952779923719,0.51394731627723,0.00691818120361699,-836.331736663322
"595",595,0.703217894209831,0.508674960663478,0.00632672866259164,-835.494524240693
"596",596,0.67101077921194,0.520007443269999,0.00869511603546548,-835.495189594055
"597",597,0.689164462830066,0.454633472648867,0.00834803338853861,-835.964959416154
"598",598,0.521810615056814,0.628587660504746,0.00660384515987882,-836.859381962044
"599",599,0.40015462773848,0.521690020796408,0.00772906808827987,-836.944837097423
"600",600,0.576407759674642,0.509652648437836,0.00653887886066632,-836.204622936171
"601",601,0.459366742243041,0.494730147611716,0.00641480829708569,-836.568158263559
"602",602,0.741540585899607,0.506360771712622,0.0128331441847257,-840.123963582498
"603",603,0.754344632478333,0.644993667876704,0.0132037310112709,-841.215913155697
"604",604,0.826676769880497,0.701985289075438,0.00488177481852228,-840.744091737055
"605",605,0.705725640703971,0.452896760995905,0.00478565002495645,-838.611252248008
"606",606,0.644364292806972,0.449222409572639,0.00780802502989382,-834.92615699682
"607",607,0.62767420123767,0.443334531702259,0.0087601144817702,-835.097472028567
"608",608,0.610574070104421,0.473337154969931,0.00871069215937686,-835.619697664497
"609",609,0.531020613871211,0.364581451867702,0.00841380685342195,-836.390168622641
"610",610,0.51955982887496,0.360362917753789,0.0104973744721124,-837.418116103171
"611",611,0.599242987154567,0.508150298534688,0.00644441522669697,-836.191853186721
"612",612,0.330153315350215,0.471085292444513,0.00915085520588716,-838.921195362323
"613",613,0.31808186762012,0.564815054337581,0.00732794877586809,-837.905248471802
"614",614,0.731703349038673,0.564296216859393,0.00759025577566043,-835.67106172184
"615",615,0.766427495651534,0.532278765051181,0.00741889255426184,-836.460643645005
"616",616,0.782561172120269,0.633349697590911,0.00818330831855361,-836.979617533887
"617",617,0.410114937552666,0.593852984949092,0.00976359493508761,-838.371478847461
"618",618,0.481433774418613,0.652947151898411,0.00990013897531505,-838.817655562105
"619",619,0.782506598569369,0.572869769772757,0.00413082282808549,-839.591344236427
"620",620,0.335038661809063,0.586813536359957,0.010632077306527,-839.99120286077
"621",621,0.563584521313689,0.354174628597391,0.00948395255151572,-836.652203917525
"622",622,0.570801091820532,0.443232888817531,0.00813699299472384,-835.844965245827
"623",623,0.646609807205721,0.434217430205014,0.00856384431968952,-835.337884514481
"624",624,0.59128250681396,0.443983141609519,0.00987618192364039,-836.045036293005
"625",625,0.672670964404237,0.477427413768701,0.00998102819912937,-835.805045718699
"626",626,0.697113105208609,0.531707373394135,0.00978264902042095,-835.956671002652
"627",627,0.67665457506389,0.45889894549533,0.00934326639787593,-835.812458206078
"628",628,0.649453959883137,0.440817288576879,0.00865463446278759,-835.277117230651
"629",629,0.549658264174522,0.516182415296344,0.00707924127264409,-836.175243790975
"630",630,0.653833564494774,0.477530283425345,0.00689830837818196,-835.048318195758
"631",631,0.691150795316897,0.495526244545827,0.00719308960974073,-835.080193869662
"632",632,0.569200750914668,0.507526478107648,0.00646480244806452,-836.231417044341
"633",633,0.579326499204777,0.46611498996094,0.00791054524716405,-835.892195507185
"634",634,0.643332673774317,0.444907526776709,0.00882039110222262,-835.180586092422
"635",635,0.623320757908711,0.392911881607564,0.00815626309055874,-836.025482938449
"636",636,0.585823925889341,0.394435036300617,0.00712344010449985,-835.474680282331
"637",637,0.583439134312058,0.439416359010493,0.00773031461920512,-835.522395568759
"638",638,0.421094627007416,0.663588191605709,0.00910881024814507,-838.321665008607
"639",639,0.727758067019974,0.498742975540847,0.00752027746820653,-835.868142023273
"640",640,0.599538070483538,0.452092990020771,0.00812620742383982,-835.375324513513
"641",641,0.464855583544651,0.445385333921235,0.00848715677629809,-837.04938724477
"642",642,0.444273060427155,0.589340716560111,0.00699566630741234,-836.61300458129
"643",643,0.549204645514112,0.601619423712996,0.00743853350517726,-836.728111054849
"644",644,0.411581781993174,0.644000943202374,0.00761983778505041,-837.26101194259
"645",645,0.412812757908572,0.594527049213804,0.00727262995296406,-836.827909368593
"646",646,0.783926017266177,0.608928039850734,0.00601744251927143,-837.028464571063
"647",647,0.553501020796009,0.452548267810644,0.00499076179843644,-837.580562225987
"648",648,0.59940097394858,0.372677283390032,0.00579705879314119,-837.004150130618
"649",649,0.612156022950973,0.610195573034526,0.00520011636596421,-837.842027503367
"650",650,0.420421535610978,0.495329173292511,0.00580386789462294,-837.135482044672
"651",651,0.721450913259378,0.502218881050348,0.00624575999242949,-835.934594326651
"652",652,0.503096029085031,0.5768411361422,0.00626439020474225,-836.544530378261
"653",653,0.736211463649699,0.537601127597895,0.00876083996247391,-835.733795704141
"654",654,0.662316368628951,0.518501317457436,0.00646056682042654,-835.774773146692
"655",655,0.666565600532178,0.443760964497771,0.0106556892732866,-836.873376323447
"656",656,0.482383040916527,0.378034663932538,0.00528729204441288,-838.670057515152
"657",657,0.508439059976109,0.484728110116162,0.00839271199937366,-836.579945927239
"658",658,0.385850301115834,0.586489703599026,0.0065763106053941,-836.98326581258
"659",659,0.761174740183305,0.564145279388342,0.00645875580484913,-836.127010530423
"660",660,0.527287000294067,0.437053568631102,0.00778362874234495,-836.350053673741
"661",661,0.552125719934924,0.411313893671548,0.00508160773958219,-837.675990721923
"662",662,0.631701697629012,0.402415786993085,0.00556948870990316,-836.829465669793
"663",663,0.616810825908038,0.616510126331467,0.00654810584678248,-837.089591158234
"664",664,0.582461279731195,0.552392539997462,0.00903242619789139,-837.05889269143
"665",665,0.440042797774227,0.624496588300665,0.00723937618584939,-836.878726852357
"666",666,0.687031203480276,0.676469338383021,0.00764252526839913,-838.321637863042
"667",667,0.607982227331823,0.52582264437659,0.00660504208200727,-836.23316299193
"668",668,0.49537388841275,0.417964456381661,0.00834754919970501,-836.901954476536
"669",669,0.619921122694099,0.45858666637758,0.00671499631352145,-835.307526488974
"670",670,0.635258358466327,0.460484647671834,0.00820424760554805,-834.956225284919
"671",671,0.66520697372182,0.570331877984528,0.00675654352467589,-836.598378330965
"672",672,0.552434162402134,0.481217043450421,0.0074565820373603,-836.108899714232
"673",673,0.550998876728811,0.477576732410111,0.00770476720463567,-836.142416000466
"674",674,0.548075416364609,0.528079623066753,0.00737345211689908,-836.236333636331
"675",675,0.691579931781527,0.459313553096822,0.00710275465826997,-835.790857123569
"676",676,0.611311656870162,0.497020248597668,0.00900882355488399,-836.160783568302
"677",677,0.528826879767261,0.372386680690006,0.00668521751066945,-836.73768806514
"678",678,0.593474339851308,0.604052525976461,0.00769520226851447,-836.931255810036
"679",679,0.688630038303777,0.487121592926087,0.00566636196173603,-835.948223283726
"680",680,0.660089750258605,0.451954746725343,0.00670344232413079,-835.249979477396
"681",681,0.504911513479331,0.430344328967778,0.00688976202028911,-836.589212308539
"682",682,0.521924689273187,0.504381622282549,0.00576297383261382,-836.654878354357
"683",683,0.447896845343024,0.64922790793536,0.00588920978962547,-837.238025444125
"684",684,0.417474706500751,0.785260445320348,0.00581532243587645,-838.743173323031
"685",685,0.435307042699183,0.49648049923213,0.00951405249951477,-837.733950588029
"686",686,0.673006535592502,0.48221619248788,0.00711337607717677,-834.992062521949
"687",687,0.705877789127618,0.562304228750345,0.00889525597639741,-836.067420074266
"688",688,0.6527041897214,0.585078470586257,0.00661292093567489,-836.835306399268
"689",689,0.681000139358717,0.557417404458966,0.00754128689282299,-836.089193882312
"690",690,0.787548695317298,0.587623439337393,0.00932851618935479,-836.823046547384
"691",691,0.349046786728151,0.371223267012426,0.00685047849975901,-839.906960860519
"692",692,0.645097946825517,0.517947956111932,0.0075681336716926,-835.711672002775
"693",693,0.627835192674868,0.594563624286766,0.0065901194147373,-836.880364879922
"694",694,0.450893926151723,0.357986779375806,0.00556104079698942,-839.262555914248
"695",695,0.584731351532263,0.414995791788183,0.0105757685265204,-836.341812969631
"696",696,0.626609042780974,0.434737261691902,0.00999042666520919,-835.755947771685
"697",697,0.568578395565296,0.73514874875584,0.0052472318815812,-839.063335958225
"698",698,0.588929911397548,0.730311318320034,0.00708117873766946,-838.458135117574
"699",699,0.884039184430723,0.631618848481414,0.00632982125510607,-839.529560206021
"700",700,0.481756448133524,0.43943038411778,0.0116112239712993,-839.457058176301
"701",701,0.561672466349429,0.37553898353532,0.00872337656605456,-835.866642809489
"702",702,0.6009376494181,0.412235945659284,0.00841805142200485,-835.216306510311
"703",703,0.560597210060445,0.530997576337773,0.00689128422566709,-836.229061890598
"704",704,0.557553618287203,0.409770614884798,0.00774405892081578,-835.818791376901
"705",705,0.571676165758715,0.498663783065364,0.00668339418868554,-836.138768239663
"706",706,0.614503804136187,0.467765288986786,0.00964067173025809,-835.8266616086
"707",707,0.688098618380707,0.494679696896382,0.011532321127808,-837.170166071024
"708",708,0.698643698899636,0.57197132461774,0.0113742404710851,-838.012224696521
"709",709,0.738082025639478,0.580435891676386,0.00609564660383628,-836.529974995268
"710",710,0.594856388977697,0.499496293119107,0.00824528876458924,-836.119110768416
"711",711,0.445875200759527,0.682713538365931,0.0081847087455371,-837.807289094552
"712",712,0.662050596298727,0.426118594718523,0.00972192869547918,-836.697409952843
"713",713,0.507207817629655,0.485184215960188,0.00699476496800944,-836.276945206402
"714",714,0.638513412140606,0.45136561439986,0.00832845683721058,-834.958580488323
"715",715,0.460364144615662,0.565619983115578,0.00976384462089442,-837.962011743944
"716",716,0.401910405992582,0.446130892132479,0.00760400465774514,-837.404359300328
"717",717,0.418701786969747,0.641106646769005,0.00765474239518099,-837.213878015847
"718",718,0.441244004054951,0.481173981892001,0.00585796726610871,-837.032588939505
"719",719,0.441868961812082,0.324074154192573,0.00976079301373337,-839.551821822362
"720",720,0.407010915691262,0.811120099446495,0.00681084406574958,-838.656166893163
"721",721,0.38472130504978,0.632023975775508,0.00670206216898982,-837.19661792811
"722",722,0.516478631982494,0.47922456427394,0.00765644228839085,-836.297763414083
"723",723,0.553354019479048,0.346487739932205,0.00636643402021614,-836.95241457702
"724",724,0.56983988892813,0.638461903379144,0.00533021877283672,-837.767401207559
"725",725,0.426992492016095,0.587852436434267,0.00550226735761365,-837.181782391658
"726",726,0.634836504197078,0.581971717885641,0.00716563591663701,-836.696198679476
"727",727,0.251062677168841,0.863139388904331,0.00806981839344812,-839.420417348339
"728",728,0.459224994521293,0.718736302913191,0.00969573480392038,-839.485543357826
"729",729,0.308564903883583,0.585079086748698,0.00607346087696659,-838.219966450649
"730",730,0.540232686705115,0.591529434721118,0.00642041622880129,-836.628140980063
"731",731,0.522392017493803,0.555482684068347,0.00615590865336234,-836.497678043444
"732",732,0.561890357933845,0.581555805359073,0.00674047812688345,-836.545012185565
"733",733,0.662028373856495,0.572193145873299,0.00817337299962708,-836.683917162496
"734",734,0.772865407190483,0.576675865832672,0.00661124716209428,-836.249239496759
"735",735,0.762516519791945,0.560572268613167,0.0087534010595473,-836.12825398423
"736",736,0.772488158402841,0.557619635841795,0.00607331432648641,-836.621799506817
"737",737,0.744793714659282,0.565977627087818,0.00746427907248794,-835.70565630584
"738",738,0.734206129900646,0.588724109900338,0.00885346653746956,-836.392260607397
"739",739,0.492789021934457,0.537807205360066,0.00722448340282734,-836.324101633865
"740",740,0.39203481604602,0.54097692476844,0.00741364451114513,-836.913156644016
"741",741,0.635041379853839,0.449142606211778,0.00553119755958056,-836.014073597853
"742",742,0.487866400632097,0.575646763932587,0.00957903423832238,-837.780845948693
"743",743,0.6544981121524,0.512426290248994,0.00621813706675984,-835.914733588099
"744",744,0.461663185066883,0.483330738164502,0.00814139335734676,-836.731602309055
"745",745,0.510081735705498,0.512409262365534,0.00534806146688895,-837.019330711955
"746",746,0.502464694451026,0.52343658759827,0.00811489971698021,-836.516879626182
"747",747,0.684063125191536,0.64346553611547,0.00720600744005984,-837.695956541462
"748",748,0.354931604353382,0.921757823453427,0.00875132717440596,-839.793697506225
"749",749,0.175325057375742,0.58508805132421,0.0082418455484858,-842.141357809526
"750",750,0.852252040831606,0.709850494451705,0.00654929452482836,-839.055155245302
"751",751,0.987187669192261,0.675333658620576,0.00627177025677396,-845.274034605328
"752",752,0.298504723555533,0.54505609787528,0.00698218255558892,-838.327444623659
"753",753,0.432143769148137,0.527796593085049,0.00831751492898649,-836.92678366877
"754",754,0.403732066091551,0.541428329234548,0.00491238247922825,-837.93953106174
"755",755,0.38403360792691,0.590947583901523,0.00654251329788759,-837.017961677259
"756",756,0.380779885562045,0.777783192842966,0.00575179457356043,-838.610132453533
"757",757,0.297779026505425,0.613080357759381,0.0101790780891227,-840.224202733918
"758",758,0.867676252830459,0.716066575356624,0.00699632706034673,-838.970504476793
"759",759,0.871522782509622,0.650615119572431,0.00708609263862441,-838.292015259818
"760",760,0.380707394509253,0.81816985163501,0.00740443134729708,-838.644223508942
"761",761,0.279406287066795,0.795741418765164,0.0046711493585301,-840.425384620671
"762",762,0.351281393545904,0.495184866335937,0.00475592802499378,-839.128774950618
"763",763,0.28126568482982,0.756681549781217,0.00838045209148305,-838.870084636462
"764",764,0.50283094741354,0.274552749793816,0.00808772325621761,-839.697929788635
"765",765,0.424886159028304,0.524941186041475,0.00832072129691099,-836.978905993802
"766",766,0.696648368067242,0.496287187440472,0.00791662360380017,-835.124413899694
"767",767,0.705326581124763,0.491824345259757,0.00746125217067115,-835.33131205739
"768",768,0.64511561644358,0.473536607988983,0.00663153230967062,-835.190365634583
"769",769,0.719228521799556,0.572981542059708,0.00700623667490265,-836.062446454503
"770",770,0.755522331534733,0.591062749935138,0.00807279718708337,-836.112940483751
"771",771,0.72158629677459,0.534739847709477,0.00762446507324555,-835.325174674927
"772",772,0.638850241703287,0.513789806860719,0.0083599700059937,-835.807739623414
"773",773,0.637271093842284,0.464902461293425,0.00718137434155867,-834.996458819689
"774",774,0.650941585278708,0.513596443142217,0.00792306623573602,-835.529397037233
"775",775,0.651506775334208,0.493300811722554,0.00860087696590929,-835.237444721554
"776",776,0.645844585107429,0.504751094700606,0.00721945536256269,-835.470591760046
"777",777,0.401202271332741,0.50338836152806,0.00611118272064797,-837.091169763325
"778",778,0.674866057166394,0.483495788572141,0.00794976775243838,-834.956625723386
"779",779,0.661386079016223,0.441028283466497,0.00907354181766373,-835.731170085345
"780",780,0.671121408526604,0.597800123011344,0.00529362156447351,-837.914525372687
"781",781,0.533066730089714,0.576264633012534,0.00847635934789269,-836.928582719361
"782",782,0.510854814083907,0.462768494376237,0.00929281412497296,-837.086931398822
"783",783,0.395772327609282,0.623945679568624,0.00799339503245356,-837.359625000496
"784",784,0.751129625966908,0.520729594318708,0.007741659615362,-836.169880175846
"785",785,0.34670011808039,0.560489063071208,0.00971351434099526,-838.811988522751
"786",786,0.425482448874941,0.589406237628772,0.00806706612982935,-837.002518358179
"787",787,0.832812350555597,0.56723634139197,0.00735988232740245,-838.776577177059
"788",788,0.503207459667366,0.368547445962038,0.00719094015798259,-837.168401896593
"789",789,0.536056478407042,0.437670338440863,0.00579365275203079,-836.859085082631
"790",790,0.54415093539446,0.335130010487749,0.00737162525943521,-836.880280351829
"791",791,0.532761290249792,0.339902236441308,0.0101487539487473,-837.265575640588
"792",792,0.499061625666418,0.427890968848071,0.00787906118061089,-836.668607566245
"793",793,0.657127652315998,0.504213086253768,0.00822517010297788,-835.269162141506
"794",794,0.558045915271722,0.573495368692352,0.00601311193332238,-836.70054818896
"795",795,0.429422126887956,0.489505131300622,0.00610342874583484,-836.925061748728
"796",796,0.548308944132073,0.554608275709845,0.00659857038124071,-836.375628818391
"797",797,0.367355281857135,0.627272375791915,0.00777284967500914,-837.527458375193
"798",798,0.376244927114359,0.505938232204049,0.007035844935803,-837.161139800436
"799",799,0.601521760226017,0.382287107857427,0.00686260933355773,-835.970652712628
"800",800,0.527556090201185,0.730413687411811,0.00569161692317904,-838.425191518512
"801",801,0.379978776620677,0.733144134816489,0.0083379105590503,-838.57543779081
"802",802,0.325259089700751,0.429106464224605,0.00635493598651546,-839.194987763981
"803",803,0.567678930577432,0.415218054065393,0.00616086113245314,-836.217347545055
"804",804,0.647830074134873,0.415923542918098,0.00637419854118054,-836.132706444308
"805",805,0.586505718206576,0.439079001258395,0.0100059679283484,-836.150949996066
"806",806,0.614515509187918,0.458317119156188,0.00948747281238861,-835.604941504224
"807",807,0.421150881785671,0.549283390785206,0.00567098295648353,-837.033399966958
"808",808,0.709922091070517,0.495365292296546,0.00719645039502768,-835.407767787336
"809",809,0.596171501752692,0.469001964257137,0.00621820925600702,-836.075644500887
"810",810,0.508744514597745,0.699458880403875,0.00821284131752035,-838.062443615677
"811",811,0.703622006684425,0.522622836071411,0.00744852427905599,-835.178254526789
"812",812,0.639474674891171,0.45953363411685,0.00860590589227827,-835.021916045611
"813",813,0.609863869215287,0.475516262646718,0.0114581874723146,-837.340068646819
"814",814,0.614612082745291,0.466782787257426,0.00832022005021292,-835.333084566546
"815",815,0.614058286377497,0.413999433297552,0.00759250687581017,-835.156779006846
"816",816,0.351422183547199,0.71732438299481,0.00592469479578543,-838.196187517826
"817",817,0.437740464518368,0.529022853693819,0.00682431479583323,-836.523628648646
"818",818,0.496428529502062,0.575337878515556,0.00713779040326996,-836.448137359578
"819",819,0.58898606258178,0.515555850890874,0.00622630649088117,-836.339742298818
"820",820,0.606550157097455,0.509165518702687,0.00753144852935503,-835.996924106701
"821",821,0.419554126448804,0.847725897283353,0.00774372995576519,-839.216382119707
"822",822,0.19688977370576,0.731493828195872,0.0102047386315761,-841.351860543335
"823",823,0.142500576405592,0.776362967092258,0.00654961576361372,-842.638139926394
"824",824,0.276746721493803,0.74826158467819,0.00607960499285788,-838.805997729003
"825",825,0.660597640525678,0.452154516997813,0.00562328247987485,-836.014927569799
"826",826,0.659592656534254,0.541463094727495,0.0101604005832919,-836.943904812399
"827",827,0.662591319546379,0.539068975997283,0.0115464047094915,-837.889167591497
"828",828,0.765813576224019,0.611264364254842,0.00955182509966812,-837.005274037421
"829",829,0.741923242389501,0.512317772597356,0.00784679081030341,-836.053047575522
"830",830,0.718714667501442,0.502038250686924,0.00701664159393585,-835.550591630038
"831",831,0.689629488497616,0.507697341119834,0.00839754242453533,-835.135997423604
"832",832,0.667654477167924,0.537170108949342,0.00775617811188842,-835.790389207621
"833",833,0.395841578555348,0.543687251081523,0.00849394541224326,-837.312307352517
"834",834,0.558931536836644,0.558155296134069,0.00671846658259026,-836.386016722413
"835",835,0.706638172953293,0.512950191224956,0.00862074797502114,-835.332996912585
"836",836,0.411693486997732,0.451762345756451,0.00593363683072535,-837.560020400287
"837",837,0.417443762936592,0.589397289325031,0.0104335854774239,-838.988939221863
"838",838,0.671035396697785,0.489022663953025,0.0129685872029924,-838.512814339663
"839",839,0.672173848341434,0.482320345430174,0.0098690980001208,-835.695310917394
"840",840,0.647887717768864,0.416786822404724,0.0065319018648001,-836.017797400346
"841",841,0.454605647145996,0.542008142132389,0.00534143609973172,-837.136298839716
"842",842,0.456151058083902,0.564146671072382,0.00646314651098138,-836.516876688929
"843",843,0.586305497627961,0.671903987030412,0.00905010817999153,-838.519832796928
"844",844,0.345225790833007,0.54742039242761,0.00716614133278507,-837.448454777169
"845",845,0.502238893790704,0.476276553069933,0.0103497311939685,-838.020378405639
"846",846,0.404423793786619,0.495076888966688,0.00948713495391615,-837.981517954366
"847",847,0.605849371139863,0.399303902061815,0.0119226603893402,-837.746990193545
"848",848,0.513758404048641,0.345044922020091,0.0063250592344353,-837.57246024323
"849",849,0.594604036586278,0.519696908445568,0.00610532335838359,-836.419098807254
"850",850,0.587098627544615,0.589299446097985,0.00717464100978393,-836.665487230352
"851",851,0.756796639176846,0.621562567962398,0.00886893186305034,-837.065432559066
"852",852,0.793549359757879,0.58427489390157,0.00664305428122196,-836.628263039894
"853",853,0.394610493006867,0.506655919352735,0.00653824461208682,-836.993872956732
"854",854,0.490639463090562,0.536953375104226,0.00628952862232834,-836.426980735432
"855",855,0.719054500870345,0.557432741379372,0.00658006031111258,-835.872983452677
"856",856,0.760904592650842,0.565859009577457,0.00802816108156371,-835.882385358279
"857",857,0.752310645397959,0.545320919979227,0.00817177795714143,-835.829916008183
"858",858,0.712316248627533,0.531694778671125,0.00797193975533484,-835.277119671223
"859",859,0.718439255322253,0.540908301186491,0.00668677595669834,-835.559404528618
"860",860,0.746496271753251,0.554258796705804,0.00517425432468507,-837.099695697144
"861",861,0.311684034501399,0.570251837073923,0.00607749450327387,-838.168832283197
"862",862,0.588119111988205,0.458842474322603,0.00863062674490331,-835.811740938241
"863",863,0.63151300579211,0.391107994841668,0.00751944568284849,-836.379835234659
"864",864,0.53361521745816,0.524438867789893,0.0069043051805645,-836.223651670895
"865",865,0.590918589905659,0.398530844063931,0.00685831855374107,-835.495282095079
"866",866,0.625208087044813,0.620782056773268,0.00817484656217141,-837.404494152926
"867",867,0.576670660967325,0.674810601301551,0.00839758758017426,-838.067109327372
"868",868,0.476487193460395,0.457561635681381,0.00652721565616881,-836.65619684977
"869",869,0.537486229473286,0.51970648475834,0.00805950982553525,-836.399122796357
"870",870,0.4917242601593,0.497881055081683,0.00658218853484859,-836.364230484964
"871",871,0.335973274452085,0.607675734527885,0.00751149317080607,-837.720129366647
"872",872,0.459569845395167,0.491140536980875,0.00798960973907248,-836.661887598571
"873",873,0.624783783955162,0.459843841018299,0.00774376008888335,-835.024337085721
"874",874,0.661446810899669,0.475817261253852,0.00763394860190952,-834.89353085267
"875",875,0.693262115000517,0.566130231513004,0.010888472778328,-837.536464407396
"876",876,0.704675188356347,0.493714248102933,0.00851624849894664,-835.445242295239
"877",877,0.59495572170964,0.410022548895434,0.00572241470574516,-836.163402451148
"878",878,0.620087918392627,0.452943362951446,0.00989896789596531,-835.696816447687
"879",879,0.665724230181758,0.521539189418144,0.00950891686005167,-835.938714924824
"880",880,0.700365347508783,0.719945869944183,0.00760521500744308,-839.164112863255
"881",881,0.575349855597845,0.515261201868238,0.00669972995483929,-836.184070425148
"882",882,0.534915413142144,0.376294881927459,0.00883437898961508,-836.351994682087
"883",883,0.540813029784306,0.393538051131196,0.00724921150750665,-836.209521954708
"884",884,0.571478659173623,0.45989554144525,0.00642154281105565,-836.158373153182
"885",885,0.649672436012004,0.456732790745093,0.00776769359751934,-834.902230746745
"886",886,0.632022401862831,0.463623879203225,0.0102436288389177,-835.887802757362
"887",887,0.647411505858767,0.500585210367487,0.00547252263130116,-836.480675569671
"888",888,0.480548109754136,0.563607460834904,0.00847005870565664,-836.893960562077
"889",889,0.722780839785963,0.540738390274331,0.00954900910112006,-835.948682570824
"890",890,0.715439054288424,0.507098174176262,0.0097459533878176,-836.111016838762
"891",891,0.632852657805786,0.418915652341986,0.00593304515507003,-835.964380171018
"892",892,0.593912973725146,0.475684556039547,0.00726475848151767,-835.786361094694
"893",893,0.479845825693896,0.495207089767778,0.0069829000015317,-836.366986610945
"894",894,0.651000181138544,0.505330211132218,0.0106819217809096,-836.564919314806
"895",895,0.678763589398125,0.561349816422405,0.00613200633223484,-836.664534958031
"896",896,0.654446111370644,0.497022533748265,0.00973451488114424,-835.743277457311
"897",897,0.628567748166421,0.432957319103501,0.0106961907716328,-836.301253283515
"898",898,0.597475309653281,0.434493264507863,0.00687785775409541,-835.371268698186
"899",899,0.511027864955576,0.53241284630311,0.00654617672860152,-836.316080709897
"900",900,0.526496474681453,0.452148611931276,0.00990370091323736,-837.371657559901
"901",901,0.693071213377489,0.543296477486758,0.00822687812550642,-835.599696778974
"902",902,0.721091654772382,0.494280523584384,0.00775794062140819,-835.761268614264
"903",903,0.491411909487707,0.529697865692225,0.0074281714557417,-836.34322215112
"904",904,0.395744587641084,0.629387883074636,0.007414365515149,-837.178606325284
"905",905,0.565866204709446,0.388852973474887,0.00873003557775127,-835.707252253323
"906",906,0.612032250322957,0.454522097588481,0.00665749705530195,-835.414218633179
"907",907,0.557413118605824,0.468205290944632,0.00890503404976481,-836.482370724133
"908",908,0.52360264810679,0.685700829090096,0.00539474529819477,-838.032547696707
"909",909,0.434511026736673,0.612820761730789,0.00562058360439911,-837.17213610598
"910",910,0.34372651392252,0.557838939490334,0.00586995547846612,-837.72984371118
"911",911,0.566208022448599,0.485152154793089,0.00788734258758556,-836.11836865428
"912",912,0.629664660565687,0.477304944066407,0.00899167262709923,-835.424317735477
"913",913,0.639339738252658,0.487722402168816,0.0112498862850721,-836.863919733709
"914",914,0.64555086837892,0.457171183652273,0.0129856436361847,-838.455151690012
"915",915,0.677704343521455,0.473987307701703,0.0130924880628782,-838.938616810056
"916",916,0.695541343626767,0.484084052587788,0.0137436216241012,-840.051231201613
"917",917,0.476308408816637,0.670944185310665,0.0140007040455849,-844.741859658774
"918",918,0.479421784777281,0.448347571084499,0.00454030208091651,-838.666966681701
"919",919,0.697914569278651,0.437376480644201,0.00754514411655429,-837.181183152067
"920",920,0.401636043640351,0.424374845936452,0.00861523211990005,-838.004363555048
"921",921,0.334295606340395,0.636939631601497,0.0086282919150776,-838.448484010881
"922",922,0.720274590890146,0.531872654566275,0.00632245368700928,-835.676657686625
"923",923,0.381343537748274,0.838079160421583,0.00489813588704009,-839.926376134765
"924",924,0.480989842524345,0.740621458865287,0.0089922884469156,-839.173133216952
"925",925,0.347264204371038,0.426206233961093,0.00738383534142774,-838.553700289201
"926",926,0.673529568371044,0.499017111921156,0.00766619060662039,-834.99731335738
"927",927,0.68004012273819,0.423727209019265,0.00952914579149265,-837.66765463167
"928",928,0.560571274503674,0.420830956122855,0.00840912392747864,-835.887551220412
"929",929,0.525206765028927,0.413974987089227,0.00840685070911232,-836.5596127549
"930",930,0.596275447661162,0.433371603365846,0.00759071451661557,-835.218548737278
"931",931,0.499043170194958,0.633183186020471,0.00732302170962589,-836.907761751492
"932",932,0.654447999773251,0.418881586775222,0.00725109011854539,-835.955547186169
"933",933,0.569810552191925,0.345335902785604,0.00747470246635406,-836.758686832937
"934",934,0.514021411387254,0.369184650062361,0.00749175678479662,-836.843722094386
"935",935,0.608032443102479,0.662245172178495,0.00685950661757765,-837.571118818186
"936",936,0.417835501372534,0.445187896536572,0.00734621646399806,-837.196250849464
"937",937,0.633625121130398,0.399522111399712,0.00619709574361233,-836.470940385184
"938",938,0.611329442196031,0.461406211932281,0.00917135678334512,-835.563580257958
"939",939,0.625170931725028,0.500041412574255,0.00738007875715194,-835.683969594916
"940",940,0.682904443043153,0.489869317689677,0.00582369228301305,-835.739198288037
"941",941,0.655680523579225,0.490712550943395,0.00918545537583265,-835.365672523216
"942",942,0.610148710115296,0.461524794553131,0.00766220341033503,-835.28902282533
"943",943,0.680598793354554,0.504518771932846,0.00795517990606572,-835.03611663678
"944",944,0.679491104643815,0.467160984354381,0.00608316090292498,-835.682444095801
"945",945,0.634074117932509,0.464956183971873,0.00538174802902355,-836.280416370477
"946",946,0.709368510481092,0.485195427418475,0.00747260451259139,-835.590055639773
"947",947,0.651346811647614,0.458977320627173,0.00736983685398961,-834.916061007597
"948",948,0.340199541090769,0.684955702875448,0.00715717443597524,-837.970478704622
"949",949,0.740578173765091,0.686878994725926,0.00653614780028591,-838.804054059909
"950",950,0.647652402355722,0.753574606018022,0.00666710889921604,-839.258852445533
"951",951,0.236258292797653,0.784070493848833,0.00824376692909828,-839.398072935735
"952",952,0.42967324915292,0.757632004280288,0.00660628531618124,-838.309433190166
"953",953,0.686356173164863,0.637275361916616,0.00689060596932386,-837.617905553176
"954",954,0.834411469467386,0.579056017683453,0.00760251743119789,-838.348341413219
"955",955,0.657220162422162,0.495984049400754,0.00739393700863664,-835.112604703856
"956",956,0.652790902251209,0.451724019681315,0.00672201158799195,-835.152653317356
"957",957,0.666830412559418,0.543504576229082,0.0105847603806812,-837.152237478741
"958",958,0.732505495316118,0.54624918433992,0.00427085147826384,-838.596758356468
"959",959,0.335710075193127,0.847427114154406,0.0100901278978857,-840.253874402365
"960",960,0.298982040431894,0.678372625320952,0.0075157685560119,-838.362413850869
"961",961,0.587414616305753,0.513189362983646,0.00738117736894379,-836.101533220618
"962",962,0.625652990490508,0.470811971707868,0.00762523587779215,-835.155282567955
"963",963,0.611079256918656,0.403071661825229,0.00553074940345323,-836.461316474767
"964",964,0.581726518799092,0.389945488058844,0.00871190126547198,-835.576568590184
"965",965,0.632049407532473,0.389312099540606,0.00707640583011106,-836.557296742147
"966",966,0.598978170433789,0.440234906865321,0.00780668842544193,-835.22363533489
"967",967,0.596272802479098,0.417547305970417,0.00668707143436531,-835.408411202793
"968",968,0.598399662975205,0.399708979128574,0.0128161532656492,-838.530415747176
"969",969,0.581162120664534,0.385310217890152,0.0115116292984055,-837.353763596294
"970",970,0.550306958929768,0.380055355476891,0.0116293587178587,-837.589461090713
"971",971,0.511865893271204,0.54345434256177,0.0104272320653954,-838.341838741557
"972",972,0.462087003222503,0.376879343058691,0.00488910357247186,-839.511084938551
"973",973,0.477330957847548,0.448454115460707,0.00638388571037059,-836.777682835732
"974",974,0.522939680642335,0.292125143874559,0.00983079079473005,-839.241294670222
"975",975,0.524033788777476,0.679360526795462,0.00466933190278748,-838.801029921279
"976",976,0.315732241088856,0.739160724668745,0.00593116999879052,-838.46551664158
"977",977,0.334988131072885,0.603030876752017,0.00733259037723388,-837.673362470399
"978",978,0.239879848004552,0.659697046435597,0.00593097612500942,-839.610020585135
"979",979,0.408448923151917,0.526009006575674,0.00684278537531203,-836.740930549072
"980",980,0.588156251547377,0.509235192283548,0.00625333896024903,-836.301544640154
"981",981,0.654006789167114,0.528981535140027,0.0067554087255132,-835.963999752467
"982",982,0.677389586881698,0.661193079202771,0.0059990636258544,-838.212859701849
"983",983,0.37615569051186,0.450765359411114,0.0108748628742713,-839.807448381267
"984",984,0.424350096201537,0.466682171964108,0.00740148649058302,-836.92452473221
"985",985,0.72511120405917,0.46949786403178,0.00543332377187235,-837.920227788116
"986",986,0.616897649253259,0.586877271467375,0.00748815862278713,-836.749700048806
"987",987,0.748888049083666,0.545542334740508,0.00761748734940102,-835.686313808986
"988",988,0.475760044333594,0.584802703974901,0.00812151112734931,-836.830159512502
"989",989,0.632607136820282,0.459057466858096,0.00674762331879357,-835.137668645273
"990",990,0.626857812372319,0.394753751312288,0.00679995327065772,-836.15337131238
"991",991,0.613505243405558,0.465541248677879,0.00787221139008252,-835.286118073644
"992",992,0.573935796854254,0.399323201250908,0.0131801491880158,-838.778491979709
"993",993,0.546853195445163,0.419411948774415,0.0115257772788798,-837.911022086807
"994",994,0.497842283844256,0.397086692430968,0.00776414824776555,-836.927290053584
"995",995,0.649026394578356,0.408469346022646,0.00994266465170093,-837.133502340892
"996",996,0.514961092780043,0.53686485295336,0.00802239665190405,-836.490868178067
"997",997,0.759967984534131,0.68952208420296,0.00691628994223105,-838.844770393428
"998",998,0.789198722631859,0.566458687286538,0.0098544384684032,-837.468276161332
"999",999,0.665123145812237,0.515715841389461,0.00797076955490024,-835.350174944666
"1000",1000,0.661133667291274,0.408632148966071,0.00657511927039796,-836.995927624757
