"","i","asc1","desc1","pol1","p"
"1",1,0.075210475765131,22.8811004567649,0.751052009602967,-1350.5281933846
"2",2,1.83007663910174,15.9954755523832,0.482007623398368,-1284.15872286719
"3",3,9.36752592674236,17.0463893880457,0.328255647972663,-1222.65310870505
"4",4,10.652418433283,15.8889154026782,0.0292805607438273,-1204.00143862155
"5",5,12.4950296948333,15.4133825113486,0.0245252786423544,-1080.29398952797
"6",6,14.4200670374234,14.6428753667197,0.0169588973089074,-1009.45696154157
"7",7,14.1176484068487,14.516381743374,0.0173548904247243,-1007.70517746757
"8",8,14.1006532080287,14.358779061519,0.0156537945972178,-1006.21775344865
"9",9,13.9677919149865,14.5860823754346,0.00754534980588327,-1007.22930041952
"10",10,13.9271871292304,13.7148221787028,0.00594182812416285,-1006.30281959178
"11",11,13.4621727566683,13.5917858027665,0.00450153563513711,-998.165586487792
"12",12,13.350465320478,13.5348602120366,0.00417540584127651,-997.766368268126
"13",13,13.3501840597836,13.5341105353128,0.0076790019331011,-997.168157827869
"14",14,13.420286716976,13.3868963830754,0.00448253501256501,-998.956694947129
"15",15,13.3341598971175,13.5020428082902,0.00670646627198426,-996.923053702099
"16",16,13.3589756399503,13.4816973190989,0.00845220959329657,-997.537283382583
"17",17,13.1881259080642,13.4280603790819,0.00734504715318006,-996.286544592184
"18",18,13.3036441037758,13.5112058348119,0.00911152823163362,-997.306994503499
"19",19,13.3024289576168,13.4505548995217,0.00697536310515998,-996.737627492987
"20",20,13.0768027904286,13.3031164087315,0.00697703319393436,-995.478408694258
"21",21,13.0890562509141,13.2515210730487,0.0102103243298676,-996.395408119514
"22",22,12.9826191706129,13.2903822206409,0.0130741080931707,-997.57621324668
"23",23,13.0006431385761,13.1756975150107,0.00578535827632461,-994.825209794988
"24",24,12.9161439204137,12.9459952395214,0.00763081940016424,-994.885978939916
"25",25,12.8248868764747,12.9037799002379,0.00789366873143002,-993.967768411441
"26",26,12.7579105930946,12.9078303988421,0.00554860965209249,-993.212853651178
"27",27,12.7278884331881,12.8904718871442,0.00695850178053686,-992.97006707902
"28",28,12.7194737231102,12.851835831515,0.00874799707279625,-993.34692865429
"29",29,12.5201258904252,12.9119180558751,0.00900844912364224,-994.199384269395
"30",30,12.7579385468815,12.9846306564738,0.00535394898642798,-993.681821284065
"31",31,12.8219881562997,13.0114168826523,0.00458764630993879,-994.162176356027
"32",32,12.7998004299946,12.8663893009418,0.00509003537337653,-993.667467871988
"33",33,12.6419318750647,12.7752007377318,0.00778003235933174,-992.520056692718
"34",34,12.5753026722057,12.6819374094225,0.00486557664601758,-992.146089362862
"35",35,12.6256031782222,12.6085282421248,0.00727404611344616,-993.254965859417
"36",36,12.5489310004241,12.7579357077697,0.00854022903821708,-992.249615792097
"37",37,12.5309450396757,12.8915822486397,0.00718483055487934,-993.644692104477
"38",38,12.5308456257806,12.8339235036355,0.00823104159467621,-992.847767210065
"39",39,12.5383140733555,12.6224940056884,0.00916058124225354,-992.475157024144
"40",40,12.140053933036,12.3559214408163,0.00564649131425931,-989.535802163545
"41",41,12.0172516712062,12.1328360104531,0.00724431171569316,-988.176301830665
"42",42,11.9198187687646,11.9096587304408,0.0066017142081949,-987.973167308969
"43",43,11.5753086337931,11.5669461543488,0.00566028411444247,-985.407608165264
"44",44,11.6505878309165,11.9219032367847,0.0111340389361788,-987.834584282459
"45",45,11.6351541873297,11.67988328661,0.00871555058038764,-986.169144485423
"46",46,11.50156966755,11.6919475831358,0.0081102607734219,-985.102139769203
"47",47,11.5281615439652,11.4612949596419,0.00784660898211095,-986.185021430151
"48",48,11.5099992324489,11.8449935557659,0.00730937808811813,-986.974268480899
"49",49,11.5594398801342,11.4585871885244,0.0135733302594364,-991.314025722012
"50",50,10.9164919659618,11.1236665944008,0.0033377729792768,-983.096135645055
"51",51,11.1083276785722,11.1648260052032,0.0101439563812828,-983.040129295541
"52",52,10.9851583688665,11.3819015823582,0.0128446110261375,-986.268079081571
"53",53,11.0415387253202,11.278904762011,0.00576184078050726,-982.58228572001
"54",54,11.1747336886799,11.2136694280023,0.00760969044142864,-982.470066671209
"55",55,11.2218325827416,11.261299116443,0.00602923143784554,-982.577889905792
"56",56,11.1514737769435,11.2461447562254,0.00695138433690687,-982.080056596866
"57",57,11.0549337100732,11.2510404013095,0.00713705424955775,-981.99916536393
"58",58,11.0024163365182,11.105782228597,0.0079793647636939,-981.241432850786
"59",59,10.8883178530619,11.0721529717617,0.00569531357461493,-980.877116780313
"60",60,11.0351410633825,11.1440564466173,0.00743683862783852,-981.356584512919
"61",61,10.8925580730126,10.9958242175972,0.00620291531605086,-980.23300200376
"62",62,10.9282445256617,10.9950614973892,0.00537038802553715,-980.517335550353
"63",63,10.9134774065563,10.9295241555245,0.0038389265331248,-981.190487117313
"64",64,10.8797281534895,11.013907332981,0.00486987719876266,-980.650674328393
"65",65,10.9232987279683,11.0675429968817,0.00528839470769362,-980.862413300668
"66",66,10.9059649250733,10.8317893991831,0.00226125746069559,-983.834425556325
"67",67,10.550764474508,10.6511214104349,0.0125849770076324,-980.437336388748
"68",68,10.4871442584397,10.5331738753923,0.00492059495348326,-977.420052625496
"69",69,10.3660227844663,10.2008960224439,0.00746800388370515,-978.887005473059
"70",70,10.2243575181244,10.3677008214871,0.00557756474620243,-975.850204521594
"71",71,10.2183746135762,10.3220157039483,0.013349882620213,-978.573218641191
"72",72,10.1451820263724,10.1682167274798,0.00869128494103216,-975.295045315294
"73",73,10.1437879727104,10.307554052979,0.00568994527542319,-975.475210959378
"74",74,10.1229011811279,9.93295771818502,0.00627525794241448,-977.074097427655
"75",75,9.89969014706644,9.96563420203228,0.00614171430445693,-972.855376874706
"76",76,9.89269674670334,9.90467380928677,0.00593859575855963,-972.755419766021
"77",77,9.8505871331237,9.96193652296899,0.00725541352014022,-972.78094332488
"78",78,9.68985719329855,9.90239469816351,0.00685746228470992,-972.805956548152
"79",79,9.75178090580443,9.8447708352763,0.00841066106507397,-972.225613177337
"80",80,9.76340558340654,9.74404220947303,0.00717463745583764,-972.007989665375
"81",81,9.721655627741,9.7379860779169,0.00379514225860111,-972.332689733994
"82",82,9.69479344257465,9.62905068527559,0.00715244179163578,-971.820769772151
"83",83,9.40423941415774,9.55279898506938,0.00937068964597213,-970.377411719582
"84",84,9.56954519668986,9.68783430011613,0.00655603351391942,-970.713565597543
"85",85,9.53484880690145,9.74436634558452,0.00824024649380331,-971.764703449764
"86",86,9.53899115887684,9.69517702038861,0.00851216526028134,-971.153274392266
"87",87,9.54398994539625,9.5714316964533,0.00419403090404164,-970.678336761673
"88",88,9.51794484257089,9.50366845332591,0.00909267526213189,-970.827218380608
"89",89,9.19335122582813,9.05885342745539,0.00710974578160601,-968.630971830112
"90",90,8.93196614259312,9.05462990869418,0.00883512280776713,-966.38557950453
"91",91,8.92918509811781,9.06985795989456,0.0051896679500033,-966.497982362987
"92",92,8.92485045556441,9.05029148676242,0.00623160708844398,-965.979119553126
"93",93,9.06062731737067,9.14159488656882,0.00877669683324311,-967.047189353141
"94",94,8.93397368424006,8.76641228746288,0.00629157435027059,-966.797795681977
"95",95,8.79196105307043,8.8953508493392,0.00758614149047596,-964.78178328271
"96",96,8.92206571238911,8.92526109388214,0.00590403270628838,-965.153832823614
"97",97,8.85134106385786,8.96162665095416,0.00946398041167365,-965.908851765299
"98",98,8.93309303965568,8.94381178486658,0.00597394617191264,-965.246234607977
"99",99,8.92988182545426,9.01029699474267,0.00270148425906202,-968.256960053841
"100",100,8.93547567714855,8.81315704661261,0.00333160707279827,-967.096143531879
"101",101,9.00768637659611,9.0481544278039,0.0108974133040393,-967.673764713585
"102",102,8.89869594497302,8.85722278224509,0.00279052198717138,-967.117891603284
"103",103,8.83761753499327,8.73445253075154,0.00559897479217124,-964.983110003905
"104",104,8.4980518683009,8.2519420286834,0.00529043860425105,-964.701613163023
"105",105,8.0343241204285,8.20637830520053,0.00605308318858329,-960.005788749246
"106",106,8.14661649703585,8.00133897428976,0.00731390065615964,-959.950964791942
"107",107,7.91186468914724,7.74672078587788,0.00655746732677713,-957.941832388215
"108",108,7.73475311768,7.83131661473242,0.00527127289128141,-956.470750404637
"109",109,7.69293363140617,7.53418809611664,0.00539312778282462,-955.752645088757
"110",110,7.70306575376427,7.59869004563045,0.00558139882694481,-955.23596939731
"111",111,7.45770835125984,7.42379394888175,0.00480787810769328,-953.082180481813
"112",112,7.52988684482469,7.48109668735577,0.00482615546995705,-953.682456041208
"113",113,7.51767323941723,7.32832440912832,0.00738421869777052,-955.096526110004
"114",114,7.09565922552534,6.82404648720486,0.00801958089517407,-953.543450607649
"115",115,6.89048911560908,6.90743959694825,0.00583916985789292,-948.093068177712
"116",116,6.84470112312489,6.79373408802639,0.0100858420686002,-948.671511036971
"117",117,6.7855133577345,6.78148959401762,0.00844812809452676,-947.33278325289
"118",118,6.7337606628337,6.60994658993658,0.00493422202700661,-946.587477984776
"119",119,6.71145397253597,6.69769598254442,0.00384636997800698,-947.233745694733
"120",120,6.68534212752533,6.68850419323459,0.00496075893178495,-946.370533850182
"121",121,6.55302548636769,6.61026338352308,0.0085610499208272,-945.780262065301
"122",122,6.62424726533468,6.61184601793958,0.00849894295327269,-945.791591786062
"123",123,6.60339185247117,6.52405703077342,0.00276496225801101,-947.384434483405
"124",124,6.40620212382878,6.28030882012587,0.0100404670494025,-944.808451702832
"125",125,6.07426701859726,5.97268692415326,0.00704999458823569,-939.812607193942
"126",126,5.94551981605185,5.70967290356773,0.00583422496438876,-940.03874957704
"127",127,5.70332054909274,5.56396091703227,0.00631694409591064,-935.955127884496
"128",128,5.67683154973937,5.61946098780831,0.00779818300767764,-935.744811438488
"129",129,5.66081817702782,5.57443615506266,0.00654558081133609,-935.337506967532
"130",130,5.50840304042544,5.63076531423324,0.00781716473152247,-936.98348139818
"131",131,5.71922839852378,5.61353016536769,0.00765052331762756,-936.152961403796
"132",132,5.61224647932879,5.65779519897682,0.00557247993190675,-936.538687812113
"133",133,5.72899750572656,5.69657635963086,0.00889517178938161,-936.78667483521
"134",134,5.75616982809314,5.62191572445618,0.00456983038330549,-937.000854691064
"135",135,5.64511217305675,5.50236519942621,0.0110289978239475,-937.465015799394
"136",136,5.30233864542494,5.4559735656023,0.00400897037979438,-938.129143590586
"137",137,5.65480840896011,5.4566569691994,0.00354016113699537,-937.420620091228
"138",138,5.46870239536329,5.32175623154067,0.00488526815822937,-933.739910526024
"139",139,5.48526848142376,5.43111169097307,0.00526428671641133,-933.867933119023
"140",140,5.4123210084197,5.40760860121121,0.0105270618566195,-934.331301592905
"141",141,5.25617114036584,5.25710094285616,0.010162319794917,-932.455525366908
"142",142,5.21564798420497,5.21223035847276,0.00712530643136754,-931.097548298051
"143",143,5.26561552209885,5.16198091076007,0.00494731451594784,-931.335697366061
"144",144,5.13944911805438,5.02362430408765,0.0102905180821902,-930.773592889766
"145",145,5.06357653429495,4.94878897575958,0.0111278181940651,-930.44296177988
"146",146,4.96158229420365,4.7794529789306,0.00814137029083021,-928.048425198345
"147",147,4.96754056940233,5.01116885584755,0.00770529512221822,-929.229357912062
"148",148,5.02775371836634,4.91553185934958,0.00753042874769141,-928.163934393913
"149",149,4.91927373168894,4.93834991943117,0.007566853064181,-928.155126149045
"150",150,4.8425043609195,4.69935345279331,0.00490897309954157,-926.36794155349
"151",151,4.82881165662646,4.75799813063743,0.00639335140996957,-925.871886555816
"152",152,4.87342263030389,4.77774790915166,0.00463035530925466,-927.031448670345
"153",153,4.73055543722897,4.53617471073467,0.00751043889997255,-925.08158796524
"154",154,4.53726169449332,4.3510820323264,0.00637675068720094,-922.328723297451
"155",155,4.55887693691195,4.50660066984946,0.00974521159531399,-923.436153312484
"156",156,4.65147247825914,4.55579617513794,0.0101991829286734,-924.657083407602
"157",157,4.62779068963352,4.56001336340199,0.0092462892005886,-923.945692241472
"158",158,4.58099847688789,4.41817570537189,0.00865304470175285,-923.206470089005
"159",159,4.54775244710193,4.43442281920838,0.00522414502306715,-922.545711607522
"160",160,4.42515946764358,4.4788284196147,0.0069016784738271,-923.328671380363
"161",161,4.50018931935541,4.4877838482113,0.00580824816873171,-922.920070062133
"162",162,4.50662209831072,4.37808530329856,0.00806918970893915,-921.818165365059
"163",163,4.42954406534766,4.30328756095714,0.0104054383164282,-921.986896000829
"164",164,4.15952302574995,4.04484480890353,0.00813668640160931,-917.253603816826
"165",165,4.02692931448286,3.91273497026304,0.00833813513365934,-915.509024110384
"166",166,4.05454684264452,3.90200274065761,0.00790594947883753,-915.783698921547
"167",167,4.00815994667838,3.87275594154496,0.00668392546929313,-914.967066274042
"168",168,4.00508796480742,3.96097646935408,0.00691502920468454,-915.776346828328
"169",169,4.07331631722437,3.85344517301614,0.00348807131322683,-918.579753346147
"170",170,4.09074325160014,3.83736462537058,0.00326078539154143,-919.782814317553
"171",171,4.08776833779461,3.98073222172015,0.0076355866846873,-916.196760955692
"172",172,4.00605831211876,3.87303726590477,0.0101634638643923,-916.102576158572
"173",173,3.88488040972173,3.67873526206339,0.00737545945347565,-913.726343721859
"174",174,3.83473481800128,3.67073220938739,0.00801897542600168,-912.756051142045
"175",175,3.65771437390705,3.41673974811763,0.00595937557997761,-910.947835062044
"176",176,3.35164285085707,3.03087382087728,0.00760705292432771,-908.720546557768
"177",177,1.5140113167296,1.27787964165818,0.00935862999550806,-869.106246662808
"178",178,0.0549604554349382,1.04474662587607,0.0133362097732495,-865.046580435867
"179",179,0.168508321737329,0.597162446121034,0.00715300922326767,-856.535802496197
"180",180,0.506361207306804,0.494158596184675,0.0112965623033468,-852.41075825678
"181",181,0.585967400442275,0.348245682771825,0.00989837481158343,-853.05550837683
"182",182,0.501479580509116,0.592260992521844,0.0103110589194719,-852.291916705251
"183",183,0.82604605724368,0.640964227604475,0.00969374762617075,-851.450193900565
"184",184,0.771967688140855,0.606157053818249,0.00945515532230934,-850.900524119343
"185",185,0.740459241101869,0.491866871708506,0.00962284541321894,-852.163308571153
"186",186,0.682456728390894,0.496131484968965,0.0101846287870368,-850.389502503806
"187",187,0.649623648462246,0.502546851903132,0.0103332911500249,-850.576621386273
"188",188,0.689805490653001,0.524392354100007,0.0104211962512841,-850.474049532905
"189",189,0.694944559819462,0.49740751718244,0.0117827143424756,-851.100772364927
"190",190,0.66172926480815,0.517749654419166,0.0115014457218214,-850.959948991991
"191",191,0.643024098820618,0.447943451879826,0.0133092172653951,-851.91395402556
"192",192,0.58025968346085,0.469487496256958,0.0115437811863423,-851.617667178698
"193",193,0.572247251902929,0.562585927166682,0.00953911933358766,-851.867964811851
"194",194,0.72929133606121,0.584293909973548,0.00901749802748386,-850.868094411244
"195",195,0.790789878716506,0.595585994397122,0.0088356864366512,-850.991068361655
"196",196,0.815157515860362,0.676972460122154,0.00784346101445373,-852.20935662231
"197",197,0.83692805029229,0.645667323445014,0.00732430124201573,-851.99520997938
"198",198,0.68008529645329,0.534075854866808,0.0115268706011538,-851.013387660666
"199",199,0.70931875642885,0.524870687888401,0.0068329053623694,-851.490051433088
"200",200,0.580690649611436,0.661744408258294,0.00943604171103747,-852.634438676568
"201",201,0.455095017490079,0.47651637647282,0.00749636590486808,-852.385805282139
"202",202,0.666742714045588,0.460067822309478,0.0130324996643089,-851.976097536807
"203",203,0.657248895418739,0.535807328406643,0.0117505742598227,-851.496704326879
"204",204,0.556936792410875,0.374534214956289,0.00732578372405792,-852.783287215631
"205",205,0.534751784880111,0.47484356613462,0.0137219482294465,-853.79262490325
"206",206,0.575159766441476,0.537761311879746,0.0132108014521175,-853.785216606678
"207",207,0.670340534410007,0.530355248911698,0.0121799930959412,-851.369481743406
"208",208,0.682825417977643,0.680391789128874,0.0089075811473823,-852.936159769847
"209",209,0.78156869552094,0.637745737285555,0.0108940628904135,-851.699949138409
"210",210,0.842871873541933,0.689781241289186,0.0137747875156855,-854.32972046231
"211",211,0.781174075303988,0.621689070873092,0.00885839169339597,-851.084458218215
"212",212,0.79466350945804,0.588129772533477,0.00905341298312269,-851.126830758873
"213",213,0.491468367270274,0.630189847921571,0.00802269663765152,-852.043759907504
"214",214,0.490956768802605,0.597851235815247,0.00863356979194486,-851.851565945694
"215",215,0.470836971662914,0.600772041680028,0.00747159035283271,-852.077200205738
"216",216,0.650678663081823,0.626686960398501,0.00853107338396962,-852.251496743743
"217",217,0.640515450559447,0.62514820211405,0.0086479487370147,-852.233036886546
"218",218,0.753568986516884,0.563804941377487,0.0124424828226684,-851.862132211397
"219",219,0.405738106872446,0.45293292042879,0.0105326968642237,-852.562032698911
"220",220,0.475653354463995,0.404403963250044,0.0122802792605158,-853.325134880937
"221",221,0.664898190686369,0.630785093329194,0.010639247906397,-852.895365364644
"222",222,0.392459031305961,0.470269559992468,0.00998187263874645,-852.306272644605
"223",223,0.333300796595417,0.562160759679256,0.00952725467265426,-852.292580014794
"224",224,0.488563625505879,0.439365606347509,0.0122497653319624,-853.085454843955
"225",225,0.650757799009458,0.497878329066441,0.00717031395036104,-851.486630398887
"226",226,0.669002426097222,0.470365687457453,0.0106209620050977,-850.610839455466
"227",227,0.598247288724488,0.480291927749523,0.0103968325192186,-851.140629999695
"228",228,0.661020627059051,0.482461619151686,0.00727189873236552,-851.225621419064
"229",229,0.66192384678208,0.592206790207355,0.00681570969913941,-852.590726222663
"230",230,0.368952940060498,0.471048975489797,0.0100441483430783,-852.455294432686
"231",231,0.668223796085251,0.539785935425359,0.00815671361924638,-851.158951207148
"232",232,0.624560702315957,0.528961634624494,0.0125564854323354,-852.396060879514
"233",233,0.638965275898745,0.502008868660285,0.0118345950185463,-851.16109063673
"234",234,0.630804370482375,0.394955217132519,0.00782169306672694,-852.608688284576
"235",235,0.500172219341802,0.363252306142139,0.0146791704913746,-853.66754932738
"236",236,0.513961399683211,0.347532972671994,0.00880931525459926,-852.777541457407
"237",237,0.50216872183094,0.681627819759673,0.00864646547313262,-852.4291531633
"238",238,0.52671118596584,0.529834887742799,0.00934323593616899,-851.715808370977
"239",239,0.558335816922481,0.49091521464305,0.0106798069202103,-851.858901996662
"240",240,0.522322231311074,0.562917024332117,0.0122982528398414,-853.45182471259
"241",241,0.765927545779459,0.54725138618032,0.0112952976439523,-851.747885279286
"242",242,0.47303141133924,0.527267138185371,0.0136366677175644,-854.508673060078
"243",243,0.322602990765677,0.50610282461659,0.0087279555712589,-852.496850094872
"244",244,0.534744762045024,0.520899598728459,0.0066700096336577,-852.643940885149
"245",245,0.77011558047337,0.512808405962506,0.0102725976955855,-852.903419204868
"246",246,0.425605533183781,0.567016293650385,0.00949293113438709,-851.883626216716
"247",247,0.403355280873149,0.468837329498706,0.00933116177451003,-852.166347647934
"248",248,0.434890167075197,0.511400487402547,0.0104371380700286,-852.116728224312
"249",249,0.529828450868944,0.46041078528848,0.0111844650821689,-852.15923647373
"250",250,0.546704691822118,0.422162849933081,0.0124952717744383,-852.061806077544
"251",251,0.552010881572861,0.429968485748945,0.0119171554449166,-851.808726911579
"252",252,0.595994765765857,0.395516308057653,0.00867748256714318,-851.346537391426
"253",253,0.591399848125841,0.510173821936911,0.0107166525817535,-851.740997956802
"254",254,0.530075003771305,0.605116266777078,0.00742340922992667,-852.131305888391
"255",255,0.500207764751463,0.448158775718841,0.00739297919037615,-852.607319336386
"256",256,0.674331267295018,0.44129918232692,0.00819151498518282,-851.74809335131
"257",257,0.665094931071705,0.474113417712832,0.00948932540128337,-850.382733994083
"258",258,0.646729064265291,0.501946009773933,0.0103870837486196,-850.617042938376
"259",259,0.467179652642621,0.6189508172285,0.0104504886759463,-852.53127829234
"260",260,0.413558016281676,0.580539646447394,0.00602072310551717,-853.411802634209
"261",261,0.395545992318199,0.59682835502021,0.0122794150246977,-853.715888317465
"262",262,0.769783571242672,0.555906552210915,0.008348246270285,-851.112646786736
"263",263,0.393912391601872,0.575623453766118,0.00576605279078779,-853.889017654585
"264",264,0.448873161689922,0.62078629101419,0.00662748194475265,-852.67180593633
"265",265,0.625512817747449,0.640329425779871,0.00776067413854951,-852.410362663727
"266",266,0.841591516385987,0.648961219533428,0.00789964549558775,-851.777904450727
"267",267,0.828631579294406,0.648037829081271,0.00944421913083249,-851.461610564274
"268",268,0.799647694971691,0.682515655251012,0.0105346377395064,-852.500837024658
"269",269,0.852713518990588,0.695649780777093,0.00753383244148158,-852.490764931583
"270",270,0.855266678280701,0.712037755736831,0.0114385606553469,-853.056165052018
"271",271,0.890940019547634,0.657151949846308,0.0114924611203431,-853.911660580745
"272",272,0.570309840695336,0.396249114976871,0.0113701063602275,-851.218524249646
"273",273,0.504807081392731,0.646568496447111,0.0125904986692077,-854.551910457455
"274",274,0.671151692703018,0.602256019635548,0.0134368783125544,-854.052914849598
"275",275,0.577576286661289,0.406677787730282,0.012896696710196,-851.705326013371
"276",276,0.610837345832923,0.476935046053762,0.00829896643434287,-851.155914439553
"277",277,0.591841527504286,0.643566080102975,0.00861661712832384,-852.303866473421
"278",278,0.693622186793971,0.785774501675999,0.00628888799920703,-855.040780201812
"279",279,0.449211750605626,0.795125611834986,0.00998733947875469,-854.232214330363
"280",280,0.45985565370187,1.08215840307339,0.00930258972942407,-857.201724921472
"281",281,0.355017748410684,0.825319315612321,0.0103682791657424,-854.855458112183
"282",282,0.360382763436063,0.537506326337056,0.0107240559774828,-852.497091861671
"283",283,0.666152740172917,0.613564604817345,0.0109219806406186,-852.75081205195
"284",284,0.770919555924191,0.647953426742047,0.0121405948192471,-852.672906009451
"285",285,0.825868179713183,0.705546119572088,0.0125303691798945,-853.790354780478
"286",286,0.891759675013417,0.815549079316041,0.00743569912420002,-855.665499767548
"287",287,0.561296894151525,0.742114253296308,0.00784863542138058,-853.141284887753
"288",288,0.471401345546445,0.477796909017876,0.00874443023983588,-851.879172448528
"289",289,0.709151424713629,0.588916595829978,0.00934309741852072,-851.258740938533
"290",290,0.7849935530217,0.635450124182013,0.00953214820959338,-851.295141478169
"291",291,0.818558146302735,0.581059435187616,0.00964409868963262,-852.183068008958
"292",292,0.7147077110847,0.509349476841698,0.00878965317566584,-850.647608894957
"293",293,0.623492575313445,0.469694567469145,0.0105184551330859,-850.566556509374
"294",294,0.571478991073689,0.481921276085535,0.013725684025131,-853.190897483907
"295",295,0.63050972920679,0.508525284649236,0.012193205084814,-851.602968645599
"296",296,0.703648073541366,0.447988400280332,0.0130708251809322,-854.251574138239
"297",297,0.601563075721707,0.454323990142327,0.00778900204110824,-851.411003541507
"298",298,0.571819350300028,0.598578309490066,0.00796153113086697,-852.002051486646
"299",299,0.662732948561387,0.426393043348916,0.0121114744366285,-852.526183565558
"300",300,0.614314300231192,0.495516205855832,0.00962882476467593,-851.033210862269
"301",301,0.552191750660905,0.447124044950302,0.00920281519572205,-851.568559439834
"302",302,0.569650560402618,0.614341196023002,0.0090978447771906,-852.106144741164
"303",303,0.841490365279305,0.617098777591512,0.00810866354664715,-852.049828497413
"304",304,0.481613097564457,0.740281368563054,0.0101451484388804,-853.629659761594
"305",305,0.352223933557198,0.688643691084753,0.00781097812752891,-852.846769703762
"306",306,0.605435374088845,0.875513275090852,0.00804397633289981,-855.203301766412
"307",307,0.417496080517295,0.575392853581062,0.00645385000536619,-852.899679569882
"308",308,0.630041543113533,0.489744345928621,0.0138441543366956,-852.236211399395
"309",309,0.678832682413019,0.516563957266453,0.0136538407150992,-852.07992794815
"310",310,0.629965243273969,0.450472763665912,0.00964462912589381,-850.428008379028
"311",311,0.638583145736342,0.438240922988906,0.0156946841346712,-854.078704756758
"312",312,0.616326373795514,0.521131611768423,0.00543091963839321,-854.2414426956
"313",313,0.417913257004424,0.575732819180407,0.0118355824149598,-853.168071880595
"314",314,0.480243350130216,0.543083081577173,0.00966498949556725,-851.818746453523
"315",315,0.591550413052904,0.388477781776379,0.0100940279328928,-851.251860326669
"316",316,0.570382525791494,0.437514421417087,0.0103568948221626,-851.146658525061
"317",317,0.559913399324449,0.522679629569316,0.00464911786802236,-855.963044962423
"318",318,0.650825646166742,0.480059393849501,0.0183585678640767,-856.554581358536
"319",319,0.635998623304334,0.501061493598434,0.00848653110189499,-850.953639157663
"320",320,0.450205113258515,0.614659844630211,0.00743118753694086,-852.157125101038
"321",321,0.345782010769195,0.659375042196885,0.0110915536129018,-853.528434143491
"322",322,0.405694704588247,0.599273812761144,0.00814183535257908,-851.996054547493
"323",323,0.394793861313162,0.558275507719745,0.00681844476408879,-852.688201579297
"324",324,0.543482668738789,0.539937745068009,0.00718565094365361,-852.186229692183
"325",325,0.650718644559749,0.475205669620308,0.00701737959940074,-851.518684518898
"326",326,0.658773316115591,0.59363177370316,0.00806995961648966,-851.988302933428
"327",327,0.749920626380649,0.581885929502469,0.0117991166796163,-851.43045077699
"328",328,0.395892662483764,0.412990764333881,0.0113017071968663,-853.44829007199
"329",329,0.289486388214732,0.418816021261328,0.0121490615682825,-854.954370573112
"330",330,0.357987355293104,0.522598396793098,0.0122749768978087,-853.510626377583
"331",331,0.420117512032341,0.471810196682738,0.00810069838105323,-852.250917022223
"332",332,0.38463166192198,0.492352097518186,0.00892639759143461,-852.081214138353
"333",333,0.648169031284475,0.533093124262232,0.00783022893667799,-851.502537400064
"334",334,0.500006135261295,0.492037276843514,0.005797060641112,-853.975421805852
"335",335,0.284812952835044,0.530847065218788,0.0130092041944025,-854.690945052679
"336",336,0.621744416834059,0.444959504746565,0.0132019752511207,-851.644805751513
"337",337,0.611769333514066,0.447928937860413,0.0109536715666449,-850.64777693522
"338",338,0.520944972239879,0.380006759822051,0.010427165769695,-851.963717877188
"339",339,0.614336846334509,0.832182738972691,0.00634298375316211,-855.129029942104
"340",340,0.842513295369162,0.781630092438151,0.00920868767567927,-854.739533231628
"341",341,0.949007973045883,0.785746227462631,0.0111697103761735,-854.386071197605
"342",342,0.963418805162905,0.777245397574179,0.00627916265960713,-855.20440065725
"343",343,0.325311089016549,0.627716560172945,0.00556444567936908,-854.776570624095
"344",344,0.354747454362966,0.697218556096744,0.00782771483252727,-852.891228833224
"345",345,0.300955345402775,0.685370659904451,0.00853289404672541,-853.232186098134
"346",346,0.340518023406528,0.44526751083691,0.00778730897057924,-853.358181315861
"347",347,0.426324663915337,0.506464063515891,0.00762852176543134,-852.180560097858
"348",348,0.639584850655129,0.455510017006854,0.0116697854717476,-850.829491924993
"349",349,0.494017678524415,0.521242408071502,0.00699273347946158,-852.389768044184
"350",350,0.543152832704049,0.821172396320446,0.00807384661833099,-854.076030858526
"351",351,0.237300109631489,0.786242669783608,0.00867113445866116,-854.601976081509
"352",352,0.770134026386304,0.528596837636811,0.0113511413393003,-852.603019026026
"353",353,0.645590024805301,0.50798126245476,0.0105336720237994,-850.756676601902
"354",354,0.682642075197254,0.497234607528473,0.0132696192787369,-851.843239880467
"355",355,0.467438353146452,0.414636846502561,0.0062189239310182,-854.556379721582
"356",356,0.492620858667952,0.77351793249714,0.00991235540296764,-853.937149187232
"357",357,0.45087960373173,0.313203838551038,0.0130509612157091,-854.301568174292
"358",358,0.528690362553023,0.49950836711232,0.00685055194517945,-852.581158245513
"359",359,0.666157103093106,0.474781224762357,0.00666897421853964,-851.859016400853
"360",360,0.646674967789597,0.671444502430798,0.00876781137080745,-852.728659948975
"361",361,0.350658027340465,0.565333599175725,0.0101229546410124,-852.341521172166
"362",362,0.742358120901302,0.587318936307982,0.00765033747606442,-851.205883309253
"363",363,0.748375836771958,0.674543770677882,0.00738560802382538,-853.068984622469
"364",364,0.24145185309084,0.829442746465949,0.00701761902601113,-855.183231965358
"365",365,1.05561311908487,0.84975931611119,0.00740817555531049,-856.333114223012
"366",366,0.846240277745033,0.782568736941123,0.0099714663345891,-854.888489754362
"367",367,0.982112865843104,0.807516919491256,0.00872847499417846,-854.381312424329
"368",368,0.967608698039843,0.751942446948317,0.00897801885920132,-854.002824371424
"369",369,0.888649828006307,0.76858548070854,0.00812547659133581,-853.865314390369
"370",370,0.325769565623131,0.832022445712089,0.00943202116910156,-854.379825651698
"371",371,0.475930546503296,0.77394606234624,0.00488395640742753,-855.850383087975
"372",372,0.47554562546843,0.518320934670795,0.0144328531858071,-855.307470373089
"373",373,0.667653057440966,0.483548970741272,0.00968475523564188,-850.324773629993
"374",374,0.64543660019141,0.458798971465464,0.0120254028145176,-851.008369947705
"375",375,0.623120117097031,0.434024515263211,0.00748562302237424,-851.445306842531
"376",376,0.615958343148157,0.803984846183384,0.00532809985648888,-855.91243976512
"377",377,0.507749589595438,0.607491186544798,0.00823126451298497,-851.918774976182
"378",378,0.484488715246152,0.788512451454081,0.00992330438015852,-854.134145720077
"379",379,0.477312320702443,0.736284263219471,0.00874378342303317,-852.961311214459
"380",380,0.55754673242505,0.587832933392265,0.00665696222772639,-852.589253105428
"381",381,0.627181945125929,0.638281828066787,0.00665614028346426,-852.929992908656
"382",382,0.847162646454566,0.67426261949434,0.00874993054235278,-851.778329089013
"383",383,0.746525863290398,0.613121662484363,0.0084522813050022,-851.344084266604
"384",384,0.833892728912389,0.587937994923738,0.00857124637942444,-852.557731470391
"385",385,0.81393295390863,0.620931320394296,0.00919024989888686,-851.23645269185
"386",386,0.757315698905678,0.578868865572805,0.00826647361800688,-850.799858795998
"387",387,0.489868073830191,0.608026490491493,0.00610750867334663,-853.106676902922
"388",388,0.364563528290371,0.642908790618717,0.011796522473814,-853.803927442793
"389",389,0.765897573451932,0.579274696001844,0.0104211215331266,-850.939459134703
"390",390,0.740684842410728,0.6332682100876,0.0109512958370578,-852.197047681096
"391",391,0.844639127416329,0.632315444321195,0.0140628261117693,-854.784196235497
"392",392,0.739658597509853,0.616956658213784,0.0142656799414903,-853.799141244645
"393",393,0.828045675962783,0.667103888195034,0.012709518273517,-853.12360747752
"394",394,0.814919268342434,0.686397518299717,0.0111991459087492,-852.648136387134
"395",395,0.860718360466814,0.625799021157103,0.00866168916586085,-852.48875358801
"396",396,0.437175965835535,0.457938778399361,0.00930620918676487,-852.117939101185
"397",397,0.597547597027099,0.520835283595507,0.00805016812118079,-851.70294028171
"398",398,0.77476898692719,0.578365388653617,0.0109057424006366,-851.266437582698
"399",399,0.753911128639848,0.570732367768319,0.00887058766023919,-850.646757234878
"400",400,0.741006019270848,0.58084858128076,0.0106083478687307,-850.90280857712
"401",401,0.784788055654082,0.623273929492785,0.00689182294263623,-851.981136354288
"402",402,0.217664205016956,0.803104856417627,0.0071088604452566,-855.484164834718
"403",403,0.542094689035345,0.809201344344067,0.00800145614366028,-853.902272161032
"404",404,0.57741689510675,0.610965213402198,0.00605959530318578,-853.24882370908
"405",405,0.663844182784163,0.708972547936338,0.00897829380598813,-853.273609778658
"406",406,0.726495458561259,0.731644959034748,0.00763626136477999,-853.772597443452
"407",407,0.641492295167448,0.612369141018219,0.00786054779053185,-852.20010206855
"408",408,0.53635339846167,0.592083421771141,0.0103099243981157,-852.328582010203
"409",409,0.545887707142052,0.490751408903349,0.00896298130692245,-851.640249159466
"410",410,0.447874348324526,0.621618890262941,0.00673334599278258,-852.592222786179
"411",411,0.724459239666043,0.582574446670288,0.00788403104553787,-851.21375070816
"412",412,0.797215303238919,0.620074062771818,0.00685317303603837,-851.948082012029
"413",413,0.554658048037714,0.801693452793642,0.00925647305793917,-854.164007738999
"414",414,0.175727027420112,0.556495157961676,0.0103623801140318,-855.326433122817
"415",415,0.763843145503796,0.617151304633495,0.00906069168792744,-851.117563259321
"416",416,0.787195946305011,0.528263032940092,0.0138878238417039,-855.646258027155
"417",417,0.611013387963742,0.505247654752759,0.0113686070247757,-851.583837209013
"418",418,0.608791747028844,0.416094232298456,0.00922774755631935,-850.822161787374
"419",419,0.529421040258675,0.473371393246786,0.00984775546022962,-851.764643495547
"420",420,0.687221165657166,0.509869337363509,0.0108362683513508,-850.529966887304
"421",421,0.720124044500062,0.538601701351409,0.0106294555860692,-850.630880325069
"422",422,0.577696929851299,0.387706048911472,0.0100090083933369,-851.166617512541
"423",423,0.298998724101748,0.444552234537612,0.00699495987653216,-854.591197434733
"424",424,0.624849296368087,0.523389804132882,0.0110453971233307,-851.576705843849
"425",425,0.661048046725319,0.485427396547742,0.0091077763565159,-850.352926262379
"426",426,0.690478817636788,0.561648219680846,0.0125846474897234,-851.948348478255
"427",427,0.738224441339192,0.53242994614425,0.00960133441530471,-850.723874797643
"428",428,0.633531039450432,0.528304323935797,0.0103460007176765,-851.335953666402
"429",429,0.462109839093259,0.64858617255647,0.00968953082076576,-852.405966216682
"430",430,0.524078252316965,0.540015271079678,0.00679726304111071,-852.473252590434
"431",431,0.587100436752272,0.541978633120093,0.00849440202896949,-851.692956395033
"432",432,0.757928852219287,0.611342962140376,0.00725461082066005,-851.720670457966
"433",433,0.79417674800276,0.626968150597341,0.0109465353667323,-851.526006016041
"434",434,0.832984013739606,0.626491304090494,0.0103439803918988,-851.843457325869
"435",435,0.740203714752516,0.533526675038418,0.00848988002509596,-850.801204133529
"436",436,0.607190218467226,0.540529584637027,0.00997085388758043,-851.726468876664
"437",437,0.77850432277713,0.510411430532326,0.00938504752034943,-853.382376867116
"438",438,0.650550705135862,0.418760971045824,0.0113391620339935,-851.978288827766
"439",439,0.642946038148603,0.444405452012429,0.0114713568637417,-850.944247894258
"440",440,0.624237946424768,0.46876670591852,0.0078070888467114,-851.137347793498
"441",441,0.649079082682242,0.574094562606764,0.00853536616895517,-851.746912864706
"442",442,0.651253100996334,0.555676456478279,0.00846236619175934,-851.532315444751
"443",443,0.476571576545154,0.439176589282424,0.00882672068378945,-852.17664334273
"444",444,0.439140696384331,0.668257414042175,0.0103371152110986,-852.905913590409
"445",445,0.845150295747946,0.695091479775895,0.00761372474343806,-852.477706016642
"446",446,0.810314913993117,0.730180043861213,0.0102447439945379,-853.776887446147
"447",447,0.195176112715627,0.705569784652953,0.0078422566178051,-855.307401261653
"448",448,0.583686702476912,0.501431259190537,0.00879766591232275,-851.512910992356
"449",449,0.646542198866644,0.436179640907305,0.0101515745781735,-850.851577139041
"450",450,0.567065055606407,0.60595930606782,0.00634739383069337,-852.913814227647
"451",451,0.741175520050069,0.524990263491496,0.00681960021850695,-851.882394667034
"452",452,0.461412966990904,0.548903944438273,0.0114200826425585,-852.693571835646
"453",453,0.403293559762359,0.519479811876403,0.0088882876706184,-851.870837382865
"454",454,0.547905514716511,0.622929095665837,0.00773769815040993,-852.130743998815
"455",455,0.867463677833637,0.722801725458427,0.00833495439865292,-852.693495741065
"456",456,0.445642260735843,0.50342920371936,0.0091875156216714,-851.801818989746
"457",457,0.659918575109628,0.505882873599092,0.011155987802904,-850.692489068813
"458",458,0.721508602150378,0.606763470640811,0.00983567181384513,-851.521045116856
"459",459,0.75530225035864,0.636270756440276,0.00936216032445273,-851.691268526956
"460",460,0.637919932552637,0.454986283583317,0.0100505590874303,-850.410981617673
"461",461,0.634088854677169,0.455689499418099,0.00964917365625549,-850.399011646244
"462",462,0.659703502899566,0.50907818098324,0.00888649056076586,-850.574637509402
"463",463,0.674281446389726,0.725412740939224,0.00813949558675978,-853.414881908438
"464",464,0.794499663105861,0.52284664834167,0.00809685087700001,-853.721147556202
"465",465,0.69077728195776,0.535813193412614,0.0105415918078572,-850.611449984607
"466",466,0.752260329741869,0.605317198049221,0.010521941341698,-851.185051026376
"467",467,0.772295091428101,0.62699476078549,0.0117092048565725,-851.932489950451
"468",468,0.774925276990862,0.576020272329245,0.00803201825116372,-851.037226760654
"469",469,0.751756147445649,0.543163471856542,0.00796247340730468,-851.03971090237
"470",470,0.696116301364936,0.60317498575891,0.00978768783513999,-851.839021130337
"471",471,0.570480229611245,0.52945763273249,0.0106980459392335,-852.056273602142
"472",472,0.62865148826237,0.465956147574318,0.0125448215148303,-851.218000091433
"473",473,0.620073485371451,0.484595760147805,0.00847879865200569,-851.009922930108
"474",474,0.702544635596999,0.619687325551427,0.0061920575249276,-853.373930919782
"475",475,0.700831937032514,0.66153855135643,0.00903152055719745,-852.709907626672
"476",476,0.316819046096598,0.421480796977804,0.0103206126096786,-853.722929980887
"477",477,0.343425874158646,0.63892747880243,0.00886116332550411,-852.480322493468
"478",478,0.489099608001268,0.641964545822207,0.00852826441567442,-852.093972664148
"479",479,0.593838993255539,0.634335047158858,0.00815086815172167,-852.231666298341
"480",480,0.488775997739351,0.521364537077512,0.00966762895851758,-851.7889802575
"481",481,0.304868953752768,0.531376830740949,0.010253044290912,-852.733226145058
"482",482,0.486594349513933,0.692424704687559,0.00763984563759676,-852.52548840072
"483",483,0.249776999797122,0.692195918616905,0.0104245442435455,-854.386339489718
"484",484,0.498226917196675,0.476296124321297,0.00784449555798673,-852.092027664691
"485",485,0.401188589418001,0.671581867044996,0.00592785469121691,-853.701367163302
"486",486,0.393480574976841,0.666182192356777,0.0112671867856314,-853.557090891106
"487",487,0.863483617516737,0.663509131292096,0.00989957324960503,-852.086474521704
"488",488,0.880446104468117,0.733831021759236,0.00810764382718365,-852.9439690323
"489",489,0.940864858930884,0.815218245246412,0.0065031718734908,-855.883378061707
"490",490,0.565411281890941,0.581126744399979,0.00653855210947956,-852.692263075775
"491",491,0.587980318639947,0.431192652076385,0.0129617425572441,-851.623667902519
"492",492,0.583437235929107,0.435422710649641,0.00929217519259426,-850.945658880487
"493",493,0.554694864026604,0.477852374517579,0.00751565575192563,-852.125505420344
"494",494,0.368695390404409,0.521752714571331,0.00984630435986325,-852.136604154791
"495",495,0.411608649628204,0.577272881912283,0.00773230122245729,-852.042457630196
"496",496,0.776965438416647,0.57238039923789,0.00699122348537483,-851.683827050435
"497",497,0.69955388325982,0.601782879082877,0.00641362817358686,-852.951779111718
"498",498,0.720666578081232,0.558292515130692,0.0150050110053503,-853.601866599652
"499",499,0.652307376326499,0.533608296967126,0.0135273984100436,-852.529531436238
"500",500,0.686338370880107,0.556570806200326,0.00619633141140914,-852.749045541076
"501",501,0.301632079825324,0.566694558786789,0.00651689934732101,-853.843694374556
"502",502,0.6803946160296,0.561520023746469,0.0113602752792934,-851.521124993735
"503",503,0.461151247515871,0.477900547260625,0.00695163197816405,-852.773569571762
"504",504,0.607031716031326,0.419199952049532,0.00930466558198965,-850.752688341038
"505",505,0.593024113049508,0.422953761122749,0.00878557097457405,-850.926400863747
"506",506,0.608371273692656,0.518264630198599,0.0114072295686329,-851.89604831446
"507",507,0.691413680163538,0.519686524966675,0.0115776404904398,-850.840172332983
"508",508,0.689751167781477,0.54715077917895,0.0106789388938676,-850.833471753955
"509",509,0.74515680485477,0.559070455721619,0.00814197797791159,-850.75120661368
"510",510,0.779873015405965,0.625427806575151,0.0112337130395515,-851.633170786733
"511",511,0.744970340237304,0.620486800605762,0.00619755620584358,-853.111819851958
"512",512,0.826931608499485,0.674337587735723,0.00898091627323301,-851.771731174071
"513",513,0.829006867209333,0.724464678930997,0.0099755452506165,-853.208558308517
"514",514,0.875236588701374,0.786963081213588,0.00849355475534824,-854.575761735555
"515",515,0.937889353201487,0.734366962528787,0.00953711033146968,-853.363954057727
"516",516,0.834980388632376,0.617428193865972,0.00940094581115665,-851.787750975123
"517",517,0.561741366304013,0.663964572209973,0.00717662842976534,-852.598710784953
"518",518,0.356986965510303,0.598471057974103,0.00785328112339275,-852.318781600364
"519",519,0.323202958971414,0.428941502045578,0.0102500081982291,-853.485507498336
"520",520,0.673332148329316,0.549171729289553,0.0106372483335356,-851.12638077228
"521",521,0.760777081572349,0.620155468162777,0.0093493304743381,-851.20907883317
"522",522,0.732277191149914,0.575471887481738,0.00987397124640471,-850.711003850737
"523",523,0.764686733043676,0.598847983957647,0.00851436292874678,-850.894977797526
"524",524,0.791553444042132,0.557432526627306,0.0109987996266648,-852.306282480774
"525",525,0.584920290495394,0.459577399171106,0.00784449270206089,-851.679855343117
"526",526,0.659090980626116,0.45643045196613,0.0119023072314407,-851.191083102065
"527",527,0.616949224300298,0.435017766334769,0.00767849269883758,-851.294804624465
"528",528,0.578105268533222,0.472370817321298,0.00969706629760179,-851.329477692433
"529",529,0.477972861464677,0.581472851634277,0.00803200909819535,-851.848068064612
"530",530,0.419235882919124,0.520299544056738,0.0117895027768805,-852.929175622622
"531",531,0.457474163037835,0.482175733937215,0.0107664180387251,-852.275960387421
"532",532,0.639452218465708,0.455578150680157,0.00642592948262234,-852.337502006078
"533",533,0.660541638270748,0.520029345493733,0.0133992335349711,-852.037591932015
"534",534,0.705922368020584,0.575482900337221,0.00883977446035185,-851.049512428954
"535",535,0.641872148094963,0.408187219964665,0.011367497160157,-852.155150954273
"536",536,0.563787787116169,0.373707203509527,0.0119561364685039,-851.769853662387
"537",537,0.587077198345167,0.35272561557245,0.0121229914069915,-853.32685057894
"538",538,0.469556748021964,0.590616835037126,0.010096356742076,-852.160474005121
"539",539,0.520624236461628,0.493703744700174,0.0097975289563869,-851.774883569669
"540",540,0.439442432226393,0.472921585651786,0.00899184492837515,-851.982659943507
"541",541,0.521808739080026,0.57559209792589,0.00833905093025313,-851.799141279582
"542",542,0.328360115992789,0.441785493455326,0.00827514019066209,-853.321256948706
"543",543,0.282560169439824,0.846339971564405,0.00949452044220579,-854.637692708484
"544",544,0.416165874340489,0.529720479776619,0.0106158215535581,-852.234062575174
"545",545,0.402890300328296,0.462119669808236,0.00761975098146872,-852.684820796479
"546",546,0.478049634396002,0.472367426421612,0.00783121662705204,-852.173577167456
"547",547,0.333254969294759,0.501089880996385,0.00954908823354635,-852.41451364852
"548",548,0.705540967883639,0.49321739045815,0.00766872846222016,-851.184639800154
"549",549,0.677143047309905,0.509550116831627,0.0144238691717764,-852.66809153113
"550",550,0.630996834438725,0.522577213736025,0.0082307402911648,-851.410296994895
"551",551,0.613249348415227,0.485874164660566,0.00965161989012294,-850.905662265076
"552",552,0.437399666455183,0.520864720252366,0.00968013387793434,-851.854513372734
"553",553,0.549812494015348,0.499083514060532,0.0105402499991817,-851.90193751964
"554",554,0.657214764086159,0.491848966224062,0.00952638132461495,-850.347529941352
"555",555,0.599361841059529,0.421711216530571,0.00927846313671357,-850.744030173194
"556",556,0.603681163777531,0.422578579508697,0.0101402960487793,-850.65907104209
"557",557,0.574124544408773,0.418170055100183,0.0108688123752142,-851.001840456898
"558",558,0.550330633566895,0.38150063541821,0.012380196854785,-851.81724076647
"559",559,0.44887143226664,0.791198126330397,0.0127208531716384,-856.651276892148
"560",560,0.387878894894751,0.706511045308884,0.00961769718694143,-853.033916753468
"561",561,0.861305804336096,0.667757321386496,0.0112300464100402,-852.579126920975
"562",562,0.34772235063425,0.537277337885271,0.00804255184299427,-852.304221274296
"563",563,0.369036365282325,0.752431453344882,0.01040922271988,-854.081800217745
"564",564,0.868021990920656,0.713726628798273,0.00866639263698014,-852.41903475625
"565",565,0.85379913867247,0.661912031929324,0.00732257814249362,-852.231556097392
"566",566,0.798694755866742,0.569112210242929,0.0079337550540861,-851.806399870237
"567",567,0.782895157510443,0.605026749990595,0.0136990653263625,-853.15710884496
"568",568,0.721336685686288,0.489824756949264,0.00928465372397039,-851.336965881654
"569",569,0.557234835442365,0.40681017395534,0.0106976441442642,-851.2374015712
"570",570,0.547869409826848,0.399245560241889,0.00957506090537266,-851.450106861044
"571",571,0.433093853766388,0.728654554944726,0.00909038994774309,-852.976881751736
"572",572,0.562012820026873,0.673567076819281,0.0102149729386348,-853.079119820915
"573",573,0.365379053036097,0.613680091892097,0.0116606827763356,-853.422105015189
"574",574,0.638161544004675,0.710511496488026,0.00977204552191116,-853.51174410231
"575",575,0.664889027104915,0.555345744816468,0.00806981666915186,-851.497925538389
"576",576,0.540332655506783,0.406765709692871,0.00914795846592702,-851.711142955342
"577",577,0.377095847985605,0.838154437191429,0.00850023114482172,-854.1291275156
"578",578,0.70710669839127,0.580993223256616,0.0102769051219847,-851.197586040227
"579",579,0.6579548001245,0.548870786830702,0.0130755813864896,-852.516570714642
"580",580,0.60626610653742,0.542666963967524,0.0077803042172639,-851.855024147064
"581",581,0.515948616945057,0.775297076854604,0.00971501762741772,-853.900692374531
"582",582,0.592942590976819,0.676806274452239,0.00897079995953384,-852.674422985782
"583",583,0.799431108071304,0.604495167974388,0.00959363810498173,-851.119452602501
"584",584,0.79717116847548,0.660978455615134,0.00900425535307172,-851.734207735712
"585",585,0.855220976382923,0.67900535187774,0.0107814907242348,-852.272784081033
"586",586,0.879783694062506,0.768940535694034,0.00597072288166176,-855.740098442302
"587",587,0.504845421678706,0.425445029100356,0.0126117792769093,-853.066731881066
"588",588,0.561581956635116,0.402836568284673,0.00876096768429367,-851.428856613026
"589",589,0.602223759271196,0.42397478238734,0.00740902711696787,-851.688516254455
"590",590,0.606639236995917,0.513368782412813,0.010290348405559,-851.481308630231
"591",591,0.440101425072128,0.720400075301205,0.0109562315223417,-853.916799672774
"592",592,0.396377371962577,0.778146964090563,0.00584760443971535,-854.54894841784
"593",593,0.48989062598192,0.686174754368944,0.00820801808010571,-852.418953401392
"594",594,0.568288692563469,0.878334072956151,0.00688265733638152,-855.230130043639
"595",595,0.342828799199298,0.528145654975209,0.0077076777953359,-852.524905889022
"596",596,0.513204086429676,0.528301140741078,0.00857278170804332,-851.69954354329
"597",597,0.720031866404648,0.549587079664228,0.00847799747741688,-850.576560439412
"598",598,0.708943682200339,0.576507800550248,0.0111465135876779,-851.313401053713
"599",599,0.76104903289331,0.528294019947346,0.00810955160284678,-851.639924545192
"600",600,0.46793340356195,0.621560485481585,0.00878497291086539,-851.978712743572
"601",601,0.347429227346002,0.766468100410358,0.00910250956280921,-853.709516383586
"602",602,0.399884774375977,0.688392811943076,0.00842343799203142,-852.536689943328
"603",603,0.407927307751805,0.583924221263755,0.00775111336323335,-852.057688773151
"604",604,0.64724891958562,0.387697986937551,0.00739950287235338,-854.202353456781
"605",605,0.456691273290115,0.533840558943282,0.0117868168332974,-852.901100346923
"606",606,0.331269189328945,0.556106351186963,0.00811070096480734,-852.392445175092
"607",607,0.768315341153888,0.558523856984693,0.00986284230675622,-851.037639057624
"608",608,0.71816376924433,0.54714382932321,0.00951514511591363,-850.44886884432
"609",609,0.258776654023034,0.735706667770154,0.00821998996000881,-854.107251967099
"610",610,0.262162658247802,0.82992686944525,0.010772229213744,-855.296114300918
"611",611,0.525503097959849,0.588747842045391,0.00667826836827821,-852.541255197919
"612",612,0.40750581500111,0.619757692613198,0.0102895625931006,-852.486706353357
"613",613,0.511998619963631,0.426555516658832,0.00742780732435278,-852.781125045017
"614",614,0.436751343519947,0.729501835662072,0.00524348007518764,-854.862105390813
"615",615,0.797319107206833,0.740669295762653,0.00578053252978724,-855.56932944307
"616",616,0.70236597867055,0.744023432702864,0.00670330619139241,-854.233239990113
"617",617,0.91958370011031,0.726591636275346,0.00689035640267877,-853.654767405919
"618",618,0.878450082348298,0.688125760725667,0.0129778716580033,-854.095436037921
"619",619,0.838913824652205,0.649831607286465,0.00785802018804232,-851.760574602734
"620",620,0.785481155305969,0.653745149655864,0.00848253540644769,-851.777633643381
"621",621,0.852440050371385,0.671200186774321,0.00758200939961124,-852.118161513938
"622",622,0.580828713400503,0.669524219168988,0.0111576386987956,-853.719761462385
"623",623,0.87258529623446,0.65844004479374,0.00735840786600611,-852.597265949239
"624",624,0.451693544423697,0.491926341446407,0.010962686903879,-852.35999666853
"625",625,0.693315012208689,0.55438043049651,0.00654531063228099,-852.200306048843
"626",626,0.808615031991268,0.593642491436909,0.00657677214681034,-852.425256145503
"627",627,0.524394298805792,0.661952179776799,0.0076690311626229,-852.339896507508
"628",628,0.690943078383377,0.55507971980596,0.0111620174267989,-851.120892395096
"629",629,0.733228816336343,0.591579441412122,0.00823275119407178,-851.129491605433
"630",630,0.388678191839038,0.559577644098889,0.00806008341391679,-852.01302233742
"631",631,0.788002096026247,0.590076093873627,0.00755397127229363,-851.34280994553
"632",632,0.763222497139441,0.570819198780476,0.011501853123462,-851.406515551621
"633",633,0.722432626638173,0.549298482867642,0.00861542433775059,-850.536443088762
"634",634,0.63519840447858,0.460190700304755,0.0162969780781635,-854.23631740604
"635",635,0.693896520788323,0.50733026940661,0.00994040620625048,-850.379668154224
"636",636,0.679683574934306,0.619552039462682,0.0101818423278228,-852.436739111634
"637",637,0.824200507784898,0.59358229455827,0.00910704662723641,-851.936637847223
"638",638,0.345378630702798,0.680366030556827,0.00909954403274081,-852.829358142839
"639",639,0.820248252403672,0.650085148995969,0.00816551183821941,-851.538544866641
"640",640,0.803583974137803,0.624685867537758,0.0109244843309124,-851.56443159243
"641",641,0.80425128965655,0.575633438145151,0.0107280275715296,-852.122438330321
"642",642,0.776077003326621,0.620470695359688,0.0110868972598589,-851.504518884456
"643",643,0.787691481589781,0.614123512481549,0.00907651325347042,-850.980081270109
"644",644,0.839554120310476,0.661192069061623,0.0107674537725226,-852.006926213228
"645",645,0.782718207078764,0.608521251689271,0.0096330068460844,-850.956260468115
"646",646,0.779470004036488,0.588301391343474,0.00802807673647455,-851.035901085225
"647",647,0.777699712315031,0.61376626195206,0.00923864901904869,-850.971432184977
"648",648,0.809393690934236,0.709788102135578,0.00893975003901324,-852.972926804359
"649",649,0.455296242221641,0.554703005479489,0.00920593559966809,-851.762242454514
"650",650,0.463473045887663,0.457139670230602,0.0103545012642771,-852.217749304213
"651",651,0.594891186837624,0.41139840959921,0.00741978898673337,-851.850188054378
"652",652,0.609490628719,0.393419278282025,0.0145601214077046,-853.665257587199
"653",653,0.622329640386776,0.486949084879643,0.00693877570578761,-852.041468304311
"654",654,0.625910400975483,0.62146562355676,0.00555640188127419,-854.065926248777
"655",655,0.529935645919506,0.581500212075061,0.0127728364040902,-854.04839924521
"656",656,0.751886538563157,0.55835469920827,0.0123095084402834,-851.785771413302
"657",657,0.52204899904931,0.762313897673887,0.00792253690427473,-853.244204971211
"658",658,0.501234636007485,0.605542698774089,0.00723867916624366,-852.194339592409
"659",659,0.482347801997562,0.611670423626656,0.00951253834100279,-852.07709297052
"660",660,0.366213441412829,0.458533687267274,0.00894121674969437,-852.522583419605
"661",661,0.698150817725873,0.458440645103234,0.00949315109242725,-851.709898907774
"662",662,0.654862610582118,0.458162650895368,0.0136152913226564,-852.170074844051
"663",663,0.649533056660715,0.446448624310421,0.00678254010303452,-852.056000866423
"664",664,0.516742795597564,0.695363771254242,0.0125761589497966,-855.190421811552
"665",665,0.29652152314388,0.469266012791547,0.0116644209928192,-853.83538557542
"666",666,0.325322740644631,0.624223907451456,0.00832621433713805,-852.562677986242
"667",667,0.781500149033486,0.576995806462558,0.00886561946123239,-850.983727703839
"668",668,0.775971301837016,0.528052182546172,0.0121466569456868,-853.455515841343
"669",669,0.457632245080145,0.530670280408875,0.0100591973649376,-851.935429544405
"670",670,0.378252798670649,0.507744122558159,0.00765585366280195,-852.3901774134
"671",671,0.564106523736608,0.545261155600019,0.00751312272095023,-852.003130092122
"672",672,0.645148291030224,0.452258390596362,0.0118087896134066,-850.985845129314
"673",673,0.621112547339008,0.440119888139555,0.0112130890232339,-850.709827259656
"674",674,0.586111294533263,0.405053363175998,0.00942805884448698,-850.936229366371
"675",675,0.582347059921504,0.415580098706736,0.0103259860858729,-850.837130712908
"676",676,0.564259662531206,0.406881501270033,0.010142917491406,-851.091197889282
"677",677,0.400153785137786,0.440416712125971,0.0128329594377187,-854.078255848262
"678",678,0.479386606284913,0.717902350607229,0.0104019259253148,-853.516636906582
"679",679,0.654004819938589,0.60643225182698,0.0100834569299867,-852.328799668328
"680",680,0.817813724273485,0.626452950468355,0.00688111785260561,-852.078682211024
"681",681,0.681247372995242,0.461242171818841,0.0111164791909656,-851.298511716351
"682",682,0.61723863637827,0.448352068932521,0.00889341672540223,-850.623985306479
"683",683,0.617985877983635,0.468732709905361,0.0108380960501136,-850.690086351055
"684",684,0.693448716027738,0.466562774142956,0.0114646416168574,-851.704103684741
"685",685,0.409892607287167,0.56361827326523,0.0101792714259957,-852.123607491503
"686",686,0.396840384725474,0.688970644242915,0.00782558651206672,-852.593456167721
"687",687,0.530813868866362,0.593917603195471,0.0113122701161227,-852.945041397694
"688",688,0.745051677824097,0.609745572412334,0.00997438931219238,-851.235227509686
"689",689,0.790118578518528,0.637626179067324,0.00888021902980241,-851.299424409373
"690",690,0.458170624471788,0.41800095211124,0.00835410581086431,-852.679615252505
"691",691,0.281667252297781,0.97831449560896,0.00824809559902952,-855.293434638743
"692",692,0.207048919661026,0.718105141682056,0.0121802288189794,-856.116099926282
"693",693,0.450687632275286,0.341171603165861,0.00674586132283167,-856.025952287876
"694",694,0.434145262858027,0.365785637325892,0.0117081836006775,-854.008695488909
"695",695,0.491453062262653,0.332276180730272,0.0127588158445729,-853.147548201631
"696",696,0.490624889454132,0.468952447693759,0.0112791558063047,-852.458680978288
"697",697,0.418040740218752,0.482332795484104,0.0103311680003925,-852.21526292605
"698",698,0.526040084815382,0.54458788137788,0.0084140045956679,-851.726533732401
"699",699,0.396976548807879,0.529858575158239,0.00865395913531244,-851.887121998104
"700",700,0.602697799650476,0.581059580130345,0.0102593744146733,-852.229243431981
"701",701,0.547490243374476,0.359967315118496,0.00959632199995374,-851.845068325661
"702",702,0.557541063320903,0.518748009063002,0.0104402779008882,-851.927675336813
"703",703,0.218506864637484,0.446966739676944,0.0106691189524825,-855.184272236001
"704",704,0.290561323250985,0.5710085240205,0.00947043326732383,-852.722411430753
"705",705,0.335981468091482,0.572480429325173,0.00936239706620148,-852.266705566548
"706",706,0.36578580653536,0.575228906422861,0.00763813736860215,-852.30624501292
"707",707,0.384963904023742,0.52083957891751,0.00987087366778298,-852.064231023531
"708",708,0.37989986646527,0.470806202417704,0.00745428523266117,-852.8366574811
"709",709,0.745723892892884,0.634549817881047,0.0071424564347322,-852.475956024447
"710",710,0.796932322394956,0.645982696091073,0.0116095268963901,-852.09770826995
"711",711,0.466034653777015,0.512827737683111,0.0118183630464172,-852.861417282267
"712",712,0.296039938248495,0.587960101267884,0.00716130695255402,-853.301807105476
"713",713,0.505228735711852,0.475495718956885,0.00821388142078113,-851.933626374871
"714",714,0.639529479884497,0.488118466717706,0.012759583005721,-851.418817851741
"715",715,0.682040154944131,0.504905696908033,0.0124000551756346,-851.222301977455
"716",716,0.704745197527675,0.493425736405709,0.0116037252437291,-851.316335955783
"717",717,0.672896758343757,0.504180497926429,0.00829769215080237,-850.57806690925
"718",718,0.723019446898821,0.56698574347533,0.0114199289705591,-851.109466389472
"719",719,0.719925525847449,0.524752736404586,0.0126207090658775,-851.725339867205
"720",720,0.657601979291966,0.548593575383203,0.00754057994491757,-851.745692151806
"721",721,0.763036855971498,0.575042313086823,0.00863890460604725,-850.745541210375
"722",722,0.43552785728817,0.692592919289804,0.00802533238007509,-852.49082563407
"723",723,0.483109948683883,0.41649155557589,0.0108785949344906,-852.570294951526
"724",724,0.64954312629562,0.59450424180114,0.00788933880046203,-852.056415131999
"725",725,0.688900254554575,0.487957448060124,0.012248366842087,-851.393134256621
"726",726,0.686813678641978,0.488791078597361,0.00997935254863805,-850.481657590825
"727",727,0.671882742198458,0.48919378494093,0.00963447601808219,-850.315585437989
"728",728,0.675698589585885,0.556021923743372,0.00828828206433433,-851.27966304698
"729",729,0.673857494697945,0.538058441066915,0.0111918312739672,-851.041600441086
"730",730,0.66984677083878,0.464193619060289,0.00847252936125251,-850.77804635648
"731",731,0.644149186289981,0.563253473377657,0.00855624170882149,-851.656806163832
"732",732,0.746103957265867,0.553240867373511,0.0122131509721619,-851.659572006845
"733",733,0.724393279491245,0.56875294010531,0.00851532415549363,-850.747596008074
"734",734,0.77027407126518,0.5827439043667,0.00647666681175678,-852.042631443503
"735",735,0.686318144074362,0.549552620484025,0.0134577318242481,-852.313058676653
"736",736,0.641128090941448,0.435833012139653,0.0126749683670709,-851.728845239972
"737",737,0.631373064101145,0.49445513187124,0.0107893854577103,-850.82007419539
"738",738,0.655422426688748,0.456617915126267,0.01045126949214,-850.597018342293
"739",739,0.656027637197963,0.506276777593202,0.0117136283639595,-850.945683588563
"740",740,0.69224019760933,0.530328050299758,0.0115769514281498,-850.900953113833
"741",741,0.672820777796838,0.583618642349467,0.00944569836565851,-851.690986396374
"742",742,0.819209743336084,0.599881758718681,0.00750860100380917,-851.920129593758
"743",743,0.261266482848675,0.602628304082537,0.0074902050643399,-853.663231092733
"744",744,0.755878505701279,0.550027963657784,0.0100985952060096,-850.929644235737
"745",745,0.699768056002682,0.490492938870977,0.0100461729997468,-850.711262910863
"746",746,0.689460039173111,0.48951634873843,0.0117438416940884,-851.097855209192
"747",747,0.690627273568249,0.597117061036472,0.0103968690834485,-851.91778612893
"748",748,0.814273881792795,0.59669556958659,0.0087128188199421,-851.511270436627
"749",749,0.726321571041682,0.651409358536916,0.00913000027577966,-852.452324716395
"750",750,0.860796992797022,0.638901484803066,0.00896227911786465,-852.174184427145
"751",751,0.335461737468803,0.557655718245652,0.00863938982802731,-852.239735712063
"752",752,0.67175158311314,0.53404067303918,0.0083667263769,-850.922467157605
"753",753,0.708124704278597,0.50769268351704,0.00996586472179775,-850.559749472531
"754",754,0.633971050437011,0.464126398279375,0.0094406940613318,-850.404450849051
"755",755,0.563609350170633,0.590087275376065,0.0085867976420068,-851.891004884951
"756",756,0.721751727426826,0.479441025758685,0.00970069698587801,-851.8341999587
"757",757,0.548869845500695,0.400331833044223,0.0147474084938904,-853.06023347912
"758",758,0.566409335461019,0.519532343172257,0.00912575078394069,-851.623458736605
"759",759,0.623155831250758,0.41713751718343,0.00974748487608312,-850.900886459267
"760",760,0.511537295140357,0.435791563389627,0.0105631925923078,-852.111385300814
"761",761,0.494026517009356,0.524013267246023,0.00930399888688503,-851.720349843874
"762",762,0.718792857082107,0.54590049110474,0.00787588655532412,-850.782819524978
"763",763,0.739737365020917,0.562568125375066,0.0113645054674784,-851.070436641902
"764",764,0.77202414588473,0.67148114643733,0.00759002621692905,-852.753451183584
"765",765,0.419064695109629,0.540695123587629,0.00881209959935587,-851.789866903537
"766",766,0.410412651301442,0.537055707028351,0.00814487277322934,-851.91781197571
"767",767,0.679850339236517,0.524221209578291,0.00827241912384072,-850.698764359506
"768",768,0.704817063350163,0.515425874304755,0.0102856162577432,-850.491636732116
"769",769,0.638376943329199,0.494606271472289,0.0114407179217814,-850.89814441485
"770",770,0.655532033005691,0.442093626832185,0.00870114077297582,-850.980026530412
"771",771,0.652473777019058,0.515548411450987,0.0109596582204903,-850.876756288736
"772",772,0.678715932710758,0.634808060924378,0.00948420231105514,-852.459891722826
"773",773,0.675267473198087,0.506267366873948,0.00880002821348908,-850.416456000438
"774",774,0.654674630510738,0.565021880995184,0.0124312393079868,-852.642721303454
"775",775,0.671076678444658,0.53694521410197,0.00749118917665279,-851.428035109831
"776",776,0.74801963694292,0.604489704033346,0.010459350475183,-851.191757188743
"777",777,0.778078452327928,0.608808864648351,0.00694062257744207,-851.770865129808
"778",778,0.786869853040263,0.644812908382982,0.00695830898596557,-852.327385535358
"779",779,0.416352531787669,0.682925289143904,0.00873526168439039,-852.472917564067
"780",780,0.637364749430227,0.512243378477143,0.0105063779679683,-850.978080089963
"781",781,0.59818718054637,0.41237813001349,0.012855153274424,-851.664091250853
"782",782,0.527898695154512,0.370278947750904,0.0102113058772121,-851.852925435295
"783",783,0.527207000985503,0.475546071091827,0.0142870904360615,-854.382200464057
"784",784,0.292435050737654,0.426935753587579,0.012634431449263,-855.09254040059
"785",785,0.313552228873638,0.393821307399535,0.00951691353360444,-854.353711492574
"786",786,0.693055786313689,0.928167529035976,0.00643046952022027,-857.14352482484
"787",787,0.704013618924084,0.764468677519045,0.00682905158902623,-854.433251301434
"788",788,0.356620760876559,0.569220350852708,0.0109518488819256,-852.709316344516
"789",789,0.579516156417125,0.531802599465835,0.00852647758124382,-851.665154298113
"790",790,0.714211036905132,0.47908328280783,0.0104799118052096,-851.672560613742
"791",791,0.623120782376929,0.439352556851411,0.010530396780094,-850.558005951029
"792",792,0.607881719909712,0.430648210250943,0.0111835051489778,-850.763109700376
"793",793,0.600159537332748,0.556392720258302,0.012318512085622,-853.15708830663
"794",794,0.599780654260842,0.381288898755621,0.0121461675621011,-852.250471894022
"795",795,0.63352541306583,0.358240920227177,0.0123185198554247,-855.982622737735
"796",796,0.360155035099881,0.612355662177314,0.0118909486462957,-853.610752871181
"797",797,0.784383274954521,0.496080689897316,0.0125541655849981,-856.566048377375
"798",798,0.427286550684398,0.799784748561897,0.00639864310748008,-854.159723344415
"799",799,0.669572391403612,0.792621823540318,0.00867500893736323,-854.393759063112
"800",800,0.506547695017954,0.331898199165893,0.0106656484512526,-852.683257695362
"801",801,0.552435282264714,0.576639973694965,0.011115617605346,-852.677824676559
"802",802,0.687191619342986,0.612693055788091,0.00410626814738912,-857.48979215877
"803",803,0.464249584653811,0.614747019773727,0.00483789996420098,-855.204341508434
"804",804,0.820995724948142,0.614256038544249,0.0150904816226994,-855.363247707495
"805",805,0.809851123640563,0.624375896366696,0.00731852517001119,-851.68185119219
"806",806,0.637414916328536,0.548655785772141,0.0130017585980617,-852.903579460896
"807",807,0.366475266309241,0.538459256182445,0.00954289644275371,-852.062536112367
"808",808,0.430304891288774,0.560334788858735,0.00981448227302043,-851.943732800622
"809",809,0.605013670878608,0.555840012215956,0.00940540796539767,-851.755249222467
"810",810,0.37773528762653,0.489871154739226,0.0075983418274021,-852.561093567916
"811",811,0.735313723483377,0.573590993756182,0.00603407366799677,-852.607536420645
"812",812,0.72646162681956,0.563295950085246,0.00599189010451569,-852.623080633312
"813",813,0.40386171910204,0.37047353703796,0.0101105305724636,-853.891181815515
"814",814,0.437355348838413,0.571023643317209,0.00992675362598154,-852.008578036959
"815",815,0.492543987304095,0.419741534317602,0.00953399094949,-852.232641164778
"816",816,0.500353453396202,0.557283222806021,0.00859425763742056,-851.724826678639
"817",817,0.592100664214196,0.587099342755031,0.00827190832744417,-851.921848076831
"818",818,0.209882414419483,0.532641761149845,0.00768301670506701,-854.826067669904
"819",819,0.449139714148952,0.544420800979829,0.00935973596316327,-851.776143166671
"820",820,0.698456671517102,0.500709279730675,0.00983129627642252,-850.479211608457
"821",821,0.502894255597773,0.521890673937203,0.00867987644575101,-851.697029467761
"822",822,0.649409188634336,0.469178876650041,0.0083763758105974,-850.607985238318
"823",823,0.660925029068487,0.470793565436636,0.0158311159266545,-854.059687510052
"824",824,0.644833663451278,0.43390087483905,0.0104163021707537,-850.920195238696
"825",825,0.65380223209751,0.56314988933238,0.00979282338881063,-851.589510227564
"826",826,0.628781215584578,0.384961405204397,0.0119890695953894,-853.191669508575
"827",827,0.576150031602154,0.446688299351354,0.0102633931018218,-851.11698546272
"828",828,0.569250639991569,0.588820170272612,0.0108488630058143,-852.621842181102
"829",829,0.399058926533845,0.563377917104308,0.0100414133011995,-852.097561801371
"830",830,0.484455138403879,0.457437910021595,0.00825189479143311,-852.109888280136
"831",831,0.533684758673945,0.516160082817492,0.0134958190297098,-854.085104279243
"832",832,0.505166239043846,0.430565464607077,0.0140901049915883,-854.034298281803
"833",833,0.621486902491702,0.481950088635646,0.00921153362472494,-850.74811653062
"834",834,0.635207213985502,0.468070850718353,0.0134235723539623,-851.745387466117
"835",835,0.644046904240521,0.511718697200385,0.00595593630567676,-853.154937115734
"836",836,0.63516000645102,0.631653154537627,0.0115964337104088,-853.595652784161
"837",837,0.367032092080865,0.609340078298844,0.00646753545462566,-853.171019611906
"838",838,0.435372754504339,0.878093349161547,0.00916280188452864,-854.887381281072
"839",839,0.269253783961552,0.759764214507268,0.00750669627502972,-854.249220338408
"840",840,0.873065844088302,0.742586826936523,0.00763682799509207,-853.459203316051
"841",841,0.454730681194502,0.67258062155571,0.00756702863925954,-852.399048939993
"842",842,0.87019230475903,0.702784438602926,0.00824137057947812,-852.308516646168
"843",843,0.81783092691224,0.609632673561854,0.00943481805976756,-851.431454496473
"844",844,0.692147346830833,0.505563241082039,0.010212170751393,-850.416739672395
"845",845,0.748398145974583,0.603407369326725,0.00613923459399039,-852.801675079261
"846",846,0.748529860479291,0.580733916447008,0.0115440796882244,-851.283403974851
"847",847,0.781604588947352,0.607243132871532,0.0101792474645842,-851.053129834946
"848",848,0.778678397108203,0.606133037379056,0.0103015009397343,-851.066289710178
"849",849,0.775677379851137,0.618496442917222,0.00741079134810535,-851.57405812689
"850",850,0.459247215899739,0.632447948941988,0.00571075764777123,-853.674745033917
"851",851,0.455866526754967,0.802916802540332,0.00750175333225618,-853.676142773043
"852",852,0.512018009939054,0.574765671952394,0.00716295558363769,-852.184138616252
"853",853,0.565486378810772,0.580270938402232,0.00702368995946309,-852.319687639954
"854",854,0.798295133375125,0.646590596839452,0.00870136290349009,-851.432889506406
"855",855,0.818405408701547,0.669950525263257,0.0134892086115707,-853.748367920758
"856",856,0.812717546830076,0.633505352422411,0.010807863406914,-851.633625877495
"857",857,0.811683924520899,0.585827432511836,0.00932017247015858,-851.695595168214
"858",858,0.645420113570094,0.441499549120781,0.0102145875204678,-850.701266162732
"859",859,0.576422405682034,0.504351516802702,0.00932696746764264,-851.539378408738
"860",860,0.661537705970262,0.49253586558225,0.0115935366696215,-850.749891678273
"861",861,0.700395932954651,0.578762692826697,0.00728434142233584,-851.844106829859
"862",862,0.429667166344052,0.605802628185697,0.00731578628693953,-852.226549014141
"863",863,0.35652232213788,0.429504579209308,0.0109446299532453,-853.35228213202
"864",864,0.413511651131965,0.601691067337026,0.0119110863239482,-853.416653496113
"865",865,0.837145436196055,0.701658335377751,0.00942365658831985,-852.327273994703
"866",866,0.640921259619699,0.591846006457118,0.0121893550030907,-853.331168064976
"867",867,0.348073440763974,0.622550965361075,0.0106705260659418,-852.917892180321
"868",868,0.6741876651637,0.553961981686164,0.00836525977230114,-851.240234707193
"869",869,0.339887892500031,0.636277226966392,0.0104547261475188,-852.96347985123
"870",870,0.419641708490622,0.405622817277555,0.0106843648381487,-853.145404662539
"871",871,0.629138227088784,0.468897289088645,0.0105621429796705,-850.504183167123
"872",872,0.625779607549445,0.462160003244285,0.00968451208046857,-850.445472063362
"873",873,0.56800116568731,0.33767620018172,0.00967735667129484,-853.092408248977
"874",874,0.464603650219189,0.782535150937521,0.0090560701319191,-853.600320211213
"875",875,0.433156864774245,0.616094391194023,0.00787713855720007,-852.042436397482
"876",876,0.879662733698685,0.756136114539022,0.00826500227622104,-853.537410130217
"877",877,0.518111659667029,0.583500442255349,0.0120620943494921,-853.426236761689
"878",878,0.594027863824252,0.454632968639228,0.00777683658280292,-851.550127566789
"879",879,0.564094530179958,0.438702744844199,0.0111926579787664,-851.424785408201
"880",880,0.552246940378066,0.325436334134668,0.0114353362851741,-853.458757162535
"881",881,0.548124226176815,0.519339821241216,0.00532159377000875,-854.513775763404
"882",882,0.755795255620694,0.560842051375904,0.00678728952004223,-851.666396745815
"883",883,0.698274179364429,0.512508509568119,0.0128446156762368,-851.634518865114
"884",884,0.713965953277884,0.491933944080843,0.0129530075013931,-852.531630662097
"885",885,0.569147952195401,0.419395854702223,0.0134218568000537,-852.051530335923
"886",886,0.594505985132578,0.419154015942111,0.010740629106156,-850.776218317956
"887",887,0.585507825625767,0.401864001600246,0.013555807458322,-852.163484470085
"888",888,0.599464478167428,0.428324401931667,0.0145280953514915,-852.622785373441
"889",889,0.596142909957397,0.441015941460968,0.0143170612827972,-852.453006215415
"890",890,0.621298305276556,0.435674382734634,0.011249147334197,-850.766401713509
"891",891,0.640946198012415,0.454039511338631,0.00893112305085106,-850.515755011238
"892",892,0.60340847107797,0.407947821742417,0.0116971634540188,-851.241062762499
"893",893,0.569628531553026,0.429702654733349,0.011029217705386,-851.178525520873
"894",894,0.586954522583821,0.450373899966753,0.0123580766055959,-851.502282643748
"895",895,0.647932168406878,0.550401468446677,0.0129495104441087,-852.693482776998
"896",896,0.66205273625839,0.504147497990338,0.0127588424553856,-851.41654811896
"897",897,0.666100642920514,0.631118523012551,0.0113102614946704,-853.286207001012
"898",898,0.619852452985291,0.41718281860656,0.00852156351930867,-851.102137190563
"899",899,0.595030135935249,0.465062685201335,0.0120442532004456,-851.423508747972
"900",900,0.650786544856445,0.463728431649976,0.0115898838963773,-850.805171985835
"901",901,0.680540468231894,0.460951961040823,0.00948955828498988,-850.943957633806
"902",902,0.641650597365047,0.489426860291805,0.0103120184842425,-850.511317593028
"903",903,0.688400495337436,0.514472139609905,0.0107425545603089,-850.509302324625
"904",904,0.633760949522839,0.470573526043137,0.00941706722984054,-850.430802987257
"905",905,0.612131468024608,0.492607164633627,0.0113638818695393,-851.311519885597
"906",906,0.433010263789948,0.656242004701737,0.0103559977238528,-852.802043496286
"907",907,0.493551480017398,0.578606966820676,0.010269846259623,-852.181552964215
"908",908,0.449648877763258,0.556524540224704,0.00841849747687115,-851.762428434444
"909",909,0.742972734870287,0.49439091792055,0.00916388238458665,-852.129891094145
"910",910,0.384885057008959,0.490321636067499,0.0072214500764036,-852.768653974095
"911",911,0.435359438332135,0.519840734118163,0.00862477513862079,-851.789620236544
"912",912,0.333931129780239,0.600483982864333,0.0095202780843664,-852.416507106443
"913",913,0.317425944212076,0.564242862538629,0.00880236483703166,-852.393604242725
"914",914,0.298446866011691,0.553137467315336,0.00852807788616777,-852.641339168887
"915",915,0.469143033075055,0.623504161717784,0.00782420182846637,-852.045362031683
"916",916,0.676802515530318,0.504917213175422,0.0116898052060992,-850.82731087902
"917",917,0.683507128569774,0.5106438025918,0.0108692889327571,-850.532265207246
"918",918,0.466813258569964,0.541643436256554,0.0114063300734625,-852.652673999515
"919",919,0.500853878854265,0.716939071577052,0.00846075856422599,-852.735067742387
"920",920,0.339956859092251,1.05954907596298,0.00862843888093099,-855.931725428574
"921",921,0.343684114955628,0.706739822905748,0.00641473854959324,-853.78504991818
"922",922,0.485661170029563,0.491756449022828,0.0157367788786677,-856.541436202027
"923",923,0.610565346216571,0.414046108581438,0.0101057006330236,-850.816520225228
"924",924,0.61457528075568,0.482169380215344,0.0129386147801959,-851.776199903829
"925",925,0.679322397941856,0.501725665588186,0.00859419501641849,-850.444679445409
"926",926,0.663296118549742,0.494477371330188,0.007510537736433,-851.041798613102
"927",927,0.512891091862419,0.492261993978812,0.0134297851670239,-853.959811284106
"928",928,0.478836558053548,0.359340550822422,0.0133500835973848,-853.603757296459
"929",929,0.536862868322571,0.430085575978346,0.00778010622458933,-852.314842735138
"930",930,0.606043798077108,0.731078596465673,0.0106856082518797,-854.245599050949
"931",931,0.899012521194396,0.644250661232281,0.0124431880071738,-855.57078631823
"932",932,0.684036048582048,0.549728158417852,0.0130974346007898,-852.099223842229
"933",933,0.719047128975354,0.536973274284903,0.0130801536860063,-851.93874409702
"934",934,0.715595100739403,0.518538879172361,0.00853449315871836,-850.587077481295
"935",935,0.542545093247918,0.355507800251778,0.00965858644005438,-851.95902727542
"936",936,0.613587063035473,0.649236774540261,0.0095476337761085,-852.626235885405
"937",937,0.349020086288051,0.727684519143353,0.00851310753242368,-853.173276864775
"938",938,0.626977798143513,0.582932195116912,0.00899681761453184,-851.883600828974
"939",939,0.445349016534609,0.534034807790094,0.0072527296757258,-852.232674358443
"940",940,0.354710866245387,0.665003478839555,0.0101643580842823,-852.998299734053
"941",941,0.520623981171252,0.378812131501841,0.0132270045572207,-852.607386922756
"942",942,0.599909652695727,0.502933531662011,0.0160661144436071,-854.813379543116
"943",943,0.638335912073137,0.474381770383391,0.0168337222091681,-854.740943696232
"944",944,0.657440495461635,0.41888406565835,0.00974398094915453,-851.882666380112
"945",945,0.615762932954483,0.56471848050379,0.0106136350064971,-852.168542270228
"946",946,0.373594466697743,0.53038927525373,0.0118331693725767,-853.108761729661
"947",947,0.571787464897225,0.552526416632964,0.00812279747310309,-851.800301278022
"948",948,0.476605635488457,0.635492200925317,0.00606507932066705,-853.2135074181
"949",949,0.415975213176892,0.634035695943928,0.00650866234284148,-852.90248277702
"950",950,0.572383087149563,0.632180860924919,0.00824741045615375,-852.162608944043
"951",951,0.619200734415018,0.682140384722564,0.00693232808062081,-853.046100028181
"952",952,0.582185260156115,0.77559902205718,0.00762258076524083,-853.647086575338
"953",953,0.507098551748447,0.684456632981741,0.0077388123110777,-852.464831824252
"954",954,0.860914514228455,0.725375321317003,0.0087159191951996,-852.743768259027
"955",955,0.887461003345039,0.648626668518332,0.00801045536226593,-853.066459751141
"956",956,0.46584220481437,0.455505454959657,0.00667394846325095,-853.291247692059
"957",957,0.380980327748012,0.616925460161048,0.0102783037629612,-852.530600094768
"958",958,0.437361658099977,0.54715211012807,0.0106681594999862,-852.253105598004
"959",959,0.738793628033329,0.562711706066109,0.00616978545732683,-852.298693360755
"960",960,0.744645059038387,0.519137544239145,0.00875220550181231,-851.21108050199
"961",961,0.747784569309965,0.530831013323423,0.0156251284558655,-855.179738246371
"962",962,0.618357081784288,0.464426316211876,0.0155419044310361,-853.435432951668
"963",963,0.640763386906045,0.503044917179457,0.00565855072946698,-853.626013120382
"964",964,0.635935230334425,0.622626408330013,0.00618608582555088,-853.292773062313
"965",965,0.391970741043534,0.650198400090708,0.0098920656710654,-852.588000478685
"966",966,0.429804557227139,0.628942922784996,0.0086661461391652,-852.042504572402
"967",967,0.500611297430862,0.822337605778119,0.010010920191782,-854.712957993958
"968",968,0.265359683455965,0.403342563764071,0.0101705228471359,-854.986767981252
"969",969,0.575131813040595,0.559747063083551,0.00913868201511452,-851.779612351537
"970",970,0.695972631655417,0.522413609324195,0.00743633188967255,-851.007636025957
"971",971,0.378001970101622,0.448783945595259,0.00875805976154923,-852.587999994019
"972",972,0.396829647993112,0.509080744127356,0.00812203896706712,-852.074828777794
"973",973,0.583283469181165,0.412207679662881,0.00959750731509433,-850.868867026002
"974",974,0.635025720722739,0.540365054813542,0.00945576096496923,-851.410457232127
"975",975,0.729387027205113,0.566463556013631,0.00964603801812557,-850.591002420947
"976",976,0.72409835586382,0.602210584083471,0.0107736977979219,-851.568277979521
"977",977,0.796589464104052,0.609200357516336,0.0102043789928673,-851.201446021294
"978",978,0.786483119960813,0.567028505500886,0.00900687288674875,-851.283041331435
"979",979,0.769639165334554,0.56373200831721,0.00936012504301849,-850.912238878873
"980",980,0.605160786527003,0.552152863004021,0.011360288397193,-852.442748321088
"981",981,0.556178421180767,0.493871784572042,0.0073481869794322,-852.174139039994
"982",982,0.590740604639171,0.515402487024312,0.00571868993803832,-853.817971859413
"983",983,0.297453500657419,0.792480505705254,0.012907319287122,-856.783379146724
"984",984,0.580086410783757,0.745360823928143,0.013194087191126,-856.8191114657
"985",985,0.97134096952488,0.854003260176444,0.0143460787494431,-858.181686915529
"986",986,0.927686226296256,0.857025905465999,0.00912430215582225,-856.279319897031
"987",987,0.363488718037361,0.675718072554486,0.00791401394559156,-852.652082489101
"988",988,0.893856390617933,0.708953650145083,0.00998473460712556,-852.609383063622
"989",989,0.812276754608823,0.629585886586296,0.0096440581460274,-851.264863564074
"990",990,0.805857156716563,0.671233499706967,0.00741678380878763,-852.404052759785
"991",991,0.758077807286173,0.679781303751629,0.00819669933310365,-852.850212346866
"992",992,0.79405410021354,0.659543942857476,0.0095615968162532,-851.744865461734
"993",993,0.841745855625634,0.674791024969828,0.00807753675013436,-851.909762520727
"994",994,0.828025286007139,0.634574627684733,0.00909787770257249,-851.412031587057
"995",995,0.615653589782887,0.446177993498362,0.00923047356290194,-850.555428481311
"996",996,0.453257015092412,0.476229140327299,0.0106995251725745,-852.280028498409
"997",997,0.451744523232205,0.589638658063058,0.00688171563615063,-852.419752898939
"998",998,0.309074123470181,0.672932027455303,0.0119100851352557,-854.533773018175
"999",999,0.47771342333713,0.441724936458613,0.00664241645203409,-853.475069272084
"1000",1000,0.682856123812236,0.668960845467751,0.00767407915784989,-852.838495268492
