"","i","asc1","desc1","pol1","p"
"1",1,0.225417243949664,0.482316985650379,0.0566165785429641,-890.173756742103
"2",2,0.188037183678224,0.303741976355658,0.0231811415902263,-829.152886227312
"3",3,0.352210686926326,0.222050885525068,0.00767217558635201,-808.154824986391
"4",4,0.342942424535941,0.377163361588804,0.00468678630451191,-807.481717003752
"5",5,0.213072025747461,0.606577585829639,0.0057797075702858,-807.285834791472
"6",6,0.398239065654761,0.647532016139285,0.00613193373494248,-809.372742611646
"7",7,0.268439880908981,0.63231594715434,0.00417244445811423,-808.091938769118
"8",8,0.306046188901792,0.628588817680607,0.00604873556298346,-807.975816662742
"9",9,0.333092506785773,0.622367947539695,0.00485292122810529,-808.052161266168
"10",10,0.292384618612819,0.819988973085867,0.0049525210414504,-808.617607932834
"11",11,0.281386409942856,0.581761117932913,0.00555309211144691,-807.61528109478
"12",12,0.156188797847233,0.558803025630815,0.00582208491178925,-807.569430846716
"13",13,0.176256258841036,0.643405491983435,0.00604853173409818,-807.364344283476
"14",14,0.24995507428679,0.799796857867455,0.00644812170388872,-808.14631004394
"15",15,0.160792487339474,0.851393996814266,0.00863198728246378,-809.190506387966
"16",16,0.144503054285225,0.485397206850467,0.00757540501737366,-807.898163655939
"17",17,0.0978585306402388,0.58234404422987,0.00863741077172892,-808.383347748945
"18",18,0.18859547282894,0.771640515514064,0.00538539331065505,-808.021189270692
"19",19,0.211300545680903,0.442919002711165,0.00721837500962696,-808.114496528563
"20",20,0.131036743541893,0.4925533337966,0.00524634194422156,-808.615905536971
"21",21,0.389129495049271,0.249429837113695,0.0103346974245979,-808.17166748796
"22",22,0.41616947252372,0.293973604241709,0.00425316215872862,-808.618172337545
"23",23,0.236440270325171,0.372422736664658,0.00908405463882819,-809.199182403803
"24",24,0.49478701016024,0.372050631096863,0.00551983205444742,-806.452262666253
"25",25,0.388972781713974,0.332355768583209,0.00736247979170512,-807.176860573485
"26",26,0.321490427568471,0.331935747559675,0.00714398771816734,-807.333405953368
"27",27,0.267675360690101,0.560258966432975,0.00445574530356027,-807.92173076301
"28",28,0.442667132621975,0.316954943784426,0.00855590050373804,-806.773721400273
"29",29,0.421229318478713,0.330311968262957,0.00441515804104153,-807.962227921526
"30",30,0.483397672018787,0.556120197333975,0.00548989001783415,-808.445448667083
"31",31,0.248774103686786,0.377632626847532,0.00652647175169422,-807.466404155479
"32",32,0.532912166908942,0.510955168462145,0.00570471519171389,-808.241260466282
"33",33,0.541713725072862,0.376804228594914,0.00640859986094171,-806.11216173151
"34",34,0.563052614806635,0.433292479016367,0.00717995700321039,-807.018571428794
"35",35,0.176786789861702,0.757703185385219,0.0065802742277167,-807.802761485333
"36",36,0.208263709577781,0.730610589872427,0.00670963043620225,-807.6674133469
"37",37,0.21389890667428,0.687471729664971,0.00545581268002249,-807.459928635968
"38",38,0.381466421375618,0.789995868184157,0.00515141059468558,-809.395554198964
"39",39,0.274838278570591,0.656171478336746,0.00460308458975574,-807.790965929638
"40",40,0.26610608252777,0.748490352019904,0.00740656973487755,-808.530469959877
"41",41,0.244175939773088,0.965706254256413,0.00709402447469797,-810.487711802293
"42",42,0.292796188842547,0.871663619933216,0.00759162309306024,-809.699874769563
"43",43,0.153994388142745,0.63399238644163,0.00590043123529511,-807.57369700346
"44",44,0.152789247449979,0.677841118584304,0.00489182288869749,-808.386258371372
"45",45,0.322575165817193,0.507430107324292,0.00611023276442318,-807.708774506664
"46",46,0.326242565715401,0.553619714517576,0.00496238811179652,-807.878040843422
"47",47,0.270962319158961,0.374127516593245,0.00698497979865066,-807.387683238542
"48",48,0.326573002728976,0.378540134638069,0.00765631264216854,-807.527922013625
"49",49,0.527386479581145,0.374324921119107,0.00679887350307421,-806.063214395066
"50",50,0.518861448679805,0.328154926268101,0.0065764073804508,-806.62308171964
"51",51,0.418799669352654,0.268901662169235,0.00762010026116802,-806.327099163777
"52",52,0.437949996779249,0.268319568939916,0.00698266070745832,-806.30650526714
"53",53,0.408166936802963,0.342476263593425,0.00626467016209729,-806.835881777869
"54",54,0.52942530183479,0.357276831228704,0.00632954414673933,-806.097490123465
"55",55,0.449226422159927,0.337565505475307,0.00630405290424676,-806.463958963355
"56",56,0.463720878747367,0.361059561517506,0.00606706023773157,-806.618318979989
"57",57,0.296564250345708,0.425585507191585,0.00611595959779931,-807.119581134109
"58",58,0.524282998722739,0.329588564670353,0.00693971957257608,-806.908010508147
"59",59,0.50593555801421,0.369467832535257,0.0057231492573601,-806.143102693772
"60",60,0.464192592863182,0.332822670904505,0.00651129210094056,-806.065390838477
"61",61,0.472759814859246,0.417455026792688,0.00399004155636799,-808.012977040716
"62",62,0.54889418493537,0.407263188028935,0.00684613769562418,-806.429963891199
"63",63,0.315130768420004,0.443316552449622,0.00656425425290565,-807.294283965036
"64",64,0.28243049563172,0.330135961762591,0.0068730970470969,-807.517585095453
"65",65,0.348123164645384,0.436225348636093,0.00613989265393801,-807.064452528468
"66",66,0.315661762328791,0.457663427216793,0.00527257714556747,-807.241630503913
"67",67,0.398007593818643,0.308512451479119,0.00430723599814426,-808.518357573312
"68",68,0.385250233615132,0.524661646224548,0.00850060935791587,-810.280312869488
"69",69,0.107256972246679,0.5301978207562,0.00638170356443985,-808.092031468509
"70",70,0.212342620394716,0.703312816185301,0.00678134524608865,-807.586097780272
"71",71,0.19055476179001,0.66402543148786,0.00673858523758496,-807.404414356045
"72",72,0.224875658711983,0.548788658685202,0.0046609747286119,-807.870368056973
"73",73,0.312580185342756,0.640579787571427,0.00558349978987374,-807.899001284484
"74",74,0.137800102776788,0.600759878745356,0.00651331384146707,-807.53399874562
"75",75,0.28039538542547,0.373267822322088,0.00529430406813962,-807.425756079949
"76",76,0.374836889135134,0.371069874060412,0.00660491182930039,-806.944443813791
"77",77,0.410806805610202,0.27282010552773,0.00795038897560573,-806.528626102509
"78",78,0.43850164884968,0.33062310278394,0.00518880086209624,-807.024462171061
"79",79,0.544168618744114,0.49060716203826,0.00476970841645518,-808.018793665569
"80",80,0.560689078685759,0.435104644807987,0.00510285919276685,-806.844556298627
"81",81,0.342244591342468,0.400175778121867,0.00640456299744234,-806.955705672643
"82",82,0.491281941082008,0.534959559438072,0.00703351408138558,-809.274254017907
"83",83,0.25641519441502,0.485377180353595,0.00677673544080615,-807.915483899367
"84",84,0.408117525270425,0.300885243886724,0.00692541101837233,-806.761568569248
"85",85,0.360553994991136,0.348450384509942,0.00423772429162977,-808.224921802795
"86",86,0.420459768195177,0.424287443208459,0.00477369692783388,-807.249145169339
"87",87,0.388197102532309,0.679964499005672,0.0050747757517924,-808.885754288833
"88",88,0.247240421264629,0.309622705691499,0.0066138438377907,-808.210545328813
"89",89,0.449078101610885,0.291681952515931,0.00925612291956371,-806.98843784118
"90",90,0.448244266637514,0.308205041622682,0.00895100836468702,-806.786119185101
"91",91,0.461715335207797,0.316239438404934,0.00397148684987585,-808.206695216354
"92",92,0.297562677641622,0.29215837626358,0.00418282966049336,-809.998625594805
"93",93,0.514589209843997,0.72652973573274,0.00509298149006855,-811.303733342938
"94",94,0.272349037509543,0.734581701650033,0.00634396270120464,-807.931406408684
"95",95,0.252579003747023,0.801210810681114,0.00532200335412502,-808.130409442211
"96",96,0.249117970168849,0.384402202902429,0.00576947437159679,-807.495286524118
"97",97,0.407869290862437,0.454008028912323,0.00517072385464529,-807.174508533864
"98",98,0.318910518885956,0.561913673763609,0.00897681631039097,-811.062341529589
"99",99,0.339307532172393,0.295995757018692,0.00587017774517382,-807.616830460914
"100",100,0.436405796288266,0.294179566109666,0.00526329973469223,-806.815011590304
"101",101,0.465360403047617,0.3074394628235,0.00685752050333391,-805.861995259278
"102",102,0.487901375602327,0.35602427559814,0.00625687954658754,-806.083448088968
"103",103,0.49442605952908,0.303944761891333,0.00743366077968098,-806.80752847136
"104",104,0.467643288685932,0.297708274868741,0.00660002505862333,-806.016878758628
"105",105,0.468820177362131,0.518202577236853,0.00649153092124596,-808.433912857448
"106",106,0.279058819169857,0.848932336530782,0.00728738024695753,-809.148498610916
"107",107,0.199507293254245,0.937709481164076,0.00617303843317064,-810.667739175195
"108",108,0.450364704939323,0.475059387210937,0.00325713744102275,-809.15986109146
"109",109,0.552285831862819,0.374631296402127,0.0047069089313026,-806.796579860827
"110",110,0.547990923520838,0.409752272768339,0.00726819409484673,-806.666673783721
"111",111,0.283814265706631,0.371885515426876,0.00641245270740695,-807.158594879997
"112",112,0.312912116909969,0.333364566659382,0.00547906986173428,-807.430826813719
"113",113,0.385213841511777,0.34713975722049,0.00514326685690507,-807.208570854963
"114",114,0.263511022672282,0.549789306109831,0.00590562603709939,-807.590080041488
"115",115,0.288909033242092,0.488704179106424,0.00610991474504194,-807.611596427737
"116",116,0.601099355696493,0.469516062298736,0.00621906933625132,-807.119953519551
"117",117,0.53559732782094,0.402535069404573,0.00589760189710554,-806.315586121646
"118",118,0.528663817795613,0.382485360575032,0.00589343960025795,-806.058141765895
"119",119,0.361032748402963,0.363478158640178,0.00556233790517658,-806.960987480946
"120",120,0.571642448324271,0.443911298778901,0.00513294188884027,-806.876917862836
"121",121,0.577891056576085,0.413371544285427,0.00929976537508932,-808.708935998768
"122",122,0.222012888321296,0.743869257613911,0.00490703219969061,-807.933737858619
"123",123,0.336778641459359,0.539851058684491,0.00375530889543668,-808.609327418655
"124",124,0.206631763950449,0.410999912021987,0.00536897453233097,-808.196654468019
"125",125,0.577940474896929,0.407800109695474,0.0052619710503282,-806.499796497848
"126",126,0.442190831926654,0.39144211553293,0.00561388517417941,-806.945653133109
"127",127,0.484171191106182,0.294630356077628,0.00754568858640164,-806.819084759342
"128",128,0.443104293640697,0.272534667528587,0.00740156475844223,-806.305584068535
"129",129,0.210360910140887,0.72789824277066,0.00511325560885103,-807.779649521495
"130",130,0.235810692884106,0.807155102903674,0.00715577022068363,-808.380996600191
"131",131,0.147402238280627,0.576939321722298,0.00818415869687194,-807.802479290532
"132",132,0.095947823338336,0.761681323527464,0.00923809717700021,-809.100989047744
"133",133,0.167125340809462,0.804006313746407,0.00714553300185254,-808.162560945188
"134",134,0.192377973308959,0.677064765084946,0.00672641067731784,-807.441215687212
"135",135,0.160248372522462,0.870609141939581,0.00695108013000493,-809.140123540228
"136",136,0.158270891411619,0.749134281188819,0.00351761409422523,-810.728391719661
"137",137,0.227135655575234,0.672016690567612,0.00789646740261804,-808.233009581393
"138",138,0.0919195058512408,0.478499222993745,0.00990484523394891,-809.86242510132
"139",139,0.480507229379615,0.441185890847018,0.00928685240504146,-810.197299884271
"140",140,0.100145879297981,0.724979541600819,0.00900487289854605,-808.857832904174
"141",141,0.197572594204738,0.564065582096944,0.0112744978801568,-811.735731998094
"142",142,0.101482737832823,0.785746647175867,0.0135286169437514,-813.279267039237
"143",143,0.142435453458601,0.783973818812274,0.00893533656122246,-808.824202989815
"144",144,0.250834373832039,0.630598863066414,0.00729660831614481,-808.042622443973
"145",145,0.213375913880474,0.719554206640932,0.00637605300702597,-807.551309219249
"146",146,0.160689309418883,0.49755899900492,0.0070618315294988,-807.667343557211
"147",147,0.193873471572541,0.873543011009723,0.00491605585259173,-808.994597866797
"148",148,0.211108163350292,0.706875022269084,0.00765470499126028,-808.014994176042
"149",149,0.161432810148759,0.612363792230312,0.00720900455278132,-807.429953569207
"150",150,0.132094950053201,0.675934803371025,0.00657368794030317,-807.799605351803
"151",151,0.121354538790537,0.71343408106084,0.00665711426558751,-808.097557369714
"152",152,0.167347683517613,0.733937756990874,0.00763505737259835,-807.956627650006
"153",153,0.16957314325854,0.605985106999865,0.00590983245626874,-807.38920370842
"154",154,0.286889657035829,0.548211668718117,0.00604392433566895,-807.789971197158
"155",155,0.267792401386431,0.452768919931827,0.0053304668488431,-807.498101107583
"156",156,0.571484845648061,0.393055310626383,0.00806597011021172,-807.546923881249
"157",157,0.30828689097729,0.373501416260195,0.00968233871610923,-809.59450307977
"158",158,0.330610413341019,0.361763696674048,0.0105701833871668,-810.72245501526
"159",159,0.421946109726315,0.221760356537378,0.00705400616907137,-808.467603522139
"160",160,0.392088314405628,0.444060005147058,0.00668663023648847,-807.41336632431
"161",161,0.508940813735192,0.395501904672591,0.00461224344156746,-807.176445382484
"162",162,0.575753217691084,0.358906345437761,0.00643276450281095,-808.444279362155
"163",163,0.225694630618493,0.757324140638496,0.00581230358408362,-807.717283262596
"164",164,0.333672052495997,0.58269675796928,0.00546186881790001,-808.023329290019
"165",165,0.392555074846166,0.59218000828263,0.00536696873907529,-808.455005253739
"166",166,0.7933609997659,0.597196499759497,0.00444610345612963,-811.30002891077
"167",167,0.319437289455167,0.684207412794465,0.00333970233808898,-809.550959601073
"168",168,0.284915546017894,0.565949297372677,0.0051852946007938,-807.651489054961
"169",169,0.201521334456593,0.519142868329153,0.0072422271023067,-807.764714232766
"170",170,0.223018954643846,0.810852555380638,0.00735784270176305,-808.41983267882
"171",171,0.156870142529147,0.435571714826088,0.00524970708031058,-808.732559615827
"172",172,0.150573893215012,0.811322097164031,0.0100182869439934,-809.762000772801
"173",173,0.145339989853393,0.448345459481601,0.00552112363999563,-808.527140599793
"174",174,0.281699179773189,0.876167345479244,0.00637548374149336,-808.951565247917
"175",175,0.307094763306157,0.595349337036792,0.00713384043747016,-808.724447899842
"176",176,0.0886001972640337,0.674434401297636,0.00667579906709893,-808.708626265705
"177",177,0.134280666478134,0.705545067424999,0.00836597550007845,-808.204051982322
"178",178,0.102312538680146,0.650497681649058,0.00655977473178779,-808.286718413395
"179",179,0.219989823896816,0.699464246605051,0.0078704348756986,-808.207953650267
"180",180,0.112017007488094,0.59393251688124,0.00608601593582503,-808.125253466008
"181",181,0.315508542128387,0.482475295936836,0.00482752422750107,-807.523322605672
"182",182,0.573985248367414,0.45844932014766,0.00489980811868906,-807.308385526751
"183",183,0.576753159765473,0.513680377787445,0.00723062275649214,-809.351694935289
"184",184,0.596861917072038,0.40869990223867,0.00506427798126058,-807.093930530113
"185",185,0.408442621543347,0.388120157013234,0.00494448691271411,-807.152741393691
"186",186,0.420966280088006,0.458049269064782,0.00484832640627464,-807.303866712037
"187",187,0.333836410332249,0.566251456156006,0.00432763473450554,-808.170488794127
"188",188,0.320887885123656,0.811526984862379,0.00567977150331542,-808.726754161267
"189",189,0.358582644780746,0.607163191027209,0.00472923712056346,-808.274469885736
"190",190,0.204320537266839,0.700092904692242,0.00691546154619786,-807.595037498007
"191",191,0.170502688136077,0.704598841483128,0.00514180795047753,-807.996083406771
"192",192,0.319979010377226,0.656139884349114,0.00391658739139173,-808.588741226582
"193",193,0.233691510215872,0.701107657550831,0.0078043298039151,-808.300716683423
"194",194,0.120684171630335,0.575503801488792,0.00886801060162797,-808.240989394735
"195",195,0.104623796955105,0.479088544207611,0.0091492740736933,-809.023712504493
"196",196,0.198145115138197,0.63183791302538,0.00951403275567885,-809.316729744475
"197",197,0.170126880543195,0.606373823332409,0.00658024449549463,-807.311407268795
"198",198,0.275581360940183,0.316887659327916,0.00665571130515989,-807.722455497738
"199",199,0.406204776909651,0.293587715545895,0.006624130304409,-806.760508220541
"200",200,0.501131490943526,0.32680847988209,0.00666040115742926,-806.048968022658
"201",201,0.459695637611801,0.292671287807904,0.00814720835821051,-806.381765823899
"202",202,0.466299348502149,0.349886586392202,0.0120697502626249,-810.646277240329
"203",203,0.463161228405245,0.276356380518939,0.00412153836638703,-808.865209479177
"204",204,0.385000187353665,0.764612614340707,0.00432803952361696,-809.5098737756
"205",205,0.162197894689024,0.595004566506458,0.00878166216379505,-808.240917261074
"206",206,0.180553405197652,0.572766477299606,0.00827024155560889,-808.042322852579
"207",207,0.199302424799973,0.509064739723433,0.00764906051214119,-808.016996688808
"208",208,0.128112746380027,0.522094916372875,0.0066452140163424,-807.698058577504
"209",209,0.246324816425155,0.546581845827358,0.00565636151175281,-807.492693198375
"210",210,0.57652575273323,0.451766947123105,0.00394766408250043,-807.955159967076
"211",211,0.540832954641519,0.492447170374602,0.00379536873039559,-808.75909625974
"212",212,0.181170522303384,0.621900928673468,0.00854443914286096,-808.212206505244
"213",213,0.185232232209034,0.60507889134839,0.0102151680181904,-809.920929797929
"214",214,0.07546459978326,0.58912433723458,0.0088209501439689,-809.069445022723
"215",215,0.215306623020082,0.582779051848715,0.00894559952605561,-809.066818786009
"216",216,0.111446000392671,0.590165036730035,0.0052336800325713,-808.847548715396
"217",217,0.602982589757819,0.59693655486106,0.00503136560220151,-809.860799718079
"218",218,0.236048358683311,0.531359129020954,0.00519285469366645,-807.603792584454
"219",219,0.239630768640609,0.559860098897518,0.00530767552223406,-807.487886862693
"220",220,0.206156943863586,0.570280111961054,0.011338075671152,-812.006914197343
"221",221,0.0846229945443037,0.647043463788297,0.00491427121800999,-810.398657655985
"222",222,0.43512059199186,0.720599188236938,0.00571676215554092,-810.107920283026
"223",223,0.197593227770772,0.834741350967534,0.00427827424283595,-809.274093640333
"224",224,0.125116445098711,0.783168534271138,0.00370560322578521,-811.390348938211
"225",225,0.280668159353868,0.475186317918881,0.00627686103177322,-807.579161576667
"226",226,0.282240570898515,0.512665445109972,0.00621007008693176,-807.800653994154
"227",227,0.259989915085133,0.859873058290117,0.00620875918879168,-808.589340981187
"228",228,0.222744770752204,0.658428775447296,0.00678515984388063,-807.510557420233
"229",229,0.10664947592058,0.601102142726155,0.00958853144195857,-808.862944882937
"230",230,0.0729651107853049,0.61082770641272,0.00580302635055558,-809.77916857553
"231",231,0.443948585799589,0.516727274585799,0.00634704102945771,-808.18389499528
"232",232,0.142828590290971,0.804341595356772,0.00861671535601299,-808.718848497177
"233",233,0.142317546394417,0.820884382459602,0.00597552201451304,-808.555552232082
"234",234,0.279366180717103,0.583406328737597,0.00593342215296848,-807.673852573774
"235",235,0.0749213349528075,0.533528715606752,0.0068079061871446,-808.942909080052
"236",236,0.317356795931648,0.451912644226883,0.00564137498039801,-807.156345275674
"237",237,0.201196273595454,0.632184679347096,0.00465599025849768,-807.860812951279
"238",238,0.35630732798969,0.31788152920432,0.00759504159914238,-807.462345928014
"239",239,0.349680229762459,0.371666026365218,0.00522959518348742,-807.090317985801
"240",240,0.442620274061212,0.336625875490952,0.00546495495114885,-806.820966546926
"241",241,0.514724594366134,0.385396156948686,0.00604623316664232,-806.255664901916
"242",242,0.518529163900334,0.412699111131409,0.00842016478428779,-807.950307657219
"243",243,0.53077136339892,0.346471210950397,0.00492325235296813,-806.835967511914
"244",244,0.453590824320045,0.301667247845564,0.00883677703730313,-806.651846292267
"245",245,0.424334117636237,0.349376875500545,0.00757501831951568,-807.201215267359
"246",246,0.227226714034689,0.379501251049887,0.0047448187177304,-808.559687457339
"247",247,0.275135007737018,0.682944324490761,0.00781930835862363,-808.835109313152
"248",248,0.156977327277325,0.634318526626278,0.0079997657608399,-807.766760404724
"249",249,0.169514570384171,0.557272295327915,0.00744263978721342,-807.547812968379
"250",250,0.312574922763147,0.818761486716445,0.00782097976644291,-809.885607024586
"251",251,0.202738360822187,0.731827015789063,0.00707151248515817,-807.779698244302
"252",252,0.342355243638477,0.621704399921936,0.00521078052129539,-808.131620469094
"253",253,0.148734800603103,0.511835084777055,0.00716902012859127,-807.618507165825
"254",254,0.206452741856829,0.610491957081842,0.00913993785820244,-809.068548194751
"255",255,0.0981315094437387,0.503503118399643,0.00676967802400974,-808.266064291927
"256",256,0.367054798793649,0.420635332447857,0.00647844582619151,-807.083525487377
"257",257,0.416912250873233,0.322742079241306,0.00556280189373301,-806.985085475792
"258",258,0.485406056908797,0.339089546919996,0.00701206770949768,-805.900710342251
"259",259,0.459464321499739,0.32783936193165,0.00732755207378188,-806.140389009696
"260",260,0.440121648166905,0.340309660289908,0.00582328336806643,-806.717419070951
"261",261,0.515103048109765,0.434053348306908,0.00541635101991791,-807.253050965473
"262",262,0.548383712894587,0.504118372930345,0.00689696212863273,-808.903365259643
"263",263,0.364865066833891,0.36877381311942,0.00773436239628867,-807.53661192367
"264",264,0.357542432577765,0.439037715956578,0.00727930810370565,-807.676468174393
"265",265,0.368278515923719,0.465390643119398,0.0054226415630578,-807.170151283202
"266",266,0.38022632019246,0.493350399308782,0.00536763263527047,-807.375972451013
"267",267,0.369371194864738,0.589015798834092,0.00441080747036174,-808.369232722132
"268",268,0.405659325975793,0.345640981726111,0.0100092671187772,-809.494465678931
"269",269,0.248633427649588,0.891066364264419,0.00958987088190765,-810.96763406882
"270",270,0.235807256042278,0.797035165307024,0.00601026201710319,-807.980696834549
"271",271,0.224876192418302,0.410411806366872,0.00517430710156759,-808.028950603928
"272",272,0.548632132926117,0.371521171638081,0.00524782068711662,-806.456964578186
"273",273,0.523464141070047,0.573747895788243,0.00406949225550738,-809.169707270372
"274",274,0.339038564881764,0.417360391043825,0.0039883308490375,-808.130604642159
"275",275,0.273890884627687,0.538051348433681,0.0048779800567306,-807.734058075462
"276",276,0.174845395360422,0.650656076008883,0.00450730009479405,-808.348007914055
"277",277,0.241712411070131,0.840765858452055,0.00497283041859644,-808.567280694452
"278",278,0.346556778257416,0.611421380174235,0.00390257386106199,-808.668698605799
"279",279,0.35803958604134,0.309679899411355,0.00711281024969941,-807.292944526524
"280",280,0.228254140195349,0.413867564566955,0.00653132014247996,-807.680354342639
"281",281,0.580605280438233,0.404610361084892,0.00484587260431347,-806.774974000163
"282",282,0.577392040461329,0.402601717022655,0.00638092063152434,-806.583036517994
"283",283,0.550232495533267,0.407539118210853,0.00613350001534457,-806.260878119245
"284",284,0.568207058686008,0.420899130868192,0.00480383294907129,-806.651045292148
"285",285,0.584118894745587,0.407252066081033,0.00386140568438748,-807.766966522868
"286",286,0.552253202258581,0.409653715159873,0.00775866774908202,-806.941946462658
"287",287,0.566055248628446,0.411815052817612,0.00465701202019518,-806.682437642807
"288",288,0.386710394399176,0.544638163749496,0.00555483124230773,-807.924738028183
"289",289,0.354752127398139,0.509074671024777,0.00685823884423131,-808.173999758112
"290",290,0.155194636173788,0.688861134390383,0.00759862775558113,-807.767346604342
"291",291,0.275041331803025,0.550607666683213,0.00754148953115127,-808.646578033239
"292",292,0.504116086534438,0.415894237549251,0.00446749624339304,-807.530031759587
"293",293,0.440590154632439,0.370401523383798,0.00492266005067061,-807.191896082678
"294",294,0.239310590712004,0.624272523228039,0.00659185007059323,-807.528569900196
"295",295,0.194480078076116,0.485564590535404,0.00596111960222466,-807.66048510401
"296",296,0.328487019038561,0.686264283371556,0.00567623578944027,-808.187569028141
"297",297,0.100306423161688,0.769649254386674,0.00866676771610581,-808.812530284932
"298",298,0.0951187171720456,0.697532537177845,0.00755335862168648,-808.457589185316
"299",299,0.144233336814284,0.53375554157763,0.00570667350384013,-807.82824497605
"300",300,0.573233379068308,0.480867158783579,0.00735165016158775,-808.499161938397
"301",301,0.454929140948284,0.507777563616515,0.00438585600152902,-807.898224318647
"302",302,0.672903713677033,0.548119912229211,0.00334215328110515,-810.386555927352
"303",303,0.354177843516275,0.588806284658726,0.00537514226774914,-808.197923097639
"304",304,0.429492085004515,0.536486139746893,0.00526042637718455,-807.884304604731
"305",305,0.512127865263041,0.612777661064052,0.00388234817298975,-809.750417630209
"306",306,0.167795565712075,0.7255791337247,0.00283858790041987,-812.315329861456
"307",307,0.180926367005914,0.771225318876339,0.00714292233786547,-807.972712271185
"308",308,0.105304952428846,0.614018584410314,0.00698998022866725,-808.007530085494
"309",309,0.221381618113548,0.585385234851952,0.00578421689278885,-807.323832060941
"310",310,0.113199050674645,0.742594997812778,0.00795983380960739,-808.368763143805
"311",311,0.159803170369371,0.62136110845072,0.00580273522120852,-807.524079808003
"312",312,0.182593084503419,0.735536910263941,0.00574131582469405,-807.734361197313
"313",313,0.209858783918845,0.562543491310429,0.00666094456568455,-807.443595968308
"314",314,0.184687229932539,0.607974065235704,0.00518587105470804,-807.593424746908
"315",315,0.307884709621728,0.752315729082553,0.00559067026764249,-808.176693673602
"316",316,0.158014264889263,0.749453783275311,0.00827690949578864,-808.323953496798
"317",317,0.169239016660009,0.487447639010793,0.00917085707815459,-809.094413962821
"318",318,0.149670986024437,0.797593636406402,0.00881648735959669,-808.820949939293
"319",319,0.160371413386838,0.574518685252534,0.0100144081731456,-809.391064556479
"320",320,0.14966764619926,0.539430061428446,0.00583584088801662,-807.678030830929
"321",321,0.220067253613304,0.587515034692704,0.00655895979821622,-807.417694306906
"322",322,0.241150350626518,0.359386878760454,0.00704470355424359,-807.743065945719
"323",323,0.549661530204373,0.417331285785275,0.0070310258282573,-806.702072989287
"324",324,0.57685637522189,0.513988258111697,0.00694826016226785,-809.125906995606
"325",325,0.475731304463447,0.51616449386133,0.00544473760431634,-807.9180776397
"326",326,0.542068380043221,0.559657460497615,0.00543766245925498,-808.875237108075
"327",327,0.66804350970277,0.544707306869981,0.00620905285433112,-808.578489534294
"328",328,0.257555922472519,0.584283687577864,0.00481651358385114,-807.64188941943
"329",329,0.256261602565269,0.547317188063783,0.00790365227761267,-808.737494949328
"330",330,0.132702573411837,0.805231692566749,0.00818418733360168,-808.562876958628
"331",331,0.204043202015549,0.392910959817873,0.00535724254402397,-808.327509296705
"332",332,0.394739161394228,0.261076654173232,0.00778805187917845,-806.795453501992
"333",333,0.437932306093336,0.284079725760598,0.00841565168839726,-806.436793594468
"334",334,0.455795784757745,0.345584762441419,0.00526618221946697,-806.839358533402
"335",335,0.526785057402651,0.32185560558031,0.00669424841316122,-807.434449164746
"336",336,0.511516612731904,0.358444418629241,0.00587065749726485,-805.939151458071
"337",337,0.495218291218628,0.358022626841827,0.00572504266674029,-806.1169085365
"338",338,0.526488157512884,0.401044182210742,0.00622034105866699,-806.422592453433
"339",339,0.537470865699727,0.533700266056789,0.00680370970746298,-809.297145898501
"340",340,0.447866418573719,0.285181253198179,0.00753555325148423,-806.119633176773
"341",341,0.432909057702235,0.216342398027488,0.0076780720344631,-809.971135632639
"342",342,0.321376291700909,0.291128997392504,0.00944218906652072,-809.266562030368
"343",343,0.314807167689629,0.214736152567583,0.00559171358497329,-810.615847748613
"344",344,0.40199036526031,0.22229988949166,0.00493117351068708,-809.255626042559
"345",345,0.366513521810853,0.640500795127483,0.00494622810586352,-808.438200531583
"346",346,0.209280453616279,0.914263897683,0.00595187287406754,-809.232390916
"347",347,0.306124111190855,0.317525606590397,0.00618775649818171,-807.452461421682
"348",348,0.482278428125796,0.324687040261388,0.00697909295316974,-805.851467447491
"349",349,0.420828395538349,0.312481255945069,0.00671168154097816,-806.62520837991
"350",350,0.426057658516564,0.269582815000429,0.00785085769873754,-806.334518867645
"351",351,0.381796711022587,0.302609344113796,0.00570593441873044,-807.286986968112
"352",352,0.4086432574238,0.31395533418917,0.00836097663489822,-807.398755077026
"353",353,0.488260017356884,0.317779482546977,0.00817127704663388,-806.500525620946
"354",354,0.434019188445221,0.313824148676406,0.00913260389669519,-807.265666208223
"355",355,0.446745187733007,0.29716765810043,0.00749217630586773,-806.024539795082
"356",356,0.449694163394601,0.307328583986664,0.00689682411205862,-805.964211249182
"357",357,0.409247199717346,0.327535516842415,0.00650429704189223,-806.830111678819
"358",358,0.372423069600926,0.382772610881317,0.00660628978729972,-806.967396010394
"359",359,0.540924235264758,0.430625866653897,0.00462152122254742,-807.322118568954
"360",360,0.423418907021397,0.408346770644203,0.00461216245764173,-807.355586839086
"361",361,0.590587676632254,0.393195281749614,0.00715458705125735,-807.789729734625
"362",362,0.386750022870213,0.276893597169443,0.0107795689694152,-808.955913099404
"363",363,0.392489735435761,0.236098094858471,0.0095167776434601,-807.689283685385
"364",364,0.417521821361956,0.307936722535132,0.00610431690896048,-806.742829494203
"365",365,0.33311096344127,0.469993733602342,0.00619987490293642,-807.35452234411
"366",366,0.0982019423892204,0.68149099892174,0.0113620686057636,-810.660897637487
"367",367,0.0370124342637117,0.683439148703145,0.0101441625883251,-811.980093126572
"368",368,0.16747124758614,0.600488544291919,0.00516983402472528,-807.779565619584
"369",369,0.222452010858782,0.635641918262701,0.00695230432956031,-807.556645130521
"370",370,0.205564630676906,0.584356116534319,0.00572927518033057,-807.318915044578
"371",371,0.291503769986947,0.770495863625157,0.00452940900095492,-808.446478743188
"372",372,0.132884845255712,0.730012670584817,0.00931932346010628,-808.860900444395
"373",373,0.0949902425330406,0.610785990452173,0.00722396519734572,-808.220461959562
"374",374,0.284421242123078,0.613244086205382,0.00564526768051873,-807.63119542518
"375",375,0.151764103511003,0.829055136800101,0.00643847378381382,-808.375437358115
"376",376,0.231046742357704,0.440407681934698,0.00431221232753264,-808.715010594888
"377",377,0.619251757495176,0.412730122501822,0.00774073737252321,-809.136979897344
"378",378,0.258573817828574,0.508526489565931,0.00536440366063743,-807.638544123913
"379",379,0.539537529345895,0.486359156851204,0.00540211073474503,-807.888097330773
"380",380,0.34378896533454,0.468210652706664,0.00481151085612192,-807.359970798876
"381",381,0.622273072869264,0.427236998335364,0.00470554631566922,-807.713504395072
"382",382,0.519887444389994,0.459887389570483,0.00760557522209131,-808.665001809329
"383",383,0.504770029181278,0.408878492116181,0.00442530428473257,-807.520176897638
"384",384,0.437311132008062,0.35008674946198,0.00660871935055476,-806.763659560594
"385",385,0.40729879351159,0.258800182022008,0.00514601032212586,-807.693234778231
"386",386,0.41462204315093,0.261748764859142,0.0066426898069887,-806.462466232494
"387",387,0.42044615589762,0.293566277293539,0.00753129870995104,-806.446467911102
"388",388,0.293595559239832,0.831124903263978,0.00858444253121743,-810.385199335412
"389",389,0.118247314262194,0.66605372589702,0.00778775855574627,-807.983715757738
"390",390,0.27097390376983,0.788715620749646,0.00755160744321868,-808.883458578555
"391",391,0.0911642863609607,0.458121111381853,0.00679455883788405,-808.827943873685
"392",392,0.49846574007391,0.463154952125477,0.00437441844393028,-807.817549318514
"393",393,0.50850143605214,0.414863820295592,0.00602132823565038,-807.014508205524
"394",394,0.364385232796422,0.390484607847885,0.00580492240623135,-806.8677895054
"395",395,0.456630259585995,0.486474701909823,0.00541089795007933,-807.541284190986
"396",396,0.170966718170636,0.45180922319693,0.00801387124504059,-808.428716424294
"397",397,0.582544080090903,0.417536531242485,0.006004256187995,-806.456691707843
"398",398,0.539274116867486,0.365831490694568,0.00831569583854586,-807.15678470969
"399",399,0.491512716690176,0.375914014824779,0.00506818052860856,-806.808279272622
"400",400,0.545115003382844,0.435615651784117,0.00659000731814124,-807.123442269794
"401",401,0.371244587693483,0.307733854394705,0.00691543492188615,-807.169798759087
"402",402,0.308354313703732,0.49472608481492,0.00453500251366491,-807.787038405458
"403",403,0.652992357916472,0.501123966207795,0.00535368770383499,-807.506180612926
"404",404,0.254990427315693,0.458260519735182,0.00534136147048359,-807.628591110585
"405",405,0.390488743452608,0.433559035458311,0.00496150165406941,-807.140023248349
"406",406,0.519126254432479,0.337872460159456,0.00588249649264668,-806.299483293676
"407",407,0.454019723293181,0.333607419903495,0.00675559444313487,-806.283501922571
"408",408,0.433294526978411,0.258167962859377,0.00731690414153993,-806.580189125459
"409",409,0.357666253420523,0.202541543705582,0.0077264770114357,-808.359588247395
"410",410,0.365237993597943,0.538673084161628,0.00597526566481792,-807.994049193279
"411",411,0.195257555145746,0.627054641205167,0.00409436816011117,-808.575097682836
"412",412,0.286197421193447,0.659413309822331,0.00648260946822381,-807.960617989342
"413",413,0.252793874980664,0.376870988846031,0.00930690899032196,-809.340580914165
"414",414,0.477754462509543,0.316309727317809,0.00532555155222798,-806.295418281924
"415",415,0.474507500624369,0.456026389318124,0.00446776450401096,-807.637374032941
"416",416,0.399722075061379,0.41984188617504,0.00432209984638186,-807.57544542675
"417",417,0.336151958270159,0.416462322920702,0.00642381899900192,-807.034524502619
"418",418,0.553370264991494,0.427323727073928,0.00551708717530288,-806.654733447938
"419",419,0.399558685329801,0.350934280740607,0.00422417549971844,-808.090712060682
"420",420,0.318826498596028,0.370666979903316,0.00538792746873629,-807.124689315702
"421",421,0.406034918895844,0.281249834939026,0.005945264908156,-806.942475356644
"422",422,0.456627133125,0.319769592678021,0.00620310230430832,-806.064485057561
"423",423,0.455597022860224,0.476824481791415,0.00466791956356878,-807.566077596401
"424",424,0.627140703257243,0.455494612666343,0.00875919484118926,-809.221121254064
"425",425,0.0410829352939801,0.777338167294504,0.00588255676165683,-813.426633976121
"426",426,0.373242792402947,0.504486953172747,0.00601219285182184,-807.629541291838
"427",427,0.210214444258465,0.717160502172689,0.00623686146210903,-807.518856739917
"428",428,0.276739496458463,0.444684130976264,0.00464308199103014,-807.791580967409
"429",429,0.61519848583605,0.470414937948323,0.00532423540845208,-806.988607365998
"430",430,0.596201629162711,0.479780920605575,0.00419713036486124,-808.060145107608
"431",431,0.278549853369598,0.644355339989145,0.00511859424885073,-807.595937191874
"432",432,0.166467992628929,0.529643907207839,0.008061822545136,-807.934012356853
"433",433,0.129344319904945,0.546169174845783,0.00825409924256955,-807.900169853939
"434",434,0.177396857291371,0.331422702521184,0.00501372021869098,-810.195707413618
"435",435,0.312191673920959,0.560194375149869,0.00600056374811893,-807.986924459738
"436",436,0.254043967254966,0.696875928786528,0.00574052369878013,-807.521592475515
"437",437,0.235191632561306,0.446094278714769,0.00429453251959208,-808.661769284029
"438",438,0.551921996778993,0.508685588704618,0.00427837415921196,-808.495255049218
"439",439,0.288460894041324,0.448705766665453,0.00731829307732504,-807.843016496346
"440",440,0.586186252795778,0.436739862112326,0.00495276356013494,-806.691010555046
"441",441,0.444475167487297,0.386589540207006,0.00596666325767964,-806.911512192465
"442",442,0.265283010480174,0.449387588147792,0.00580916245483715,-807.419569895894
"443",443,0.609420635477056,0.439783999993844,0.00598787637642974,-806.825268116666
"444",444,0.60012984927471,0.444135598747219,0.00461963449511297,-806.964430953292
"445",445,0.578809067462249,0.383488974330824,0.00595405704586852,-807.116941630284
"446",446,0.574135627729208,0.383792557749388,0.00456731526652005,-807.325577064391
"447",447,0.458330972205726,0.287007955075142,0.00524355233857528,-806.772881126595
"448",448,0.377674479019348,0.45596116530224,0.00488080593813796,-807.235023756871
"449",449,0.572738340223594,0.409149690742109,0.00503565615928914,-806.493641894182
"450",450,0.57807519736136,0.412382370738166,0.00489046731623538,-806.611937868419
"451",451,0.457539276586975,0.699151915169095,0.00450796360513843,-810.098632220286
"452",452,0.214992046516567,0.764553630514179,0.0101992162091091,-810.611425985896
"453",453,0.103151716848911,0.563433668543121,0.0120193924540476,-811.467231829748
"454",454,0.0725734980794178,0.748673849648711,0.00735051502230807,-809.246400312482
"455",455,0.252634263293773,0.620977829397987,0.00568711871247968,-807.405706317072
"456",456,0.253072945202396,0.387491415592704,0.0072708616412977,-807.651102313769
"457",457,0.308492077783806,0.438407254625367,0.00793024455034511,-808.200039849264
"458",458,0.345142063337582,0.445616406324639,0.00313703797786834,-809.62756507533
"459",459,0.519448390737805,0.352494405959685,0.00756305323131524,-806.32411269322
"460",460,0.540925161221191,0.437389131404323,0.00457310879092969,-807.477258896235
"461",461,0.248263501134164,0.770973858871496,0.00673879950501857,-808.072302472664
"462",462,0.275630351837973,0.483483319822916,0.00307894750946802,-810.320312668124
"463",463,0.307279814635849,0.410228948193018,0.00962546910613377,-809.836505835357
"464",464,0.323636753202771,0.416264898422777,0.00945637887152201,-809.687173415148
"465",465,0.536032528132679,0.379359701321527,0.0110579996571951,-810.01069786208
"466",466,0.520221959234184,0.3843800578463,0.0047343024965768,-806.70944254253
"467",467,0.315458914194452,0.433994183230337,0.00479832733787509,-807.381313654615
"468",468,0.321720695442198,0.429126543702153,0.00643996367243963,-807.132599865357
"469",469,0.574829481377497,0.40311336934967,0.00558366512004665,-806.432179221523
"470",470,0.331840633618047,0.417841780913586,0.00694678978053492,-807.269457160183
"471",471,0.617279013800701,0.478923516459154,0.00448824223214518,-807.51388009259
"472",472,0.62315437423995,0.477598936645119,0.00578581511512622,-807.090614878952
"473",473,0.625899106518438,0.46644003501508,0.00746800673078968,-807.85140964116
"474",474,0.300336606510406,0.365771948027467,0.0062579018368181,-807.062736748894
"475",475,0.226484433967207,0.625472128188867,0.00599311366596049,-807.305762854612
"476",476,0.188411118891884,0.571289195092276,0.00683688463060906,-807.381684735721
"477",477,0.148600368201739,0.595403682567303,0.00682279016953217,-807.409996668918
"478",478,0.237378142804809,0.707217899675083,0.00499468749246522,-807.671539460026
"479",479,0.249131352571903,0.765879868717778,0.00543448363047566,-807.855472594918
"480",480,0.323684529958716,0.405927306980135,0.00645920200653926,-807.016376299363
"481",481,0.404648193132542,0.255526705344625,0.00734767525713572,-806.554133279432
"482",482,0.430901274544808,0.266375268287225,0.0105962932133503,-808.361608171196
"483",483,0.404739260280902,0.262869097739942,0.00845595051695614,-806.767369925186
"484",484,0.394577973710329,0.247981369715526,0.00473232955484672,-808.742930086822
"485",485,0.423708748581064,0.433457350438742,0.00544404567997346,-807.0874120644
"486",486,0.470355472827837,0.302875856301474,0.00915454068130485,-807.094686848946
"487",487,0.462211134008668,0.281769945464127,0.00939841249392505,-807.681673006086
"488",488,0.382923619428332,0.222984078872378,0.00946765433003131,-807.996583648018
"489",489,0.326103442471549,0.287794920487644,0.00556691465621907,-808.053657999352
"490",490,0.444445027150936,0.271560468299412,0.00671332550036348,-806.324552614172
"491",491,0.41373392563385,0.355149769870113,0.00678223999821209,-806.934381807178
"492",492,0.380444613634042,0.375412507699156,0.0045852242446607,-807.497625427177
"493",493,0.363081034362024,0.44922379036083,0.00432926840226078,-807.593910756347
"494",494,0.430716800712291,0.449035485990388,0.00513964934618265,-807.210905867538
"495",495,0.443525613936423,0.557490694040005,0.00552897560408392,-808.258246053082
"496",496,0.445088953243988,0.508362231849536,0.00495019700645991,-807.670177609393
"497",497,0.0944495050362847,0.426098622207587,0.00646263014782742,-809.306663494521
"498",498,0.289191082056798,0.406007322975986,0.00636648244613757,-807.122100551965
"499",499,0.524060137575875,0.373746242648729,0.00595679612067614,-805.988094709825
"500",500,0.528144944092949,0.413128678503181,0.00595173504452798,-806.692089159113
"501",501,0.253573051221695,0.308977202122207,0.006179444046464,-808.192398817925
"502",502,0.237621390494602,0.785874639825854,0.00620309033948849,-807.937243712027
"503",503,0.237191221828832,0.612447618851811,0.00575001085476569,-807.339061075195
"504",504,0.180858095006412,0.559866452330517,0.0049210584090017,-807.902375044296
"505",505,0.240806963653596,0.648862569571234,0.00606315529518381,-807.389986108499
"506",506,0.175023491411567,0.733500594219851,0.00879895567600236,-808.658371635275
"507",507,0.201488158087523,0.62566654644099,0.00609039114187221,-807.265766261327
"508",508,0.0960115138219251,0.749130301935291,0.00745376225279394,-808.586729937401
"509",509,0.230415604415265,0.33761975183832,0.00599426387499149,-808.109111487406
"510",510,0.539068244031295,0.376291600869549,0.00598022222489181,-806.055107530101
"511",511,0.53853348180505,0.40243005482673,0.00561323481677163,-806.312989023642
"512",512,0.288410426677167,0.365810615017838,0.00690947034740418,-807.258306201832
"513",513,0.416756940452488,0.321619996192911,0.00608371195047004,-806.798299579622
"514",514,0.478006585382986,0.297246298590311,0.00798532812520755,-806.658997313283
"515",515,0.4556599524595,0.34164875418126,0.00674485365385549,-806.407860808101
"516",516,0.523532769678893,0.397651860078596,0.00593675267363792,-806.392584747751
"517",517,0.550618505103978,0.403622474394932,0.00496876106204187,-806.459887679453
"518",518,0.496507657336507,0.451904900435741,0.0066571557283653,-807.821860898137
"519",519,0.463876185079799,0.345925338712583,0.00862398410125155,-807.08988975295
"520",520,0.537944464048152,0.399921277092739,0.00998935712933737,-808.851395922892
"521",521,0.215045225015146,0.580470972827675,0.00399416310813114,-808.572426055086
"522",522,0.266581331562397,0.514430138678614,0.00508492926189047,-807.701682152298
"523",523,0.100294473895946,0.722456004193949,0.00535291903411806,-809.427486633647
"524",524,0.157115762806476,0.57487164153307,0.00918901551977685,-808.555293003533
"525",525,0.171297276847356,0.867537853402704,0.00402202530665533,-810.461099005597
"526",526,0.316652830282598,0.880919845160082,0.00599729650527448,-809.307694681951
"527",527,0.330127417903856,0.92762966662961,0.00443361132727409,-810.433906783521
"528",528,0.341598836555813,0.479153664445354,0.00351482004813118,-808.77067430051
"529",529,0.660506732597785,0.429514261904434,0.00627596297337873,-810.384009152466
"530",530,0.355460591611147,0.592500708527348,0.00389043063417655,-808.6874470401
"531",531,0.451699533006502,0.360809379052885,0.00522832135384834,-806.975338844709
"532",532,0.246315502234329,0.50890430958627,0.00486647802514887,-807.82366937046
"533",533,0.402779937403732,0.370748039543421,0.00729957704076941,-807.257774688896
"534",534,0.356242466223195,0.422259795478286,0.00451834405238372,-807.441723881223
"535",535,0.500186224400474,0.342563873365595,0.00733485548774343,-806.014415834225
"536",536,0.451333334333678,0.426489565245038,0.0072543272780078,-807.807798991802
"537",537,0.490648024688375,0.386878214130164,0.00648812636782978,-806.728979614839
"538",538,0.345788975106484,0.45028828916222,0.00509600243190625,-807.167912038177
"539",539,0.438510401700234,0.454648181514884,0.00594290792313909,-807.330611325327
"540",540,0.260800417728179,0.906261096170288,0.00767317113453561,-809.52925196861
"541",541,0.210804801101778,0.87237750558189,0.0082619264246341,-809.198235203174
"542",542,0.255833314461385,0.807001880129356,0.00886240599852094,-809.946963393325
"543",543,0.207532774738646,0.650532785488597,0.00663870007026048,-807.379392082837
"544",544,0.411305083437226,0.876856926877486,0.00644906871068077,-811.060206461192
"545",545,0.409386938714175,0.374758893759867,0.00539084111115215,-806.961638129846
"546",546,0.504311162708343,0.407963284666167,0.00522490471391725,-807.028831296601
"547",547,0.304736025093638,0.552120602072764,0.00671828346893079,-808.325030145389
"548",548,0.0877504996612405,0.786044643614509,0.00824441302976877,-809.199750123397
"549",549,0.296194055504824,0.541063228815018,0.00536647139236261,-807.716492572818
"550",550,0.694816010091526,0.512449950524198,0.00622960501535204,-808.624205234687
"551",551,0.189517691295998,0.459414783689158,0.00716309254859147,-807.973556824707
"552",552,0.180182195646534,0.75825415407513,0.00919130842977707,-809.113100905771
"553",553,0.0915645850376961,0.586591760746112,0.00844227802099698,-808.439660740043
"554",554,0.151443415517156,0.621574295873565,0.00568227220187468,-807.678917708941
"555",555,0.215284184869812,0.6261799978588,0.00624115810656958,-807.297092607444
"556",556,0.268946279778071,0.968803932682405,0.00518729653755707,-810.129830338657
"557",557,0.26138266416005,0.494893982647153,0.00501031612171135,-807.767687428353
"558",558,0.159151493886997,0.405877601339248,0.00969399473210606,-810.445625691866
"559",559,0.135225859784193,0.77977744330574,0.00860218296223648,-808.615779426576
"560",560,0.254940377274537,0.785129778621515,0.0058516005983037,-807.975326013584
"561",561,0.192226607692255,0.585067369294983,0.0058472444741494,-807.314776153438
"562",562,0.223651605182628,0.414008787358363,0.00529716827399283,-807.962023514984
"563",563,0.318225122698558,0.40899363022667,0.00469773999922695,-807.453793118377
"564",564,0.353117714177923,1.01330317549714,0.00625070970419115,-811.189752262396
"565",565,0.333771002826622,0.552220365549369,0.00701672864795966,-808.825474311881
"566",566,0.139567041110394,0.604969184744518,0.00644260911989918,-807.532829638854
"567",567,0.297830916799521,0.586068007030425,0.00396083223230232,-808.371413083423
"568",568,0.371952320427826,0.55728997741866,0.0055055947276254,-808.035680577662
"569",569,0.389652497563182,0.401588717976381,0.00552591072781162,-806.922269601579
"570",570,0.370153770621604,0.351183809468954,0.00753750135999675,-807.351750019759
"571",571,0.289249382916513,0.374097622040986,0.00728721105477454,-807.408201254087
"572",572,0.327330852564234,0.387452504380878,0.00515264830287339,-807.143164610208
"573",573,0.53184543188499,0.359696238241947,0.00558817046796989,-806.188312388879
"574",574,0.523314144274358,0.350235059730038,0.00622754548312717,-806.078252029714
"575",575,0.235118527890378,0.362701588752051,0.00778847112692513,-808.138993939056
"576",576,0.56751975924973,0.477290114459146,0.00537908348630517,-807.717376870415
"577",577,0.500798065423609,0.331235205028907,0.00645533156696795,-805.945147969918
"578",578,0.457061583210517,0.28853632483709,0.006723595877067,-806.060349231327
"579",579,0.449357533538327,0.322186801803567,0.00773527392041324,-806.353676171228
"580",580,0.496645807336994,0.347869344718772,0.00756522931520199,-806.114483706174
"581",581,0.499182647433085,0.323983259433032,0.00630867815290415,-806.06170232092
"582",582,0.460475901030017,0.31943104004954,0.00613030969253578,-806.016874392075
"583",583,0.424946292654637,0.31223800196953,0.00536442126426662,-807.027943360157
"584",584,0.486403427105092,0.464064716724442,0.00420917693360469,-807.905869069081
"585",585,0.611636437231445,0.477543394038405,0.00491348312254516,-807.275422403586
"586",586,0.62721919032191,0.463602816106853,0.00582149043248841,-807.027324686183
"587",587,0.170952393784636,0.473414655412863,0.00572669665395557,-807.919462504044
"588",588,0.473384244880917,0.429821763445711,0.00667890063863523,-807.520132837033
"589",589,0.592222053109662,0.451281603392213,0.00793211262035924,-807.773543230218
"590",590,0.613072230738977,0.508495826521909,0.00973614053759999,-811.16954937267
"591",591,0.070814662890841,0.774756232144932,0.00680765727895196,-809.878727056489
"592",592,0.372588292253934,0.211120782473771,0.00707624204091146,-807.925074232269
"593",593,0.363341049845001,0.332778251410474,0.00522898367795977,-807.332475159365
"594",594,0.398125144102607,0.495582252374064,0.00521159780222654,-807.41451437529
"595",595,0.46293175422527,0.531761765007,0.00511992583651464,-807.967658423993
"596",596,0.466318365333912,0.443867169236835,0.00553636076711486,-807.268796264715
"597",597,0.25445457978091,0.461267874583183,0.00916837209189974,-809.941815489193
"598",598,0.481737189558442,0.442148689012882,0.00840197711187147,-809.162698194119
"599",599,0.178552452330468,0.814632815172324,0.00594209496284102,-808.155793928817
"600",600,0.134404348240459,0.402211230563456,0.00727272019198638,-808.872373407737
"601",601,0.453875382357136,0.400655056188041,0.00453236761571256,-807.450621894594
"602",602,0.213286024969486,0.310393652503993,0.00537132511994813,-809.39723167287
"603",603,0.506497356109943,0.333972009686236,0.00779914944028028,-806.427633394952
"604",604,0.462908264470437,0.28279507109805,0.00548637421641976,-806.793145530726
"605",605,0.443388530168824,0.393655083051994,0.00639206809230692,-807.02507915518
"606",606,0.271233237747734,0.361809340005591,0.00872523011212822,-808.592760794056
"607",607,0.290042343882273,0.41183003787986,0.00338626443999451,-809.740610763259
"608",608,0.27793405779168,0.788076362570924,0.0088375269471398,-810.205235118584
"609",609,0.177479004296274,0.582284220418525,0.00768795334140867,-807.646960641362
"610",610,0.177263549125605,0.637769675986483,0.00740214384055794,-807.535788452851
"611",611,0.146075939742561,0.557678864012062,0.00693761357857296,-807.44607716014
"612",612,0.149009151683679,0.536165739345833,0.00660489846395544,-807.48565424085
"613",613,0.204205983379695,0.650809576371446,0.00729111004319723,-807.615576861016
"614",614,0.259372092181494,0.646091930382349,0.00469172821527614,-807.682408061652
"615",615,0.150709869933655,0.665952617823246,0.0075737633625724,-807.690390816494
"616",616,0.32963830578028,0.564741483555927,0.00530894709961915,-807.926439315299
"617",617,0.3982987081747,0.504021463161828,0.005309289106829,-807.486527624899
"618",618,0.263350093214541,0.374266843559109,0.00603583125060881,-807.325934315951
"619",619,0.476183079307562,0.381925478846799,0.00598828110425637,-806.779550239342
"620",620,0.46218454872925,0.388304285934529,0.00660393474141199,-807.022934848626
"621",621,0.569980454860731,0.433429493350044,0.00415587025191232,-807.400442091234
"622",622,0.325095042015465,0.402791204382342,0.00691796253554312,-807.176747626335
"623",623,0.219188802332447,0.665595188514346,0.00555043066621925,-807.366472478417
"624",624,0.317473234352792,0.553059470458979,0.00684704597623254,-808.554967070867
"625",625,0.647131014183186,0.55133372453492,0.00720302204550877,-809.688645449323
"626",626,0.370922914136708,0.30838915153317,0.00613605288263577,-807.156981581576
"627",627,0.363199382481565,0.370124529188489,0.00582850022200196,-806.879013601556
"628",628,0.384979097542629,0.382049957592803,0.005703451421278,-806.877892107836
"629",629,0.343709064879168,0.31549995264212,0.00751450390395097,-807.49861180584
"630",630,0.347822684126267,0.366946496069637,0.00657088471265364,-806.949347741057
"631",631,0.426523140804853,0.390062502249331,0.00601889420096482,-806.921521061667
"632",632,0.181884891824617,0.576278105405859,0.00708120207290465,-807.422356845554
"633",633,0.124927438385512,0.727763404148417,0.00815671987776014,-808.258631701423
"634",634,0.327752957523762,0.524927754768647,0.0040704476632174,-808.214135629709
"635",635,0.403554701337265,0.564318962401228,0.00468042366167295,-808.12715187437
"636",636,0.264149966468949,0.401969174864271,0.00592604075532241,-807.276669135726
"637",637,0.289044117042289,0.390462180951365,0.00497266287853143,-807.482553485405
"638",638,0.454173666024431,0.521394536648355,0.00723298651068542,-809.05732715007
"639",639,0.222914527752211,0.570856015280663,0.00765549381972944,-808.051084754294
"640",640,0.230003452358432,0.668895508695121,0.00801445795563703,-808.355385528018
"641",641,0.102575187089117,0.580245929016044,0.00911918528865745,-808.568567152069
"642",642,0.0616990535603923,0.698882923715233,0.0077539843294387,-809.612882729245
"643",643,0.323203726723857,0.24593109468504,0.00696718046666369,-808.614957919706
"644",644,0.436544296571555,0.259023276093464,0.00767918998416293,-806.696882764244
"645",645,0.439515338895857,0.251786494733265,0.0070404613639858,-807.066963600764
"646",646,0.378232199348213,0.481130431818741,0.00667413772108279,-807.743768673972
"647",647,0.592331491817219,0.453903734742567,0.00588123639853917,-806.778253094672
"648",648,0.600996161411798,0.416680100628025,0.00441957044245188,-807.386638688216
"649",649,0.248612830397548,0.551613753645484,0.00802334603385518,-808.740113318279
"650",650,0.150269112325578,0.473800538466128,0.00596940892797878,-807.976976797086
"651",651,0.614064781479106,0.431974201764233,0.00692821877352877,-807.493392992691
"652",652,0.629046578437938,0.525425910425525,0.00506558641522641,-808.401924381548
"653",653,0.640829997167197,0.525847492936909,0.00663528722894154,-808.479913680842
"654",654,0.165560635340812,0.461356008846474,0.00661317150864694,-807.862152044081
"655",655,0.407887332372223,0.264848629474391,0.00654911739006882,-806.586672313414
"656",656,0.447946676133638,0.304232477938544,0.00918224334857246,-806.919404574904
"657",657,0.413323901600595,0.260125798522311,0.00667309630426754,-806.486131134966
"658",658,0.426567124061688,0.302910758867786,0.00714295318451019,-806.386046664898
"659",659,0.473218942105245,0.348212992265438,0.00882188385322465,-807.105741588458
"660",660,0.50381665124712,0.391444107090914,0.00618737620900626,-806.589120957943
"661",661,0.345801875704545,0.315979544500461,0.00562960092236557,-807.377663456434
"662",662,0.493082475484636,0.361048878206726,0.00565306271704649,-806.22719096814
"663",663,0.450818414509066,0.374014146997439,0.00558560125458119,-806.884028714537
"664",664,0.517329133194357,0.355018782145575,0.00705247937339422,-806.051848508224
"665",665,0.434727006768364,0.25686542893074,0.00578458758348663,-807.049516664001
"666",666,0.430160616404643,0.365994883731902,0.00485085633643675,-807.264234680793
"667",667,0.526442611519396,0.401152558226632,0.00750793164005796,-806.826204936419
"668",668,0.580327389898897,0.431406328282037,0.00537806002199477,-806.500092098135
"669",669,0.295544766391058,0.318623817062548,0.0058161065425488,-807.624238429983
"670",670,0.400940376568279,0.40631574138734,0.00704232564226755,-807.337003045808
"671",671,0.385714099529041,0.463850945192705,0.00461008018894673,-807.39481479996
"672",672,0.467500722270867,0.299440692329934,0.00557154864563412,-806.319523435336
"673",673,0.470897289930488,0.313366848607167,0.00566060937919307,-806.103547983097
"674",674,0.440912991127912,0.381875081185183,0.00557331577191745,-806.921657384498
"675",675,0.328859626645976,0.409784405205252,0.00507440757877045,-807.144939684538
"676",676,0.114439947080446,0.803884142847371,0.00688627545564067,-808.700269086603
"677",677,0.181870382652872,0.49498339167163,0.00548255497216229,-807.817745892151
"678",678,0.627837250426984,0.471083461448768,0.00594717463109625,-807.07607092119
"679",679,0.604695130756666,0.447521399827682,0.00381578793262926,-807.85499009967
"680",680,0.6158015403264,0.435799090329944,0.0068514922844698,-807.429338117538
"681",681,0.353758107823714,0.533629029511484,0.00680422294270678,-808.463648338077
"682",682,0.102410431092117,0.523251565204639,0.00727798935661989,-808.018582205527
"683",683,0.701666623382241,0.533971986097949,0.00687614827276205,-809.019582102291
"684",684,0.692620243467531,0.552439848292516,0.00455793947015961,-808.793268288023
"685",685,0.296374362979262,0.522399324490245,0.00708549863393849,-808.436090472861
"686",686,0.266272334896912,0.75477371429894,0.00646238056312373,-808.018137382561
"687",687,0.317175225199053,0.645109650724483,0.00435868871905603,-808.159719909557
"688",688,0.178723298671508,0.434691222987901,0.00536148463381682,-808.394847121196
"689",689,0.440928016004646,0.701176239746757,0.00580178239330877,-810.152356987513
"690",690,0.377972386119995,0.368935892430753,0.00647745489226974,-806.908700107511
"691",691,0.374145142180186,0.751845244512106,0.00590945568426832,-809.217878862542
"692",692,0.0979971230412053,0.788905892612407,0.00728538742146309,-808.855256398154
"693",693,0.238915095832292,0.314774703728435,0.00792255905258323,-808.583511327774
"694",694,0.293765427040749,0.336623399323797,0.0055973507937914,-807.479529108994
"695",695,0.43883644016015,0.269222556986692,0.00634544475984755,-806.392178329234
"696",696,0.476970094699476,0.262845072735865,0.00709595065757764,-808.531997277484
"697",697,0.267067806587097,0.635262372463444,0.00523394781944986,-807.505752913621
"698",698,0.161738293429109,0.568145598869699,0.00674814355527694,-807.361369527573
"699",699,0.273179507020846,0.340707392669766,0.00625044800237948,-807.449061163384
"700",700,0.508696874344094,0.333900116091681,0.0065249119819085,-806.066548484013
"701",701,0.503970529722411,0.352357865890643,0.00684480781345524,-805.910160905534
"702",702,0.453034500464376,0.351886414826766,0.00631180263201683,-806.609645107666
"703",703,0.396333602294946,0.68487794044901,0.0044795087903273,-809.094988388114
"704",704,0.311053745560365,0.671589747180245,0.00523819165382508,-807.88822277923
"705",705,0.232843142815514,0.912007337496432,0.00485495502296344,-809.286884740793
"706",706,0.191909988203309,0.525322420026332,0.00932670138371617,-809.315134029743
"707",707,0.179523368862163,0.450881729268192,0.00800416903251926,-808.458709119502
"708",708,0.481853163369058,0.726264685316698,0.00304393354808877,-812.256394804495
"709",709,0.127866606947056,0.528322813135607,0.0036723729560407,-811.267812200623
"710",710,0.459579740259412,0.359593871080752,0.00793510396513288,-807.144912002516
"711",711,0.490578636725976,0.298918916538437,0.00737191865913702,-806.845756943612
"712",712,0.409210189473506,0.481958516047554,0.00604839611508999,-807.500979217729
"713",713,0.230718797531175,0.730375196424405,0.00455080267211502,-808.089129204709
"714",714,0.444045907618986,0.49300990178154,0.00491290684019295,-807.553240441272
"715",715,0.328933463477661,0.539159297034998,0.00543048570799256,-807.809442353424
"716",716,0.475344444712378,0.564639241101994,0.00459012563558375,-808.456961199198
"717",717,0.723820243389331,0.523523547963391,0.00605769098984137,-809.669281498927
"718",718,0.27593506227525,0.772379886267168,0.00503962688721306,-808.110776047885
"719",719,0.33471401513424,0.643723025189687,0.00562031181707567,-808.172218953987
"720",720,0.333257640874672,0.276926588565994,0.00777454515100977,-808.054710602111
"721",721,0.2881196538673,0.770721475537608,0.00722947834340145,-808.776326378339
"722",722,0.413452393238316,0.601558924279303,0.00653154267081039,-809.406442333284
"723",723,0.168431297350561,0.525205405524989,0.00915005783761051,-808.819079916528
"724",724,0.139164923530809,0.361161947204402,0.00697174176602464,-809.604036453681
"725",725,0.184836856952949,0.368675555641198,0.00762123862025077,-808.71078663902
"726",726,0.32411464784084,0.455589862629844,0.00791736213912005,-808.382348419469
"727",727,0.0810586680643692,0.453270283766098,0.0069519912666197,-809.21531669523
"728",728,0.55648126015483,0.395543770307152,0.00688133304123516,-806.383348474939
"729",729,0.573524161956342,0.47348904537069,0.00672727159279548,-807.867277965154
"730",730,0.586935015055212,0.402704451198939,0.00517998515121883,-806.863327661379
"731",731,0.569778683109945,0.437665442755672,0.0054185237584473,-806.67725033167
"732",732,0.596757008913451,0.43830570118545,0.00417702912281038,-807.312963160029
"733",733,0.408069852958075,0.34586074914704,0.00753760147381761,-807.23945536383
"734",734,0.431724978538739,0.260142085632443,0.00689874521294652,-806.471840901873
"735",735,0.369689419759485,0.491215950047037,0.00451749087059776,-807.575091010469
"736",736,0.338180695238467,0.526511271919826,0.00639735969050362,-808.065322027228
"737",737,0.564952524429563,0.511093118115984,0.00582596430853622,-808.409083040308
"738",738,0.449299836395694,0.320147852010525,0.0104326610429631,-808.239371968921
"739",739,0.437171078487237,0.264194708645059,0.00764039625727409,-806.506117739159
"740",740,0.249960236227948,0.803732434915583,0.00484354375014639,-808.348943827684
"741",741,0.339330926838379,0.687573997335037,0.00334733513920836,-809.673452642741
"742",742,0.239631289103459,0.670426311574463,0.00843634111908067,-808.865732344534
"743",743,0.140043021955708,0.541522306006261,0.00695713394770667,-807.513819500652
"744",744,0.204218383544693,0.677764925149836,0.00516084999914084,-807.579972368704
"745",745,0.285438626189371,0.753750075813149,0.0051326295741069,-808.018294001348
"746",746,0.169888049185026,0.497347232141042,0.00497821070204132,-808.274077510538
"747",747,0.563800402954593,0.43531780449696,0.00701903579939266,-806.979504676662
"748",748,0.602363545033193,0.471350179339423,0.00516592720574662,-807.133766486167
"749",749,0.136288113466599,0.706794604300903,0.00734244378147593,-807.872675117605
"750",750,0.231535562144264,0.796782725998852,0.00424629397215389,-808.834598143612
"751",751,0.272501868690333,0.347529084361386,0.00646841466166146,-807.388673301572
"752",752,0.360511057238583,0.357119939900785,0.0069833528118317,-807.077797267975
"753",753,0.389162777018237,0.270177417311756,0.00674061608249014,-807.030401472704
"754",754,0.398872943127915,0.289757692427066,0.00838091288465699,-807.226893132965
"755",755,0.388372944476824,0.389545962543082,0.00662819205439368,-807.01335800349
"756",756,0.26799507961003,0.601143822962878,0.0060668195606414,-807.600089795925
"757",757,0.412838055965785,0.404234314467846,0.00608700179760988,-806.971322914967
"758",758,0.448933033738798,0.278395910043693,0.0118932571341674,-810.107676077196
"759",759,0.452137938043573,0.298855905297635,0.00820416114775795,-806.27527254325
"760",760,0.439589988304643,0.293307449315228,0.00595798787803255,-806.256884339539
"761",761,0.444576151372124,0.300857285362557,0.00665061895142061,-806.002763614526
"762",762,0.461553532521448,0.326858437078593,0.00469825223310602,-807.099674996817
"763",763,0.462976302497014,0.295546302063005,0.00990021300206446,-807.752645193463
"764",764,0.453375228473759,0.308969341342376,0.00627520717654547,-805.996698705237
"765",765,0.455661323336348,0.325809954351526,0.00736117597130426,-806.183158354145
"766",766,0.454031387223936,0.29245982649725,0.0077547161798535,-806.136785878435
"767",767,0.359173801492893,0.387322319138554,0.00430640575479901,-807.779233405598
"768",768,0.420159347412643,0.418736574414193,0.00505065294748745,-807.115141775955
"769",769,0.491621098438753,0.436917516798338,0.00388739996373503,-808.186838986137
"770",770,0.4689719648352,0.551099374786023,0.0054249913510052,-808.27608850713
"771",771,0.220801404894723,0.393726725475581,0.00676633780946261,-807.803749050772
"772",772,0.151621538575185,0.695927537340618,0.00764755756112616,-807.820312457739
"773",773,0.156338786865983,0.579142745309787,0.00908766861627213,-808.456452230696
"774",774,0.232627734475307,0.940353908946927,0.00819141497578806,-810.332445382639
"775",775,0.215393622967705,0.748555938773387,0.00788548572067511,-808.364521342581
"776",776,0.165349842652484,0.896381715151415,0.00470409624238839,-811.005499336893
"777",777,0.249004287771777,0.660832529303481,0.00691381104704724,-807.785694590095
"778",778,0.790711388619591,0.677922136753181,0.00462785581995533,-812.243030858206
"779",779,0.281385470307064,0.517987127574373,0.00458671610792897,-807.926755271739
"780",780,0.57511324072687,0.375486833262852,0.00679538535110969,-807.508396334026
"781",781,0.55571784978269,0.385666576903256,0.00717976675865884,-806.572336929636
"782",782,0.519006672098141,0.339830691468144,0.00730379124410264,-806.426277622191
"783",783,0.268319148361819,0.483659317473333,0.00918324880847721,-810.23792643547
"784",784,0.255077567309686,0.366719529093673,0.00904153398554786,-809.012345910169
"785",785,0.491758697969301,0.399180875975594,0.00780576712640564,-807.580558879191
"786",786,0.398003492980712,0.321624138952174,0.0067003512746573,-806.918094334338
"787",787,0.486238453484974,0.344765986520934,0.00815779480420657,-806.428103367694
"788",788,0.408080241658723,0.401475884861934,0.00912171354957529,-809.261391152753
"789",789,0.491515377604482,0.287464201241058,0.00442010506019157,-808.830781379797
"790",790,0.395283459660041,0.713913983905178,0.00552608761175231,-809.259591943282
"791",791,0.227182977172261,0.610293443340936,0.00709620441205346,-807.673836778291
"792",792,0.206938069776569,0.574458765448362,0.00367647116855264,-809.214860156597
"793",793,0.477730916779485,0.438158775316007,0.0075305823928511,-808.23684872428
"794",794,0.284651571376385,0.370103846460123,0.00703280238756186,-807.318697201889
"795",795,0.599442412818799,0.501320667144538,0.00439962850601619,-808.379797551932
"796",796,0.582766272174724,0.368247044865544,0.00747798423611448,-808.872940673147
"797",797,0.569251832336195,0.367019447995524,0.00714568830683479,-807.749069092132
"798",798,0.362832939370005,0.430993003708109,0.00778596442072874,-808.027627199198
"799",799,0.492155867850353,0.405299693994395,0.00405431730825376,-807.942025765017
"800",800,0.449498808446237,0.54367923486315,0.00431089882304807,-808.217408698013
"801",801,0.323689965309345,0.357301956694679,0.00864125967587398,-808.324332568726
"802",802,0.37680724088095,0.250641091328314,0.00707457232996055,-807.280849142754
"803",803,0.406668961653581,0.240081435017404,0.00897844100438176,-807.34332411659
"804",804,0.418524372442213,0.246441150415512,0.0086681099733596,-807.15636971074
"805",805,0.389574350114196,0.245751951374363,0.00825331547075816,-806.995849642136
"806",806,0.396883024362201,0.304616948330382,0.00523854603260689,-807.459502368745
"807",807,0.2629998513295,0.396005997760202,0.00703195691798281,-807.474069275554
"808",808,0.228806397809321,0.592548797824056,0.0075315198644244,-807.986195864974
"809",809,0.314352343221444,0.495620947444498,0.00847327859030504,-809.563179489316
"810",810,0.613870240631551,0.498310728933116,0.00349285013284485,-809.324300186308
"811",811,0.63351250018152,0.469325434483395,0.00888269616282496,-809.443240049351
"812",812,0.332725620625585,0.253819967410675,0.00637727364096276,-808.379037074607
"813",813,0.269116473805682,0.878209447470474,0.0063142362651756,-808.829619550465
"814",814,0.247607727991055,0.880263031630957,0.00626553963109495,-808.651843957844
"815",815,0.167370904528468,0.378710844542741,0.00769785765346715,-808.983514008797
"816",816,0.238219569168315,0.628983662401213,0.00706596969739605,-807.752289904161
"817",817,0.19721098350522,0.549655021103995,0.00561404841587804,-807.44527522201
"818",818,0.124460924209702,0.527074960079451,0.00739662484261133,-807.708142026018
"819",819,0.112334124603886,0.428819784901479,0.00881828974797781,-809.412137599246
"820",820,0.603892475855879,0.48461787126046,0.00352159742638767,-809.04439203355
"821",821,0.653812070565685,0.491708330427896,0.0089358663505779,-809.970353883305
"822",822,0.630196332759608,0.507243084800708,0.00757543662439783,-808.636016580404
"823",823,0.645748478227999,0.518809355650389,0.0047086381627577,-808.113815610908
"824",824,0.571762074539798,0.444719427304262,0.00734546866464006,-807.31538644509
"825",825,0.462132730655854,0.350820585664458,0.0038427791783637,-808.467241356848
"826",826,0.522806893423097,0.411282728701166,0.00612556850962512,-806.744627135306
"827",827,0.539511048737116,0.426395215308288,0.00517056113498457,-806.957188193606
"828",828,0.35443945413043,0.368017749001684,0.00562089255706362,-806.937977075521
"829",829,0.216105158111418,0.410639132760892,0.00621820990004,-807.803024279438
"830",830,0.301735658335473,0.499691224623274,0.00599518401144892,-807.635774410471
"831",831,0.176103953189254,0.6570976610659,0.00853916770859976,-808.222848860092
"832",832,0.164958093977969,0.748543953676421,0.00554580284052883,-808.039284374553
"833",833,0.239128648281656,0.339521918982192,0.00645570271012708,-807.864273616919
"834",834,0.467221420714164,0.289433351125195,0.00642053989374413,-806.258441593403
"835",835,0.468375506613665,0.41565419857446,0.00544863321108314,-807.099790906317
"836",836,0.383723307228811,0.424923881776916,0.00473548224796335,-807.244199786731
"837",837,0.46993811504691,0.421205380547848,0.00660699029213513,-807.381530830266
"838",838,0.567612721643399,0.451444261458526,0.00537608746059468,-807.068506774009
"839",839,0.324324149689775,0.457379286408262,0.00575141544372791,-807.173528607382
"840",840,0.487772551708715,0.392309575115326,0.00515196484122674,-807.002681296217
"841",841,0.374780499069097,0.446932291218784,0.00592606227285478,-807.10116416733
"842",842,0.446225785839711,0.327510578734654,0.00702536325763993,-806.355288724667
"843",843,0.494498598341789,0.301663815067348,0.005857311021329,-806.837693904637
"844",844,0.41707684429336,0.412765572742503,0.00472015140822819,-807.272171114404
"845",845,0.480592116350335,0.320571513238843,0.00932274756840627,-807.199072053221
"846",846,0.482768258258964,0.349130036648343,0.0106608087667796,-808.764248949699
"847",847,0.499745590744767,0.353576007185053,0.0089819348118241,-807.104276171841
"848",848,0.492846542179764,0.351240885846606,0.00965619247602419,-807.696980047451
"849",849,0.495077975909259,0.303349137088503,0.00562440681070682,-806.873448224776
"850",850,0.513029449159895,0.518937902861959,0.00543590181528674,-808.15526013427
"851",851,0.532704301228447,0.535997449721487,0.00517647721148776,-808.439355644042
"852",852,0.416881003455662,0.495174780189197,0.00468848181265155,-807.548564403656
"853",853,0.193544728052912,0.718946036675263,0.00424843766523127,-808.634833351264
"854",854,0.261968957306785,0.656890939295709,0.00680237920899898,-807.855628887353
"855",855,0.278156974258231,0.749972059653965,0.00659564631406112,-808.167978150196
"856",856,0.23567096351995,0.500612823029785,0.00518405024098787,-807.717713910453
"857",857,0.427414535990682,0.34140603135939,0.00815458338704388,-807.417851562417
"858",858,0.493844970359253,0.333252495498988,0.00520943842820786,-806.271339061029
"859",859,0.255541581581447,0.670276060869205,0.00671923753363988,-807.757401733057
"860",860,0.179803476538956,0.514488075203193,0.00579177932635858,-807.592899292205
"861",861,0.186655119107603,0.599277974262415,0.00762219517198538,-807.650342308532
"862",862,0.0989920330375082,0.432217697622461,0.00702192782501908,-808.944370514756
"863",863,0.542031121124837,0.43105655566464,0.00588284166441267,-806.915834941425
"864",864,0.393968532432936,0.32449604782972,0.0083045841649858,-807.6877766461
"865",865,0.413068537818124,0.295058375498163,0.0105057741245875,-808.420846615085
"866",866,0.464568755167015,0.281810356421587,0.00997157626886069,-808.33925330167
"867",867,0.452007951950812,0.283550775965191,0.00497033117960356,-807.095439511609
"868",868,0.28041028577676,0.255889257772099,0.00885352927438132,-809.766188848017
"869",869,0.312647567958193,0.352828558675172,0.00613826675897147,-807.061988038906
"870",870,0.5026509290384,0.336659154053587,0.00738891792083308,-806.102838865133
"871",871,0.483866077418409,0.310116255337443,0.011011519731109,-809.345936447077
"872",872,0.49264598685037,0.370032550478704,0.0117204026825634,-810.477678597134
"873",873,0.49568672232515,0.29631689829764,0.00850850245115234,-807.951504827504
"874",874,0.409517366015937,0.371756709361391,0.0100045664785706,-809.938662334836
"875",875,0.556460362875937,0.380692789653453,0.00825959049752299,-807.411274205404
"876",876,0.529978888586721,0.385679587218663,0.00488278106632959,-806.485609104083
"877",877,0.238995245203554,0.640930714652426,0.00471712145089488,-807.652272919549
"878",878,0.246264045339582,0.597585511365872,0.00796310827433201,-808.560800537542
"879",879,0.143195939688011,0.648460537276183,0.00660175284105422,-807.569061205099
"880",880,0.211118988654084,0.707136481873439,0.0076989552385528,-808.043743014475
"881",881,0.169382220268138,0.468774625708649,0.00434511961019711,-809.300952192939
"882",882,0.23212138360848,0.40971185436079,0.00611613751540981,-807.601752054174
"883",883,0.505705457596462,0.290558802630973,0.00582855558664079,-808.334752040894
"884",884,0.318864216917356,0.39611325141136,0.0062200135273068,-806.953261343037
"885",885,0.562371645026073,0.413219557214553,0.00549195452056768,-806.315234414785
"886",886,0.337036149078646,0.625841964812286,0.00625091894756853,-808.484705880581
"887",887,0.235869709061197,0.729968024815589,0.00603491551765667,-807.603537441618
"888",888,0.250755173822072,0.625705695357488,0.00642077046375492,-807.55533896804
"889",889,0.279052012341571,0.501185823439939,0.0066442045204365,-807.948113565478
"890",890,0.642235141717551,0.452140861832956,0.00688262475988794,-808.161377032461
"891",891,0.233272362413747,0.600116350850524,0.00469924084746245,-807.684312086412
"892",892,0.25616477706727,0.660853335890742,0.00651197526940321,-807.653176978116
"893",893,0.221070678946168,0.595076371295248,0.00467345183350788,-807.746419461155
"894",894,0.299351826601786,0.810808955866658,0.00563415300007337,-808.480982921273
"895",895,0.165994288053444,0.659651646189229,0.00676462020957384,-807.440850354185
"896",896,0.211234091465274,0.782985873125066,0.00607465901717085,-807.856670159028
"897",897,0.26708346656223,0.790024315724704,0.00597084912701001,-808.093642588882
"898",898,0.255056777271268,0.780321522985688,0.00771170811643812,-808.772900257943
"899",899,0.194879827285354,0.859984854437929,0.00578016861504397,-808.3920757523
"900",900,0.16686905628768,0.815885861075666,0.00629959180561994,-808.163002291114
"901",901,0.143462874124221,0.742931124645272,0.00562588083145682,-808.270052738028
"902",902,0.101716803350838,0.510335316914684,0.00568220268070329,-808.767962161408
"903",903,0.633219807966062,0.528412889743676,0.00737431868111262,-809.17035338728
"904",904,0.178927383747729,0.501182534131185,0.00827622726137762,-808.320362054685
"905",905,0.646615313247454,0.478632161395211,0.00607774403070578,-807.432857180451
"906",906,0.246630480394397,0.448809882120184,0.00752727798823784,-808.183495755818
"907",907,0.220056534142056,0.786352563906793,0.00674321158421497,-808.001445208764
"908",908,0.245840530478735,0.591285123529575,0.00511119769767368,-807.488032217627
"909",909,0.210774336490137,0.347503695282369,0.00847061630763742,-808.982789540615
"910",910,0.267461016180878,0.543599502243796,0.00941833377965423,-810.705050017001
"911",911,0.269154146017358,0.237377839269932,0.0102725681817529,-811.73480007388
"912",912,0.463314699387838,0.497795464305264,0.0100035923919824,-812.444154815329
"913",913,0.572300744100974,0.359744831869877,0.00581905777667168,-808.028488450411
"914",914,0.562770426164304,0.385761157582584,0.00539387181321882,-806.468811640709
"915",915,0.506773360211027,0.421176730017122,0.00446363529489121,-807.558670574557
"916",916,0.322293007012821,0.45699828011833,0.00829678266241539,-808.79316149485
"917",917,0.303660306068707,0.422981459619106,0.00518640713819627,-807.214174007741
"918",918,0.459073981912252,0.280627338788702,0.00706150439840779,-806.348519959792
"919",919,0.449477676423193,0.311681346531325,0.00554772366183848,-806.41893181092
"920",920,0.490255536964204,0.387763551073704,0.00526468511246206,-806.88428894037
"921",921,0.288800445501985,0.572702404039703,0.00582928725619099,-807.727330250253
"922",922,0.264883987079146,0.322310199332587,0.00635867675727778,-807.766498578478
"923",923,0.132058055387806,0.67361571343451,0.0102541839232247,-809.472056304702
"924",924,0.140220747410044,0.764338101629966,0.00667649998198238,-808.093152574646
"925",925,0.281719966820043,0.446275615261845,0.0083633516736652,-808.761686454473
"926",926,0.153716091583031,0.291632813953833,0.00596730614872624,-811.40605092774
"927",927,0.363234223799574,0.792635808332063,0.00525448307291294,-809.130175845935
"928",928,0.198494743351645,0.503039851904682,0.0059097223361205,-807.571606452165
"929",929,0.200029246035927,0.470555603993687,0.00669081113924569,-807.772173977911
"930",930,0.468037501026518,0.345523870915694,0.00663628652369498,-806.231915767327
"931",931,0.424052899457042,0.434305639743093,0.00593488663568854,-807.135314786109
"932",932,0.213754325177248,0.695397621334773,0.00604874023689964,-807.419722944342
"933",933,0.0952171298097992,0.718458485461614,0.00900742285223391,-808.915336469446
"934",934,0.235891599247488,0.625897973182574,0.00518737393144863,-807.418213792351
"935",935,0.210869614784813,0.388982966528657,0.00506615984163592,-808.45102782864
"936",936,0.360540169464056,0.336272471086134,0.00478907762207901,-807.678445743193
"937",937,0.474118774445762,0.325879127367574,0.00946533379766969,-807.258841053771
"938",938,0.472747338489246,0.333253197476004,0.00962020539938351,-807.47111742067
"939",939,0.489863106683615,0.317751610014006,0.00606917762661592,-806.041121747496
"940",940,0.502380152088961,0.322142512018355,0.00570493286329561,-806.333023149684
"941",941,0.421577295019707,0.351894440005007,0.0050966314365925,-807.146755097087
"942",942,0.397500001776557,0.470669731523858,0.0051364807524198,-807.250445890924
"943",943,0.386698440911298,0.624346126407262,0.00551542996684889,-808.738930370113
"944",944,0.264205647707798,0.835617113122803,0.00523623870299997,-808.475152637696
"945",945,0.263472025893426,0.515854462951477,0.00569180113708003,-807.616030524177
"946",946,0.326164453475742,0.78539874103778,0.00514307464619967,-808.597490031001
"947",947,0.0936782089050664,0.656435669873082,0.00500929548135002,-809.879799452848
"948",948,0.320012603910025,0.469180788244712,0.00629038741486661,-807.398773646695
"949",949,0.404582999322436,0.32088427307561,0.0066400699330249,-806.865276209633
"950",950,0.423869514426426,0.377749929389246,0.00468752820868449,-807.361330962394
"951",951,0.520705394640397,0.367288995880697,0.00631908403071459,-805.937553042717
"952",952,0.516817464249869,0.351082419296976,0.0112457010671708,-809.969173704369
"953",953,0.484721536726999,0.353585288205894,0.00802885757436969,-806.533037761078
"954",954,0.505202875272037,0.354991018991798,0.00408946814891439,-807.407754770498
"955",955,0.466784088716359,0.387890982746875,0.00677897280684613,-807.059528331364
"956",956,0.535667190563706,0.376052473461087,0.00637743198051314,-806.036578415101
"957",957,0.538035098253016,0.372451453029345,0.0060060428361009,-806.065661370418
"958",958,0.446683808903252,0.283707003144731,0.00861115328702585,-806.61023023334
"959",959,0.263375871431534,0.908492762671479,0.00912432744203574,-810.805987403583
"960",960,0.214873091627587,0.907897822792109,0.00451495179494149,-809.734004603098
"961",961,0.556899829759089,0.791854376140726,0.00402808207806551,-813.04266798806
"962",962,0.540232917249276,0.526713938677739,0.00680085145336191,-809.1910666388
"963",963,0.355772561289496,0.265539269505581,0.00750448939304929,-807.769969227238
"964",964,0.431975364683632,0.289151467757955,0.00709105480127632,-806.111734517875
"965",965,0.41500435564476,0.274597318285484,0.00825470722967423,-806.558753063945
"966",966,0.384711207431131,0.293522140508977,0.00756362018247931,-807.244498096692
"967",967,0.40914116987586,0.291835435243363,0.00658967226730069,-806.68964106977
"968",968,0.264278828120082,0.785554543586608,0.00705534038139787,-808.45409137204
"969",969,0.127151730559591,0.424434912179846,0.00962209140415259,-810.086708342367
"970",970,0.241445773884399,0.765003626732577,0.00371487132836089,-809.31093426811
"971",971,0.162900728718067,0.413694274352279,0.00824549782374552,-808.982286582019
"972",972,0.372396391606919,0.19239106844349,0.00690369695993244,-809.030154200543
"973",973,0.372190232687564,0.301921933994589,0.00575855739237844,-807.336763081884
"974",974,0.431466039030814,0.25076784387316,0.00993400982231113,-808.312536542319
"975",975,0.317431266222358,0.296123208965374,0.00866565371532243,-808.56397745175
"976",976,0.52107007582181,0.326624219911279,0.00714733495655476,-806.952619347347
"977",977,0.340508335179365,0.617352494540316,0.00317706696925064,-809.751432204331
"978",978,0.245326427254599,0.610517738016396,0.00301056901471594,-810.252868094639
"979",979,0.320753734303023,0.63742655957133,0.00342684825189852,-809.237042264826
"980",980,0.307330449130232,0.449023689137063,0.00348747294157899,-809.11203533064
"981",981,0.48443850915495,0.458314924486801,0.00806321036689139,-809.097180982956
"982",982,0.242443878694957,0.277747595928413,0.00847524452385057,-809.548125463497
"983",983,0.355431602992614,0.335105544854384,0.00817717585090113,-807.823065554018
"984",984,0.515484070932178,0.370623600526172,0.00505329447239202,-806.357248713281
"985",985,0.552482855254116,0.406193608806356,0.00611041281841794,-806.230302922878
"986",986,0.53705905645587,0.369566684720511,0.00496149178793752,-806.426008215824
"987",987,0.521090872538746,0.358945929038304,0.00692448303966881,-806.041267718143
"988",988,0.337738039907626,0.39697840023727,0.00649209122208977,-806.973727926553
"989",989,0.542276087882334,0.418863949313982,0.00456924953399293,-807.108974368663
"990",990,0.307950663054731,0.616787961905158,0.00412449484580729,-808.246497517654
"991",991,0.300951902980059,0.588114509647225,0.0065892343705253,-808.213243718818
"992",992,0.12086254092627,0.663929046879232,0.00611239518425215,-808.094701967385
"993",993,0.24782060740928,0.613255395780549,0.00580688308623598,-807.391614789267
"994",994,0.234775828940574,0.866857229378674,0.00479996352815567,-808.87987211703
"995",995,0.260052773991974,0.848027292854365,0.00385275798838581,-809.79186594158
"996",996,0.303693698561027,0.642192487113502,0.00471946941584344,-807.87394792676
"997",997,0.246134171266035,0.57642172317888,0.00641879073038692,-807.573938305536
"998",998,0.341480755244884,0.743802964792214,0.00589329011612852,-808.640756199181
"999",999,0.297534198091046,0.349839240502137,0.00648989848999191,-807.176913691976
"1000",1000,0.528305924957785,0.378236896974679,0.0063381423807629,-806.010229329713
