"","i","asc1","desc1","pol1","p"
"1",1,0.481850842641988,9.41776882747511,0.354093544453866,-1182.15774061991
"2",2,2.24706831472882,9.3190074316935,0.283370562442387,-1159.15704187442
"3",3,4.44958161410635,8.81980513787486,0.263151573896212,-1147.73905330413
"4",4,4.42541807976693,8.21530054502405,0.1841056755635,-1112.93094006384
"5",5,3.59282729773222,5.75575256221068,0.179807390601404,-1094.7991871121
"6",6,3.24863807721034,5.04723504838717,0.0714287017189144,-1003.87143707732
"7",7,2.26466455007961,2.89957618098057,0.0372000784101477,-936.262355837102
"8",8,1.58948390142486,2.44455326864906,0.0102660571418907,-876.22827838569
"9",9,1.26141569648147,2.0109731008265,0.00396803604649092,-866.346932144918
"10",10,1.26850855220568,1.90270284057349,0.00493699217229328,-864.20100083317
"11",11,1.01831175039085,1.48591223294058,0.00617233446355155,-854.842656400435
"12",12,0.819700395532896,1.17726188917286,0.00709301817870426,-846.62655149352
"13",13,0.184291526133299,0.867481843336243,0.00778469079645354,-838.785704430116
"14",14,0.400111990014888,0.939009324350746,0.0103938209388033,-839.131112848211
"15",15,0.342561821332503,0.960368323781009,0.0101489379194639,-838.549619611712
"16",16,0.369793320786009,0.484600671475118,0.00900128205173614,-834.560289841928
"17",17,0.513995597708127,0.553232417807719,0.00704217603872961,-833.640183101502
"18",18,0.673372219655787,0.441005351010682,0.00825547382914725,-832.785006659356
"19",19,0.57904151085457,0.423027123207315,0.00841909547857615,-832.370498971461
"20",20,0.42726108335803,0.435198770954882,0.00957664541010885,-834.528444798149
"21",21,0.445599219558009,0.456736813797759,0.00570057454070584,-834.506975496834
"22",22,0.708274138129312,0.483418200389215,0.00667692465871749,-832.916609020189
"23",23,0.593177783475039,0.594251178955677,0.00949094442217564,-834.915008028461
"24",24,0.809400544184561,0.634024699015928,0.00655488476769486,-834.372574386554
"25",25,0.85631688891219,0.691892711189309,0.00997655667115592,-835.810750256671
"26",26,0.857284538343161,0.658845084267874,0.00677543174185214,-835.020122048244
"27",27,0.450809086094079,0.513204123139475,0.00829595958777127,-833.745680203352
"28",28,0.674869120032042,0.474952588181597,0.00847938362730908,-832.080572376759
"29",29,0.640806176320652,0.477868459160988,0.0076068183670191,-832.121356828677
"30",30,0.67863693509636,0.501718330432638,0.00698264481151923,-832.289110060186
"31",31,0.666907747898223,0.498707549318213,0.00763923739920817,-832.140058147415
"32",32,0.691049669742244,0.459863132487985,0.00919313315087445,-833.074595183271
"33",33,0.50222109178021,0.400781806245393,0.010340313747307,-834.401467355669
"34",34,0.516685393907541,0.352770443129296,0.00699703366112965,-833.823537666483
"35",35,0.52095382968134,0.353469536957772,0.0135426472063649,-835.913557309697
"36",36,0.513102267406796,0.280186392044279,0.0112455353131854,-836.721401559797
"37",37,0.50479796815351,0.348460839783258,0.0100865432648185,-833.998972556092
"38",38,0.492309041052894,0.354044951848491,0.00724142835497027,-834.254979182302
"39",39,0.556360234043217,0.59387954485342,0.00768848335101654,-834.036983092527
"40",40,0.614549495559571,0.508308460210919,0.00707549095028583,-833.148427100088
"41",41,0.616615285268031,0.428513589331623,0.00901911926879304,-832.102383282118
"42",42,0.65547636715321,0.437025402000832,0.00929445775040648,-832.627332426817
"43",43,0.676726956571695,0.595449008025298,0.00779055539159474,-834.154454484284
"44",44,0.683223261373717,0.522724453906584,0.00768797322345336,-832.380861988529
"45",45,0.7408012309679,0.550272942215241,0.00780488186031484,-832.645984334011
"46",46,0.726336710164202,0.572101403379426,0.00900660385065733,-833.130751915079
"47",47,0.729909231007846,0.539000802052821,0.00850410131314791,-832.557507316426
"48",48,0.71495043189572,0.480897075314978,0.0106932508633187,-834.290816014754
"49",49,0.5403839057231,0.356654474657953,0.00766766765463956,-833.06732594491
"50",50,0.559040759609079,0.352032814518788,0.00722411089829028,-833.24105161739
"51",51,0.541237752027439,0.490693237580375,0.00770030871698379,-833.244792130764
"52",52,0.33497787073482,0.698547692356514,0.00945383543472484,-836.821085789289
"53",53,0.746549311911155,0.45601753383304,0.00779639395266052,-836.642494680528
"54",54,0.753908638135627,0.5045991348407,0.00668431076506369,-834.13778031946
"55",55,0.520979774689323,0.323185965061495,0.00922294530496778,-833.868161091659
"56",56,0.513966425098835,0.308550055360296,0.00879958233491076,-834.315572651635
"57",57,0.515012047660863,0.401750049409131,0.00784059126151381,-833.426541564543
"58",58,0.532823330319168,0.394729283968744,0.00786324313933616,-833.132014926744
"59",59,0.655550553175106,0.630432085803349,0.0101590119408675,-836.009089432929
"60",60,0.41268952246699,0.441845641264718,0.011824074583901,-836.51823431861
"61",61,0.436945744524689,0.291799991513181,0.00748227197827759,-836.603505866188
"62",62,0.513348818029845,0.602189922961386,0.00592629610472021,-834.456509122137
"63",63,0.786118636486829,0.576377572535039,0.0085107484883212,-833.474838782016
"64",64,0.527745628343845,0.36091779745709,0.00921488954857485,-833.231665307555
"65",65,0.51934210815561,0.493601127568415,0.0068303747234729,-833.401927541872
"66",66,0.667217616054258,0.495820058897628,0.00959946895982166,-832.442273144957
"67",67,0.697021329706242,0.494887081701876,0.00820212711018072,-832.199366906247
"68",68,0.710740167129054,0.540857346087378,0.00581916132176322,-833.518857112682
"69",69,0.739685308940009,0.560689482386088,0.00367823545197566,-838.046420692677
"70",70,0.721845308224914,0.480481967219322,0.00875327750828123,-833.485274111642
"71",71,0.495900444794513,0.421320629594301,0.0116925266098139,-835.619679107368
"72",72,0.47622715086816,0.45628247931274,0.00472130840663338,-835.701636837571
"73",73,0.460731585200272,0.701542188267749,0.00714494148494681,-835.290573221272
"74",74,0.560227830766786,0.600891531543423,0.00770278398304773,-834.122854642995
"75",75,0.796292644373083,0.58655563366942,0.00867792271784871,-833.70087927169
"76",76,0.612878261940887,0.600205180590868,0.00601998093231479,-834.566933981993
"77",77,0.574550036915342,0.699782041886848,0.00954079187015578,-836.548365120129
"78",78,0.745460401891213,0.597698177723985,0.0070083070477039,-833.641522682762
"79",79,0.589442321311149,0.614181038307551,0.00573626490534157,-834.851557858404
"80",80,0.485307005374934,0.502882049001836,0.00624556938212704,-833.76453273956
"81",81,0.475957218758985,0.567517937041222,0.00563851907370485,-834.473174688792
"82",82,0.763487247893381,0.6541781795812,0.00636465057773731,-835.444676089694
"83",83,0.727624154140406,0.631737553767681,0.00906376538241492,-834.952050372281
"84",84,0.527136413478886,0.578675216359722,0.00733560974024482,-833.827531699552
"85",85,0.451914811598388,0.489735617575213,0.00767285004613604,-833.565328573444
"86",86,0.541101037047691,0.437468227797746,0.00868787780611376,-833.239354030434
"87",87,0.637669202124244,0.506702652985327,0.00723668456631543,-832.817295490597
"88",88,0.495385629947713,0.550800626953474,0.00820166308323397,-833.787291167883
"89",89,0.614737655857525,0.426358738699059,0.00602200925187217,-832.873306879497
"90",90,0.587330226968298,0.365665614276294,0.0106882900283947,-833.992430163624
"91",91,0.522328389274007,0.432737648763865,0.0105618136384865,-834.405444159477
"92",92,0.518823476167908,0.432885449463723,0.00646580202367213,-833.642301726739
"93",93,0.602192885562381,0.419185099171891,0.0112799503968708,-833.376635360457
"94",94,0.503724046678696,0.377012382497338,0.0110840315674738,-834.656652003284
"95",95,0.597367176469534,0.45666213969535,0.00485957226055015,-834.930622516828
"96",96,0.459328469588932,0.46870539825328,0.010127393610876,-834.647694194318
"97",97,0.666639459393207,0.500469692857473,0.00929117815887362,-832.375208669797
"98",98,0.648596452357342,0.557621767285548,0.00789361879281041,-833.600401519516
"99",99,0.40817835714619,0.480472443068459,0.00778340779554231,-833.862749617973
"100",100,0.555168109633911,0.398177568163962,0.00782871200103024,-832.673765791769
"101",101,0.580556171724444,0.585194472611254,0.00790118268077417,-834.010576934082
"102",102,0.546247794592188,0.496809579086997,0.00509061268960272,-834.784780139192
"103",103,0.721552518047256,0.544308755428841,0.008294011297572,-832.513977451777
"104",104,0.364283200833813,0.593175112189016,0.00743939393023646,-834.644398375087
"105",105,0.41082329847119,0.386192399986914,0.00948549771626862,-835.059477968569
"106",106,0.355283403607017,0.604679901004483,0.00975064641408539,-835.85618411468
"107",107,0.552482488959505,0.370686878484385,0.00706512320227362,-832.979204352154
"108",108,0.515086089511075,0.541817704595527,0.00951425548193504,-834.382837614715
"109",109,0.447663089303068,0.353523752813939,0.00735978845142095,-834.910173556145
"110",110,0.341612887217005,0.574399715947792,0.00717710003388847,-834.777371209589
"111",111,0.510676170993483,0.346643802938145,0.0111242110634716,-834.328368243117
"112",112,0.507131192097309,0.391220881200636,0.00818307010667211,-833.572944826944
"113",113,0.457599539656238,0.514523200149628,0.00981349187321773,-834.566334325346
"114",114,0.549727295004779,0.460361414718892,0.00650269213083944,-833.408782028378
"115",115,0.694724359935846,0.565792997331677,0.00724163821407872,-833.372305169155
"116",116,0.545701047523236,0.513364523007965,0.00557160968489312,-834.219342300299
"117",117,0.695214587207552,0.499818307112749,0.00663411853029348,-832.481856359427
"118",118,0.70512971260686,0.535277632794233,0.00858098167735636,-832.460475766705
"119",119,0.690481945574209,0.512110353144406,0.00857129970470927,-832.213624156614
"120",120,0.682964985086748,0.443568676638645,0.00702378869092576,-833.165080287973
"121",121,0.55666835865175,0.415386152101134,0.00777013122352836,-832.77695814687
"122",122,0.55605362407072,0.411221001254845,0.00616445134718967,-833.539222009002
"123",123,0.635447360414877,0.460845006830998,0.00760237547789207,-831.98137506769
"124",124,0.677043518202201,0.53306807977754,0.00769597502812635,-832.695873709135
"125",125,0.638703216499159,0.470101463070565,0.00841425032637852,-832.017640211458
"126",126,0.554514789470039,0.554106872343006,0.00667085147280084,-833.71844234295
"127",127,0.822256373795984,0.561311873728465,0.00846195559755548,-835.560083985287
"128",128,0.729766229854916,0.506673740711409,0.0109263527019231,-834.268813386365
"129",129,0.534770718079323,0.516835539577292,0.0104222877613222,-834.831607900861
"130",130,0.39189749125562,0.547217467496069,0.00384445157930721,-838.091573318624
"131",131,0.477528926122126,0.657742625150607,0.00461085876391017,-836.507539808217
"132",132,0.587357688309647,0.442345175080017,0.00794497405188837,-832.448124951109
"133",133,0.436537110333316,0.587296725055959,0.00785123721212177,-834.146096333215
"134",134,0.554893212893918,0.526743754236295,0.0101231029275738,-834.609139365828
"135",135,0.406532204104191,0.594458566613688,0.00545434700856719,-835.151869147826
"136",136,0.706083173323919,0.756042108175353,0.00626411467796925,-837.209191642539
"137",137,0.563005079569172,0.429083393219694,0.00873256364212173,-832.818002991435
"138",138,0.560255833829201,0.429756063938284,0.00533821904238581,-834.452041995538
"139",139,0.627172088915097,0.43490763758322,0.00556134707151251,-833.33059736808
"140",140,0.635134367123028,0.445084753764982,0.0100372836726046,-832.516357499621
"141",141,0.586698817250173,0.538064165488675,0.00946740325623928,-834.159361395296
"142",142,0.496415415648635,0.441329697410695,0.0120845198213599,-836.117914933656
"143",143,0.603761414520287,0.447401322904178,0.011449619836895,-833.610682557732
"144",144,0.57190293675596,0.401322290839081,0.00664880439951518,-832.826212606354
"145",145,0.649677433330853,0.607189435694133,0.0082368654332856,-834.467527463288
"146",146,0.403428515551552,0.623892033432269,0.00820026592916175,-834.789167929521
"147",147,0.896114874529492,0.758277744531723,0.0101507492347617,-837.542448778229
"148",148,0.93493983113732,0.677817235130511,0.00627839439417662,-837.989208750881
"149",149,0.75440670699403,0.573692243097409,0.00638621970628368,-833.423760462754
"150",150,0.644427429686284,0.601102670597642,0.0074041069843199,-834.235734717206
"151",151,0.725206847286731,0.633282612937659,0.00741814629019926,-834.766533846099
"152",152,0.476277382775347,0.59086937478623,0.00766577125628702,-834.017673846377
"153",153,0.733978210371739,0.555498995543617,0.0096496733548861,-833.089315270759
"154",154,0.709632998000685,0.538264336049914,0.00847558476205412,-832.470958552635
"155",155,0.688869457909638,0.529482273086843,0.00811399753205416,-832.429602073865
"156",156,0.728610951372771,0.541657162359946,0.00750304292961427,-832.534876207442
"157",157,0.39278255672712,0.702171362332508,0.00755703132913837,-835.626249460831
"158",158,0.326850377729271,0.725484278022579,0.00845949074209591,-836.386359187353
"159",159,0.52595119723433,0.509096867142247,0.00800687101424965,-833.413477071172
"160",160,0.731053085945485,0.482909891161278,0.00805160943168974,-833.687282999926
"161",161,0.532802003404968,0.379834834522266,0.00909964606311503,-833.125960292998
"162",162,0.589673583334653,0.385679387487855,0.00907632389245068,-832.563103478494
"163",163,0.610817900292434,0.54019298961309,0.00823033814202973,-833.553397643094
"164",164,0.564714398478619,0.457130580675187,0.00804686923960202,-832.981763183671
"165",165,0.574592383013331,0.450660272848755,0.0124253083592744,-835.055061184089
"166",166,0.625334122946482,0.497407806842836,0.00988948103816227,-833.221202560047
"167",167,0.642125072491484,0.577759617659214,0.00951226836834677,-834.582410482136
"168",168,0.778092914969554,0.593336404273339,0.0078000085950189,-833.272947662643
"169",169,0.585696634277259,0.564606555957823,0.0104865782344353,-835.305596602138
"170",170,0.513546386247051,0.375284858737193,0.00529412814459882,-835.385219560225
"171",171,0.528346727167619,0.400562606197229,0.00530988925129871,-834.930661689024
"172",172,0.626404054087959,0.532314869776262,0.0069362833327823,-833.422165000204
"173",173,0.479777735896215,0.620239015552743,0.00767639877856008,-834.313976291805
"174",174,0.628427508426492,0.598179657609888,0.00781570384032789,-834.212569195914
"175",175,0.54949337630826,0.40701692483178,0.0106986514263085,-833.614364673886
"176",176,0.628289783558652,0.536355391803581,0.00889856492319479,-833.611421763973
"177",177,0.756717062447748,0.540656683873712,0.00889358013538616,-833.202942530128
"178",178,0.519187662324293,0.384855095302604,0.00937745668334858,-833.550454451214
"179",179,0.502369079424409,0.419586075952324,0.00652429873533519,-833.793959125652
"180",180,0.571228017150036,0.378641407784915,0.0095724047611358,-832.755802586929
"181",181,0.582820927203713,0.44234535251924,0.0076014003332362,-832.578923971714
"182",182,0.673886878738606,0.668064466053519,0.0115314875440848,-838.103815552846
"183",183,0.824772647138115,0.655850025525658,0.00763409642610133,-834.434667470657
"184",184,0.675953927852338,0.584208888714233,0.00817915778217368,-833.980633223497
"185",185,0.558027731387137,0.374740318769118,0.00850396851301256,-832.608999614208
"186",186,0.540827704549381,0.454793586508506,0.00857042803133899,-833.280191148735
"187",187,0.641977036561562,0.489160216613486,0.00760930911743609,-832.297707441774
"188",188,0.660954491703301,0.457932397493327,0.00925800121887887,-832.2968389154
"189",189,0.666430797114997,0.488095948354208,0.00787635056824258,-831.998564607499
"190",190,0.683141438806864,0.476228155609482,0.00867647249797368,-832.246002530897
"191",191,0.67341639689414,0.46661750245418,0.00743902595519331,-832.140117542018
"192",192,0.577242983852188,0.427223679218488,0.00824586452842467,-832.446937235923
"193",193,0.595724013630227,0.541650397145525,0.00591737533410136,-834.065807357589
"194",194,0.558850745253185,0.525497255612678,0.00894127754859468,-833.801654118504
"195",195,0.513577569462793,0.514992595371629,0.00930997028595579,-834.042925800667
"196",196,0.721500402225669,0.58807490600729,0.0067104988281829,-833.826872292977
"197",197,0.482407627658659,0.484641489858787,0.00645716095507646,-833.656872489293
"198",198,0.511968817114627,0.447114257488594,0.00646701459384369,-833.614773626038
"199",199,0.693583724479525,0.515344900100011,0.00658937175568505,-832.589871733329
"200",200,0.521992756741847,0.516634569817547,0.00690765758712156,-833.44870898245
"201",201,0.767213838492188,0.610464390481928,0.0086906775932592,-833.637497418553
"202",202,0.742956651966909,0.540761274217017,0.00893974557002733,-832.872051320574
"203",203,0.550607030049861,0.52408695735313,0.00833793511064261,-833.551253496629
"204",204,0.64904174814757,0.441704771602116,0.00648580528744966,-832.515347520235
"205",205,0.619109585448872,0.453238429994354,0.00741773864511982,-832.127315470728
"206",206,0.629627868157642,0.535216921320713,0.0096430186754337,-833.920736840476
"207",207,0.543394363279609,0.431340654404118,0.00744446510374662,-833.113557534912
"208",208,0.656441005346536,0.460841352669919,0.00660072069380029,-832.32914347823
"209",209,0.628874298496047,0.461066956470419,0.00923597032816213,-832.204190752285
"210",210,0.629480488526441,0.364443188198511,0.00829341229235016,-835.107585615561
"211",211,0.401936926312185,0.531748452940814,0.00809846023781893,-834.037156572267
"212",212,0.641849943771299,0.581690349360443,0.0104609223926752,-835.338574518659
"213",213,0.793287537107083,0.63495491602512,0.0074855472177421,-834.058370207148
"214",214,0.805863240125062,0.620003482235315,0.0108781214941074,-835.068708901784
"215",215,0.812296951035063,0.583747841027096,0.0104023246346009,-835.25071506592
"216",216,0.581920265650733,0.374660864749371,0.00927493512559246,-832.815863519347
"217",217,0.598742731495279,0.518589044295461,0.00798084765403218,-833.294569206501
"218",218,0.492802222678229,0.566040675684996,0.00860578580787092,-834.082254383761
"219",219,0.659657716958118,0.424178865293886,0.00638191807100951,-833.347462090611
"220",220,0.62589481519906,0.429520937786543,0.00989675954456303,-832.510014781294
"221",221,0.556049732054399,0.376289469460526,0.00802870225466184,-832.623684142511
"222",222,0.55314910885648,0.405766347367022,0.010300679041388,-833.300259590074
"223",223,0.639323082232587,0.417521936579364,0.00877952090250547,-832.577269925868
"224",224,0.518379040817111,0.385260543868261,0.00804118953592536,-833.393016375322
"225",225,0.56108985113031,0.461240770212145,0.00877447574799254,-833.199278207965
"226",226,0.600147229620191,0.410805643275762,0.00847560131161137,-832.100942548454
"227",227,0.603462229781795,0.410976285468354,0.00622342453068717,-832.807468889536
"228",228,0.599452015859316,0.4358387199612,0.00938924759245141,-832.361752249698
"229",229,0.586397587929918,0.400833771951867,0.00920352293529282,-832.35982904051
"230",230,0.366041301151901,0.677653626453531,0.00561177144190031,-836.062400451059
"231",231,0.66419357612222,0.416565500685283,0.00669099943714416,-833.736973990895
"232",232,0.530946665599906,0.420066279077267,0.00656964872528533,-833.558327067214
"233",233,0.352280000127475,0.434980318640621,0.00792900914423957,-834.718466330357
"234",234,0.672373059539861,0.512297071478302,0.00765942119847376,-832.307949173964
"235",235,0.719902870791004,0.731586094050486,0.00728609282692632,-836.682546677063
"236",236,0.521846983177393,0.363327111499677,0.00859947657879818,-833.285408015869
"237",237,0.393280644664719,0.552226331116296,0.00688417986520922,-834.159888642247
"238",238,0.267603003793594,0.641083261171235,0.00932077353346983,-836.865328924336
"239",239,0.695602092871295,0.634502358649454,0.00923049983474316,-835.357368618214
"240",240,0.51286172680258,0.3415689431207,0.00642361833667273,-834.419458966881
"241",241,0.512308703287308,0.382286397641012,0.0087256062094018,-833.549139886854
"242",242,0.568295247408756,0.36742643640075,0.00761355919101166,-832.752175729863
"243",243,0.408348698675446,0.703423528390304,0.00736586137906073,-835.521501009355
"244",244,0.534610532974076,0.431290075206896,0.00705711171631116,-833.284950193549
"245",245,0.666510414949361,0.451230364867025,0.00657816080763235,-832.59171072707
"246",246,0.655673701913952,0.453669360782792,0.0106203025385062,-833.04626638709
"247",247,0.625008234844007,0.456594110374992,0.00554556381436416,-833.457979395699
"248",248,0.468282480616763,0.632792759228928,0.00646035794100178,-834.525371844654
"249",249,0.712867153711552,0.622301666091151,0.00549452655584471,-835.638203176801
"250",250,0.397095225000494,0.65668749100729,0.00551090696090287,-835.675211286214
"251",251,0.536467874980877,0.598586249932169,0.00606718309856405,-834.348445904403
"252",252,0.360929454501745,0.51015388142022,0.00787681742025925,-834.310771092247
"253",253,0.420527870567859,0.613390857151618,0.00570019358692612,-834.966369131013
"254",254,0.738081582715338,0.669145025820934,0.00708180824726276,-835.576573997087
"255",255,0.889427076455601,0.666863514998585,0.00770128204932823,-835.66661943252
"256",256,0.258910167379239,0.7673207886686,0.00864686242743317,-837.008198236666
"257",257,0.592095337956095,0.440996629979863,0.00788167009318011,-832.341817135621
"258",258,0.568991681883115,0.368231586445432,0.00887101360247874,-832.744266636039
"259",259,0.452655203099054,0.349654407123706,0.00852528142717139,-834.814719576156
"260",260,0.580900296156391,0.445885502220053,0.00882228382198647,-832.701980507973
"261",261,0.577588601910848,0.44848987061517,0.00966098065872766,-833.089624074839
"262",262,0.685489601408685,0.451546220206391,0.00629636440220978,-833.322827223411
"263",263,0.680956264159595,0.429572458165843,0.00860937218457218,-833.787861439683
"264",264,0.543465846163466,0.359634565540721,0.00970201609343514,-833.153347008558
"265",265,0.590495842634878,0.517430492088507,0.00981707290484081,-834.09423055528
"266",266,0.722243892093453,0.536988444700864,0.0102987895476257,-833.265815773616
"267",267,0.575447300113515,0.3713119515122,0.0143592810610663,-836.891060234089
"268",268,0.524460170857721,0.387887148833564,0.00775316856524721,-833.30338613799
"269",269,0.417200322254878,0.481621911611278,0.00905327196436748,-834.197889289936
"270",270,0.594934324859673,0.504367519808478,0.00696172611728692,-833.240226357339
"271",271,0.451972680174398,0.452477697757479,0.00659928442977293,-833.844937966923
"272",272,0.490844522745871,0.492105343688784,0.00569727915692068,-834.166068094526
"273",273,0.563451167777418,0.378355343497737,0.00613929177844822,-833.42742739164
"274",274,0.530877817085645,0.453265079883167,0.00626832825634553,-833.633947544441
"275",275,0.672723830522145,0.541479767287892,0.00595839022044017,-833.834499276804
"276",276,0.699821465876789,0.5357521330042,0.00881802941980822,-832.547882483731
"277",277,0.394820289842859,0.483229193800952,0.0096506296512769,-834.712745933061
"278",278,0.685133718365034,0.490960511913903,0.00772897888421597,-832.067505592108
"279",279,0.642970369411417,0.480057932425945,0.0117002120709198,-833.798848001589
"280",280,0.661233584748498,0.526277138271656,0.0106202645814896,-833.668001768857
"281",281,0.719067365769975,0.635983046725492,0.005681343896518,-835.683710517511
"282",282,0.467774184931939,0.448477393037423,0.00471113282077452,-835.825394782276
"283",283,0.340174028110168,0.658001082627402,0.00959566478902446,-836.52093602908
"284",284,0.427261139093689,0.727420315744552,0.00519088764924062,-836.604797629103
"285",285,0.551199574196309,0.602248728540977,0.00765515424871482,-834.117897488767
"286",286,0.572550342803218,0.573068324855658,0.00805930906737376,-833.910224935627
"287",287,0.737782802531533,0.53421006278788,0.00597427597123951,-833.405910611188
"288",288,0.507514587688621,0.328129574868076,0.0103977465911518,-834.1842548121
"289",289,0.509966534695557,0.388705034561549,0.00640229068780789,-834.083672423778
"290",290,0.515799786911444,0.581996918798956,0.00740750256282735,-833.862450352297
"291",291,0.417571113544786,0.42114579984334,0.0098532923821227,-834.859286531597
"292",292,0.462294978011467,0.339738917575811,0.00659761835889493,-835.381668566811
"293",293,0.50662804132177,0.705561846217445,0.00796818083369707,-835.519399937748
"294",294,0.925199069526423,0.72502168834713,0.00805934071924404,-836.461188223801
"295",295,0.577227290408895,0.490244570916343,0.00677783835083578,-833.266889797953
"296",296,0.480735269745031,0.439453665148735,0.00793795361565264,-833.531117798918
"297",297,0.651681273263004,0.518543817466507,0.00879024239049301,-832.827835905115
"298",298,0.704188680165809,0.51242362361719,0.0103385552057215,-833.083937141536
"299",299,0.662670699111942,0.482502930932255,0.00817027577194486,-831.967736221069
"300",300,0.643460194584763,0.525234355335362,0.00806088071124099,-833.027286515954
"301",301,0.432933800429163,0.548738164371085,0.00693339893544961,-833.862079391027
"302",302,0.40429321432936,0.484574638154442,0.00717923883296029,-833.902176870546
"303",303,0.703166191075766,0.523380547794998,0.00852292599367143,-832.312738540051
"304",304,0.704720802905334,0.499563155989498,0.00734802913758498,-832.327750437162
"305",305,0.71007311766006,0.549725149118375,0.00849098754251503,-832.669867217706
"306",306,0.601673244712613,0.444310408085599,0.00946914992902555,-832.453035642187
"307",307,0.617045681500912,0.419909407395382,0.00898647916250318,-832.173192011302
"308",308,0.582596834210904,0.513243527494196,0.00574981276865039,-834.032240485707
"309",309,0.625675575766714,0.480222629589016,0.00746372388188253,-832.431927072744
"310",310,0.623158113839573,0.516808670043136,0.00834142743568859,-833.152981528852
"311",311,0.419099821815005,0.434136154322751,0.00703460583859886,-834.07274185994
"312",312,0.526453241095333,0.492892782492252,0.0085053346636805,-833.478756220382
"313",313,0.682385441230078,0.454015566193626,0.0119068099875991,-834.963285084956
"314",314,0.459834212883894,0.34358348134224,0.0113110908708268,-835.763230222632
"315",315,0.532369561662637,0.341433753149632,0.0106611578423356,-833.920991596876
"316",316,0.563827620181099,0.4281670649229,0.00892089649789157,-832.828499358345
"317",317,0.652395296495161,0.527914167059519,0.012529679968751,-835.398782528106
"318",318,0.727636686832329,0.528116011811242,0.00740946290272099,-832.515086533405
"319",319,0.38803051173001,0.60929608138956,0.00738385872169656,-834.567612379676
"320",320,0.29709422607225,0.682783286181727,0.0071832032831697,-836.116365429609
"321",321,0.474525951697266,0.336541927110242,0.00777777789440737,-834.669883235821
"322",322,0.405838698710576,0.358543491548264,0.0109977566746227,-836.42615295941
"323",323,0.461600304351003,0.544926326667798,0.00704281985685929,-833.69969935031
"324",324,0.697094488957823,0.580959500832443,0.00635965921359371,-834.134528764818
"325",325,0.284117506714555,0.547444908147585,0.00890458884457265,-835.811488311123
"326",326,0.48270606630582,0.529136671745754,0.00975983918306091,-834.534185003159
"327",327,0.54170593464608,0.445578181525236,0.0105487323852237,-834.229005049632
"328",328,0.54916196207151,0.343100034525165,0.00622793991376706,-834.117385095799
"329",329,0.440389989773693,0.391913197115128,0.00680577202059855,-834.477681983119
"330",330,0.49036272150362,0.619763071591196,0.00805472109264405,-834.403038986462
"331",331,0.511532257437919,0.394872569520919,0.00762699767112909,-833.519895473776
"332",332,0.44238253589196,0.34040037437891,0.00998252016306493,-835.50459312625
"333",333,0.513000260350028,0.349391759268462,0.00641123604725684,-834.346988266131
"334",334,0.577144150137118,0.581391092298811,0.00836890895914982,-834.112586735411
"335",335,0.413314232342529,0.581946767692913,0.00851636650020945,-834.445004565826
"336",336,0.686597109258598,0.532343270586671,0.00681741467153435,-832.816489573682
"337",337,0.707103453203829,0.482717585169325,0.00931230557754192,-833.008252989302
"338",338,0.557472278372059,0.345056546099205,0.00711740356564921,-833.511121953258
"339",339,0.503207555053302,0.396295998970537,0.00680236136029408,-833.84804982246
"340",340,0.631236517769781,0.524891359004426,0.0053931920722857,-834.470986153343
"341",341,0.665319142234801,0.533490825786443,0.00551612324924435,-834.236850544824
"342",342,0.58053955603148,0.36850965617906,0.006691082844485,-833.181601977739
"343",343,0.441995910864653,0.659905359123574,0.00697742798149422,-834.802276784563
"344",344,0.426966800031551,0.561801505447508,0.00819742688342802,-834.085346797349
"345",345,0.790381260247592,0.594187535903893,0.00682849268736164,-833.640247135652
"346",346,0.491243866137915,0.440016596980837,0.0092943187021616,-833.908924946232
"347",347,0.655367391815722,0.468260084514996,0.00787136884114736,-831.918417317436
"348",348,0.657242552183244,0.571959423763114,0.00631063247465073,-834.153415721667
"349",349,0.665500002819377,0.577890522744191,0.00940655412618988,-834.354140115274
"350",350,0.568902172013716,0.521048009180744,0.00975116788764509,-834.215021149926
"351",351,0.630137982566419,0.490136307077543,0.00844094783251665,-832.501394066607
"352",352,0.637901230424482,0.495803232419099,0.00778162593238074,-832.476897901318
"353",353,0.678235717438022,0.486830882262456,0.00717376343819362,-832.133288779825
"354",354,0.510820606029742,0.469931452986757,0.00798437568307904,-833.336063115349
"355",355,0.506829206725541,0.395030219288711,0.0068901348691163,-833.782769484816
"356",356,0.49671882187187,0.561141382789832,0.00974827751390723,-834.764253887891
"357",357,0.400674479328543,0.414232505501263,0.0106311077340134,-835.620464380285
"358",358,0.333503131922219,0.598956184394337,0.00726966572061761,-835.048931805044
"359",359,0.659883050971495,0.564781950909842,0.00598712504015859,-834.281584330844
"360",360,0.796993935093049,0.603570804701981,0.0112047439992645,-835.151637899893
"361",361,0.764535136158849,0.55246865918884,0.00932845746438207,-833.442996544733
"362",362,0.68042944271598,0.552188478166013,0.0148227369335173,-838.004031372632
"363",363,0.656267334793279,0.473923225036379,0.0130672239123374,-835.101037035691
"364",364,0.646769321833741,0.502039490696312,0.00800511519855678,-832.443275797286
"365",365,0.692694390429944,0.53888312540986,0.00943204257371552,-832.874769157841
"366",366,0.705966190272052,0.553754678416915,0.00888120784337316,-832.878852147592
"367",367,0.711636443342898,0.546100503170469,0.00664395495965558,-832.934154473572
"368",368,0.725671737757074,0.597277335838758,0.00540744496495827,-835.190328131485
"369",369,0.535642068252257,0.808474878101305,0.00490255669811016,-838.104166716738
"370",370,0.541927503121075,0.518141750830052,0.00507502420053559,-834.84678426002
"371",371,0.467951439329832,0.507948820702239,0.00805482987586616,-833.588666030523
"372",372,0.607303856777655,0.447864490961478,0.00947505590459074,-832.411183177414
"373",373,0.603619156889505,0.414806672860704,0.00962698929225795,-832.400004302253
"374",374,0.584452925675688,0.530994769358499,0.00988844328336,-834.362484359852
"375",375,0.609286351935107,0.54194610095631,0.00625159992609465,-833.844333768401
"376",376,0.585282657158594,0.573871718340843,0.00511759129406291,-835.132141117395
"377",377,0.768207253231886,0.609008180184729,0.010619229467291,-834.495129719138
"378",378,0.772271026770857,0.605855023253339,0.00935241502436969,-833.731154990584
"379",379,0.767964192160224,0.519955328133167,0.00847481468552858,-834.154523733844
"380",380,0.418509525234252,0.305826299180342,0.00828110500655696,-836.377111989176
"381",381,0.399821798336487,0.267777139555375,0.0107846004831567,-837.894332501029
"382",382,0.446626787923509,0.529346921930095,0.00953499203700666,-834.488889480055
"383",383,0.404096619804415,0.429018233636828,0.00629394467319455,-834.61666316588
"384",384,0.564886305299637,0.452517926921296,0.00803665779216774,-832.943554509898
"385",385,0.677731109072699,0.50736777170698,0.00940804873949532,-832.445097799531
"386",386,0.707801968316019,0.495396126112732,0.00923296286416855,-832.70581610815
"387",387,0.586181792043121,0.39118760044513,0.0087520500080796,-832.35345185276
"388",388,0.49912126977996,0.530003508002351,0.00715384902127953,-833.511551640529
"389",389,0.733767084839116,0.50618843765197,0.00680335336702345,-833.141802521013
"390",390,0.515057961739425,0.397831341277002,0.0121861486889989,-835.373058222792
"391",391,0.428981800574316,0.228485921276412,0.0130373334124274,-838.986275415362
"392",392,0.414569825692224,0.246593496180298,0.0139240471679751,-838.81646000702
"393",393,0.433477409328402,0.432003341649324,0.0110719942156066,-835.635935266564
"394",394,0.451581675922375,0.522475722137541,0.00815622791284034,-833.734384462723
"395",395,0.717872066029125,0.554297210883587,0.00865523200406031,-832.731875500386
"396",396,0.751999520495672,0.543858195210968,0.00639587309474563,-833.279288763344
"397",397,0.508631617068437,0.521163662349449,0.00837185603525462,-833.624633868064
"398",398,0.489089234099666,0.530071774987623,0.00575749529749127,-834.167212720708
"399",399,0.549722455513557,0.477181845049898,0.00925430124847337,-833.616815975628
"400",400,0.486883041528962,0.348345906018426,0.00788061763439446,-834.238559219184
"401",401,0.522453704871741,0.472075223386677,0.00603646331331346,-833.79689550252
"402",402,0.483737542362683,0.454015025827035,0.00943700182647098,-834.02931580355
"403",403,0.370166114340609,0.447583565362871,0.00672554800478949,-834.582644113847
"404",404,0.608872413923878,0.423653518978053,0.00590243164601477,-833.032747144823
"405",405,0.582179131139663,0.470445534362339,0.00637816147118084,-833.341988797943
"406",406,0.670719508174901,0.459260340451422,0.00982142811969131,-832.749168367429
"407",407,0.679263172127263,0.454019677891047,0.0101891134397706,-833.383056059566
"408",408,0.67563051059563,0.444081959211292,0.00801207256555302,-832.728378272587
"409",409,0.620107761542314,0.483354735823932,0.00835648931201457,-832.537889936195
"410",410,0.68700309339568,0.518742976318595,0.00816948205231538,-832.257426232664
"411",411,0.698889034631373,0.515102056239975,0.00919193098585436,-832.432743351535
"412",412,0.668991642424327,0.492767672219338,0.00842305329553393,-832.052575434359
"413",413,0.677055618280491,0.474373026494012,0.00716679012319148,-832.176329194277
"414",414,0.670431035985902,0.521778579478605,0.00785145840683257,-832.512441795475
"415",415,0.64085455559083,0.459769628626253,0.0092217405286279,-832.124247052916
"416",416,0.498272193238195,0.624174852322153,0.0077909192594361,-834.368832216925
"417",417,0.702279064220183,0.594268556385021,0.00523668358209554,-835.486607591134
"418",418,0.626317796272646,0.491887603100847,0.00499341270001103,-834.736219242051
"419",419,0.637751491393518,0.418739912972712,0.0103936186298591,-833.290108607239
"420",420,0.570561336158408,0.384319827762286,0.00783693480267936,-832.440400862178
"421",421,0.593573917072112,0.5365235192097,0.00615780027964651,-833.852519815816
"422",422,0.636363825836611,0.520298247023095,0.00796420144547276,-833.017889404083
"423",423,0.547731657689897,0.438547401443813,0.0112274695999179,-834.504411215949
"424",424,0.65695100403372,0.538066692060103,0.00634319524604643,-833.616471544396
"425",425,0.752731329504235,0.594544285495795,0.00677584590857956,-833.591993922697
"426",426,0.783533596880725,0.561140702795215,0.0105950116971146,-834.741447211525
"427",427,0.666323493644952,0.502600527603376,0.00543268332493134,-833.736454773072
"428",428,0.662958471748099,0.482991694139741,0.0117002194167084,-833.797709511806
"429",429,0.691670676919416,0.50536530943134,0.00539671463962408,-833.655202313564
"430",430,0.72107481964591,0.548715325028201,0.00510912076914193,-834.535074560152
"431",431,0.571133757190926,0.420022219181851,0.00851728479632105,-832.505801480556
"432",432,0.523375481038959,0.422439946932777,0.0054019306685489,-834.662598478767
"433",433,0.491378482367005,0.658199813102501,0.00647944610338333,-834.775284646493
"434",434,0.609324334211174,0.382346408347076,0.0074256314824605,-832.964673222061
"435",435,0.584015940882642,0.375061295806309,0.00970340027923599,-833.005849635667
"436",436,0.56197030305201,0.432924696875982,0.00833265394619994,-832.827193221553
"437",437,0.689877511234894,0.452365922198714,0.00779619818647228,-832.980587036962
"438",438,0.577196167093096,0.543898151729088,0.00636278253011707,-833.779334528953
"439",439,0.436744188151568,0.489972321107801,0.00769904344602782,-833.650886202337
"440",440,0.661733046997745,0.516649219731111,0.00777040684897316,-832.538892904146
"441",441,0.66135458818165,0.482680645964383,0.00616954841646695,-832.700284990077
"442",442,0.670879494448358,0.462108603404548,0.00892447816902635,-832.292242973754
"443",443,0.627856652411828,0.498718293577489,0.00975115448320777,-833.135103337678
"444",444,0.68233728217801,0.48550529936183,0.00860396323019958,-832.125978592388
"445",445,0.665179889901794,0.477837833838902,0.0061627648686731,-832.664821435028
"446",446,0.672191038199703,0.473087250164728,0.00535259654052759,-833.597180609907
"447",447,0.671498806386073,0.496816494248676,0.00540341146053949,-833.639747063421
"448",448,0.453626120589681,0.548442389822108,0.00536213887575466,-834.743959440726
"449",449,0.65233738482474,0.426836915504843,0.0119654395645987,-834.829287098857
"450",450,0.644376311908385,0.495319561211354,0.00710478901743187,-832.520070962374
"451",451,0.663390169421247,0.472928988506571,0.00867339331027815,-832.020321249881
"452",452,0.660681138730888,0.468268502741689,0.00846161837885851,-831.97515119468
"453",453,0.631988059900557,0.494791560121551,0.00709465391415401,-832.716450909386
"454",454,0.632815368120136,0.444794937213827,0.0086818084482825,-831.973114284355
"455",455,0.590094007778167,0.378225074812458,0.00749542249069448,-832.680398053641
"456",456,0.531502820752132,0.622929664363172,0.0056208208087356,-834.900147729566
"457",457,0.400980359406806,0.679872331762947,0.00511966926728693,-836.294153565609
"458",458,0.307356452317321,0.629851171198319,0.00777296314831602,-835.718509631378
"459",459,0.695820659214537,0.543748258101712,0.00789494394018405,-832.664145522774
"460",460,0.704056804589729,0.542501388991312,0.00758625377401779,-832.579993247783
"461",461,0.717629503335636,0.536130766070611,0.00906857460746964,-832.605128436241
"462",462,0.522287954504105,0.345392231406999,0.00967325301682045,-833.531924526603
"463",463,0.499262048613153,0.354260072824574,0.00868228850558083,-833.857109602109
"464",464,0.377017522505106,0.363578456823905,0.00800810489305909,-835.525485839373
"465",465,0.390236514343441,0.571443959286758,0.00564493302649749,-834.968811617505
"466",466,0.469867392736717,0.506834383409233,0.00470847959677141,-835.569484589906
"467",467,0.506414561763522,0.447187624581474,0.0100841087399322,-834.291289051839
"468",468,0.497921772854439,0.599730046041149,0.00802695569901645,-834.168212364153
"469",469,0.513664604435241,0.579452075512994,0.00613153162750832,-834.139409839661
"470",470,0.739675292015936,0.500419344626095,0.0100443298560236,-834.242376604669
"471",471,0.550816154524867,0.546470413030695,0.0085141817024871,-833.807684978035
"472",472,0.712862219710128,0.495955923914118,0.00911744692972482,-832.787513688982
"473",473,0.63152718854704,0.507490168071277,0.00691235138838681,-833.030670449036
"474",474,0.667231176828557,0.552859905478899,0.00766478732503055,-833.341040942786
"475",475,0.658131706898845,0.405226822066275,0.00787136603624884,-833.833129559813
"476",476,0.443398606532506,0.628630441533214,0.00724414733157059,-834.440437855905
"477",477,0.548967352713625,0.606464049782109,0.00862521517580343,-834.508384137765
"478",478,0.461875966998843,0.550676197623426,0.00870044091086337,-834.074759797993
"479",479,0.786032950980759,0.57658547569643,0.00791201338316282,-833.385521300011
"480",480,0.708450053695748,0.575176653251371,0.00827777848135182,-833.322998583198
"481",481,0.495273675826809,0.609779840275262,0.00665048533095015,-834.199934886778
"482",482,0.536093886213182,0.609174024733495,0.0066929205440434,-834.193381176809
"483",483,0.71924500715059,0.547183802690912,0.00593643647138846,-833.456717302779
"484",484,0.419072336356859,0.565999765970642,0.00843499670896565,-834.246707702263
"485",485,0.322694941949125,0.536929222712043,0.00598893092052896,-835.430713863526
"486",486,0.530792841440829,0.509474833007411,0.00524467065486192,-834.602747060883
"487",487,0.638058465139101,0.568455421575794,0.0111476222813741,-835.661671027976
"488",488,0.386976689434721,0.369359725689684,0.00985137674044418,-835.775288510747
"489",489,0.476418041341661,0.309500431332202,0.0103470386942345,-834.937136833981
"490",490,0.528972008066012,0.418592071927735,0.00997508378288326,-833.828979213011
"491",491,0.57205113647454,0.454540758100289,0.00749253633924377,-832.898798897075
"492",492,0.590900303978636,0.382907201364215,0.00689115873839323,-832.774618315363
"493",493,0.596077832534462,0.364539597541655,0.0085342364362589,-833.373231901631
"494",494,0.574060186071422,0.372018211844241,0.00766531862576407,-832.658629210303
"495",495,0.587017154687289,0.374773920879152,0.00769614702122347,-832.704720140103
"496",496,0.566152496143349,0.443907976196275,0.00943500706174472,-833.160522401825
"497",497,0.644003086989026,0.505719745511545,0.0058951955470542,-833.546495107395
"498",498,0.719699486667751,0.519043159132716,0.00965922060553977,-832.888625112693
"499",499,0.665725921703423,0.473105544673133,0.0110313860298574,-833.29219166373
"500",500,0.64354770945254,0.462183372335843,0.00854563234499991,-831.948431335839
"501",501,0.661860490966835,0.504340218186786,0.00777567058752161,-832.273448055233
"502",502,0.728424985401994,0.605627775421201,0.00750612591545765,-833.964586282374
"503",503,0.766200778703501,0.507358027227172,0.00719400776266646,-834.564469996656
"504",504,0.735763360502719,0.584950029821712,0.0061958744467927,-833.907644756929
"505",505,0.785008847391166,0.572367043585589,0.00820074495545978,-833.42424315458
"506",506,0.726249112773408,0.525521662028117,0.00661103187302262,-832.795079544743
"507",507,0.338961722678594,0.552991626526988,0.00673287122510974,-834.803631193834
"508",508,0.730143825209312,0.558320837910878,0.00898491972481967,-832.84321444701
"509",509,0.554335158028342,0.340559777312837,0.00832425320913707,-833.410101919281
"510",510,0.553813828319361,0.412550366297909,0.00741669875101306,-832.884864720754
"511",511,0.618523746270918,0.622558952159152,0.00648820251291738,-834.607893373242
"512",512,0.48709551021289,0.387122535633032,0.00688513965449234,-834.069515698871
"513",513,0.497564698310759,0.76568737409949,0.0078714859495818,-836.422345137451
"514",514,0.315733318641355,0.730235669486376,0.00614892540860782,-836.452874986158
"515",515,0.469041095416584,0.621902361987398,0.0053404213037747,-835.185020574304
"516",516,0.665041450531944,0.555903731918383,0.00666532223243315,-833.692504447347
"517",517,0.713458037008049,0.470224815714135,0.00898754376994418,-833.597861998554
"518",518,0.442878176245593,0.591521702402406,0.00779701049270144,-834.145652143957
"519",519,0.80870822174003,0.636065448375063,0.0123428917389273,-836.53594995194
"520",520,0.811236271118118,0.581326358866017,0.00464974426888244,-836.606862763092
"521",521,0.409369711418563,0.671960170998462,0.0102434593870132,-836.800872987991
"522",522,0.409356179073214,0.359019393987032,0.0103300118807764,-835.923456753619
"523",523,0.395506258362125,0.587643624357503,0.00667138612022365,-834.410575842998
"524",524,0.576118414912544,0.335719508616536,0.00741712127725239,-834.375211347281
"525",525,0.562152027645276,0.354143650010324,0.00828816411379127,-833.014239429471
"526",526,0.541070561121758,0.421428818862431,0.00734748811701429,-833.145141823719
"527",527,0.462817296321972,0.447704452005911,0.00673636639646584,-833.745808596947
"528",528,0.626824871058062,0.443892338740954,0.00873881182776163,-831.986886302607
"529",529,0.629686900325964,0.435464544488134,0.0109945795273118,-833.191027848985
"530",530,0.618720665828443,0.387432399989672,0.00857251210678397,-833.05739367401
"531",531,0.498814131917341,0.649945473701719,0.00889001981529423,-835.193804550163
"532",532,0.364658519285514,0.799273743831793,0.00904087098510032,-837.106799529787
"533",533,0.402681929137918,0.421724601075689,0.00719831940992601,-834.316980599495
"534",534,0.565674177177338,0.408952370227981,0.00879335322518698,-832.544806346579
"535",535,0.584006459994401,0.404076816637042,0.00957891825816716,-832.486126089297
"536",536,0.569080115139474,0.326231067160755,0.00763360706528507,-834.704848764373
"537",537,0.532884261150925,0.329601666220957,0.00753263902999319,-833.759156875236
"538",538,0.484881066344321,0.332548928530658,0.00724201222324602,-834.669464874952
"539",539,0.490421200702007,0.639976179503421,0.00722623234075268,-834.470160602959
"540",540,0.775846200665057,0.639451390733267,0.0117022494984302,-836.02363144837
"541",541,0.774200018321904,0.627905674443384,0.0121903161009472,-836.162614702766
"542",542,0.80686068975458,0.683509180572223,0.00661214766166726,-835.756636237473
"543",543,0.2575634405886,0.484887240385445,0.00726240429494617,-836.208673255671
"544",544,0.404764539326473,0.368016545949182,0.00837150347157211,-835.077473753251
"545",545,0.370140772316175,0.765288421090324,0.00721772951776457,-836.194459756349
"546",546,0.660676112494748,0.624937813853416,0.00391248317528345,-838.27224364963
"547",547,0.583848271391049,0.60342098255806,0.0104257685734428,-835.827778329232
"548",548,0.340350430543888,0.397697394781237,0.0102748911583474,-836.238364346586
"549",549,0.515797564545305,0.483095322697044,0.00547464051405805,-834.336913465837
"550",550,0.704537507009231,0.614064676803894,0.00998289182141588,-835.174292180973
"551",551,0.766734399612084,0.536129036233494,0.00702672324854553,-833.533114311489
"552",552,0.468559747762131,0.670557500142379,0.0074351489438779,-834.894117538337
"553",553,0.679584685304992,0.729036733354472,0.00740368243011783,-836.416970331516
"554",554,0.654542905212991,0.37344308230756,0.00827186935980248,-836.242739308761
"555",555,0.407896250428118,0.526024314001903,0.00832720388037527,-834.040042772702
"556",556,0.334701923010963,0.463611206655378,0.00831198695678678,-834.803016851662
"557",557,0.350957520055595,0.595501200130732,0.00720059992295639,-834.809396588732
"558",558,0.533297229024196,0.733183982522531,0.00707680454056659,-835.779172838116
"559",559,0.464342875679962,0.581440077142838,0.00639074777712667,-834.099982386784
"560",560,0.54857398028734,0.399024285589831,0.00726018491739039,-832.964101847092
"561",561,0.547548235187701,0.522803123687275,0.00918420687900954,-833.938576535052
"562",562,0.283320987777624,0.461227294091526,0.00685700484258334,-835.907497699994
"563",563,0.328217046251381,0.464223612849814,0.00918010088574818,-835.193035727475
"564",564,0.595584546560458,0.379476237323828,0.00833569199745836,-832.6869528143
"565",565,0.581036133833965,0.387548867397356,0.00920824797570998,-832.51017434545
"566",566,0.56079514697934,0.527513290395397,0.00583892331079873,-834.022056750877
"567",567,0.770501105143104,0.587389523594614,0.00654667225863612,-833.545947238429
"568",568,0.542485212952266,0.378634666717459,0.00767982376164584,-832.908593389148
"569",569,0.478763136038486,0.475943224851035,0.00703942784322849,-833.479720229318
"570",570,0.539508902904146,0.439326996275405,0.00625988829196044,-833.632820588661
"571",571,0.511401100221447,0.486257268153764,0.00981183865056918,-834.218289338233
"572",572,0.571842075002267,0.432514972356739,0.0125671102405151,-834.867025474977
"573",573,0.649235160149287,0.56141847087148,0.00543373385114108,-834.783541974358
"574",574,0.760254336459302,0.572101108972441,0.00621896190898805,-833.555615018003
"575",575,0.371737270084286,0.936494266337315,0.00605586664722613,-837.638910021181
"576",576,0.437812048782817,0.371149697784698,0.011325603795901,-836.115683528357
"577",577,0.577171843907283,0.347545536792476,0.00949547723145207,-833.904191467858
"578",578,0.575704491978892,0.488630114620335,0.00591337089671737,-833.79233178027
"579",579,0.53188485070582,0.53305462596961,0.00969061859277992,-834.400298762866
"580",580,0.778582020537731,0.636085528711618,0.00871076660318284,-834.233819399332
"581",581,0.635785713176142,0.538331293826147,0.00712782069300546,-833.412010828837
"582",582,0.280490232365484,0.968223784244607,0.0061731460278071,-838.209092736883
"583",583,0.555700698607706,0.354230409110689,0.0081068056894056,-832.971352251085
"584",584,0.533955457300459,0.672372946167302,0.0116105145669458,-838.180269017855
"585",585,0.566037008379176,0.436263690286746,0.00860570768048636,-832.823273642074
"586",586,0.619310280202643,0.415335229860692,0.0102539077523687,-832.863027097398
"587",587,0.622470024994298,0.426128750777559,0.00927994695188374,-832.23807007535
"588",588,0.560786092945955,0.37654077068228,0.00707825220629044,-832.821066393712
"589",589,0.569153004349963,0.534029643010569,0.00725386419215834,-833.454352621114
"590",590,0.444306592689354,0.450018168250055,0.00808515930743008,-833.737960096668
"591",591,0.544559798249227,0.480794787606157,0.00907805404546722,-833.583333228889
"592",592,0.712488208933218,0.495841534644385,0.00722408798274211,-832.572307619118
"593",593,0.496535346780833,0.559510127476505,0.0074642380445381,-833.695955652504
"594",594,0.490253830066867,0.356667084112088,0.00927765462777722,-834.157354127743
"595",595,0.416656102502878,0.394894684690521,0.00778840383853908,-834.453843651645
"596",596,0.649941073741805,0.497396962294419,0.00833713262267382,-832.3017623071
"597",597,0.482668314038239,0.496931704381415,0.0097337078511293,-834.32870943739
"598",598,0.666149629826461,0.495503917665716,0.00958590070143313,-832.43744216654
"599",599,0.460305368505774,0.505614362102074,0.00834540319205381,-833.69706689023
"600",600,0.358210964970639,0.569855485891849,0.00683706002305381,-834.610499452918
"601",601,0.50624907944898,0.34857459369287,0.0101570916873426,-833.988480008822
"602",602,0.485003796209083,0.627445144795495,0.00825198666739038,-834.573931494644
"603",603,0.542778402005546,0.675676596162164,0.00666349432489596,-835.001888243348
"604",604,0.518195066178712,0.401406358818846,0.00991078682166393,-833.878286190779
"605",605,0.582880556402629,0.436048168117024,0.00859522959425914,-832.472989124975
"606",606,0.651381616525929,0.529277338239286,0.00712669078739886,-833.123356480421
"607",607,0.690972732200312,0.448435519958833,0.00848623492329441,-833.296858557748
"608",608,0.424555163442061,0.628309144462897,0.00977869379476344,-835.714716858296
"609",609,0.88699887908468,0.698835089758486,0.00548126576572356,-836.865702171517
"610",610,0.9142541103098,0.77770522620976,0.00569764112192755,-838.638008520471
"611",611,0.256389441200235,0.716460634686482,0.00613702701806106,-837.164617038986
"612",612,0.553868424281029,0.629250733307936,0.00586971628958375,-834.811715837478
"613",613,0.424263357351509,0.593457583225091,0.00804939527533292,-834.312990396655
"614",614,0.480826979542371,0.519936850338818,0.00700645847070772,-833.534337484628
"615",615,0.651187962781164,0.489251683705759,0.00936012634621552,-832.378355950836
"616",616,0.688471474447158,0.485234280208362,0.00839383570469152,-832.173851248726
"617",617,0.643262105694248,0.550071275651277,0.0079821873390109,-833.510083939886
"618",618,0.492878454248517,0.537731208488139,0.00771800529163728,-833.584854245215
"619",619,0.498077434932894,0.354929091733087,0.00560439970789875,-835.472582788645
"620",620,0.316312195763019,0.772928828415489,0.0125767494315373,-840.331746613257
"621",621,0.137272572323025,1.02529002105613,0.0111383461175391,-842.115261242031
"622",622,0.152873955829207,0.851454001605781,0.0110466118348396,-840.481365952954
"623",623,0.297905134309289,0.686654408778134,0.0102781816073932,-837.528380214646
"624",624,0.429555677689936,0.580762212138987,0.0110871292354383,-836.384977516461
"625",625,0.445795328818442,0.287920032781643,0.00849779359323048,-836.02313647486
"626",626,0.477350607769126,0.56782157956611,0.00723555709518568,-833.786282139893
"627",627,0.531552644010249,0.369235126842816,0.00792684423300513,-833.098463378019
"628",628,0.576158003657553,0.538394890020146,0.00784862303971475,-833.514097746702
"629",629,0.448853254971864,0.561599132773186,0.00757400505786459,-833.844970327406
"630",630,0.721978539169474,0.454593912767736,0.00953792397249652,-835.319032345115
"631",631,0.457594836960322,0.450987177251228,0.00690610239573451,-833.701708061153
"632",632,0.493771332844071,0.424581165873719,0.00693043111595022,-833.633053311599
"633",633,0.677709440134097,0.471674266137871,0.0102487282164085,-832.944114808056
"634",634,0.606896647594768,0.459380719340955,0.00572819158552843,-833.54229884011
"635",635,0.449586852851719,0.383344166451431,0.0057010538486233,-835.378912519464
"636",636,0.487491015125941,0.574550404843011,0.00760759738923796,-833.843990125108
"637",637,0.794397045195309,0.590725036480961,0.0083318752575648,-833.546435830792
"638",638,0.569593603516742,0.587244667898396,0.00620884590923908,-834.213997125054
"639",639,0.336886400839011,0.589367139565482,0.00705880651084931,-834.952857932238
"640",640,0.711559888034867,0.607763031862307,0.00851783719179911,-834.283897973573
"641",641,0.746610655649343,0.577217398483635,0.00778535680013942,-832.967824581423
"642",642,0.73830454602972,0.524520374233926,0.00815598135457762,-832.742879414729
"643",643,0.665337975554087,0.586835286227136,0.00937020890655849,-834.542562867008
"644",644,0.714171473086115,0.633501768377377,0.0076525697745759,-834.805961388996
"645",645,0.379652006974052,0.628517086019913,0.00695303287458178,-834.833629712789
"646",646,0.445796469281948,0.468455272908318,0.00652232078556484,-833.846269379073
"647",647,0.569083718499156,0.44925492822723,0.0106808379987539,-833.840800337861
"648",648,0.641560098851367,0.454465809175013,0.00765456849708269,-831.922743013523
"649",649,0.645760662825627,0.493343093117542,0.00942821771200328,-832.546356230894
"650",650,0.751646784427385,0.606660799691024,0.00676469213710214,-833.933742753604
"651",651,0.427535474704008,0.590204782362411,0.00669080905124393,-834.213733841995
"652",652,0.537057300772511,0.47067435998563,0.00749594752371589,-833.196771391754
"653",653,0.628425746679273,0.479685263954292,0.0101681767405762,-832.904120559697
"654",654,0.653123858758532,0.479043109881941,0.00590336373697028,-832.975589468029
"655",655,0.678929680657663,0.496612800963132,0.00935796369602431,-832.336536379983
"656",656,0.709567567967114,0.585209613224084,0.00648670020937429,-834.030690182897
"657",657,0.575884554100767,0.478339215802664,0.00871837397579545,-833.19334373907
"658",658,0.55487505763172,0.313926026360827,0.00808759235192019,-834.963687021243
"659",659,0.509375392441306,0.285685328947237,0.00781063072845144,-835.587047132295
"660",660,0.509908748812404,0.657315871706299,0.00488353733698642,-836.067336766541
"661",661,0.520433217206286,0.374084887087621,0.0132076598806512,-835.701744440019
"662",662,0.552935757505589,0.394584631905846,0.00714196168462004,-832.899875492331
"663",663,0.523946647817372,0.429437692597604,0.00835598325324434,-833.321138472402
"664",664,0.691279702532934,0.562508234587505,0.00839620425707002,-833.249924584747
"665",665,0.690534232011858,0.477891143340609,0.00755063841195981,-832.288033046026
"666",666,0.619851706362939,0.47582905175217,0.0069955227680816,-832.607146464065
"667",667,0.64105570158614,0.420131161102625,0.00466852682280007,-835.152202402553
"668",668,0.671005066699324,0.529873327177805,0.00927656491064584,-832.912433029822
"669",669,0.640615730841398,0.487855523477307,0.00699580465530633,-832.480839185314
"670",670,0.678450699782303,0.558243116261923,0.00837355080024975,-833.339443391411
"671",671,0.74581624969896,0.538850738195433,0.00881922924108032,-832.907993271236
"672",672,0.743668129269886,0.514551553398651,0.0080338116311717,-833.11103242916
"673",673,0.56466587089106,0.32768964131636,0.00630717961391128,-835.069870779471
"674",674,0.558252962683547,0.44673601785676,0.00608500064897871,-833.643796682909
"675",675,0.379123822772333,0.602273882388207,0.00760220830607715,-834.597210240117
"676",676,0.807230462597305,0.642071686761726,0.00756139479880915,-834.16017010133
"677",677,0.450070831034564,0.81908388288622,0.00931446261749365,-837.964016754495
"678",678,0.219104561935858,0.755791126356491,0.00969001350238727,-837.891632579927
"679",679,0.293614016481271,0.507656156935668,0.00901648173756705,-835.586325179294
"680",680,0.645352019774328,0.52153325310671,0.00735914576182881,-832.979773792761
"681",681,0.707210735589519,0.481197018689336,0.00795437972680473,-832.677466546822
"682",682,0.518364632308536,0.568710215237076,0.00878689942637266,-834.172367492082
"683",683,0.620218913742871,0.373256099220235,0.0103429253022165,-834.759667446129
"684",684,0.494635286265693,0.474616010904418,0.0102554734693027,-834.582246960868
"685",685,0.704433287764701,0.471806146543708,0.00814293954474171,-832.883593152282
"686",686,0.678811539944571,0.529287555122233,0.00664178040161697,-832.951265620472
"687",687,0.717412580586672,0.517977213287518,0.00811181874624042,-832.364297317355
"688",688,0.728445248331184,0.576536224279377,0.00677435765642727,-833.385366963488
"689",689,0.747532556117308,0.519977828191058,0.00685966949822436,-833.269547034147
"690",690,0.423783815404377,0.525340277800072,0.00777209931546523,-833.801573178099
"691",691,0.543073051023689,0.599470225291455,0.00765132245096289,-834.077857863279
"692",692,0.806133804527334,0.63426597661447,0.0087298302790374,-834.07297709296
"693",693,0.676778078624651,0.649920186497498,0.00904345871729222,-835.587168881179
"694",694,0.387079027640441,0.547287066979345,0.00797321449364808,-834.196600329031
"695",695,0.520417924693409,0.656506270882494,0.00474045992558035,-836.285029170454
"696",696,0.553223197537566,0.305684878165356,0.00822683372631771,-835.551392655572
"697",697,0.408246398559362,0.548125948862045,0.0104728551954186,-835.559994265257
"698",698,0.464785805383046,1.14094796088635,0.00990141177472342,-840.915612679418
"699",699,0.362667378594189,0.247167101962853,0.0158677270326033,-840.982769964547
"700",700,0.441849995049842,0.35425806535375,0.012292572319998,-836.888973189395
"701",701,0.482712988036769,0.295232990691212,0.0078442356012897,-835.120783450029
"702",702,0.457985691143333,0.559562460684927,0.00674168918775747,-833.853692306502
"703",703,0.69499255362081,0.557764867135056,0.00950627245149928,-833.349070503894
"704",704,0.40218134582144,0.69706132407679,0.00847585681328562,-835.853905631607
"705",705,0.620746727507269,0.671540697753506,0.0085402311027284,-835.553133703715
"706",706,0.346335978603232,0.677874584135583,0.00776159982565192,-835.728471053613
"707",707,0.354239279685412,0.853401334797231,0.00772831621427422,-836.767880660102
"708",708,0.325818767221481,1.06656212188569,0.0107290276714448,-839.627644394937
"709",709,0.30748882747704,0.774126931068659,0.00678433989260914,-836.479582283802
"710",710,0.348388160511626,0.522394040572759,0.00740136808352647,-834.460114516321
"711",711,0.300349468632306,0.534171058095977,0.00703608101798725,-835.274046551647
"712",712,0.571384091694749,0.520070902471929,0.00838774664050534,-833.490097898085
"713",713,0.496836261037064,0.549978374796421,0.00947201949361466,-834.455152004785
"714",714,0.747571993777251,0.581172181931296,0.0061443080144025,-833.754593596938
"715",715,0.75028480899968,0.591526590623627,0.00768067120456109,-833.255661526926
"716",716,0.463792155760295,0.597037719074436,0.00780925620421578,-834.133965761725
"717",717,0.788381405973002,0.607148743244661,0.00680826723843158,-833.742644590204
"718",718,0.659575060152289,0.54849773233558,0.00962358740552605,-833.779268716888
"719",719,0.739056268643787,0.561839906375891,0.0077337535579957,-832.740487859947
"720",720,0.725712425318576,0.611704603564709,0.00728834732822657,-834.221993035205
"721",721,0.665582153195975,0.438694514769825,0.00825210196952712,-832.582072371015
"722",722,0.640217593445535,0.51356390168756,0.00943407432263221,-833.122341256209
"723",723,0.381197012844704,0.563236423071745,0.0057193314393793,-834.950903872407
"724",724,0.697759877110727,0.515873608102008,0.013873099626037,-836.381282188967
"725",725,0.715820824683728,0.501141235694975,0.00955428829214039,-832.977185242789
"726",726,0.575952784701255,0.515517473236052,0.00882234726432215,-833.599409780335
"727",727,0.301046862314223,0.398063931351831,0.00780138403766335,-836.13317399783
"728",728,0.428914994503642,0.647563487976641,0.00678170818516531,-834.733676833094
"729",729,0.681607979940848,0.614687237268492,0.00928843196903833,-835.010674036352
"730",730,0.442268463686234,0.617695521784861,0.00746145229611048,-834.345879217437
"731",731,0.831012412558902,0.611486468669513,0.0082411721978398,-834.379740834037
"732",732,0.475438098931835,0.642550696068459,0.00890365300099618,-835.119404069362
"733",733,0.482913924889759,0.62028438698006,0.00555728046170461,-834.929466220093
"734",734,0.540962059272148,0.543808442030392,0.00881535370985368,-833.934132122613
"735",735,0.538199947911915,0.685825544255932,0.00616479003332484,-835.285393145271
"736",736,0.549273546306014,0.515787969441215,0.00564344674284033,-834.152604283061
"737",737,0.782592300797462,0.650468156558766,0.00875592137640736,-834.649397611401
"738",738,0.73635575265546,0.559931516784664,0.00825602348092108,-832.716352523492
"739",739,0.735136399928544,0.566497887627839,0.00797117202127598,-832.80431696952
"740",740,0.448698006952611,0.577195809498092,0.00609378602933385,-834.277648619605
"741",741,0.823360952868107,0.667627100831245,0.00589698311064173,-835.641135422233
"742",742,0.607571182200181,0.480665226969852,0.0101790481238278,-833.350157116566
"743",743,0.61476714911145,0.47550500259104,0.00816901520409867,-832.471038137038
"744",744,0.649448115501269,0.454879119236303,0.0110674660032279,-833.272031507558
"745",745,0.608374887404409,0.415294627732677,0.00660100955887596,-832.484056800788
"746",746,0.468788328803477,0.429375110097798,0.00798249211812401,-833.665149482684
"747",747,0.356275826969943,0.883159431020357,0.00543433686175858,-837.698981080152
"748",748,0.366579496745693,0.988146458820598,0.0076545992581035,-837.690232800499
"749",749,0.403503481514554,0.602490963641559,0.0060982127233166,-834.711040009994
"750",750,0.572187989080173,0.63283294702861,0.00830604298117475,-834.732941321211
"751",751,0.429570410784483,0.461190673942549,0.00707321353050785,-833.798061333796
"752",752,0.620712786095345,0.395640671640413,0.0067454703958126,-832.99471266738
"753",753,0.530892169230978,0.623207880749353,0.00991515846653638,-835.619599980497
"754",754,0.430035642774887,0.609386762505146,0.0090014406013515,-834.898665804438
"755",755,0.412994743446805,0.350422893555342,0.0072245059988355,-835.481643762992
"756",756,0.608432171599431,0.589062430215436,0.00571137593888528,-834.674663662196
"757",757,0.671841431620881,0.577584339194419,0.005890103390816,-834.532385849542
"758",758,0.74576941706414,0.574098658251697,0.00626834582661863,-833.523313057151
"759",759,0.39330722342755,0.583192480873647,0.00725463214148579,-834.30505284721
"760",760,0.834842696499246,0.65828182549794,0.00718650906516982,-834.603338863883
"761",761,0.744265489084641,0.649899330215441,0.00859318384237659,-835.1591703757
"762",762,0.485498229130551,0.533885211829194,0.00685892712037818,-833.606873163135
"763",763,0.417895896304201,0.392755327429129,0.00796829202666649,-834.474268158383
"764",764,0.485689364774495,0.520202276296746,0.0111731669010419,-835.742613301321
"765",765,0.480709766198131,0.493712981635765,0.00893321097723967,-833.830681263102
"766",766,0.430408564808152,0.332714550430477,0.00746996613360045,-835.611719387859
"767",767,0.425044166781016,0.498982978168325,0.00681217461239582,-833.811542679337
"768",768,0.467131209941614,0.594784636472605,0.00795209927685284,-834.141637536145
"769",769,0.587899719065554,0.487018264238261,0.00791284595355573,-833.021756518335
"770",770,0.478879866930514,0.414567118373727,0.00828033629858576,-833.731321370667
"771",771,0.469604053851457,0.296971346594682,0.0100256462615001,-835.174672593527
"772",772,0.426085953751037,1.01494644585817,0.0112066790151846,-840.633428709521
"773",773,0.162402065336776,0.89829745687047,0.0117436628438976,-840.878929890997
"774",774,0.268585741983526,1.05841137580489,0.0112378278239715,-839.970249449644
"775",775,0.271202622526582,0.393787706850478,0.00782433827504893,-836.930591104298
"776",776,0.386468706736709,0.686266941061066,0.00793398451974061,-835.565781057637
"777",777,0.53260228473928,0.440239244557922,0.0100113049575122,-833.956367312464
"778",778,0.567531175390551,0.397732769878982,0.00955521775129198,-832.649717910855
"779",779,0.480498061058208,0.377149328738651,0.00537182258710212,-835.60952550819
"780",780,0.567769879164438,0.472213081962143,0.00996364378204605,-833.797670387044
"781",781,0.639556761397229,0.45301950415497,0.00644393315930763,-832.418614888753
"782",782,0.648099692856388,0.417205908184808,0.00884486972465557,-832.904949067805
"783",783,0.331037931132032,0.558616636905867,0.0047841464839861,-836.807091338169
"784",784,0.773437346869441,0.529032315578429,0.0127100233201947,-837.424701219144
"785",785,0.488651251895949,0.305127110593082,0.00872513876496049,-834.575608337689
"786",786,0.545011769058063,0.376478959296579,0.00963813732363506,-833.008686571948
"787",787,0.57522149629331,0.465775533906255,0.00811898475876301,-832.947231185866
"788",788,0.577817290031896,0.459182398100827,0.00574066565558979,-833.860082583276
"789",789,0.612967639064402,0.518119509706605,0.00816786777633306,-833.23898002431
"790",790,0.611916086392237,0.474835378747557,0.00693866608247437,-832.747098609754
"791",791,0.671533568902033,0.501905058364815,0.0103994314299182,-832.927094461602
"792",792,0.693621298039815,0.505254540103193,0.00889515833091767,-832.269800601664
"793",793,0.693662076169584,0.481362249929103,0.00958492156573133,-832.760596120875
"794",794,0.641735490271018,0.469599253455963,0.00588969898978742,-832.995518969683
"795",795,0.658804797029857,0.440702838169256,0.00982641624387381,-832.8877398615
"796",796,0.63348056133082,0.456822934738746,0.00635323230604203,-832.536401543874
"797",797,0.626914594302226,0.483676774349093,0.00719078423878078,-832.553587194416
"798",798,0.547944986587015,0.532255798707531,0.00861064728541665,-833.726509072432
"799",799,0.625717652019378,0.591788380872009,0.0121173407217617,-837.282686444573
"800",800,0.573735642577724,0.49965419317581,0.00886393826692265,-833.474225629351
"801",801,0.634625843688934,0.440737975956311,0.00781276878973369,-831.936472083187
"802",802,0.583995467532459,0.491349353063201,0.00855190108009513,-833.211248767884
"803",803,0.729240953156715,0.654667419045986,0.00504641749180287,-836.779196483586
"804",804,0.833649910671533,0.617497149422292,0.00809477839358403,-834.370082109999
"805",805,0.867066717267057,0.578769034156296,0.00856052059596656,-838.030992255212
"806",806,0.804383762040892,0.625965283977072,0.00945448715180739,-834.204493976697
"807",807,0.730479817656448,0.574656337240305,0.00725081915778987,-833.12011725233
"808",808,0.648217508446546,0.486657315220176,0.00989302032748,-832.605993786268
"809",809,0.638823009670144,0.468880822342651,0.0114702532997735,-833.528576047332
"810",810,0.547317203947281,0.43658842694626,0.0086391821309751,-833.143533187401
"811",811,0.516830501045595,0.439390900723231,0.00637740345844692,-833.675083567227
"812",812,0.564081218521077,0.421880751461401,0.00935153488665978,-832.859236939994
"813",813,0.560927228230534,0.398046227246947,0.00874229404862206,-832.555499530542
"814",814,0.61341781811114,0.476890517748923,0.00866120037675155,-832.576312072758
"815",815,0.669168765480514,0.621710642198379,0.00613911814109673,-834.947984198273
"816",816,0.755213511515228,0.621174165795822,0.0107255821945295,-834.986378455392
"817",817,0.81617810605156,0.628322802131069,0.0108313050639267,-835.233810055516
"818",818,0.835941608377172,0.680618972031148,0.0103446642620154,-835.758199824671
"819",819,0.384307192529259,0.407960321003152,0.00513135829631614,-836.434563507737
"820",820,0.41231953382598,0.529774200603352,0.00519805187747723,-835.155106086745
"821",821,0.616198149965738,0.537729663228508,0.00956458166063839,-834.060571309573
"822",822,0.693781124168599,0.505398627179765,0.00704407223173959,-832.289905710729
"823",823,0.684635289121675,0.50097874969192,0.00871602296023571,-832.162116870243
"824",824,0.305171650974143,0.475010292428273,0.0100378371964669,-836.007705864816
"825",825,0.487594200416962,0.368060830545218,0.00830154912034667,-834.023664622269
"826",826,0.485500803606065,0.560098286851446,0.00600454276371421,-834.119060068462
"827",827,0.73194117085017,0.546959510502014,0.0114833172290258,-834.308284004521
"828",828,0.677959727573502,0.501856525316659,0.00727260771063901,-832.189819145348
"829",829,0.715401539024943,0.584273723500094,0.00761478665910009,-833.503132914282
"830",830,0.351335587654775,0.503769438599211,0.00754381150029413,-834.402275942554
"831",831,0.683663630853137,0.473159750106769,0.00871266044232342,-832.314306212391
"832",832,0.450343835907853,0.490101068660179,0.00920207507657166,-834.098683172327
"833",833,0.627409501454618,0.470179960187228,0.00811375474635988,-832.148828279539
"834",834,0.671371389031384,0.445650442511589,0.00605290149027492,-833.235052560154
"835",835,0.638205640586264,0.413509553656607,0.0102588543001092,-833.401196467509
"836",836,0.470442306489256,0.393068340975201,0.010535128917973,-834.985984826959
"837",837,0.367278232925319,0.479820412919178,0.00602954374154979,-834.832315751755
"838",838,0.732213455127574,0.561788608261818,0.00875816731856619,-832.829184760492
"839",839,0.799034522413854,0.651298230680666,0.00639074973845338,-834.950109885891
"840",840,0.799621782519338,0.561060118787774,0.00877395583202281,-834.371099013903
"841",841,0.472934883717184,0.647926928106123,0.00531129412509651,-835.453521949601
"842",842,0.747421029070574,0.698217692583637,0.00496346592083257,-837.697734944206
"843",843,0.94428444972924,0.733233306290531,0.00640634024760642,-837.341090622437
"844",844,0.199033055623568,0.693453393043209,0.00642059054322497,-838.239599276576
"845",845,0.756719379438487,0.640887381884641,0.00826813166167543,-834.645224326371
"846",846,0.528608282311532,0.472355616842353,0.00662680129379044,-833.426627551608
"847",847,0.374573747421675,0.610886348622515,0.00596173823745805,-835.11144888779
"848",848,0.413535667202968,0.615460962343182,0.00722575434795974,-834.446016625619
"849",849,0.606375933839185,0.584547442043452,0.00833212021660918,-834.152123232138
"850",850,0.559816557033364,0.471948073707628,0.00811112522475029,-833.125337938008
"851",851,0.684612231999649,0.465024255043788,0.00790935462519247,-832.382269998163
"852",852,0.602486894708788,0.43524171057049,0.00933505639053601,-832.297194272475
"853",853,0.614666771984109,0.42939010984374,0.007892468816676,-831.966018967914
"854",854,0.603767413201145,0.426697107346022,0.00728520486330671,-832.156150037328
"855",855,0.62118590126402,0.440440956599587,0.00937239577269725,-832.189764655982
"856",856,0.598640170493795,0.45981596435668,0.0114174666886505,-833.887375592503
"857",857,0.635855029742014,0.441448659872132,0.00742188313035838,-831.996566716564
"858",858,0.621543516401149,0.471738440257926,0.00852494457190003,-832.30099628412
"859",859,0.608595745211004,0.426762461410909,0.00856959065035529,-832.022352633706
"860",860,0.608339177772983,0.478919931353171,0.00846939490901418,-832.682351432272
"861",861,0.426691969112044,0.476593572108852,0.0100892740096163,-834.808867198774
"862",862,0.735755222899774,0.634798622084233,0.00589961696591806,-835.462627729551
"863",863,0.553349315602199,0.492928079115041,0.00868917956204265,-833.447525787797
"864",864,0.370376743170429,0.503656426791907,0.0102894715728156,-835.421677293338
"865",865,0.611649086457606,0.445856369138265,0.00885511743776146,-832.139435797296
"866",866,0.576669417882546,0.376553069355221,0.0108368474738497,-833.501863096924
"867",867,0.596417193434118,0.413833609246617,0.0076898703202663,-832.11475577024
"868",868,0.619381615517436,0.390629846921997,0.00764447698936182,-832.882029086942
"869",869,0.51028117501679,0.485294172849083,0.00937753197201844,-833.932126524404
"870",870,0.765238924471578,0.517571300155707,0.0108778318251181,-835.563696867598
"871",871,0.632131633248013,0.462459635017292,0.00913985683130337,-832.15600940636
"872",872,0.626995603775535,0.499028040979925,0.00868547228897693,-832.795584266026
"873",873,0.66066429387235,0.49067413158394,0.00768605204771114,-832.076352078874
"874",874,0.659428561494869,0.446434015526292,0.0100777237044794,-832.904958915659
"875",875,0.682355336528951,0.612505075386926,0.00661513022578765,-834.610607834502
"876",876,0.259599874419765,0.551858228987586,0.00787605249195804,-836.063637110506
"877",877,0.314796755921395,0.574016306812009,0.0115715311171485,-837.67310933035
"878",878,0.335798607587117,0.497699942585239,0.00975722065618706,-835.372913345447
"879",879,0.705931166502213,0.529012831057158,0.00926481267148141,-832.581710503637
"880",880,0.733058767892168,0.595852770733516,0.008388328182832,-833.567274677158
"881",881,0.686267664477533,0.412000666300284,0.00815887255224366,-835.295719034625
"882",882,0.546668836449142,0.34318418421115,0.00864254849460714,-833.256240863793
"883",883,0.546911419250647,0.412636352371129,0.00788404750390818,-832.936173230538
"884",884,0.634574032485502,0.421202994008495,0.00760861318847538,-832.253533839325
"885",885,0.607494885161614,0.465777234274724,0.00841699159006069,-832.443136223768
"886",886,0.63598795788284,0.427734809241428,0.00556300468808452,-833.444930020826
"887",887,0.65012828786238,0.461689274208158,0.00891643959282378,-832.039554561242
"888",888,0.449250864192765,0.489630440254481,0.00731436514498679,-833.576694377594
"889",889,0.444598064092881,0.471235858699571,0.00566396763396946,-834.472676565158
"890",890,0.669603516347777,0.526287975199183,0.0069122118435291,-832.875917253256
"891",891,0.723517683015345,0.460534973816901,0.0106856797058557,-835.861626366145
"892",892,0.347247278340629,0.434195351524289,0.00967060412353402,-835.377013054536
"893",893,0.409115239132238,0.424493133413048,0.00845615077524943,-834.264390081579
"894",894,0.500815132316514,0.452522186742276,0.00708367206772821,-833.41609906664
"895",895,0.612593475523852,0.51535511071215,0.0070622876288425,-833.245777709011
"896",896,0.417846919535664,0.556585419752924,0.0071664324323423,-833.961026334999
"897",897,0.386704224816169,0.773286730528316,0.00616123332385065,-836.412704490223
"898",898,0.456493612367525,0.40984328548078,0.00797022325912116,-833.90884361579
"899",899,0.485082655513874,0.456259706125465,0.00798117899300825,-833.462583715602
"900",900,0.658786792265115,0.503485354289311,0.00804514716909113,-832.282548109932
"901",901,0.702101722004829,0.512236943629199,0.00751994817897708,-832.229026420145
"902",902,0.715803383519605,0.507439284520978,0.00890209358328821,-832.59199862554
"903",903,0.673844243542636,0.50757372822216,0.00627926013889124,-832.831280508786
"904",904,0.666205152813628,0.53228476603444,0.00646427582696662,-833.313278336315
"905",905,0.517220481892153,0.543373367527017,0.00982754095645251,-834.627075847818
"906",906,0.416539771000198,0.504364657635355,0.00543831580303239,-834.825623901766
"907",907,0.559809877781607,0.484928103156799,0.00969944457831741,-833.861847458384
"908",908,0.63147615815372,0.500399496046647,0.0126184333259189,-835.158020869223
"909",909,0.621493058173317,0.549868829459768,0.00563486590537205,-834.416220610914
"910",910,0.742694132952272,0.546816532919668,0.00530564538303094,-834.24438386139
"911",911,0.727298121233455,0.520271980883165,0.00735570075541066,-832.563402038468
"912",912,0.515421531856608,0.391949683647103,0.00941904507499236,-833.682496477866
"913",913,0.378587286487307,0.434496843310984,0.0100088576525734,-835.233974113933
"914",914,0.30751452522695,0.525940675458143,0.00582726173703141,-835.840040418784
"915",915,0.725534351559357,0.506771103331754,0.00807274682798633,-832.674539250228
"916",916,0.380711204983104,0.596795713711948,0.00565211957153826,-835.196656043371
"917",917,0.39868072075752,0.489898015525731,0.0081390650955351,-833.987715220689
"918",918,0.562468659334185,0.636795638574672,0.00637507607615515,-834.646284386422
"919",919,0.41820114660237,0.624524686680071,0.0090419110540809,-835.15013423342
"920",920,0.780663724150923,0.537188606913053,0.00544195822795476,-835.239300019134
"921",921,0.437513782704244,0.622319732418415,0.00844472046416943,-834.709722100243
"922",922,0.630309609956184,0.580145159045896,0.00650300222473444,-834.125600390068
"923",923,0.497678127261786,0.469765223216582,0.00714208733232451,-833.387087567227
"924",924,0.598567650998565,0.565693482597992,0.00666343659873811,-833.861202646276
"925",925,0.604113958256939,0.409232952437163,0.00767826123280574,-832.127753818192
"926",926,0.555430770631244,0.391753741699815,0.0100633639634629,-833.027552416528
"927",927,0.563099004149753,0.388599282076872,0.00995515549365897,-832.867006782774
"928",928,0.615543312505732,0.410063582163273,0.00795973817266809,-832.171650801369
"929",929,0.583690670531263,0.532307148740763,0.00943258135300414,-834.077721575494
"930",930,0.742759181492908,0.622437789111656,0.00992233824855439,-834.758657801361
"931",931,0.774940788111004,0.600052949995644,0.00723345185352684,-833.436566811407
"932",932,0.742131053958049,0.498231479935859,0.00688139206931312,-833.71806310243
"933",933,0.552905028632357,0.504411038075928,0.00792577341896799,-833.307589114212
"934",934,0.434485799302782,0.506575400071792,0.00657888385683706,-833.834887510807
"935",935,0.470390005649126,0.543423337076862,0.00810618444714274,-833.763220166798
"936",936,0.733363104007948,0.582933330360322,0.00749261556816332,-833.236335220813
"937",937,0.422658400802394,0.448911587911478,0.00936268147702688,-834.381827379132
"938",938,0.562545312391832,0.480987594077212,0.0076847023543146,-833.122037118419
"939",939,0.565401063079413,0.405229069508134,0.007031984169458,-832.746129012534
"940",940,0.625313075455591,0.405690790944324,0.00869333169250088,-832.558820489795
"941",941,0.615088436442539,0.424095485031522,0.00788996268133628,-831.988786416252
"942",942,0.596235667153118,0.454748347505393,0.00597306652621827,-833.389361979011
"943",943,0.643990367556422,0.47683919905061,0.00747721035791556,-832.09488422147
"944",944,0.669883618773199,0.480477265832108,0.00745850053131575,-832.018739836048
"945",945,0.624862676927983,0.40322833336101,0.00706526537115215,-832.690377629757
"946",946,0.548814386830158,0.431783141105343,0.00719068132780021,-833.112519792748
"947",947,0.601477339180156,0.414895255018815,0.0104197516949102,-832.812090146457
"948",948,0.601614591224107,0.35888988278609,0.0106570395930616,-834.937818329186
"949",949,0.551968241651116,0.344675411468969,0.00798601743894297,-833.245716229198
"950",950,0.527115779361442,0.568045079885373,0.008055583503853,-833.852887034353
"951",951,0.470379846341872,0.459750605038634,0.00794096687449635,-833.527054363383
"952",952,0.710768301774095,0.507113489212684,0.00714050687446751,-832.42296569474
"953",953,0.73043534651071,0.606003426401113,0.00842331228998051,-833.929747862701
"954",954,0.805806560907394,0.616281486822895,0.00777332534022246,-833.749258517795
"955",955,0.567494481768523,0.667316857479245,0.0078250600954852,-835.026051580061
"956",956,0.904066217608132,0.636853252576788,0.00635330221383083,-837.633321650236
"957",957,0.272918134269673,0.716444966786302,0.00728746342426458,-836.498528856987
"958",958,0.618887612707735,0.523242164110057,0.00630617682588113,-833.635631661424
"959",959,0.630821256819966,0.533513501563738,0.00714496691113322,-833.364609724495
"960",960,0.683934436202384,0.508587641379833,0.00794049032227586,-832.136733794823
"961",961,0.712334955186718,0.529493930430154,0.00855307068665962,-832.393162290385
"962",962,0.707358503082435,0.492266485903819,0.00691093505192161,-832.605092024001
"963",963,0.676490708917293,0.487445976698735,0.00920632247752588,-832.248421830147
"964",964,0.661003689133098,0.422632785042366,0.00816116187688202,-833.040338408811
"965",965,0.47937241435068,0.448500257533768,0.00841218439448272,-833.606093794999
"966",966,0.542198573550191,0.374756035279388,0.00923639548035503,-832.942398107506
"967",967,0.509501279158055,0.407251410894852,0.00876980651675739,-833.591744984865
"968",968,0.600623848265915,0.446154026529134,0.00688805324967035,-832.54003330862
"969",969,0.427735608644786,0.486141676296821,0.0106474144606832,-835.288464628306
"970",970,0.455904485139146,0.407079944380579,0.0060884101278989,-834.562783481478
"971",971,0.49502556210229,0.487431480684948,0.00988771735331531,-834.349914127347
"972",972,0.719203220998563,0.515046897797041,0.0090610144218027,-832.63862665641
"973",973,0.653872175682927,0.476621310202531,0.00708224129017414,-832.129522998942
"974",974,0.571154761284007,0.361088972319481,0.00639347809483007,-833.525171395816
"975",975,0.579125591271007,0.362869031847588,0.00603878970967781,-833.865762430002
"976",976,0.520780434455733,0.500202543066393,0.00624421923504386,-833.670971121528
"977",977,0.553104360089065,0.483875400647332,0.0088868247174722,-833.468706902302
"978",978,0.511400593953422,0.595326422983555,0.00884269407095047,-834.484740439707
"979",979,0.451840756618372,0.485364404498197,0.00810950190930848,-833.633644445156
"980",980,0.611937586276581,0.478212832700524,0.0119974883171472,-834.469348589379
"981",981,0.682967056299819,0.435218907650797,0.00573849223043525,-834.406907453177
"982",982,0.621488796353645,0.428766656442163,0.0090125694126034,-832.113364933988
"983",983,0.617702493682969,0.412989557232818,0.0084470526557233,-832.17165588612
"984",984,0.604495290573742,0.525781811337808,0.00495671819003181,-835.093971954844
"985",985,0.673893985491883,0.489747812039886,0.00624981951483468,-832.644142340528
"986",986,0.65418565304495,0.470009808750028,0.00864608514289314,-831.982313930118
"987",987,0.649444256779317,0.470320346472814,0.00919071188236529,-832.137315835913
"988",988,0.535329084615231,0.35970891081182,0.00734474251028256,-833.217561718932
"989",989,0.495998155687373,0.596214434260614,0.00715957990367484,-833.999682360088
"990",990,0.396621295457478,0.54083939786674,0.00891747505647582,-834.444725403413
"991",991,0.764889364662448,0.547236895533095,0.00846743750347894,-833.220454420313
"992",992,0.497939721325747,0.599819237354047,0.00795574238578461,-834.147084827334
"993",993,0.579376242441732,0.533733172376453,0.00836100456425592,-833.591780548815
"994",994,0.707329099107859,0.593936865783514,0.00778570011143711,-833.881390746732
"995",995,0.619815542895463,0.571769341782107,0.00752622697208405,-833.827580968673
"996",996,0.701451613705107,0.447542735018887,0.00640893870524107,-834.182084424297
"997",997,0.476460057264685,0.580507765311458,0.00698243363259218,-833.903836609991
"998",998,0.362501250634492,0.361280506623963,0.00698977327577339,-836.048088510771
"999",999,0.435602510753071,0.698998188595865,0.00912864654692391,-836.1563226489
"1000",1000,0.342953926357764,0.896142416949151,0.00853593490926119,-837.231684850265
