"","i","asc1","desc1","pol1","p"
"1",1,0.43220059704186,1.43722322957829,0.00588742273203563,-857.582072178089
"2",2,0.428737066867299,1.36263386862056,0.00533324475614431,-853.572464211169
"3",3,0.452694615131132,1.31629880314492,0.00602563185206803,-852.379059431869
"4",4,0.371367503011107,1.28999743625307,0.00723285115805021,-851.423895401838
"5",5,0.537988315961307,1.18278715201873,0.00743418664855425,-852.816585725045
"6",6,0.43634833190453,0.388122429836554,0.00806875488266127,-842.645216030563
"7",7,0.412582671193195,0.343277837667239,0.00977065454840439,-843.290726295311
"8",8,0.517406157547488,0.395695312935554,0.00629408308092596,-841.223808768689
"9",9,0.570764003247007,0.435034213727999,0.00708665066755934,-840.769153620231
"10",10,0.577354208447973,0.384953337698045,0.00683940150921324,-841.986830639867
"11",11,0.507370040196937,0.377622008190983,0.00555608321478823,-841.752509133827
"12",12,0.455183560135115,0.501225388153078,0.00563656693553296,-843.165523871709
"13",13,0.512644044203933,0.33560576119732,0.00736442442160115,-841.489696622743
"14",14,0.312096481220427,0.415546214051395,0.00585107590269654,-843.844011905471
"15",15,0.449884100900965,0.373902485687299,0.0070544629574418,-842.22262234586
"16",16,0.547255247522536,0.398257794937155,0.00893922124040866,-841.236568265261
"17",17,0.559217869438055,0.430001056323032,0.00924381284467497,-841.605853262224
"18",18,0.523086536954616,0.416522007008055,0.00777659729696831,-841.327177979835
"19",19,0.594546596735989,0.438204834985699,0.00716191077009996,-840.868670604517
"20",20,0.557133393041539,0.427889460693784,0.00757185257369848,-840.864360632801
"21",21,0.584697723160965,0.453250600291597,0.00714417169946524,-840.877324843092
"22",22,0.620519787230042,0.4924560745393,0.00749700377792398,-841.257932381008
"23",23,0.649024637147614,0.505320329557631,0.00579746045304275,-841.192606768859
"24",24,0.669502355543053,0.523975220665044,0.007328385884771,-841.52386003544
"25",25,0.583108165307003,0.489206460529465,0.00707084164807095,-841.829283482487
"26",26,0.256201828615453,0.468107158097515,0.00861539630337605,-844.612207952217
"27",27,0.308979765904985,0.359247305938938,0.00594772391416066,-844.235748423407
"28",28,0.531196110979839,0.407463223891719,0.00706544304768954,-840.906479741411
"29",29,0.574036658945589,0.41081897329032,0.00715994889012366,-840.895011998957
"30",30,0.53029190389446,0.472021591480523,0.00700303118520677,-842.491553395914
"31",31,0.658635443761658,0.542257875799685,0.0067408116887955,-841.678902652066
"32",32,0.71507404764526,0.583187915235133,0.00822484700395055,-842.846348392188
"33",33,0.711240561573664,0.597299170209771,0.00547812760768253,-842.603198248899
"34",34,0.724716295079061,0.533704580551927,0.00661774151687259,-842.806650133982
"35",35,0.620239771148057,0.461766246334965,0.00508589142565364,-841.490379416682
"36",36,0.602557142585038,0.480112800079762,0.00701158103656238,-841.11179067666
"37",37,0.637908236019684,0.515221557634258,0.00700773844001564,-841.371274105101
"38",38,0.632488105266782,0.477274423012179,0.00948316498811106,-842.623739654707
"39",39,0.553211119108165,0.495252775251581,0.00436771927989602,-843.620999168127
"40",40,0.653775827456995,0.467945797762522,0.00898943487539795,-843.256007626854
"41",41,0.537586571796964,0.317057632737206,0.00990506091915642,-845.953254866777
"42",42,0.336200598904481,0.330018730225375,0.0075698650780808,-843.58822811643
"43",43,0.331372666499639,0.699765041233448,0.00701998579670828,-845.402826282371
"44",44,0.127505817233683,0.884176662543418,0.00752812907896662,-845.201906449355
"45",45,0.12761413256756,0.800107766964617,0.00783752714604796,-844.95290013639
"46",46,0.222891699330485,0.370965750704873,0.00979968700060576,-845.976759548059
"47",47,0.302174841349339,0.639855024188431,0.00372627032236252,-846.467850535498
"48",48,0.313884537075656,0.608702934787017,0.00767009189546499,-845.005582813713
"49",49,0.153167650474036,0.648716140902978,0.00733201930613847,-844.910023463081
"50",50,0.236152986015968,0.424166959490031,0.00922914211531249,-845.121483913333
"51",51,0.214717505134408,0.766051149467258,0.00701259176811151,-844.599195467087
"52",52,0.211362406824712,0.804526656030654,0.00646817194558421,-844.633561624989
"53",53,0.152657592960492,0.694781374016448,0.00676126814654891,-844.635250167835
"54",54,0.126005390686639,0.683752460479534,0.00794452255484977,-845.295755777024
"55",55,0.870245795119153,0.706546545751291,0.00462222947692219,-845.75149155647
"56",56,0.796072578923308,0.627815326423791,0.00535905533330145,-843.513258078898
"57",57,0.765647411252965,0.585307348615779,0.00689816728662895,-843.20240443389
"58",58,0.725526699573875,0.562345642084256,0.00626654218006609,-842.052134285784
"59",59,0.752260544251672,0.59164253110854,0.00778409523845192,-843.117513751366
"60",60,0.508107577039985,0.528099326476213,0.00849667456988253,-844.530162407169
"61",61,0.354312347690596,0.295272748049591,0.00725608353397327,-843.881004198464
"62",62,0.302781577241316,0.793083527746415,0.00614239032904241,-845.170377658635
"63",63,0.443680451264273,0.900481052034973,0.0065471248157978,-847.702761451679
"64",64,0.185531433425363,0.603300724259951,0.0083403493570393,-845.418357908783
"65",65,0.167983761934073,0.620873369062129,0.00856625005753674,-845.605501931911
"66",66,0.148448484569007,0.859036373904464,0.00697070514156446,-844.880325870552
"67",67,0.145236257479,0.456987834864795,0.00692900508415882,-846.199007385931
"68",68,0.35872369183514,0.397037524651196,0.00680396751483872,-843.075699547663
"69",69,0.456960399541452,0.349453282213163,0.00635646663022009,-842.076251456404
"70",70,0.54086317480182,0.535970098246507,0.00524349712607044,-843.259606660779
"71",71,0.543711745614873,0.53062095833258,0.00721779296184483,-843.445614395155
"72",72,0.459016654490032,0.517623723688738,0.00497747432206816,-843.536666072256
"73",73,0.623014571389896,0.464333851015742,0.00881067775907008,-841.958374814801
"74",74,0.634239508244685,0.489255668244509,0.0062386770512149,-840.996760527597
"75",75,0.574312808384823,0.434377974402013,0.00930971743720903,-841.699076336157
"76",76,0.549856527303718,0.47189728394224,0.00695003272314913,-842.141012184606
"77",77,0.665380147533817,0.573873569365815,0.0060615725588538,-842.576405997193
"78",78,0.720153152230668,0.565751201444819,0.00718119921313755,-842.165370292779
"79",79,0.724130444316571,0.632236119715838,0.00442843836917698,-844.547919363353
"80",80,0.660418444746952,0.65392592987477,0.00387047122401996,-846.113727230276
"81",81,0.873285439431239,0.768363353752138,0.00814827988862871,-846.821279796978
"82",82,0.883526455737234,0.707865538581552,0.00399094488873197,-847.038682626724
"83",83,0.143342020849029,1.00276582540805,0.0113659408835969,-848.74714309683
"84",84,0.121327172950184,0.793319009319595,0.0108714815260012,-847.543342682865
"85",85,0.119598110279729,0.861454778751688,0.00751362915691528,-845.155327291084
"86",86,0.16887882190096,0.78082774675036,0.0062962276974421,-844.569199577688
"87",87,0.242831012150586,0.804379166753699,0.0070576708423179,-844.937059625426
"88",88,0.296719007113557,0.375288617744131,0.00966561776273436,-844.763977574724
"89",89,0.494297887017985,0.372825837044133,0.0101857659638634,-841.973444068218
"90",90,0.501988149681818,0.35914655713505,0.00906433255765872,-841.153268113599
"91",91,0.437707680112501,0.518422974274134,0.00738085877821119,-843.656758775146
"92",92,0.287434008447786,0.507671613918579,0.00703301569641878,-843.893773205048
"93",93,0.717478121622656,0.641610040089538,0.0100298434055805,-846.271399959385
"94",94,0.778766952715838,0.607026466460758,0.00802105705435148,-843.978847820872
"95",95,0.641102347849907,0.477438033464599,0.00731330580485342,-841.334775595028
"96",96,0.592275002813311,0.510284975057329,0.00551407123375507,-842.428051859935
"97",97,0.616362748072365,0.491564671807686,0.00595332155475662,-841.206129238701
"98",98,0.617951727340338,0.442985169156796,0.00506389227641996,-841.828265429083
"99",99,0.626098542689677,0.485167786240841,0.004872031143394,-841.69235754865
"100",100,0.604943534836083,0.500889086187824,0.00680770712573797,-841.598368829366
"101",101,0.661970606713278,0.512146922852814,0.00608720842046441,-841.216917669155
"102",102,0.335016516545317,0.395051133384178,0.00779018788614088,-843.311635229897
"103",103,0.404083424202928,0.334458532729184,0.00736597376179193,-842.734069152094
"104",104,0.534821162860778,0.467032519049786,0.00597358743030821,-842.36625188597
"105",105,0.526589325852601,0.596236266395256,0.00741607428910459,-844.664680638114
"106",106,0.11085075650097,0.812963448104451,0.00660341169629177,-845.183841180444
"107",107,0.132999818085601,0.776907119470276,0.00838920478017874,-845.14956394968
"108",108,0.138149375469962,0.712226806637361,0.00688954916819489,-844.739487704719
"109",109,0.324674533427951,0.809446141049205,0.00668847682373717,-845.648433993031
"110",110,0.21369136542871,0.377960651428047,0.00595757458936076,-845.655062664641
"111",111,0.157079997483777,0.597132050630193,0.00580461235236524,-845.39302278793
"112",112,0.600538666614399,0.444937271057704,0.00827691739358412,-841.32603177108
"113",113,0.551681402945556,0.552079287074623,0.00647519841776419,-843.40318903934
"114",114,0.74464499011009,0.571238730313228,0.00551322974131322,-842.581653640334
"115",115,0.732112821439878,0.582804556996221,0.00515850525631988,-842.422502241901
"116",116,0.759722967412214,0.602995920890965,0.00483023511922598,-843.118484256118
"117",117,0.571839040575816,0.371594490211484,0.00351087352148868,-846.168168296612
"118",118,0.40360638710698,0.345794618840766,0.0137658353727698,-846.846843772151
"119",119,0.437126394178931,0.366504529192521,0.00633348028285307,-842.608479388355
"120",120,0.532390774800662,0.411911177986746,0.00731021807103114,-840.955971783155
"121",121,0.558611839992916,0.458655110281363,0.00763982962390908,-841.614806280027
"122",122,0.511453119992218,0.451094116975397,0.00471761965394246,-843.293071440954
"123",123,0.656759669581003,0.516996947866022,0.00752810433420579,-841.494253528586
"124",124,0.677467194653698,0.479236316414857,0.00591307979911326,-842.58288099266
"125",125,0.403501697099585,0.377227904947339,0.00767290435288328,-842.778060764921
"126",126,0.531719525530197,0.395355424411708,0.00764766356790199,-840.742731061792
"127",127,0.526379331229122,0.412485750944757,0.0113265148695302,-843.312145568351
"128",128,0.569789204968693,0.436121478542708,0.00520367240880065,-841.503333001812
"129",129,0.618854781977619,0.521816542585012,0.00497551338694883,-842.531391137061
"130",130,0.661891573131397,0.49447086249591,0.00379677202095975,-843.522792219435
"131",131,0.630558326169908,0.696815854794506,0.00363092546175931,-847.066254185591
"132",132,0.28853538763208,0.664378424460096,0.0105723760546052,-848.834738119431
"133",133,0.131216564396132,0.816749200946609,0.004218190939599,-847.486706136919
"134",134,0.490263080245429,0.722111560456566,0.00495088377205145,-845.50235971254
"135",135,0.571821447391737,0.717390758717642,0.00469079926903045,-845.828809715327
"136",136,0.263503879708249,0.481342163242446,0.00863783788938227,-844.656252368338
"137",137,0.452454621759245,0.359120538974857,0.0085181847966747,-841.974635222979
"138",138,0.502698687371036,0.362013654626897,0.00943157353029639,-841.3430485721
"139",139,0.490167705873285,0.540199778885635,0.00581951809842825,-843.3118722306
"140",140,0.599423864006243,0.484384050086814,0.00820811291347208,-841.661244990154
"141",141,0.601579897411103,0.477673231853576,0.00641686522513688,-841.066934939485
"142",142,0.612504574796362,0.494087915845521,0.00580737641082249,-841.38262012897
"143",143,0.650861047972893,0.505996766023037,0.00777785936393879,-841.528437538112
"144",144,0.642394798120237,0.512856702294622,0.0056643209005111,-841.367248214345
"145",145,0.608224325135543,0.449618684173731,0.00905059333600505,-841.966016299296
"146",146,0.625362539839233,0.440973780315287,0.0090285495101654,-842.871999416687
"147",147,0.637221445407721,0.427642814906553,0.00973095257552354,-845.180984359919
"148",148,0.419252835728877,0.443463221039739,0.00844026868681885,-843.50997073644
"149",149,0.411040573655455,0.32329590934591,0.00880062370190859,-842.602240862007
"150",150,0.425673320881562,0.442338495608616,0.00595829196914561,-842.955491549403
"151",151,0.582005881994907,0.491066605674798,0.00680679001839362,-841.892725028453
"152",152,0.565641080464657,0.46748538495829,0.00415085585203355,-843.529971592765
"153",153,0.552972706736707,0.623344725873788,0.00663017750228741,-844.522697427748
"154",154,0.427337229062466,0.525598932267871,0.00343395587823664,-845.962868699953
"155",155,0.550131376129234,0.548113345522069,0.00411568467321334,-844.323776688333
"156",156,0.618900625190379,0.378223972707543,0.00567090612863193,-846.46722940004
"157",157,0.316124133131249,0.278242349170701,0.00713598199245988,-844.970574424516
"158",158,0.496380835894826,0.488245570272504,0.00780508305933329,-843.368557791758
"159",159,0.63827818168426,0.468116261475845,0.00723014209584073,-841.40886051648
"160",160,0.599407550630768,0.434833801847678,0.00684738810031702,-840.968630687483
"161",161,0.604467981175925,0.64498742334747,0.00377983084899368,-845.930535544658
"162",162,0.57480881144156,0.474468132744558,0.00574198141373223,-841.805409222231
"163",163,0.534804457833628,0.503289908380742,0.00691891403924202,-842.936387337294
"164",164,0.644679101540634,0.489747869267407,0.00649258399379481,-841.077053592627
"165",165,0.599806110448486,0.456588631075836,0.00470163951058447,-841.857898687128
"166",166,0.606505804235058,0.45124988641407,0.0100559351174675,-842.802715198045
"167",167,0.565408158998341,0.448959027377684,0.00526367456279978,-841.752104534026
"168",168,0.606256925091648,0.463329286171766,0.00851127250954949,-841.479266508971
"169",169,0.540332114652323,0.371875721249081,0.00570962259259792,-841.559758570105
"170",170,0.487893704270224,0.35785162076248,0.00706854639930868,-841.031213933007
"171",171,0.528631782998517,0.36960524835482,0.00731461084029028,-840.834124514769
"172",172,0.501802259389499,0.45010927908217,0.00628198696894124,-842.45482558173
"173",173,0.621245259487973,0.454727579488757,0.00750529638252239,-841.295411354778
"174",174,0.5098612092144,0.456637629657824,0.0080107017647354,-842.815163501532
"175",175,0.540291349955347,0.38919320990815,0.00582025383683893,-841.164834558786
"176",176,0.562657365486323,0.472392996487526,0.0076853803494111,-841.970634174969
"177",177,0.562119378191143,0.370601201322007,0.00757595080174362,-842.032486284497
"178",178,0.531643044951905,0.370455095912911,0.00621980450093869,-841.134330070788
"179",179,0.514910534722078,0.36793546480993,0.00781616426857773,-840.764144300567
"180",180,0.54378931526968,0.448646160030431,0.00782030816013578,-841.746662164884
"181",181,0.549220668998583,0.482115632237308,0.00722596841755029,-842.468021018307
"182",182,0.586959978081044,0.600156747176937,0.00610042922929101,-843.927587570277
"183",183,0.497834239895609,0.540558426419436,0.00474832145100997,-843.691212693278
"184",184,0.733974090312005,0.566405004773494,0.00705491145775236,-842.456700036025
"185",185,0.712859832932164,0.562977913376455,0.00415021680120879,-843.271649091807
"186",186,0.734697825248764,0.563848418704505,0.00679932808216738,-842.421028996593
"187",187,0.540433347325549,0.610229775326799,0.00679496047038465,-844.42063481056
"188",188,0.789678708576807,0.585451412256465,0.00533042118671836,-844.411729888562
"189",189,0.69007302333631,0.49660770591323,0.00685611958120817,-842.579984262114
"190",190,0.450552997954657,0.494986567271219,0.00506225459548224,-843.436108081972
"191",191,0.649354454417798,0.484766764516174,0.00523236616369382,-841.544848631678
"192",192,0.613980893934853,0.588113496688036,0.00899243008002323,-845.646833812511
"193",193,0.51328960722053,0.52208337090665,0.00605540746888531,-843.083803602151
"194",194,0.473454268264124,0.331912331931349,0.00732534498708616,-841.089818249399
"195",195,0.468924110856998,0.306225477272254,0.00599023393788366,-842.315320110528
"196",196,0.310773357811883,0.508525331610646,0.0053678917742195,-844.119408419982
"197",197,0.600237034385561,0.458156427820611,0.00830848778247078,-841.301351450806
"198",198,0.611233515257054,0.561302186151856,0.00731932571219457,-843.549160269742
"199",199,0.542244483844106,0.488264772789042,0.00568425250018192,-842.63637446455
"200",200,0.288470224001393,0.714323985155222,0.00767219031133221,-845.504122738479
"201",201,0.234473010598995,0.610805582449883,0.00704155545302591,-844.671941463867
"202",202,0.68446733651369,0.602843257429329,0.00916077523898724,-844.604223665323
"203",203,0.704515602838881,0.625727581245692,0.00506434992337598,-844.020787646185
"204",204,0.754120492667018,0.626265923990824,0.00666213585146581,-842.809678852492
"205",205,0.747023516059566,0.582768577643015,0.00819425059649972,-843.3886733198
"206",206,0.672470248339299,0.56765840663284,0.00609273909176889,-842.184285875794
"207",207,0.718043101415709,0.570075095720964,0.00617155631107001,-841.893551321822
"208",208,0.737644652809499,0.557256476771997,0.00638933410574613,-842.575052332965
"209",209,0.371366050300175,0.283476237939589,0.0116408551515818,-844.471611983022
"210",210,0.355132538769045,0.286714774615245,0.00801351750691353,-843.862193745214
"211",211,0.299681871074572,0.586190063007658,0.00571228637888959,-844.308857396752
"212",212,0.746018939353709,0.598808577732143,0.00536687831607413,-842.544647787813
"213",213,0.44418504102356,0.343851004878224,0.0075853244719536,-841.873733794512
"214",214,0.438212713515415,0.300300322366815,0.00834434620187352,-841.55617877922
"215",215,0.447254559226283,0.36594251890692,0.0107022789945325,-843.405162639374
"216",216,0.515326232461105,0.361940065367563,0.00756945907562991,-840.799358035715
"217",217,0.511520140751363,0.378971943410679,0.0073910556289968,-840.801033230611
"218",218,0.529627710339801,0.376950094908422,0.00728169712016986,-840.743573139965
"219",219,0.528305197769975,0.361141136226995,0.00823042133708646,-841.17177585761
"220",220,0.48411672336965,0.377393468301405,0.00800559921988647,-841.394644741693
"221",221,0.531610804719921,0.388157269290101,0.00809293601298134,-840.800599554696
"222",222,0.541623089184554,0.372745700984887,0.00767849940522533,-841.071743543729
"223",223,0.507560781103725,0.355359461006835,0.00984293992092419,-841.699006158027
"224",224,0.461580315356453,0.322906657399675,0.00849598526512325,-841.206555959594
"225",225,0.450818933409926,0.441631199318152,0.00502988918136863,-843.40114014373
"226",226,0.526175063688863,0.466659742095024,0.00594217224389536,-842.467699078693
"227",227,0.36581514523523,0.629968398149717,0.00848565575961919,-846.062001887642
"228",228,0.671243749140065,0.603017409790366,0.00612798410632612,-843.478109642248
"229",229,0.678185136852569,0.550006050236488,0.00467081768572029,-842.453546848367
"230",230,0.732647029489562,0.605823278445714,0.00735747770554735,-842.684832026044
"231",231,0.760546912721229,0.628820113979785,0.00686002181258999,-842.908667468327
"232",232,0.764628858205676,0.633732476404224,0.00656224706967033,-842.932011873706
"233",233,0.747870456717664,0.55386178671948,0.0064192564450544,-843.211074469287
"234",234,0.734730499227563,0.557911544437578,0.00863519797372865,-843.841892262989
"235",235,0.64723930650677,0.553096733411655,0.00548695406279186,-842.477541128256
"236",236,0.656390183455985,0.541295135331946,0.00826432913935868,-842.329661686119
"237",237,0.675243267168397,0.556625947242598,0.00677401829632965,-841.816512656712
"238",238,0.700184878071533,0.60045747813142,0.00614218243166268,-842.72396746098
"239",239,0.748021477319671,0.638888088493901,0.00594573932077666,-843.212434454678
"240",240,0.786146709116032,0.632621430690842,0.00627478042254336,-843.096877769876
"241",241,0.270031118171167,0.345703020208822,0.00912531929211059,-844.829272486117
"242",242,0.33045244542518,0.432336503059104,0.00848114175311411,-843.790154964343
"243",243,0.564801667677363,0.393246019921307,0.00762411719756787,-841.16050102746
"244",244,0.446810595177338,0.46974848230761,0.00766232356074346,-843.24249459767
"245",245,0.477774389780234,0.585818945634504,0.0040399923339373,-844.778743666261
"246",246,0.688078440575414,0.536546266812373,0.00517706693889527,-841.813053623211
"247",247,0.585829932742363,0.533034852779092,0.00619394045808823,-842.859013094539
"248",248,0.64279664580038,0.563424871555924,0.00622078698182018,-842.733499302704
"249",249,0.648464300838008,0.544763586674537,0.00694782275322975,-841.991204059531
"250",250,0.673436366462556,0.560285985965626,0.00573503023652113,-842.020745473364
"251",251,0.662876936053651,0.504632590443021,0.00479662518729793,-841.918590098982
"252",252,0.628408123534977,0.443836737504881,0.00496622897612467,-842.23875448213
"253",253,0.606067535161112,0.445502773864026,0.00743896747659422,-841.056832174651
"254",254,0.582414134140536,0.46658292517193,0.00645275742678433,-841.182662852926
"255",255,0.603749599130994,0.45670603209303,0.00734642453503791,-840.915584796319
"256",256,0.508431877301655,0.39046788868577,0.00970567008770998,-841.763691750195
"257",257,0.569374506043892,0.470609959797829,0.00491573565847227,-842.458422575483
"258",258,0.586005228842145,0.467110647116445,0.006970743282833,-841.101763221614
"259",259,0.579557275456588,0.454250843838706,0.00748056036349838,-841.01235565679
"260",260,0.604476500569911,0.452876256453561,0.00663692433064324,-840.827813519376
"261",261,0.545452050505467,0.39834248274011,0.00678112864255668,-840.72531522955
"262",262,0.40399586494062,0.347561508078341,0.00583019365084854,-843.417963504181
"263",263,0.553657174687776,0.582937957787938,0.00564351109878277,-843.666352524789
"264",264,0.526408962540782,0.560068653362892,0.00536546110117254,-843.481697025963
"265",265,0.463492693908408,0.682310674123858,0.00547997618882215,-844.855487048751
"266",266,0.533652509575924,0.424366798695061,0.00683320611754682,-841.257364740069
"267",267,0.507207426975738,0.468439718139604,0.00636446836516977,-842.589511159273
"268",268,0.535775150810298,0.561630247851791,0.00500270221737929,-843.619446499451
"269",269,0.657793817252996,0.54214981798009,0.00803370077823708,-842.188636468987
"270",270,0.381586089616586,0.598324003776867,0.00636961371379214,-844.126599677686
"271",271,0.340643754473702,0.306019205693539,0.00692417493543472,-844.021500380931
"272",272,0.501937394637059,0.484194738500199,0.00557005985608209,-842.888923598761
"273",273,0.466860460247225,0.300907414924499,0.00822417952572053,-841.635458008288
"274",274,0.476836773847932,0.371512870403194,0.00529184527767827,-842.780531318854
"275",275,0.491795236943461,0.400771789912881,0.0107182573767566,-843.1843005385
"276",276,0.570198869173358,0.425558690177686,0.00586414657632108,-840.970911414909
"277",277,0.541343861046046,0.420536020496785,0.00719549136586454,-840.952638408998
"278",278,0.563103719951455,0.414968678933051,0.0100520417749108,-842.185977978612
"279",279,0.534425017880998,0.397773252946726,0.0103691948979971,-842.181350196304
"280",280,0.513851792462133,0.525078821214103,0.00739565893632076,-843.592778338475
"281",281,0.249620689836589,0.368871638115594,0.00813960014760424,-844.474730602454
"282",282,0.412824915007804,0.287260258609355,0.0134937065160268,-845.019935049296
"283",283,0.343129473046811,0.234883721074281,0.00698234721365844,-845.627084131155
"284",284,0.344512221213786,0.407324856091617,0.00668519902749446,-843.190946575901
"285",285,0.378343450466744,0.28453593655828,0.00861949144512409,-843.247372625038
"286",286,0.377125255983502,0.247842379199147,0.0089959750825818,-843.218726045239
"287",287,0.396194341534118,0.31913792217292,0.00743333658517769,-842.884873792493
"288",288,0.444889209167673,0.340553329092885,0.011855830428486,-843.608020217608
"289",289,0.452504554041659,0.30853514293061,0.00727912055572242,-841.474167021038
"290",290,0.485065088024311,0.354699375005354,0.00876377554011744,-841.115577504268
"291",291,0.484215099057636,0.355093883477285,0.005326976193209,-842.37895780195
"292",292,0.479948405089587,0.416968628348912,0.0100862300082998,-843.669019805289
"293",293,0.587378916583333,0.431733709320486,0.00749953884988593,-840.902267950721
"294",294,0.515552801473461,0.394945502537473,0.0068562305283876,-841.044285740459
"295",295,0.567840632877495,0.437377438311542,0.00769045139547478,-840.917640766929
"296",296,0.567887074684924,0.41315751413041,0.00800762489383616,-840.953675960012
"297",297,0.573888158717935,0.428101270205754,0.00635329043659423,-840.784958358403
"298",298,0.576320715011426,0.44854316396293,0.00758749496788844,-840.976922639924
"299",299,0.550327425899103,0.415923145128055,0.0108145176820382,-842.767048087965
"300",300,0.564153126948501,0.418394915102389,0.00777222105270162,-840.812470881169
"301",301,0.519511347224726,0.350734802553498,0.00859962076771915,-841.372681655451
"302",302,0.493089551733547,0.276948629201821,0.00701081501780731,-845.134697689098
"303",303,0.275502541978067,0.445408820989167,0.00737385722363192,-843.787256726948
"304",304,0.554895898000047,0.392172644238059,0.0075460617300152,-840.90213516697
"305",305,0.53187445942415,0.362510547007164,0.00852662540338825,-841.350451225013
"306",306,0.488751785448077,0.305893237180062,0.00630348361677381,-842.5328806151
"307",307,0.405246290444124,0.270089462739538,0.00739637130658499,-842.662097873363
"308",308,0.428884495673198,0.482203275419056,0.00618468140155637,-843.059153286083
"309",309,0.495728874441289,0.588407138269559,0.00559701958411933,-843.770014412935
"310",310,0.405635080230056,0.328226075733757,0.00673298324405776,-842.916010132157
"311",311,0.350729593637771,0.711381863561305,0.00449808626840451,-845.49475951728
"312",312,0.842276268038849,0.690476644401687,0.00390447804198695,-846.185787089873
"313",313,0.808047081560692,0.689484023702903,0.00758195927865548,-844.500024115083
"314",314,0.51944995140482,0.743207224143505,0.00432542033726737,-846.263936942548
"315",315,0.449756128262885,0.660859971656924,0.00588839114849883,-844.637522449001
"316",316,0.174200593964919,0.511522311782147,0.00504934461404196,-846.513026238218
"317",317,0.18938283382376,0.467044336167422,0.00649476833474914,-845.119227549124
"318",318,0.683558323446417,0.591873318858342,0.0108092757590167,-845.900517012713
"319",319,0.680387757379194,0.543955217075534,0.00777563732988716,-841.95488068691
"320",320,0.680282854589183,0.529234811205133,0.00799903073865504,-842.042178845409
"321",321,0.707191421853036,0.604205193552004,0.00365118183284582,-845.314361219187
"322",322,0.737131029325878,0.570830248452273,0.00961031296466061,-844.701478013958
"323",323,0.735549372265396,0.60004205239711,0.00463758183016026,-843.117540619703
"324",324,0.592283278221284,0.54800443477424,0.00569709318063733,-843.085644317246
"325",325,0.614522574828132,0.410894415893418,0.00851830847228923,-843.441958080246
"326",326,0.373566738812458,0.327286411092704,0.0142045491611041,-847.644420096646
"327",327,0.487069693487052,0.413184248287756,0.00373768225712779,-845.267767678243
"328",328,0.518477264390875,0.538394512787079,0.0053142511610061,-843.314987103873
"329",329,0.654169000235007,0.542758275992643,0.00506376437697003,-842.273954062265
"330",330,0.647781587045241,0.517047147445847,0.00812906438812057,-841.817122148577
"331",331,0.640414646727281,0.485686306006241,0.00777505972641895,-841.435643673455
"332",332,0.598836608641135,0.485339913362643,0.00905489177519439,-842.214815111471
"333",333,0.501331682100031,0.445528898631564,0.00473321291008016,-843.346536581879
"334",334,0.532080929821363,0.405947398851096,0.00790684441440132,-840.909602902347
"335",335,0.557589620350939,0.415159020872579,0.00602839612818085,-840.932563267744
"336",336,0.419695655756257,0.444121599498179,0.00547752111047268,-843.238422195137
"337",337,0.574282380805759,0.403764193910281,0.00885389687262929,-841.739675827462
"338",338,0.24731798636281,0.545902090593599,0.00550593329181492,-844.6991882123
"339",339,0.233283929221924,0.447348013571742,0.00533757201895123,-845.254708041881
"340",340,0.218271781186092,0.696965589848369,0.00631766273173043,-844.472358125281
"341",341,0.156888469457787,0.749861888618724,0.00748743000454274,-844.618095506988
"342",342,0.246887696937594,0.587982701276032,0.00816191349504896,-845.299815924662
"343",343,0.64304184617451,0.463052126602478,0.0066699078895463,-841.582383483378
"344",344,0.458936235634239,0.295059996076655,0.00745295446975938,-841.750103200445
"345",345,0.390995133372828,0.320480853727246,0.00889127716239617,-843.13092562194
"346",346,0.427809260257067,0.32803077458189,0.00867750977514387,-842.125941714985
"347",347,0.379142751464186,0.276665474410999,0.00927352496171128,-843.201942023506
"348",348,0.409859911575778,0.304236735172668,0.00575729196826157,-843.783722776688
"349",349,0.450243349206587,0.302205572462533,0.0105415849099542,-842.352620524358
"350",350,0.389716224513557,0.239106276941937,0.0109797811111157,-843.820805516091
"351",351,0.380789005974639,0.308574301922321,0.0103966262270884,-843.979312016649
"352",352,0.415807598307798,0.274743255661055,0.0112104954979523,-843.127940988998
"353",353,0.422649423813568,0.295686699272719,0.011143467021999,-842.882216758829
"354",354,0.447434922657091,0.349408831727527,0.00733209552775613,-841.914480668148
"355",355,0.52079141885544,0.386688223510584,0.00781430595615078,-840.783498006447
"356",356,0.542359804593237,0.371161658374385,0.00821015246527994,-841.289507464945
"357",357,0.489386867663069,0.409380337477193,0.00611190268690218,-842.239582548932
"358",358,0.503361143066758,0.391567950964171,0.00788767155923867,-841.204426388517
"359",359,0.506317787966817,0.365764385372207,0.00840003580316437,-840.890289421488
"360",360,0.53045578685734,0.442262786884838,0.00579430383716249,-842.110455118108
"361",361,0.529832869985761,0.378601815745177,0.00736326214482189,-840.728909783272
"362",362,0.527032348207917,0.375659069653723,0.00839393827271126,-840.926039196626
"363",363,0.510679011225153,0.333619434864638,0.00848492532043196,-841.691188808786
"364",364,0.502561483711602,0.415163742266056,0.00981287915660577,-842.724228835796
"365",365,0.549076443625176,0.376863119929713,0.00474190343990499,-842.599927918539
"366",366,0.487783804564963,0.42347921822952,0.00526056929593143,-842.903397537119
"367",367,0.525529458337766,0.434740884992354,0.00706236647275311,-841.737661158978
"368",368,0.390749259895232,0.429180400369623,0.00494029584622114,-843.960276243041
"369",369,0.670805782188218,0.452768878976642,0.00472525233899385,-844.471921030798
"370",370,0.393462923934673,0.480310055056936,0.00874775079033583,-844.243874822484
"371",371,0.231715209876481,0.402490816430878,0.010239563436194,-846.141503563473
"372",372,0.274884487298481,0.403145264633028,0.0108816486123788,-846.366069317374
"373",373,0.474992611787641,0.344436758630369,0.00425185332491308,-844.47512563327
"374",374,0.519275318840257,0.516312102333181,0.0067452856746516,-843.137666471794
"375",375,0.401810645629667,0.277012798618464,0.0105709275350533,-842.863020890229
"376",376,0.435201953235811,0.274643263382579,0.0101915965153261,-842.698353140227
"377",377,0.400778764640878,0.26381523193119,0.00866470597756401,-842.498440774719
"378",378,0.434751046603872,0.376919955867337,0.00787684730140439,-842.504047961247
"379",379,0.567475463823895,0.420047529029677,0.0061939332813578,-840.838032861615
"380",380,0.585288209845705,0.426043373059644,0.0065288134002455,-840.850282740446
"381",381,0.550564222010271,0.470208594384659,0.00671476423278411,-842.068043650075
"382",382,0.548132140239635,0.358183641943122,0.0096212544635531,-843.015735821499
"383",383,0.450872207564425,0.325790562765897,0.00971913765450295,-841.768932812152
"384",384,0.462424730128223,0.367011663591145,0.00494783750576537,-843.543791074414
"385",385,0.460501331490115,0.460895590075669,0.00834112858925006,-843.492358316435
"386",386,0.532462958836493,0.384479409377715,0.00788426505166097,-840.761961176326
"387",387,0.504213370920676,0.397814343033989,0.00747585909414096,-841.320207801978
"388",388,0.422846350478662,0.266055545407618,0.00681209814619957,-842.863406265381
"389",389,0.424891330718219,0.423510337541388,0.00404262412026714,-845.111124563365
"390",390,0.622594044637097,0.527173348336021,0.00841433729707453,-842.63920943289
"391",391,0.667723562625261,0.526320907592292,0.00923323955022911,-842.878949450482
"392",392,0.666698855586954,0.538394596898089,0.00887972984114929,-842.667162768529
"393",393,0.699964033458276,0.558228275344247,0.00529516025479685,-841.942186515964
"394",394,0.485923107345399,0.515738031969961,0.00582995957269196,-843.119571542461
"395",395,0.353198278677391,0.504146295329604,0.00529148359529589,-843.845876090075
"396",396,0.648539428865138,0.467216192823205,0.00408357859595096,-843.251290560404
"397",397,0.611690131719361,0.464664678269274,0.00635020344189093,-840.862477500582
"398",398,0.648595094672485,0.503552631151582,0.00613839995717644,-841.109579808107
"399",399,0.243375264852402,0.446518891205549,0.00771504522887558,-844.21211741924
"400",400,0.453446095580996,0.329143562355059,0.00924612066978742,-841.554705973003
"401",401,0.513891068693202,0.399861839130068,0.00957288483123863,-841.794075242752
"402",402,0.547857118377011,0.386057862066584,0.00900110189971151,-841.445291898776
"403",403,0.515350817724279,0.391376026588557,0.00629910497644564,-841.197675326872
"404",404,0.452691062926198,0.318323803863957,0.00571794772598714,-842.578014589617
"405",405,0.367981520668087,0.362897485744062,0.00868047336053501,-843.420162793395
"406",406,0.464342324735352,0.380264769641471,0.00666265030393774,-842.12676700399
"407",407,0.43620660459297,0.361422719210366,0.00520370962992983,-843.619084380871
"408",408,0.549217663855732,0.481972781763683,0.00631097621043508,-842.359752014874
"409",409,0.675349800910014,0.569443280558358,0.00571804783846547,-842.278048528135
"410",410,0.743831374624989,0.619216354418705,0.00631802023449697,-842.653110394657
"411",411,0.747652500299048,0.588500162523064,0.00455721951266454,-843.193131106442
"412",412,0.76948846145911,0.572858794723774,0.00647891457663874,-843.687992580047
"413",413,0.204540972718133,0.585583344499285,0.00487041056089594,-845.661301600315
"414",414,0.403820591888836,0.344512660050036,0.00995885338651042,-843.653288914243
"415",415,0.336103867615788,0.391709606363337,0.00448278354610807,-845.544840991924
"416",416,0.554620067998197,0.594641016216704,0.00621212948062776,-843.908270009673
"417",417,0.781082494578567,0.558321059469143,0.00570064804203791,-845.29042942529
"418",418,0.403839260751621,0.507347428374826,0.00536553613994404,-843.51659058017
"419",419,0.503990695327141,0.371653801933504,0.00602030648412236,-841.371840571127
"420",420,0.516335957274397,0.399879246641291,0.00607427123483324,-841.448315789142
"421",421,0.514090916996958,0.436682522255876,0.00628851259374705,-842.136519298626
"422",422,0.46146383750583,0.415303196667264,0.008863853230804,-843.121551278104
"423",423,0.420030136771791,0.274914410152221,0.0081205011573819,-842.095014898946
"424",424,0.428782466112134,0.283304803717687,0.00795480189828856,-841.884840602758
"425",425,0.437926882219553,0.321391802990028,0.0100764249013662,-842.16706885089
"426",426,0.49087876185024,0.353569004585214,0.00589551720400056,-841.617173214306
"427",427,0.435307114230544,0.522110114208304,0.00797384684784984,-844.100046194062
"428",428,0.4463160181359,0.53193819290945,0.00714382108046178,-843.670126627223
"429",429,0.713774212573092,0.580263279498791,0.00559756343111819,-842.102652350997
"430",430,0.636412263008938,0.404271440001346,0.00508664263753644,-845.624540229111
"431",431,0.213774218089334,0.537701030751623,0.00852104743283665,-845.468539334926
"432",432,0.594552378419438,0.449825198994594,0.00546586651238571,-841.157305332241
"433",433,0.591468404036827,0.423864878683018,0.00780695773006375,-841.228878736294
"434",434,0.5979893694649,0.455282795326242,0.0058092269518066,-840.980200085852
"435",435,0.616017104913931,0.508770385003037,0.0062294283370327,-841.587414343065
"436",436,0.448336240854139,0.287413899583028,0.00983586050927561,-842.293501354874
"437",437,0.413360203653053,0.311017588084208,0.00830390603423507,-842.305338426407
"438",438,0.474233241411891,0.323819506496971,0.00668301523360346,-841.399936980027
"439",439,0.448502147851639,0.323349041711733,0.0106314167380837,-842.315338435748
"440",440,0.467495005199538,0.391932495100919,0.00601316931073359,-842.472909168238
"441",441,0.502298331537236,0.379682540078855,0.00914098006706408,-841.345671654488
"442",442,0.508115141325194,0.315664945810398,0.00644438459706216,-842.701326889677
"443",443,0.475147148425615,0.319024728460554,0.0105537909475741,-842.365379384848
"444",444,0.493946065511815,0.426567749412991,0.00464353527233619,-843.509159915993
"445",445,0.614335469177057,0.536222533319865,0.0086634942231249,-843.387935733216
"446",446,0.683899307017309,0.544668793608269,0.00715290184216259,-841.670105899325
"447",447,0.662144539707967,0.566767619932715,0.00650749729014403,-842.373996280957
"448",448,0.735973597184611,0.562250815994714,0.007289849885763,-842.726265452722
"449",449,0.65958535716896,0.493230364896662,0.00683614405726823,-841.395097666567
"450",450,0.602272482111876,0.42084530111999,0.00595161172021921,-841.565176531181
"451",451,0.593432791623826,0.477420609078557,0.00776806434501622,-841.393707421982
"452",452,0.596916081489741,0.480028476458139,0.00744524369672004,-841.293741851195
"453",453,0.587359317147538,0.482444385053319,0.0069147920129385,-841.483817565971
"454",454,0.625476402214306,0.43363172758397,0.00615986229090459,-842.002717069885
"455",455,0.601374528779888,0.433020906337887,0.00793078278830301,-841.368739153579
"456",456,0.544085198042049,0.418770698385462,0.00876235237358164,-841.273615099227
"457",457,0.546051112765348,0.48196859925733,0.0085795695112788,-843.144349939266
"458",458,0.287214684728393,0.328843133462453,0.00698230745702842,-844.370987086205
"459",459,0.545003254755336,0.381146043207208,0.00807174147860473,-841.041441954176
"460",460,0.522403215620344,0.376435735642406,0.00683238850355009,-840.789273060535
"461",461,0.491355949245973,0.338133764927202,0.00917925435454445,-841.336266674129
"462",462,0.479812486738388,0.350323728950087,0.00752106570154289,-841.020606831554
"463",463,0.489440560186493,0.407598951654872,0.00623822422177753,-842.161183747796
"464",464,0.559364896036309,0.437994861996891,0.00888974243519119,-841.526210656525
"465",465,0.560502300176389,0.407579458423832,0.00786671479176805,-840.855380774926
"466",466,0.538609102589692,0.375987220093809,0.00837279931928626,-841.11123825454
"467",467,0.547097344712389,0.369554005810763,0.00628462608949065,-841.490589577893
"468",468,0.501412951257985,0.387485260163607,0.0111483208565066,-842.929422194929
"469",469,0.471118602785655,0.291005274417677,0.00588788238162768,-843.175411472203
"470",470,0.424708400745953,0.361831875183854,0.0055542635829621,-843.351647124124
"471",471,0.542364875148775,0.462499613290555,0.00820344291250567,-842.383962520426
"472",472,0.510793520126005,0.460512569617806,0.00805852146562432,-842.909363122732
"473",473,0.410567096162515,0.414276909800656,0.00662539413627227,-842.794744975385
"474",474,0.494392278672736,0.522541941811322,0.00611099158585993,-843.150386690098
"475",475,0.503309149039862,0.533054289360255,0.00561124676381228,-843.236317809191
"476",476,0.507190827104898,0.547162705803931,0.00619082524985065,-843.377602920035
"477",477,0.694112240715227,0.564714582158728,0.00753036543009396,-842.108599136612
"478",478,0.667410193220272,0.539430185862589,0.0080623219705354,-842.069078464776
"479",479,0.652837034916886,0.531520453463049,0.00947900470086183,-843.11797328378
"480",480,0.675484582052645,0.546352767388896,0.00299066683332488,-846.146577320402
"481",481,0.679110954583385,0.559626694086771,0.00309627651666992,-846.048031280572
"482",482,0.725578757162295,0.542016310977559,0.00638815126107309,-842.492123461503
"483",483,0.294040338205348,0.729041717738305,0.00611689925403635,-844.854880759464
"484",484,0.476826430156432,0.585932612387394,0.00643090938743092,-843.921170297219
"485",485,0.559925493847796,0.428775452794221,0.00692787685408611,-840.799164129872
"486",486,0.544215438119949,0.398091693934602,0.00529447516296179,-841.540029262247
"487",487,0.498745649639754,0.411792932274553,0.00879184729399999,-842.171208963715
"488",488,0.513374448499635,0.328521398419013,0.00671244101765474,-842.011545167853
"489",489,0.465765564521124,0.325122157897295,0.00571685804745659,-842.278023280538
"490",490,0.470779347534219,0.356932694287543,0.0107705124807871,-842.510045919008
"491",491,0.527101538618571,0.396336934959931,0.00980529989960614,-841.723521628838
"492",492,0.513023602968235,0.377310592597151,0.00908438738209206,-841.180542700342
"493",493,0.518858493488953,0.35793275112533,0.00884995339219935,-841.268021077892
"494",494,0.402175249099841,0.234831070392504,0.00920307521582592,-843.568787878633
"495",495,0.392161106325417,0.289865917814802,0.00835739105503416,-842.812024816445
"496",496,0.444930021410213,0.354760333535217,0.00701873887397769,-842.131350351626
"497",497,0.470895520929195,0.305572378032824,0.00771383971688318,-841.530048874318
"498",498,0.467152453745217,0.384541658871995,0.00878875690259485,-842.269532759833
"499",499,0.513583760110761,0.358349831492614,0.0074067435272779,-840.833232063233
"500",500,0.528312560143664,0.412880389358029,0.00706497676376392,-841.082589011041
"501",501,0.545018627899703,0.38293409313181,0.00600661838696942,-841.169375491861
"502",502,0.523417632474883,0.455958405863876,0.00763412672563594,-842.425161913252
"503",503,0.58308580588853,0.447600887434374,0.0073436017264067,-840.853316174699
"504",504,0.436870359047495,0.443945149807132,0.00688470506558333,-842.79936533008
"505",505,0.521582278889464,0.40026536780291,0.0081946166580417,-841.046457272674
"506",506,0.564275433174257,0.436248813498193,0.00701424001731582,-840.85115440077
"507",507,0.600769652115264,0.465566276136556,0.00831939412141356,-841.360643354017
"508",508,0.606645826332343,0.486807321637928,0.00764527104179473,-841.359702705555
"509",509,0.580811221462266,0.39705408906052,0.00839840352624287,-842.000784019781
"510",510,0.563223768539485,0.399371557147824,0.00811937887137663,-841.115984026323
"511",511,0.564052394101011,0.443141502538994,0.00547487266537641,-841.498378213815
"512",512,0.471751392117333,0.39757314662054,0.00932549074494963,-842.766149686172
"513",513,0.543294411759967,0.454451217167309,0.00877641828877474,-842.337452832415
"514",514,0.642272533315484,0.503345758128779,0.00546128424741881,-841.329628410817
"515",515,0.610377182797396,0.466451571476029,0.00555034739392898,-841.118029649853
"516",516,0.614101113844879,0.483702424553174,0.00563539415026159,-841.222197581959
"517",517,0.625603342309703,0.524890232411453,0.00564484513104821,-842.018658793094
"518",518,0.54483987701561,0.344712967351947,0.00649811829842583,-842.739691156675
"519",519,0.371086326029754,0.370005815177448,0.00698482220851836,-843.014896461661
"520",520,0.549617561443152,0.358130592549634,0.00426924406330241,-844.299031652011
"521",521,0.516610892725211,0.441423871143563,0.00526173778292704,-842.675665729711
"522",522,0.515709536976569,0.447351252528598,0.00608023758905412,-842.320399691106
"523",523,0.603721955226307,0.46061177167503,0.00641842570152071,-840.833936271763
"524",524,0.628561933970208,0.489678920305421,0.00767295744585608,-841.269261348872
"525",525,0.624291350582726,0.497292708200456,0.0083059162020617,-841.71045612191
"526",526,0.569746381448488,0.466016894968915,0.00628127761941275,-841.516529285209
"527",527,0.650255907472125,0.475626348668779,0.00567520330748843,-841.535355948094
"528",528,0.317138877521576,0.447428758231446,0.00739977976181867,-843.469623765938
"529",529,0.350278780195851,0.407678820153315,0.00645213915402624,-843.209627245178
"530",530,0.27416373391982,0.316828439028364,0.00667793342392609,-844.983932477481
"531",531,0.487705475889221,0.435444638158335,0.00670845951653175,-842.399522843796
"532",532,0.496166835631923,0.430701800514814,0.00852455617312897,-842.685385789814
"533",533,0.328372177614091,0.368504679043117,0.00654723026156471,-843.528650614648
"534",534,0.284598699668591,0.601417345556756,0.00561000085345324,-844.520211459056
"535",535,0.341256449097232,0.587768748301015,0.00803213945867348,-845.013434672947
"536",536,0.419620250885163,0.385615473153847,0.00818824375218566,-842.837569457375
"537",537,0.561249928822263,0.465445420212672,0.0063709462083808,-841.707886318799
"538",538,0.348170353189649,0.420190187397484,0.00734076532835391,-843.169311901934
"539",539,0.557380916731344,0.419138290888207,0.00846716890222177,-841.058383472026
"540",540,0.575343304229514,0.418398735382255,0.00749003440890711,-840.85690822872
"541",541,0.49389690939822,0.344669330314212,0.00646662121149858,-841.206890694453
"542",542,0.495553595643865,0.364653970849285,0.00596289171813669,-841.529063836019
"543",543,0.571524923768658,0.582185384062901,0.00515470426739806,-843.737802122533
"544",544,0.681909488026053,0.55673878468007,0.009084202000151,-843.134627847236
"545",545,0.531070943439822,0.338987185548886,0.00582198201191009,-842.699282979788
"546",546,0.486302369364167,0.493178328212512,0.00615121750095597,-842.923153606643
"547",547,0.530788478768447,0.550655457979178,0.00584923185708205,-843.325099891828
"548",548,0.532763472818611,0.595782554281212,0.00540302812973277,-843.849331824393
"549",549,0.245975882746541,0.67525607585165,0.00756352495118553,-844.967616887662
"550",550,0.121480033922329,0.794230545170254,0.00617515515217693,-845.116867272891
"551",551,0.358343430422643,0.401392375865335,0.00612375531333196,-843.30153105215
"552",552,0.286011862874113,0.512448191566116,0.00646088836340184,-843.897011247878
"553",553,0.506965118584119,0.40578886473017,0.00658363319899829,-841.592100186207
"554",554,0.495007756414909,0.361609192200138,0.00921868603568102,-841.252651244742
"555",555,0.482526686594305,0.340260965684333,0.0060525091433576,-841.618165454012
"556",556,0.480882759690699,0.508426365917672,0.00587504630968268,-843.07601720405
"557",557,0.454117178290837,0.449771555969392,0.00514964867473219,-843.274244122136
"558",558,0.450652724142665,0.698594249959526,0.00549858229255874,-845.056930400581
"559",559,0.444608508624005,0.335320732879311,0.00755023140432418,-841.729209145985
"560",560,0.48484033153678,0.352211371087254,0.0104143513525743,-842.007816220603
"561",561,0.466022497590981,0.340614818937009,0.00770473351808688,-841.187217068906
"562",562,0.462540038909725,0.301969923209954,0.0110942278825301,-843.027962332072
"563",563,0.465811986246996,0.313431425113948,0.00485254553606226,-843.705557720384
"564",564,0.439917602555,0.375013304861341,0.00484854348541661,-843.971243958862
"565",565,0.283020189686544,0.814948963940944,0.00674191348948793,-845.248800963986
"566",566,0.218327079908279,1.0753756125412,0.00439514314186138,-848.570862144365
"567",567,0.355685001082052,0.60493724261125,0.00657194370310571,-844.300442984882
"568",568,0.489511927050039,0.410386971285287,0.00767864582134141,-842.048332080669
"569",569,0.564567159231442,0.431427862499407,0.00697512533745925,-840.779870222776
"570",570,0.571359846969369,0.438132853834582,0.00727541289060573,-840.816039180102
"571",571,0.571247595500366,0.541449400129639,0.00469171156962598,-843.572955200105
"572",572,0.365061040051584,0.702957767712198,0.00526834422716136,-845.09611585493
"573",573,0.133563652416479,0.701998705101402,0.0105425236504339,-847.415329287868
"574",574,0.123866101962494,0.961583300755212,0.00889601029637272,-846.261116616305
"575",575,0.165987222270025,0.633306584629348,0.00918977654083789,-846.112045425915
"576",576,0.188399374807627,0.713961808746822,0.00754509330487438,-844.649663304639
"577",577,0.225779672358542,0.743623194816342,0.0056414839786691,-844.664906674241
"578",578,0.208533807107503,0.873422725948022,0.00584616653837072,-845.15276137061
"579",579,0.226951537250919,0.400858211709597,0.00839116633546718,-844.743363254851
"580",580,0.316709925605518,0.392184414980012,0.00538186849729803,-844.383589612455
"581",581,0.463532458189924,0.513643262517618,0.00769722839308997,-843.756209544241
"582",582,0.323002439141236,0.708318985737495,0.00744845929634018,-845.67069788181
"583",583,0.33505930439694,0.712605296457771,0.00725722276689677,-845.665193384778
"584",584,0.322437310184999,0.854794348912618,0.00789427566654321,-846.708266076171
"585",585,0.228815675589371,0.329424622258355,0.00688781935621601,-845.583514076182
"586",586,0.497866727067673,0.387337963838845,0.00837468540966989,-841.329457008048
"587",587,0.473243811809594,0.33001661795543,0.00720795307205772,-841.130874738068
"588",588,0.477513695597977,0.32550947447445,0.00635812989384462,-841.564990673677
"589",589,0.468380736892257,0.316289418024289,0.00918544425589358,-841.480326911295
"590",590,0.449415850542124,0.350396119508262,0.0069737802240861,-841.977535694958
"591",591,0.406591854616121,0.372638818493894,0.00664568909521712,-842.791892704246
"592",592,0.354836756356289,0.310965969365947,0.00953358733754834,-844.136222295912
"593",593,0.368446377469228,0.245058873280482,0.0103914190738485,-843.662299012901
"594",594,0.411344156537927,0.363644856818875,0.012526916064613,-846.137260786829
"595",595,0.418109814711179,0.265879042723336,0.010389887068114,-842.841492678798
"596",596,0.386869321698065,0.282193670263823,0.0100253197367636,-843.13724418625
"597",597,0.441233355404911,0.353627462848426,0.0075063291811391,-842.110600726136
"598",598,0.425796783618512,0.378167265903313,0.00701440371936331,-842.550531434207
"599",599,0.581285497438022,0.418765246580175,0.00588920560634824,-841.078085682761
"600",600,0.528443913546637,0.368017934499593,0.00960390538620892,-841.730006230439
"601",601,0.51959473097814,0.336866713348874,0.00962734929617158,-842.581963909997
"602",602,0.325982931987489,0.395220401201911,0.0102803108228547,-845.183165175615
"603",603,0.522293827566679,0.388335726680404,0.007605492140999,-840.762947835557
"604",604,0.417174016301559,0.337778760498285,0.00796306709966988,-842.483923882837
"605",605,0.523068940118793,0.338859246477842,0.00848166886863986,-841.993043613973
"606",606,0.461483765166562,0.395844875074145,0.00506582168365584,-843.357077355839
"607",607,0.518047536258382,0.618696476341956,0.00456098187859423,-844.469968464239
"608",608,0.554005449956655,0.450768479739287,0.00848141321807421,-841.770882023082
"609",609,0.593665015371297,0.474570745694806,0.00561414957364804,-841.410450225139
"610",610,0.508877689439307,0.428449022669203,0.00569677867096095,-842.360217601642
"611",611,0.541733494411638,0.426451376387217,0.0068841522913118,-841.096619934524
"612",612,0.5978366303213,0.430322469649772,0.00887988998925957,-841.888430095385
"613",613,0.535155036380077,0.386956189822864,0.00896757662347826,-841.186032711789
"614",614,0.586892128069606,0.497627124444532,0.00501627507061376,-842.571991799439
"615",615,0.655736377041793,0.50668471256672,0.0107062256825708,-844.289916857415
"616",616,0.650212808422458,0.528881185517814,0.0079265973692566,-841.897342373675
"617",617,0.70538142670417,0.568257988114491,0.0093551148058513,-843.652578874583
"618",618,0.703558444673563,0.544729560173772,0.00331901615058573,-844.988518786481
"619",619,0.690374179158827,0.480242900437828,0.00572262713064749,-843.413182951552
"620",620,0.662634043176882,0.463869361350172,0.00589789943063544,-842.528438780899
"621",621,0.481370406443306,0.343552446209102,0.00771158187789259,-840.943241257937
"622",622,0.521277092216206,0.343859513681304,0.00737140480251546,-841.436672787765
"623",623,0.44518730467196,0.318786522023474,0.00841664484990324,-841.450807365991
"624",624,0.458153143549292,0.39285758135033,0.0100225445328728,-843.448473737884
"625",625,0.575288746413626,0.461658439738303,0.00586175295824414,-841.406058464113
"626",626,0.623360992238173,0.510345301031805,0.00609906769866353,-841.489238023174
"627",627,0.665984697945664,0.524486436907593,0.00566146595066643,-841.395905694248
"628",628,0.428344424358577,0.562166318217871,0.00458852974237089,-844.16139230837
"629",629,0.455018522669332,0.475027653717084,0.00487092702906095,-843.528122685833
"630",630,0.607564782619859,0.416686575696724,0.00838953754208594,-842.525713307105
"631",631,0.548051617025641,0.445515089771773,0.00589978707261211,-841.698507772826
"632",632,0.610169184377849,0.457408230624052,0.00700844566348149,-840.89619124307
"633",633,0.615332943543648,0.471959767551387,0.00652634037560923,-840.878104813898
"634",634,0.637251914997394,0.491592846772175,0.00675785239931336,-841.030535409041
"635",635,0.627590104154216,0.448615900663214,0.0059254866604289,-841.505107090038
"636",636,0.634842579016239,0.592069974863897,0.00828444040434818,-844.762490816248
"637",637,0.438516226756264,0.489780188506372,0.00739393177813302,-843.348216483012
"638",638,0.418641921717598,0.480370846517208,0.00761326975493144,-843.403725320108
"639",639,0.411568756863678,0.490140281095967,0.00557607412535984,-843.320516729387
"640",640,0.546472562360809,0.39449364109613,0.0059448682018305,-841.052379900761
"641",641,0.568277351442995,0.42588668133671,0.0069317096084385,-840.715439830041
"642",642,0.582994974989498,0.440212908986557,0.00720123599281344,-840.778010187033
"643",643,0.579172349381144,0.414509424498176,0.00636093728032259,-840.967817186345
"644",644,0.564889363327226,0.368888659659693,0.0075799563560539,-842.309167280656
"645",645,0.444179080585147,0.354322115690554,0.0110822094440318,-843.40315868431
"646",646,0.480593599111423,0.372458602466197,0.00865902333905526,-841.497812857347
"647",647,0.446046720409835,0.285237117312802,0.00790442278245799,-841.862222569902
"648",648,0.443016352958465,0.321794700428077,0.00878006935331374,-841.580193915975
"649",649,0.427371463959061,0.314294061135982,0.00716563845427504,-842.131118947892
"650",650,0.498009166928943,0.40297969527404,0.00916455872490161,-842.072839295042
"651",651,0.569226268996577,0.400599764750197,0.00428671939474885,-842.933650593766
"652",652,0.54371147662364,0.469065741135521,0.00639157476900034,-842.192816094768
"653",653,0.573085981965896,0.442584970263954,0.00736495406641243,-840.872187711537
"654",654,0.606162872954488,0.448174999727368,0.00660110084144925,-840.884496812265
"655",655,0.604556125602779,0.424023899499887,0.00684203598633336,-841.442453867026
"656",656,0.593994821565849,0.472127216443729,0.00624711832615053,-841.111080311237
"657",657,0.608353666231623,0.47569825603699,0.00693782362468978,-840.958655996325
"658",658,0.614079436239101,0.453155043933175,0.0056082802948375,-841.169200798158
"659",659,0.596420246281572,0.489451664988605,0.00384174870962389,-843.894399673982
"660",660,0.493560862531229,0.365706658800358,0.00442567910652719,-843.633765933883
"661",661,0.507959996799017,0.519717362559691,0.00562339740542595,-843.109333535597
"662",662,0.671107824401444,0.555484377881631,0.00749114535468332,-842.073545889641
"663",663,0.625355140451923,0.448495120687306,0.00738247333993456,-841.552179129465
"664",664,0.559011362938933,0.421495658199576,0.00757900333841583,-840.77750480411
"665",665,0.580424074553168,0.477433311166007,0.00646283585358865,-841.526804828773
"666",666,0.644134805954619,0.475506724823106,0.00873568367000657,-842.343906909949
"667",667,0.591479583587122,0.49994337367882,0.00666176508937019,-841.916789312118
"668",668,0.567425342023989,0.411579195972816,0.00961278607765537,-841.929173956111
"669",669,0.514392079502029,0.392540510237467,0.00893509928587682,-841.286531874121
"670",670,0.554767321788192,0.41519976330116,0.00686481798870347,-840.718839995361
"671",671,0.568524624179211,0.433362179632748,0.0055865536522875,-841.191233843811
"672",672,0.556236727154107,0.453903595313302,0.0102213122594853,-842.956708727384
"673",673,0.526747500308539,0.34820327094605,0.0103351989895835,-842.954441270741
"674",674,0.485297603145964,0.353106564604066,0.00731073031247452,-840.979415555485
"675",675,0.493806253622914,0.368490671061055,0.00925763545200718,-841.356259518567
"676",676,0.501447898496086,0.340275209123592,0.00653844570139446,-841.275313124163
"677",677,0.497345624074858,0.339936039286816,0.00913773586949822,-841.372610294397
"678",678,0.479771857817626,0.332153541394822,0.00893409246311546,-841.215821314923
"679",679,0.457549268529911,0.325136697174213,0.00724118169505775,-841.355422094948
"680",680,0.448181124528552,0.400561091483306,0.00707573075329921,-842.450129657202
"681",681,0.557710664969865,0.425215086602954,0.010610981133596,-842.670445277835
"682",682,0.60238207215603,0.479174406560211,0.0101721159751115,-842.982611059996
"683",683,0.597289036094843,0.434943524350317,0.00779177231816648,-841.154413807574
"684",684,0.542480954151469,0.4151525982687,0.00913370280764604,-841.431642364959
"685",685,0.531149624259329,0.368853995960119,0.00748694764221625,-840.896126452216
"686",686,0.530109357983095,0.33387678747341,0.00886523739878948,-842.925611433172
"687",687,0.42091054129517,0.376072141673736,0.00598983561502233,-842.967507806843
"688",688,0.343036449115342,0.570654135061702,0.00563975099369079,-844.006792485864
"689",689,0.694811385210445,0.564122258743926,0.00668579207774143,-841.794636406907
"690",690,0.708592015804071,0.566014138575189,0.00732318755626104,-842.068926353515
"691",691,0.700486713789207,0.546654950801671,0.00721030703440192,-841.88212855615
"692",692,0.706156640637235,0.53852960955863,0.00804926410240196,-842.639620207044
"693",693,0.424168036663947,0.344438422895154,0.00730901351566036,-842.417519370394
"694",694,0.414612032096009,0.397236869768506,0.00634142847750286,-842.815012297854
"695",695,0.506374226111702,0.314714967237596,0.00747810153784137,-842.407713221929
"696",696,0.484145356810914,0.310282553176693,0.00615871318253017,-842.255980318572
"697",697,0.491741186269256,0.480084206257627,0.00741974946410192,-843.067694050588
"698",698,0.550139658222285,0.451695035142488,0.00595405462126819,-841.768923940697
"699",699,0.591157725036708,0.444259297204191,0.00983768712163933,-842.324549114351
"700",700,0.574281884089437,0.447384916046173,0.007669047510736,-841.002120908317
"701",701,0.585219758103576,0.405670034387724,0.00539080617335655,-841.836133149685
"702",702,0.585249939241896,0.456398053047359,0.00769069451060177,-841.042150100759
"703",703,0.572402208235523,0.455980338831457,0.0089948808391535,-841.818076766619
"704",704,0.613285535727686,0.460359039435049,0.00652723612347183,-840.873166496736
"705",705,0.619084193150448,0.495758672672056,0.00608386645379972,-841.214877629297
"706",706,0.620912101625452,0.483600384540147,0.00692319666862984,-840.984930777299
"707",707,0.574762158440523,0.510123321620025,0.00465565078919496,-843.273383783097
"708",708,0.536575394882472,0.37167811414133,0.00764620075643737,-840.963458815522
"709",709,0.484565976872694,0.386681349829129,0.0076913508368025,-841.596466002011
"710",710,0.404390932653133,0.280370117781154,0.00712989636774383,-842.772686552931
"711",711,0.421359586099707,0.32717015278841,0.00781956763569008,-842.276624747605
"712",712,0.425760251715367,0.303237267181078,0.00896760922285888,-841.87597092274
"713",713,0.403673047010533,0.254986860689958,0.00696600121735746,-843.264730140942
"714",714,0.42215297783232,0.415487787595246,0.00543196113160497,-843.276921029341
"715",715,0.619867068402469,0.542168128299424,0.00630174727375587,-842.556690354047
"716",716,0.707891341941442,0.584545291487522,0.00744852424404086,-842.391321540418
"717",717,0.732051284939134,0.579211023883177,0.00490039179114592,-842.602130705949
"718",718,0.718120711326124,0.564160073372707,0.00597171037222957,-841.896586266835
"719",719,0.71792442379674,0.57928124920499,0.00762785173037788,-842.411257375139
"720",720,0.734783371180252,0.56562852481292,0.0102416699217143,-845.508924949967
"721",721,0.693209320706039,0.536224415426831,0.00631681613585713,-841.563411248257
"722",722,0.693540423078044,0.504885977233591,0.00601903480066125,-842.26388569177
"723",723,0.481904770305542,0.531447567584201,0.00557947746148937,-843.286740618314
"724",724,0.717305547753653,0.566068405333055,0.00580113997095868,-841.914367289787
"725",725,0.693496604503504,0.511039156497318,0.00816885891234174,-842.950463327731
"726",726,0.667846404411425,0.530756955228213,0.00730988156278756,-841.551707857414
"727",727,0.612273991044406,0.426357782424311,0.00518792798084345,-842.141710958427
"728",728,0.600556525284826,0.416373747849918,0.00708218926630489,-841.613749957919
"729",729,0.478227703742735,0.317253768822904,0.00820799710956079,-841.300767157881
"730",730,0.476316098451839,0.322448012951185,0.00653577798213486,-841.503546777848
"731",731,0.474479086319118,0.384963288336686,0.00928497347126391,-842.275110300073
"732",732,0.528750944663829,0.404754226341597,0.00458146051999353,-842.75762185999
"733",733,0.586751371930674,0.434088123348323,0.00580261164732617,-840.991229069785
"734",734,0.428985105454388,0.449654277689504,0.00599490843090285,-842.947457712431
"735",735,0.454781948885667,0.481461703140648,0.00797355726850985,-843.541772635168
"736",736,0.650523821748852,0.4890634995199,0.00706022019709198,-841.298773881619
"737",737,0.628087446176468,0.462025938137608,0.00677410943891266,-841.130912978835
"738",738,0.631750371738643,0.594977506908279,0.0065922869865406,-843.83183311079
"739",739,0.173433005763421,0.652028189443809,0.00547667209188987,-845.070869155325
"740",740,0.532703880923231,0.302164301717149,0.00860151693541258,-846.358609996184
"741",741,0.447704455307243,0.40517392914336,0.00708487426647871,-842.486817733509
"742",742,0.586365730436172,0.423779748114559,0.00733605222154381,-840.95285494263
"743",743,0.587849550969204,0.459293482453018,0.00733138098970956,-840.968288283342
"744",744,0.616407601631614,0.458544706503201,0.00514745679273013,-841.430982013117
"745",745,0.574374491446457,0.429825356825363,0.00843669271100522,-841.140163189986
"746",746,0.541874918196652,0.467935714480407,0.00643922597290691,-842.198269832771
"747",747,0.551543434440344,0.366250245999401,0.00758215441123655,-841.703550734942
"748",748,0.555987590897374,0.463283212931357,0.00726250573464742,-841.766893960765
"749",749,0.529185569665633,0.436523411126012,0.00863989894609732,-842.04389994445
"750",750,0.56325183715734,0.446264095851619,0.00415528404076417,-843.212225092347
"751",751,0.597630691046768,0.459592776991882,0.00498218456479088,-841.58683287665
"752",752,0.616661091371868,0.606958875883803,0.00574786518115384,-843.951711826755
"753",753,0.560381253613726,0.538903619311586,0.00697929879491051,-843.368265776466
"754",754,0.380652931012345,0.47184306506862,0.00626416087086119,-843.194398365359
"755",755,0.49239873629585,0.354877515053093,0.00869946955690376,-841.025096348315
"756",756,0.507961177644202,0.348628061508047,0.00650574431549719,-841.173654255471
"757",757,0.487934914023675,0.379019804028111,0.00909651173809107,-841.620419481918
"758",758,0.460022833777636,0.316491621403165,0.00828783594334061,-841.226527263481
"759",759,0.472027956840209,0.346401569604861,0.00581149482123035,-842.077366182463
"760",760,0.485052851119368,0.347631490483659,0.00550186512701916,-842.118711073693
"761",761,0.54307053675355,0.339299200571476,0.00675311018386911,-842.981105722949
"762",762,0.294058590920094,0.57932282093883,0.00662525933443158,-844.268206390801
"763",763,0.770330116362245,0.605863788234848,0.00385986920564025,-844.682805237288
"764",764,0.812566474313596,0.690126327465271,0.0114022023204339,-848.647180256616
"765",765,0.768747496539456,0.674808482772595,0.0111423409733639,-847.933181832056
"766",766,0.75258787588974,0.701989369850826,0.00754952246931352,-846.070939985846
"767",767,0.870015392795314,0.766234602808568,0.00754195744138528,-846.404892345565
"768",768,0.874607878017865,0.81773844305081,0.00608186908264682,-848.374811860378
"769",769,0.92936833091001,0.735864179553997,0.00553183399599971,-847.15416414203
"770",770,0.509043202501288,0.72128446762677,0.00532917082910209,-845.483778682064
"771",771,0.163547914290157,0.763415065690942,0.00740169521630991,-844.576240265692
"772",772,0.177047133710222,0.465459869599102,0.008876462983791,-845.918292302435
"773",773,0.436831313487397,0.317534648599576,0.00797704079635862,-841.659311284231
"774",774,0.438096018081737,0.294280279826751,0.00711230911470905,-841.879136354982
"775",775,0.461358937899465,0.345226861309102,0.00850717849884137,-841.402207229496
"776",776,0.504822532214892,0.335116547575068,0.00474517723407086,-843.336908992106
"777",777,0.443755454533033,0.624469606973973,0.00493572381302204,-844.325683954982
"778",778,0.194479591203011,0.890694078904481,0.00895674386790766,-846.047524931532
"779",779,0.126475683861114,0.713404168322398,0.00643716714132838,-844.984781597364
"780",780,0.478191579343318,0.321547574320183,0.00836950309785621,-841.217479476338
"781",781,0.503253838802712,0.408497045238622,0.00600521404684128,-842.003139374866
"782",782,0.442273405436243,0.461435185530427,0.00836466892710959,-843.590741874322
"783",783,0.253393397492666,0.431360665967707,0.00697045714332079,-844.01490375568
"784",784,0.578674061355352,0.438174773667355,0.0077745289509091,-840.90272118142
"785",785,0.564246401831556,0.408497850453368,0.0073229279689304,-840.778119099686
"786",786,0.575898654240854,0.417536098431275,0.00607157806492405,-840.949382691396
"787",787,0.548532963288747,0.411071217612792,0.0054187751978449,-841.407325427023
"788",788,0.561141509069064,0.496544985401908,0.00639678175551879,-842.464930780566
"789",789,0.486121920360328,0.299818490558209,0.00729161417282249,-842.391664815201
"790",790,0.485189854487987,0.461242900229966,0.0043984367057408,-843.881244547875
"791",791,0.507924166512157,0.472003125993428,0.0048782354873001,-843.21902860087
"792",792,0.416713783567694,0.52294301426922,0.00634733867396458,-843.378600556533
"793",793,0.571851424812486,0.374689049910477,0.00758688773056233,-842.382632430903
"794",794,0.458090721655353,0.328809592131149,0.00996932989871495,-841.813002374206
"795",795,0.474125464567929,0.347123414654101,0.0064923563185318,-841.481667115003
"796",796,0.483110470943628,0.382478984722034,0.00519487899394078,-842.842298464755
"797",797,0.573494714292399,0.416233282977049,0.00913578244787013,-841.642706233422
"798",798,0.554070045841516,0.431563374784403,0.00766765641477646,-840.990929014882
"799",799,0.570737027932245,0.414138156590717,0.00708179163192234,-840.7795720146
"800",800,0.564890397640182,0.396360127144274,0.00665831679109785,-841.018876283394
"801",801,0.559762099130596,0.41529860557571,0.00650489796741235,-840.758212706684
"802",802,0.530609779440295,0.417896590549934,0.00729057735253092,-841.134485004997
"803",803,0.597263049139942,0.481663889896788,0.00568382644641932,-841.461317236002
"804",804,0.673793664027173,0.511820239735172,0.00721926577183087,-841.609394784882
"805",805,0.626751730663217,0.425372092453814,0.00813292391212999,-843.124986295133
"806",806,0.610535445091425,0.419411264981172,0.00548596863554972,-842.199407420379
"807",807,0.5448439473422,0.421538514239467,0.00723291378120478,-840.905604013645
"808",808,0.441119612688908,0.320143701368623,0.00781371157603391,-841.584909927743
"809",809,0.457767414464875,0.367883746318502,0.00815070269728267,-841.952129000948
"810",810,0.47092908765043,0.406876741985456,0.00861164729901095,-842.656340950134
"811",811,0.496518133050281,0.388623551004488,0.0104479651670666,-842.468500553082
"812",812,0.563347760187394,0.447646540175538,0.00926884250155143,-841.926123492002
"813",813,0.572659550927101,0.416792354527645,0.00768688794189357,-840.883488874997
"814",814,0.548880357624025,0.418540994000503,0.00739811467975137,-840.802982345128
"815",815,0.556880612481319,0.363061280508673,0.00815637412902322,-842.36047175677
"816",816,0.5534747080772,0.3920111839075,0.00845466397194146,-841.169709663498
"817",817,0.513147630373893,0.360214823824818,0.00935163507487906,-841.392792606092
"818",818,0.503120045348986,0.354145124612098,0.00954678491215503,-841.458556748454
"819",819,0.521243129846318,0.357802342440082,0.00862057948612424,-841.222948414567
"820",820,0.528650993094165,0.422508745251858,0.00993471353399453,-842.34337580813
"821",821,0.516803177942801,0.33098970246378,0.0047670880900571,-843.806059441295
"822",822,0.441963313375264,0.482177916670287,0.00640984270540726,-843.007763935723
"823",823,0.369834895089894,0.475981781541894,0.010682698298243,-846.39994055027
"824",824,0.583197195054074,0.40444423852292,0.00842664685804234,-841.820541680456
"825",825,0.580009942203587,0.505348134812692,0.00670454365783209,-842.363206459673
"826",826,0.590070027186884,0.424187118202958,0.00856701888369699,-841.567106383225
"827",827,0.591741144980138,0.449171151433359,0.005574423155578,-841.099255612829
"828",828,0.589056877293788,0.445682313748219,0.00845723494994748,-841.276720522795
"829",829,0.537221056096655,0.433590419149254,0.00957876477409504,-842.243998060787
"830",830,0.559122004310734,0.388781991337496,0.00726754606419441,-841.057489742322
"831",831,0.487474597999887,0.440844553795722,0.00586550415534301,-842.609038855331
"832",832,0.630467629574036,0.537419089703998,0.00772594864979161,-842.442226572933
"833",833,0.524105201003666,0.426749659023715,0.00697466314660012,-841.564140304752
"834",834,0.557931966502368,0.448111930727893,0.00903890221786312,-841.890021092934
"835",835,0.594950186924652,0.430173811104066,0.00919853469349337,-842.038016976079
"836",836,0.554153875615115,0.425332910946724,0.00552009211286966,-841.377168803088
"837",837,0.586168210818048,0.424829922464412,0.010895420779512,-843.496887016863
"838",838,0.560002281509623,0.409690894705509,0.0071221731541219,-840.710659261452
"839",839,0.539574781896767,0.387878716882195,0.00659044510654332,-840.80916214623
"840",840,0.54580828698289,0.445347126952501,0.00447760753932568,-843.082065711471
"841",841,0.585177542677404,0.395949939815993,0.00421121081418863,-843.69481526803
"842",842,0.500523587392125,0.389577413900217,0.00504984572974074,-842.656139454632
"843",843,0.48443369804896,0.400258515970406,0.00574553553017828,-842.446181470817
"844",844,0.474493254831661,0.439692426380568,0.00727517889323219,-842.622970314613
"845",845,0.353334352875561,0.336413728135311,0.00769026183267536,-843.338530380826
"846",846,0.374788777961637,0.406093023673588,0.00594690074315262,-843.265534530789
"847",847,0.506722566089156,0.575543140625445,0.00613040127837998,-843.68049169983
"848",848,0.726641647240589,0.556128712661619,0.00603889106539734,-842.162463620214
"849",849,0.694127541056592,0.551353265658434,0.0058305165093087,-841.640082632532
"850",850,0.639414296269326,0.497092158113358,0.00778483718128944,-841.413467100611
"851",851,0.589670008525306,0.44645439387504,0.00670499784577743,-840.769241955104
"852",852,0.584441929659128,0.425575661225412,0.00737339296530103,-840.894271993545
"853",853,0.561193211600226,0.427824264108283,0.00753139038339359,-840.816531828312
"854",854,0.570162871407766,0.419831241591927,0.00768250014002536,-840.827015711871
"855",855,0.56901320069358,0.52177105674267,0.00798407376499482,-843.513226126119
"856",856,0.173029569041008,0.736119794380876,0.00596992840721839,-844.603950434236
"857",857,0.161952757100336,0.731232637894184,0.00845380575384075,-845.120466607505
"858",858,0.267481690515174,0.74205879446814,0.00702178490633539,-844.964652230753
"859",859,0.363543349399072,0.634342444593466,0.00665084877722964,-844.639868204375
"860",860,0.368363423610003,0.544565401376846,0.00558184724725385,-843.758794090828
"861",861,0.681843352636814,0.522939942273398,0.00542798176650582,-841.621844295156
"862",862,0.680439394895979,0.533622593869106,0.00374470240505724,-843.7168338295
"863",863,0.657345542045309,0.527491661793965,0.00614743999424986,-841.354401297662
"864",864,0.65434695838491,0.476363258747801,0.00558985704158594,-841.682230555425
"865",865,0.619250517264123,0.488021950349037,0.0079681545395896,-841.402462201836
"866",866,0.66040373948005,0.513916450445073,0.00657120438891224,-841.208741449617
"867",867,0.672375425102357,0.522285425728365,0.0089483738381394,-842.686171821353
"868",868,0.680048454297191,0.543345245540422,0.005019729592854,-841.970752729177
"869",869,0.671457617873528,0.497948655318553,0.00325895704118333,-845.041370482226
"870",870,0.556687327330096,0.412978787456621,0.0046758018075596,-842.14560486234
"871",871,0.556511164718488,0.397145799710104,0.00437321002823787,-842.74049454233
"872",872,0.512571259752075,0.512484246491683,0.00677856597944183,-843.128382202895
"873",873,0.67791276155531,0.497170675895368,0.00609184366147689,-841.831902174235
"874",874,0.638158073129829,0.501096570612585,0.00469605990520868,-841.96781515219
"875",875,0.592164975079838,0.427993285215981,0.0105306394323616,-843.240833639765
"876",876,0.54591209938195,0.410522010977241,0.0104531562078296,-842.369823524262
"877",877,0.540940147860745,0.398496281670324,0.00477651718302719,-842.180827317988
"878",878,0.545797943267711,0.368967165818506,0.00656274369419176,-841.375730936524
"879",879,0.497601996924312,0.545297388665686,0.00506248168055297,-843.523965215346
"880",880,0.489068495921565,0.455754144104296,0.00477568901129396,-843.400445175044
"881",881,0.654278368857298,0.610395330566601,0.00764490310529372,-844.551160484185
"882",882,0.543461802808319,0.461434582491405,0.00692208186636339,-842.007411910445
"883",883,0.547994520151191,0.510766192439923,0.00580592231298222,-842.823009132832
"884",884,0.706799136133348,0.481960517168871,0.00699929989736886,-844.889085468497
"885",885,0.206096132125859,0.593572407541119,0.00684283963872013,-844.694997146909
"886",886,0.700647653901597,0.5678439012949,0.00819171736498337,-842.573963980624
"887",887,0.537283451901209,0.565758902422364,0.00898919510717104,-845.6894897203
"888",888,0.574871651217781,0.445980119118201,0.00404737138135934,-843.146766313121
"889",889,0.562541890016103,0.434530399230848,0.00774525149183923,-840.943483383005
"890",890,0.587351242978087,0.419325698439154,0.0072573381462611,-841.054576077044
"891",891,0.524617040222182,0.366401715341882,0.00787837008587194,-840.877993161102
"892",892,0.532648948628706,0.376736168163797,0.00923271933472825,-841.412507751792
"893",893,0.504414759811659,0.37402681303384,0.0060302231980282,-841.377483449001
"894",894,0.569870447296144,0.411219246045973,0.00412094300320177,-843.022163372708
"895",895,0.569059869381168,0.424078454425594,0.00772095638415582,-840.820941366925
"896",896,0.579298872629477,0.44010973223943,0.00517746943161163,-841.439041799295
"897",897,0.58320670861577,0.475399182805558,0.00632926247831228,-841.417402787138
"898",898,0.57446249398535,0.38214052336084,0.00640893349812838,-842.038759383213
"899",899,0.559589866424784,0.458161370118905,0.00518825644328265,-842.168419743696
"900",900,0.611712013753381,0.482949756177157,0.00669779200954835,-841.016578722894
"901",901,0.643388565117965,0.517638253132067,0.00679858784392854,-841.317859408957
"902",902,0.665376648454372,0.53996692075813,0.0103973678473957,-844.2163487283
"903",903,0.452025792037805,0.464634831358975,0.00390930498305396,-844.898556221901
"904",904,0.425754084896301,0.569536379883348,0.00710860592729668,-844.09950906733
"905",905,0.578431714923302,0.620012550076081,0.00580623601798907,-844.177542772254
"906",906,0.362207436320949,0.339433562603432,0.00754060351498432,-843.215521744106
"907",907,0.361415125043852,0.489991577140272,0.00550929829621695,-843.626794072566
"908",908,0.67453592672721,0.509478776348592,0.008338950045663,-842.358159728365
"909",909,0.596719536132372,0.475065233705511,0.00775841467912782,-841.282368948625
"910",910,0.633219306320856,0.568494353736762,0.00782374397822663,-843.622153293794
"911",911,0.615361312338461,0.498279639767661,0.00855406266517873,-841.972265025799
"912",912,0.650776510449022,0.484340919664098,0.0047094020697753,-842.02975580127
"913",913,0.643532422359427,0.49352215105746,0.00482891267330377,-841.756296377851
"914",914,0.659576748637981,0.508414115700044,0.00946072522100349,-842.982787082029
"915",915,0.656241301839183,0.513876568900491,0.00549294167863959,-841.378506689694
"916",916,0.689584744065484,0.557586063602251,0.00509745471500605,-842.094896254595
"917",917,0.715261523328364,0.568776339992203,0.00534645499981753,-842.076468223526
"918",918,0.757463299420319,0.607538988635022,0.00588590197081836,-842.563401620197
"919",919,0.71815570070114,0.594018132760831,0.00715229939135401,-842.407377554325
"920",920,0.707446013537122,0.560983311928212,0.00646977346786923,-841.763146638949
"921",921,0.715276886175356,0.561556702242035,0.00555511502448629,-841.955040318647
"922",922,0.658225284013079,0.499150171452627,0.00512033340008158,-841.613494685277
"923",923,0.640897059159699,0.488400669373098,0.00700987541129972,-841.1188086698
"924",924,0.619493350991546,0.49934005502902,0.00823908273010194,-841.754061289025
"925",925,0.607420804795744,0.489753807612202,0.00957051623723149,-842.621907712929
"926",926,0.646635570947675,0.504049120396482,0.00765451179127391,-841.424680190002
"927",927,0.636898853655771,0.429266993181062,0.00749689973796533,-843.268574643285
"928",928,0.376582050082666,0.56427719415374,0.00459280095196144,-844.424889566701
"929",929,0.513164348691332,0.461551398077909,0.00472869893023835,-843.297357173238
"930",930,0.603561425884071,0.430110170110743,0.00789681072953206,-841.506418122527
"931",931,0.5303694769847,0.338372847334781,0.0075615149851365,-842.182905605772
"932",932,0.461463314584789,0.393518901001955,0.00744661292505804,-842.244806131378
"933",933,0.582301066252713,0.396280717633535,0.00726300639015233,-841.68609925086
"934",934,0.528053013565824,0.422597836072858,0.00431752078087117,-843.443914893486
"935",935,0.545841547494436,0.418212686501627,0.00981451084273921,-841.914582941032
"936",936,0.540387970098971,0.391176219826501,0.00892776965723892,-841.194252717627
"937",937,0.552802468181219,0.390125227474124,0.00534819480974772,-841.599029562121
"938",938,0.583745085850459,0.48319043613759,0.00862077505396716,-842.175679329151
"939",939,0.583265719583071,0.473588720225665,0.00741561528658531,-841.39517043733
"940",940,0.590761340547947,0.461276537182092,0.00915969834691416,-841.867474683174
"941",941,0.572584491861004,0.384110618342598,0.00614875293201804,-841.907359818477
"942",942,0.448256903533233,0.291496931464383,0.00562249202089421,-843.157245404095
"943",943,0.452486793504038,0.505222372642228,0.00935255809707604,-845.14100543546
"944",944,0.660260197732562,0.566143530500607,0.00802331240834038,-842.907885357511
"945",945,0.686430008978391,0.498555138050387,0.00524486502345397,-842.390649334183
"946",946,0.545489675814909,0.494614854637192,0.0097774073120901,-844.517135956302
"947",947,0.375071909474485,0.354236062097371,0.00885707572965624,-843.441312763589
"948",948,0.434404688301277,0.307332659634482,0.0072326278193734,-841.844642377656
"949",949,0.481626998625339,0.309430931474978,0.00761025766251807,-841.639661757842
"950",950,0.482163531032569,0.371215868904762,0.00971108457478893,-841.873830070723
"951",951,0.507704564878529,0.389451237686911,0.00696805301420902,-841.09815668897
"952",952,0.504969040971995,0.354003148681578,0.0064564274200867,-841.099622532905
"953",953,0.528701092750666,0.467268621486841,0.00617368840549841,-842.402264394591
"954",954,0.497569446204669,0.390023947174513,0.00754263984391727,-841.308045523475
"955",955,0.578525418463812,0.483498026950481,0.00621074839913548,-841.797802977331
"956",956,0.29302737130905,0.509928860386159,0.00897731306905654,-845.030838626209
"957",957,0.290677999610752,0.560228155294008,0.00731441103767218,-844.351847178825
"958",958,0.524930069198528,0.376231323605202,0.00544476102063224,-841.607924538674
"959",959,0.543367990870751,0.412433995642526,0.00511057854588867,-841.80764344529
"960",960,0.583434040829264,0.421535333859153,0.00699968763545413,-840.8805010208
"961",961,0.581743402771421,0.454105948726298,0.00412170126430138,-842.97851282289
"962",962,0.626786440665747,0.447323288842059,0.00902590947458587,-842.69090508032
"963",963,0.613633768892189,0.442840203870382,0.00626545628753132,-841.162739647814
"964",964,0.619070075208855,0.431123548961835,0.00630080804462511,-841.786005214725
"965",965,0.56321538096916,0.440465654609431,0.00791733877658032,-841.091904589596
"966",966,0.612808023880622,0.505330840986947,0.00478365686271091,-842.409963377182
"967",967,0.670517843418167,0.497375420966659,0.00559718096085109,-841.657715699795
"968",968,0.62619686084515,0.443062048593168,0.00945846566232604,-843.218943546021
"969",969,0.388933171362963,0.232921790904902,0.00808070664303819,-843.602264003392
"970",970,0.361026459463327,0.235117924188209,0.0115022605926914,-844.380834159145
"971",971,0.393726173618378,0.306871455002565,0.00628837899786396,-843.577396876907
"972",972,0.396967246360152,0.355328926901941,0.0073852620596735,-842.793812916622
"973",973,0.462173449495914,0.352855619955665,0.00782045221298266,-841.47934715628
"974",974,0.501510964935507,0.354462716504665,0.00962321448304489,-841.488010591072
"975",975,0.48956433322711,0.349949848461979,0.00899643455262485,-841.144528882882
"976",976,0.494962380996312,0.346832545557408,0.00913691796269514,-841.234620174654
"977",977,0.525481866967712,0.435642641134997,0.00684714162889328,-841.774231357827
"978",978,0.57307604367737,0.432708590638991,0.00640899406150694,-840.788046972671
"979",979,0.254030140928386,0.897788312050491,0.00963344171794785,-847.57611203521
"980",980,0.0807584576317449,0.950846978713037,0.00907698032157684,-846.778996543117
"981",981,0.0911861473632229,0.846903299924918,0.005672717215824,-846.38425588315
"982",982,0.299386219997783,0.765945152519455,0.00855529777370347,-846.650506043202
"983",983,0.100958418696437,0.927351129915005,0.010274301549382,-847.300906490751
"984",984,0.120551149150549,0.766427613060432,0.00520219412855594,-845.926434818027
"985",985,0.234916224036421,0.461754409625743,0.00635859547769117,-844.382644940219
"986",986,0.593174871531259,0.491266659345554,0.00470016157565105,-842.609225098295
"987",987,0.628536453424485,0.512777708694537,0.00677410845145515,-841.419762869342
"988",988,0.666749323564551,0.532837742421765,0.00692493263203583,-841.447154064543
"989",989,0.645901734281617,0.492895319003796,0.00530274762474953,-841.384735659506
"990",990,0.654329299766146,0.541755778907293,0.00698109452300922,-841.784302764049
"991",991,0.694712499558845,0.537789814208877,0.00615367425084568,-841.578648435904
"992",992,0.65372191266009,0.548245643990956,0.00690119919305069,-841.978733918061
"993",993,0.746231703557746,0.569445237195052,0.00703754398186558,-842.836918809852
"994",994,0.716910804609863,0.638192231491077,0.00758549507160073,-844.149066129139
"995",995,0.734409148294168,0.676366844261115,0.00632093465919856,-844.968238983969
"996",996,0.449066935613052,0.582035968376872,0.00529241116278589,-843.819917706576
"997",997,0.530088360736963,0.541585298230097,0.00531203268456952,-843.314828083956
"998",998,0.727211546030754,0.526494346464569,0.00595038529311635,-843.184782216402
"999",999,0.563271465100914,0.531200246506105,0.0052351923796847,-843.140021560239
"1000",1000,0.368756680200823,0.681525434259022,0.00571286062152086,-844.888413247679
